13.7079279329 1412751149.82
13.6476961633 1412751151.22
13.2560080191 1412751152.67
12.9824575797 1412751154.02
12.681447003 1412751155.34
12.4724141109 1412751156.68
12.3492402735 1412751158.09
12.3200056142 1412751159.43
12.0897041885 1412751160.78
11.9344415137 1412751162.09
11.8369871706 1412751163.41
11.602590921 1412751164.76
11.5548831207 1412751166.11
11.4291292544 1412751167.43
11.2597956152 1412751168.81
11.2062400319 1412751170.14
10.943451486 1412751171.47
10.8807666405 1412751172.77
10.8653610544 1412751174.1
10.6139600102 1412751175.42
10.5633046303 1412751176.69
10.6162159228 1412751177.95
10.5650972305 1412751179.25
10.7659353392 1412751180.57
10.6790179664 1412751181.9
10.6082977846 1412751183.21
10.5189471107 1412751184.54
10.5231979931 1412751185.85
10.3682390827 1412751187.14
10.2341606921 1412751188.42
10.037363449 1412751189.71
9.84468282827 1412751190.98
9.85829021518 1412751192.24
9.66827399352 1412751193.49
9.74819650043 1412751194.76
9.40319915147 1412751196.04
9.13569449004 1412751197.3
9.57886440963 1412751198.54
9.73224693952 1412751199.87
9.39346884955 1412751201.14
9.53435813938 1412751202.42
9.59829118638 1412751203.68
9.46311793412 1412751204.95
9.54529295666 1412751206.25
9.30944077173 1412751207.51
9.39068468696 1412751208.76
9.48198225304 1412751210.05
9.41105251143 1412751211.3
9.2892359436 1412751212.59
9.19972019803 1412751213.86
9.02528398217 1412751215.12
9.05198410539 1412751216.37
9.07543659815 1412751217.67
9.03950976193 1412751219.01
9.07468389243 1412751220.28
9.10285835234 1412751221.53
9.06352769647 1412751222.83
9.04055660988 1412751224.11
9.07106124148 1412751225.38
9.02133522848 1412751226.69
9.0159890241 1412751228.0
8.89376505065 1412751229.26
8.50322669892 1412751230.56
8.96538660027 1412751231.86
8.33571661473 1412751233.2
8.73125451756 1412751234.47
8.95326724691 1412751235.73
8.75293220547 1412751237.0
8.51768436721 1412751238.25
8.58951359536 1412751239.48
8.38689989379 1412751240.74
8.31676959757 1412751242.04
8.15968840612 1412751243.31
8.25455584948 1412751244.72
8.37130518163 1412751246.0
8.27835477018 1412751247.31
8.18802493747 1412751248.55
8.27804697592 1412751249.81
8.11665973851 1412751251.09
8.18736260993 1412751252.36
8.27515081833 1412751253.62
8.18602422359 1412751254.92
8.23444121967 1412751256.15
8.15288081563 1412751257.39
8.18302718886 1412751258.66
8.08202161121 1412751259.91
8.10362479947 1412751261.17
8.04302866553 1412751262.44
8.07214193964 1412751263.73
8.08964847367 1412751265.02
8.02655233913 1412751266.29
8.02819806897 1412751267.57
8.00014496067 1412751268.86
7.95937564892 1412751270.15
7.94396828459 1412751271.44
7.91934539899 1412751272.75
7.82318001204 1412751274.05
7.74536837913 1412751275.3
7.70224541571 1412751276.57
7.76773143563 1412751277.85
7.68846022092 1412751279.12
7.71924310894 1412751280.4
7.6853203806 1412751281.68
7.56776429012 1412751283.01
7.47175671249 1412751284.32
7.38590144916 1412751285.62
7.33014533605 1412751286.86
7.32744325889 1412751288.11
7.29036470889 1412751289.4
7.18112571465 1412751290.68
7.16023605198 1412751291.97
7.08346742798 1412751293.27
6.99997776674 1412751294.58
6.96590961674 1412751295.84
6.87579404938 1412751297.17
6.7689819948 1412751298.47
6.73912866447 1412751299.75
6.66455013781 1412751301.06
6.60770060869 1412751302.35
6.5668358862 1412751303.63
6.46110807779 1412751304.93
6.39432938365 1412751306.23
6.36231627272 1412751307.53
6.3297425934 1412751308.8
6.21694572592 1412751310.08
6.19961759773 1412751311.36
6.17281060668 1412751312.63
6.12398302486 1412751313.92
6.12030764622 1412751315.19
6.01902819146 1412751316.48
5.97247156584 1412751317.77
5.94618000766 1412751319.05
5.94381370671 1412751320.26
5.92802389954 1412751321.5
5.90819063984 1412751322.76
5.9263396682 1412751324.02
5.97518801892 1412751325.3
5.89248382414 1412751326.54
5.86781109858 1412751327.8
5.86923482181 1412751329.08
5.88440017957 1412751330.31
5.89953450733 1412751331.59
5.91159930596 1412751332.86
5.9318317628 1412751334.13
5.94748470325 1412751335.39
5.96518964663 1412751336.62
5.97132808298 1412751337.9
5.98470233725 1412751339.15
5.99771068847 1412751340.43
6.00956910113 1412751341.68
6.02602829439 1412751342.95
5.97698249345 1412751344.2
5.98329727055 1412751345.48
5.98752752399 1412751346.77
5.99713809145 1412751348.05
6.0000900236 1412751349.34
6.00588402626 1412751350.67
6.00564981437 1412751351.94
6.00782239915 1412751353.24
6.00939025375 1412751354.53
6.00603832007 1412751355.77
6.01634333526 1412751357.04
6.01659614854 1412751358.31
6.01542307094 1412751359.59
6.01730597536 1412751360.85
6.01354969976 1412751362.13
6.01507212786 1412751363.42
5.99396012581 1412751364.69
5.99444403083 1412751365.98
5.9949222642 1412751367.26
5.99402050453 1412751368.56
5.99029477918 1412751369.85
5.98878652407 1412751371.13
5.99965942518 1412751372.39
5.99943846139 1412751373.68
5.99913494619 1412751374.97
5.9986798353 1412751376.26
5.99855820298 1412751377.53
5.99915785857 1412751378.85
6.00212335689 1412751380.15
6.00348131328 1412751381.45
6.00338679854 1412751382.71
5.99708384995 1412751383.97
5.99344088547 1412751385.26
5.98952099678 1412751386.56
5.98081966516 1412751387.78
5.97930813614 1412751389.01
5.9787030879 1412751390.39
5.97406341375 1412751391.65
5.9485146095 1412751392.91
5.94319123138 1412751394.22
5.93786915965 1412751395.48
5.93162535525 1412751396.71
5.92568058015 1412751397.97
5.91975385355 1412751399.21
5.91373532189 1412751400.47
5.91036607113 1412751401.72
5.9097095853 1412751402.98
5.90914271531 1412751404.26
5.84073288451 1412751405.49
