9.27295988744 1412738520.44
9.24556832487 1412738521.46
9.11917082724 1412738522.47
9.16925035391 1412738523.44
9.21290454503 1412738524.43
9.23397609969 1412738525.42
9.13435294443 1412738526.38
9.03909930398 1412738527.35
8.98239315878 1412738528.3
8.77452512227 1412738529.24
8.92086174055 1412738530.21
9.07082949775 1412738531.19
9.22073299728 1412738532.15
9.25078869523 1412738533.13
9.25210729524 1412738534.07
9.15269791568 1412738535.03
9.05332199146 1412738535.97
8.90969525199 1412738536.9
8.84612007688 1412738537.85
8.64282744274 1412738538.79
8.70074051206 1412738539.71
8.77306452672 1412738540.66
8.80183136051 1412738541.6
8.82827689904 1412738542.57
8.78405667326 1412738543.48
8.64285554481 1412738544.42
8.72640972674 1412738545.38
8.75200292773 1412738546.32
8.66233696437 1412738547.28
8.72383794131 1412738548.25
8.81959464933 1412738549.17
8.70235787492 1412738550.1
8.33852640718 1412738551.06
7.66819389528 1412738552.04
7.77551932351 1412738552.97
7.76229930819 1412738553.93
7.73318949293 1412738554.85
7.7118177112 1412738555.75
7.63525853023 1412738556.68
7.14302540857 1412738557.66
6.66571010159 1412738558.59
6.84101023662 1412738559.48
6.56836362036 1412738560.36
6.63079217326 1412738561.29
6.45918935543 1412738562.24
6.36705848048 1412738563.19
6.46348452684 1412738564.11
6.53072994499 1412738565.03
6.52757123177 1412738565.96
6.54020493311 1412738566.83
6.41834388017 1412738567.76
6.16914663106 1412738568.7
6.27724515035 1412738569.64
6.12424183471 1412738570.57
6.19080010211 1412738571.45
6.03481164558 1412738572.37
6.06708233603 1412738573.26
5.98956063796 1412738574.19
5.98651119241 1412738575.1
5.84277962379 1412738576.0
5.81574575235 1412738576.95
5.7970286056 1412738577.83
5.76629382279 1412738578.74
5.67161311715 1412738579.64
5.61721006503 1412738580.52
5.63111126271 1412738581.44
5.62093845119 1412738582.43
5.58461793755 1412738583.38
5.52773590597 1412738584.31
5.48820584387 1412738585.2
5.52605662875 1412738586.12
5.50365199399 1412738587.02
5.51925561856 1412738587.94
5.48086022517 1412738588.84
5.45970019706 1412738589.76
5.37358105742 1412738590.64
5.3775875404 1412738591.52
5.31278145806 1412738592.43
5.20347044963 1412738593.33
5.16834576733 1412738594.25
5.14458304204 1412738595.19
5.10661567862 1412738596.08
5.11895327272 1412738596.98
5.07458396381 1412738597.9
5.00367372821 1412738598.82
4.99874253663 1412738599.72
4.97988544179 1412738600.64
4.9677521356 1412738601.51
4.94503562808 1412738602.42
4.96544976435 1412738603.33
4.93575889179 1412738604.17
4.90298007657 1412738605.06
4.88474362195 1412738605.95
4.85045494991 1412738606.86
4.80320062209 1412738607.74
4.78921454089 1412738608.65
4.73076246357 1412738609.51
4.73450872018 1412738610.4
4.71128958379 1412738611.31
4.71112238914 1412738612.17
4.674471805 1412738613.09
4.67844634233 1412738613.97
4.69790006613 1412738614.86
4.63312767242 1412738615.75
4.60383815306 1412738616.68
4.64610884224 1412738617.54
4.63583574777 1412738618.5
4.63677469972 1412738619.4
4.61061661516 1412738620.32
4.56887074235 1412738621.23
4.5394724932 1412738622.11
4.49499892179 1412738623.03
4.46846034253 1412738623.92
4.43540769195 1412738624.82
4.41246210044 1412738625.73
4.41408722759 1412738626.65
4.39512385944 1412738627.53
4.33731524264 1412738628.41
4.31558920244 1412738629.33
4.2852317141 1412738630.23
4.25829238058 1412738631.14
4.14543904175 1412738632.03
4.13701081629 1412738632.93
4.11950351107 1412738633.83
4.07896956076 1412738634.72
4.05814039129 1412738635.6
4.06404127079 1412738636.49
4.04075731965 1412738637.37
4.03493776391 1412738638.25
4.03097969877 1412738639.12
4.00700996159 1412738640.02
4.04761764777 1412738640.91
4.03666316436 1412738641.8
4.01128127496 1412738642.65
3.98978263446 1412738643.55
3.95347524809 1412738644.41
3.94555750152 1412738645.28
3.94062933018 1412738646.2
3.92508435948 1412738647.12
3.80315032163 1412738647.99
3.79771163949 1412738648.89
3.77290088353 1412738649.75
3.79114131166 1412738650.98
3.76675385977 1412738652.01
3.73264243818 1412738652.89
3.72784520587 1412738653.76
3.700109892 1412738654.68
3.68861434749 1412738655.57
3.62158268637 1412738656.47
3.60058659673 1412738657.36
3.5648617083 1412738658.27
3.54244607314 1412738659.22
3.53437752871 1412738660.13
3.52803128883 1412738661.02
3.51152424938 1412738661.91
3.51011375325 1412738662.75
3.50522344396 1412738663.63
3.50612505428 1412738664.51
3.5248156726 1412738665.39
3.52219772848 1412738666.31
3.50581929187 1412738667.21
3.49736305128 1412738668.12
3.46104224221 1412738669.0
3.42425594307 1412738669.91
3.40906353875 1412738670.78
3.40609504888 1412738671.66
3.38807066489 1412738672.56
3.37459236086 1412738673.45
3.35721705584 1412738674.33
3.35061306289 1412738675.23
3.33556849834 1412738676.09
3.31083704908 1412738676.98
3.30467612594 1412738677.86
3.29913241654 1412738678.8
3.29311088954 1412738679.69
3.27920776156 1412738680.61
3.29703511892 1412738681.53
3.31658733055 1412738682.43
3.32371922208 1412738683.32
3.32521161446 1412738684.21
3.32279142856 1412738685.11
3.3345016598 1412738685.99
3.35200582348 1412738686.9
3.38306656178 1412738687.82
3.38826504759 1412738688.74
3.40133189307 1412738689.63
3.41985396419 1412738690.57
3.43097327745 1412738691.43
3.44226714472 1412738692.36
3.45429580075 1412738693.29
3.44146534606 1412738694.21
3.45179046931 1412738695.1
3.45528213119 1412738696.0
3.43667729185 1412738696.89
3.44822968783 1412738697.82
3.44000351491 1412738698.75
3.43104623234 1412738699.63
3.43357386106 1412738700.59
3.42070234195 1412738701.58
3.43210478111 1412738702.54
