19.4577366855 1412748127.7
18.5281986989 1412748129.13
18.0673768376 1412748130.59
17.5846144902 1412748132.01
17.1349977332 1412748133.44
16.910778542 1412748134.89
16.7931315033 1412748136.29
16.6360952739 1412748137.84
16.3090394229 1412748139.29
16.2748381614 1412748140.74
16.1712866613 1412748142.15
16.251605391 1412748143.49
15.8444440744 1412748144.93
15.4958397984 1412748146.28
14.9619095881 1412748147.76
14.6469427355 1412748149.19
14.6655924576 1412748150.68
14.3962931314 1412748152.17
14.4253713268 1412748153.63
14.4027388095 1412748155.03
14.0121549915 1412748156.56
13.5284997098 1412748158.08
13.3143682623 1412748159.6
13.3579977797 1412748161.04
13.2886843656 1412748162.37
13.4083846531 1412748163.79
13.3558242014 1412748165.21
13.1177172183 1412748166.59
13.0489850643 1412748168.0
13.0785556485 1412748169.5
12.8765744817 1412748170.93
12.9707725163 1412748172.34
12.8509029144 1412748173.8
12.7036392477 1412748175.21
12.6608354609 1412748176.63
12.7647085295 1412748178.08
12.7794727538 1412748179.58
12.5487325347 1412748181.02
12.5798559616 1412748182.44
12.3987225365 1412748183.86
12.2742063057 1412748185.29
12.2171001963 1412748186.7
12.053913833 1412748188.1
11.9786611267 1412748189.53
11.9132400956 1412748190.92
11.8863456502 1412748192.3
11.7153891375 1412748193.7
11.6479989787 1412748195.13
11.5979799755 1412748196.54
11.425200328 1412748197.92
11.3799018173 1412748199.36
11.3105984011 1412748200.81
11.2533432421 1412748202.24
11.1497555807 1412748203.66
11.0276196032 1412748205.06
10.9337671907 1412748206.48
10.933396429 1412748207.9
10.9440036672 1412748209.29
10.8480429244 1412748210.67
10.792358715 1412748212.03
10.7679718275 1412748213.47
10.6439751084 1412748214.9
10.6685359169 1412748216.31
10.6987728728 1412748217.68
10.7036254123 1412748219.08
10.7007474759 1412748220.53
10.620816613 1412748221.94
10.5668386504 1412748223.41
10.6048007875 1412748224.97
10.6166330777 1412748226.42
10.6078394736 1412748227.89
10.5265303397 1412748229.34
10.5470783063 1412748230.83
10.461942213 1412748232.35
10.4389952851 1412748233.81
10.4503175222 1412748235.27
10.4450716695 1412748236.74
10.4377194619 1412748238.27
10.4336049898 1412748239.79
10.5035210527 1412748241.24
10.459643999 1412748242.68
10.415714001 1412748244.14
10.3952293578 1412748245.6
10.3290862015 1412748247.05
10.338448191 1412748248.49
10.2786450842 1412748249.96
10.2980254808 1412748251.4
10.2748966084 1412748252.91
10.3008228922 1412748254.41
10.3135012088 1412748255.93
10.1958964287 1412748257.42
10.2134862808 1412748258.87
10.1710680518 1412748260.35
10.0796816903 1412748261.78
10.0544527291 1412748263.25
10.0439542431 1412748264.76
10.1562473262 1412748266.19
10.0618346179 1412748267.66
10.10171038 1412748269.18
9.97617724325 1412748270.69
10.0038056688 1412748272.17
10.1723915867 1412748273.63
10.2438105726 1412748275.11
10.429561616 1412748276.57
10.1437325863 1412748278.07
10.162813353 1412748279.57
10.0928636395 1412748281.07
10.047355845 1412748282.56
10.0007164628 1412748284.08
9.88085794443 1412748285.59
9.8944395909 1412748287.12
9.88697280842 1412748288.65
9.99918753958 1412748290.11
9.79982191599 1412748291.68
9.76189623581 1412748293.21
9.71743307923 1412748294.74
9.83432405071 1412748296.29
9.80645851725 1412748297.84
9.68268194576 1412748299.38
9.6692424973 1412748300.91
9.60788391632 1412748302.43
9.61675510594 1412748303.98
9.45374748168 1412748305.47
9.38742434945 1412748306.99
9.42277476853 1412748308.51
9.34277127473 1412748310.04
9.32904928258 1412748311.58
9.52826168078 1412748313.11
9.5399817036 1412748314.66
9.563571839 1412748316.22
9.56270595879 1412748317.77
9.45731610068 1412748319.34
9.5257096015 1412748320.88
9.62384237405 1412748322.44
9.68446984724 1412748324.01
9.71980516623 1412748325.57
9.61513204745 1412748327.1
9.49869052739 1412748328.67
9.50631374383 1412748330.18
9.32865109972 1412748331.73
9.36609607009 1412748333.22
9.40603171456 1412748334.79
9.37688100984 1412748336.42
9.39578130829 1412748337.97
9.37772632206 1412748339.54
9.38011573646 1412748341.09
9.4135745135 1412748342.67
9.41162844984 1412748344.26
9.38191703303 1412748345.86
9.29724936991 1412748347.45
9.20408540191 1412748349.04
9.15466673007 1412748350.6
9.23341803116 1412748352.17
9.01728273165 1412748353.72
9.10530717153 1412748355.31
8.95840882284 1412748356.92
8.81846768504 1412748358.53
8.65915960045 1412748360.12
8.66350920539 1412748361.73
8.58860227705 1412748363.36
8.51360402559 1412748364.98
8.58263005069 1412748366.6
8.5562763361 1412748368.25
8.59069114915 1412748369.88
8.55420781886 1412748371.53
8.36210845433 1412748373.17
8.37859212711 1412748374.79
8.23786516754 1412748376.43
8.42119923159 1412748378.03
8.2621445928 1412748379.69
8.46198058228 1412748381.33
8.38366885516 1412748383.0
8.44373961779 1412748384.6
8.45015187479 1412748386.23
8.34235790024 1412748387.88
8.45846983203 1412748389.49
8.46058357901 1412748391.13
8.46744608002 1412748392.8
8.28091613747 1412748394.39
8.45921431838 1412748396.0
8.48920472437 1412748397.56
8.4848688481 1412748399.13
8.50220912922 1412748400.76
8.47226674628 1412748402.49
8.44675702032 1412748404.21
8.28756786727 1412748405.81
8.27969081397 1412748407.38
8.28951046512 1412748409.06
8.44835896533 1412748410.67
8.29879651679 1412748412.35
8.45201718772 1412748414.02
8.41549171948 1412748415.65
8.48358315276 1412748417.32
8.33181003221 1412748418.92
8.27880491596 1412748420.5
8.29728783894 1412748422.12
8.2835215425 1412748423.76
8.40575850312 1412748425.38
8.45593834926 1412748427.02
8.25714326618 1412748428.61
