22.4168603965 1412726392.77
21.981452108 1412726393.66
21.2169129949 1412726394.61
20.6530591254 1412726395.23
20.1271918921 1412726396.14
19.6926549779 1412726397.11
19.2041564373 1412726397.96
18.8159027285 1412726398.73
18.5861504919 1412726399.36
18.6522104527 1412726399.91
18.0617844377 1412726400.67
18.059076818 1412726401.29
17.8523532017 1412726402.01
17.4160822305 1412726402.75
16.8772500885 1412726403.5
16.3558968125 1412726404.22
16.0052076741 1412726404.93
15.4364510589 1412726405.77
14.9131221681 1412726406.45
14.689891685 1412726407.14
14.3901533368 1412726407.91
14.0467703496 1412726408.62
13.685646709 1412726409.18
13.5776560567 1412726410.06
13.3925792435 1412726410.84
13.4229316428 1412726411.65
13.3043924422 1412726412.17
13.0189983042 1412726412.99
12.8870942171 1412726413.61
12.6980091521 1412726414.19
12.6729188773 1412726414.96
12.3163168756 1412726415.72
12.3534471903 1412726416.4
12.3163720393 1412726417.15
12.2306878579 1412726418.0
12.2260222122 1412726418.59
12.1303267106 1412726419.41
12.1075049827 1412726420.05
12.0296395977 1412726420.71
11.8603542676 1412726421.31
11.7051492646 1412726421.84
11.7527876914 1412726422.44
11.4545728872 1412726422.98
11.4032198567 1412726423.54
11.1258169564 1412726424.08
10.9799547695 1412726424.66
10.8049638531 1412726425.37
10.7479771202 1412726425.91
10.612602927 1412726426.62
10.5422380372 1412726427.28
10.417878562 1412726428.11
10.2199820598 1412726428.69
10.1727432178 1412726429.36
10.1641566719 1412726430.04
10.0677040875 1412726430.89
10.0732245285 1412726431.7
9.98979775133 1412726432.55
10.1274772939 1412726433.24
10.0545553712 1412726434.04
10.1104511215 1412726434.82
10.1452618806 1412726435.38
9.95325816717 1412726436.2
9.91880005463 1412726436.97
9.77363784256 1412726437.77
9.66313375672 1412726438.64
9.49939401807 1412726439.42
9.52027642029 1412726440.2
9.42033777669 1412726440.92
9.27323988487 1412726441.55
9.11347034156 1412726442.23
9.11890910513 1412726442.96
9.16654482903 1412726443.7
9.08567151472 1412726444.59
9.10559566263 1412726445.31
9.02759375846 1412726445.86
8.96487288203 1412726446.57
8.85975220954 1412726447.27
8.7811583646 1412726447.95
8.77508749438 1412726448.71
8.67166504741 1412726449.35
8.68915332726 1412726449.98
8.68066758895 1412726450.58
8.68244440139 1412726451.17
8.61811451804 1412726451.85
8.71249646047 1412726452.38
8.72114163211 1412726452.94
8.55896437033 1412726453.53
8.56693832518 1412726454.14
8.49905244358 1412726454.77
8.44200969747 1412726455.36
8.37746141736 1412726456.03
8.34327776259 1412726456.63
8.308915974 1412726457.22
8.31025365357 1412726457.81
8.21620879093 1412726458.4
8.27782075028 1412726458.97
8.23924496773 1412726459.93
8.24938635615 1412726460.63
8.17436092745 1412726461.28
8.19584842154 1412726462.06
8.23732308294 1412726462.73
8.16549720139 1412726463.35
8.18203843842 1412726464.07
8.08774925362 1412726464.74
8.15189980142 1412726465.36
8.09701632467 1412726466.02
8.27061161148 1412726466.6
8.28605523972 1412726467.17
8.28335097002 1412726467.75
8.26109440937 1412726468.44
8.28055678919 1412726469.15
8.16526276768 1412726469.85
8.18919013843 1412726470.51
8.18590109499 1412726471.07
8.32352617166 1412726471.68
8.40552698434 1412726472.25
8.25644579087 1412726472.89
8.27401267151 1412726473.63
8.1251331636 1412726474.27
8.08046662713 1412726474.88
8.19143096022 1412726475.6
8.14369891635 1412726476.48
8.13752496209 1412726477.36
8.17425140843 1412726478.38
8.17657998294 1412726479.25
8.18707977652 1412726480.08
8.16515832818 1412726480.93
8.15839035157 1412726481.77
8.02509722324 1412726482.49
8.09489485455 1412726483.09
8.22073298192 1412726483.69
8.12398709887 1412726484.31
8.11781304747 1412726484.99
8.11212687047 1412726485.54
8.11866416118 1412726486.14
8.15521148144 1412726486.84
8.15332413144 1412726487.5
8.19018219151 1412726488.15
8.21072308428 1412726488.89
8.16620065694 1412726489.62
8.17349790626 1412726490.28
8.180562996 1412726490.93
8.24498385411 1412726491.58
8.18433439115 1412726492.18
8.23465907997 1412726492.74
8.19831492778 1412726493.34
8.26914088942 1412726493.98
8.29260979892 1412726494.63
8.27764228771 1412726495.27
8.2525938955 1412726495.96
8.25260047509 1412726496.52
8.25583773399 1412726497.13
8.25625881484 1412726497.79
8.27376205733 1412726498.46
8.24181446969 1412726499.01
8.29569405638 1412726499.58
8.29777945859 1412726500.17
8.29731489944 1412726500.76
8.3525959431 1412726501.5
8.35893791901 1412726502.17
8.36874262955 1412726502.8
8.34511389118 1412726503.45
8.39239872772 1412726504.1
8.34853786754 1412726504.67
8.36713057515 1412726505.34
8.45478328175 1412726506.01
8.44812990823 1412726506.58
8.44161055861 1412726507.28
8.46217783229 1412726507.93
8.39547878664 1412726508.58
8.39131539155 1412726509.22
8.38713936531 1412726509.8
8.38305153087 1412726510.37
8.3789979125 1412726510.93
8.37501522716 1412726511.55
8.37784328851 1412726512.14
8.38072644884 1412726512.77
8.3836769561 1412726513.35
8.38671044738 1412726514.06
8.39568645176 1412726514.66
8.38523440424 1412726515.22
8.40318257967 1412726515.78
8.39618219604 1412726516.34
8.39504035704 1412726516.89
8.40140781682 1412726517.51
8.40030503075 1412726518.1
8.39922342986 1412726518.64
8.42094645886 1412726519.25
8.33285379715 1412726519.81
8.33491025211 1412726520.35
8.33699488698 1412726520.92
8.30665453073 1412726521.49
8.33356500331 1412726522.05
8.33570605829 1412726522.61
8.33780197793 1412726523.15
8.28359331889 1412726523.81
8.28581258981 1412726524.43
8.24276170781 1412726525.0
8.28892340099 1412726525.57
8.29101858894 1412726526.23
