14.6518634861 1412724078.37
14.7626347937 1412724078.74
15.2258876869 1412724079.1
15.4220735369 1412724079.45
15.7267913748 1412724079.85
15.9460929053 1412724080.24
15.6615934934 1412724080.64
16.0052132487 1412724081.03
16.0517483032 1412724081.41
15.9563014888 1412724081.78
16.2832228601 1412724082.18
15.3284383865 1412724082.59
15.2686818049 1412724082.96
14.5071643709 1412724083.32
14.0625883759 1412724083.73
13.8093891934 1412724084.15
13.4104654727 1412724084.53
13.0650401994 1412724084.9
12.9069717268 1412724085.33
13.3571571933 1412724085.67
14.2762961925 1412724086.06
15.5511510799 1412724086.42
16.0633438956 1412724086.79
16.2604008694 1412724087.15
16.3520313163 1412724087.53
16.3874779074 1412724087.95
16.5353612021 1412724088.3
16.3097414013 1412724088.68
16.3318605212 1412724089.09
16.185238645 1412724089.5
16.0037033815 1412724089.87
15.9242746231 1412724090.32
15.648732803 1412724090.69
15.4542174913 1412724091.05
15.3902160499 1412724091.33
15.1849873385 1412724091.59
15.1052605358 1412724091.86
14.6379709528 1412724092.3
14.3723193391 1412724092.63
14.4141028143 1412724092.86
14.2446346091 1412724093.15
14.0181114313 1412724093.47
13.7889546435 1412724093.75
13.5316701388 1412724094.03
13.187298879 1412724094.31
13.0755894482 1412724094.59
12.8265406908 1412724094.84
12.9155262253 1412724095.09
12.6661821516 1412724095.34
12.2303975844 1412724095.61
12.1924628027 1412724095.87
11.6852635107 1412724096.16
10.9837293813 1412724096.43
10.9125470107 1412724096.72
10.3915244912 1412724097.0
10.1544618915 1412724097.27
9.88148888678 1412724097.53
9.64256457242 1412724097.8
9.39874892253 1412724098.04
8.91603365933 1412724098.3
8.75476259316 1412724098.61
8.42642114032 1412724098.87
8.48797668688 1412724099.13
8.49499340054 1412724099.42
8.45251570542 1412724099.73
8.61307381494 1412724100.03
8.35827039526 1412724100.33
8.61823321939 1412724100.67
8.65131118114 1412724101.02
8.80869723633 1412724101.33
9.01500511345 1412724101.65
9.25468044647 1412724101.97
9.42781001225 1412724102.27
9.55978268898 1412724102.61
9.66618268629 1412724102.92
9.73644343311 1412724103.26
9.72408215965 1412724103.59
9.76624613476 1412724103.89
9.79999490106 1412724104.2
9.81417943831 1412724104.5
9.8251155369 1412724104.78
9.82933583082 1412724105.08
9.82935428531 1412724105.37
9.61789021765 1412724105.7
9.60677622873 1412724106.01
9.60098038563 1412724106.3
9.58585384317 1412724106.6
9.63343545314 1412724106.89
9.6112519316 1412724107.21
9.57750270231 1412724107.52
9.56775067889 1412724107.85
9.54377409906 1412724108.21
9.50645715281 1412724108.57
9.49015332548 1412724108.91
9.45479380507 1412724109.24
9.38291355791 1412724109.54
9.3332136044 1412724109.91
9.32314605978 1412724110.37
9.31008407619 1412724110.78
9.28945087616 1412724111.2
9.26991002307 1412724111.57
9.25259205206 1412724112.03
9.0263341743 1412724112.45
9.00742709379 1412724112.84
8.98132884118 1412724113.34
8.96844084018 1412724113.84
8.98758320005 1412724114.31
8.97098574879 1412724114.64
8.9543521557 1412724114.98
8.94235994036 1412724115.33
8.92542560806 1412724115.68
8.90552074936 1412724116.02
8.9109240777 1412724116.36
8.89481978776 1412724116.72
8.86382252505 1412724117.08
8.82999527999 1412724117.41
8.78080046957 1412724117.84
8.72957189461 1412724118.27
8.68434411206 1412724118.67
8.6396850239 1412724119.15
8.69847811887 1412724119.58
8.65912302632 1412724120.04
8.71270567293 1412724120.39
8.6767649177 1412724120.74
8.63583266191 1412724121.08
8.68976732824 1412724121.44
8.65227600978 1412724121.78
8.61209758818 1412724122.17
8.66558878616 1412724122.57
8.61028986352 1412724122.97
8.58557005805 1412724123.35
8.44173074445 1412724123.93
8.40487006181 1412724124.45
8.44784016469 1412724125.03
8.41314551924 1412724125.58
8.38470127304 1412724126.15
8.41049864954 1412724126.63
8.38387834753 1412724127.02
8.34880707446 1412724127.44
8.39465875704 1412724127.92
8.36202465085 1412724128.29
8.40521228838 1412724128.67
8.37498164535 1412724129.08
8.32535731305 1412724129.56
8.36734839846 1412724130.05
8.33794274773 1412724130.49
8.377128617 1412724130.82
8.33988646451 1412724131.1
8.36775672738 1412724131.39
8.34188218906 1412724131.69
8.31627704907 1412724131.96
8.50156653049 1412724132.23
8.47691572639 1412724132.53
8.47359146062 1412724132.82
8.45596248254 1412724133.1
8.48902783468 1412724133.42
8.49734236191 1412724133.73
8.53022575851 1412724134.03
8.50774518326 1412724134.33
8.5075344259 1412724134.68
8.48636892516 1412724134.96
8.46396136381 1412724135.23
8.49803767966 1412724135.5
8.47678587939 1412724135.78
8.47072799216 1412724136.05
8.50607665079 1412724136.31
8.54673464521 1412724136.62
8.52808042322 1412724136.91
8.54323912225 1412724137.19
8.5266912606 1412724137.46
8.50896959281 1412724137.74
8.53646990114 1412724138.02
8.52016944853 1412724138.31
8.35569255949 1412724138.58
8.40980394689 1412724138.86
8.42880871251 1412724139.13
8.44652313186 1412724139.41
8.46314773567 1412724139.72
8.46177272211 1412724140.0
8.46965966894 1412724140.28
8.48760492603 1412724140.56
8.47690267446 1412724140.87
8.466383043 1412724141.16
8.47257383262 1412724141.44
8.46340217939 1412724141.75
8.45352100757 1412724142.2
8.44293961991 1412724142.57
8.43154475714 1412724142.91
8.4486689982 1412724143.2
8.4336724645 1412724143.49
8.42934152935 1412724143.83
8.40763465145 1412724144.22
8.39325379765 1412724144.56
8.42155461577 1412724144.96
8.40049944456 1412724145.26
8.42524182159 1412724145.57
8.40634019962 1412724145.84
8.42538995493 1412724146.17
8.41327168438 1412724146.48
8.431583426 1412724146.77
