13.4386029095 1412723440.41
13.6617739411 1412723440.7
14.0278925503 1412723440.97
14.1557787112 1412723441.25
14.429796455 1412723441.53
14.3916244579 1412723441.8
14.6465781107 1412723442.08
14.886790898 1412723442.37
15.0754461326 1412723442.66
14.7524122333 1412723442.95
14.5096906685 1412723443.24
14.4710463503 1412723443.53
14.2895550481 1412723443.83
14.4984901939 1412723444.11
14.0841169992 1412723444.42
13.8738995956 1412723444.73
13.4078670783 1412723445.05
13.017058652 1412723445.36
13.0598741359 1412723445.64
12.7351312448 1412723445.93
12.4800771635 1412723446.22
12.086845237 1412723446.52
11.7991809857 1412723446.87
11.2907505633 1412723447.14
10.9857703108 1412723447.41
10.7752729075 1412723447.71
10.5314072154 1412723448.0
10.5418793989 1412723448.27
10.3641531321 1412723448.56
10.4021788156 1412723448.85
10.2757408741 1412723449.13
10.1346046179 1412723449.4
10.024462983 1412723449.68
9.9427607905 1412723449.95
9.78031908187 1412723450.23
9.78109260506 1412723450.52
9.63252428366 1412723450.79
9.44013766889 1412723451.06
9.22201465324 1412723451.33
9.12663886959 1412723451.62
8.87080560014 1412723451.86
8.72192449475 1412723452.13
8.55881549369 1412723452.41
8.48208619138 1412723452.68
8.42278345491 1412723452.94
8.32531347276 1412723453.24
8.12075411084 1412723453.48
8.09914983239 1412723453.72
7.9511675693 1412723453.95
7.91005449726 1412723454.21
7.69904813899 1412723454.46
7.55584407901 1412723454.73
7.48123659985 1412723455.0
7.30285587211 1412723455.27
7.22769574851 1412723455.53
7.14566066991 1412723455.78
7.0351392059 1412723456.05
7.02174348073 1412723456.31
6.96632639014 1412723456.57
6.83932101487 1412723456.81
6.79492209249 1412723457.07
6.68966396298 1412723457.3
6.69009934002 1412723457.54
6.55697605327 1412723457.79
6.46184650221 1412723458.04
6.43634206309 1412723458.3
6.4751674617 1412723458.56
6.44668781196 1412723458.81
6.39822053244 1412723459.05
6.39300582949 1412723459.32
6.39391493045 1412723459.57
6.31286731382 1412723459.81
6.36128791902 1412723460.04
6.39984947621 1412723460.29
6.37127991378 1412723460.53
6.40081887285 1412723460.78
6.33752545029 1412723461.02
6.22791686611 1412723461.25
6.27534646733 1412723461.51
6.23809833265 1412723461.74
6.08586417142 1412723461.99
6.06078125444 1412723462.22
6.13085963441 1412723462.46
6.18254548217 1412723462.72
6.20812270172 1412723462.94
6.13136340688 1412723463.16
6.17330623287 1412723463.39
6.12307285255 1412723463.64
6.16109234703 1412723463.87
6.05664230198 1412723464.13
6.02018053554 1412723464.37
6.0654416259 1412723464.63
5.95173600852 1412723464.87
5.87236573431 1412723465.11
5.85047681977 1412723465.34
5.90937323567 1412723465.59
5.85665595676 1412723465.84
5.7275840357 1412723466.09
5.72236875711 1412723466.32
5.75273494894 1412723466.54
5.74123917027 1412723466.78
5.74587164455 1412723467.01
5.75147224277 1412723467.24
5.74173705792 1412723467.48
5.70409438306 1412723467.72
5.67097669664 1412723467.95
5.7582169345 1412723468.21
5.77119975655 1412723468.45
5.78750926712 1412723468.71
5.73257687687 1412723468.94
5.69973548896 1412723469.21
5.67234436034 1412723469.45
5.63805523799 1412723469.71
5.6281881505 1412723469.95
5.63002453748 1412723470.18
5.60046986588 1412723470.43
5.56765691312 1412723470.69
5.57448345327 1412723470.94
5.6450352166 1412723471.18
5.65027766003 1412723471.43
5.69209570373 1412723471.67
5.66503606434 1412723471.9
5.67335667979 1412723472.15
5.64943316694 1412723472.4
5.65629386093 1412723472.66
5.66828467574 1412723472.92
5.5952803625 1412723473.16
5.65550917093 1412723473.41
5.66237455673 1412723473.66
5.66947350525 1412723473.92
5.64843565685 1412723474.17
5.65636195091 1412723474.42
5.56618167473 1412723474.68
5.60033783321 1412723474.95
5.58037754231 1412723475.19
5.60590883776 1412723475.45
5.58139410014 1412723475.69
5.56904086586 1412723475.93
5.54477535995 1412723476.19
5.58779759494 1412723476.45
5.51221856389 1412723476.69
5.52396667788 1412723476.93
5.44824763734 1412723477.17
5.47913266766 1412723477.42
5.45791030395 1412723477.66
5.40426467271 1412723477.92
5.44511357821 1412723478.19
5.39203091789 1412723478.46
5.41350952674 1412723478.71
5.35457285013 1412723478.97
5.38875396817 1412723479.23
5.3934362327 1412723479.48
5.37728561453 1412723479.72
5.38455051806 1412723479.97
5.38882964273 1412723480.26
5.39329404298 1412723480.51
5.34473161424 1412723480.75
5.30894888681 1412723481.01
5.32774923588 1412723481.26
5.33115165822 1412723481.53
5.30752898379 1412723481.79
5.31748587365 1412723482.03
5.27889846407 1412723482.27
5.28001720669 1412723482.52
5.25989068255 1412723482.78
5.2147879149 1412723483.03
5.17381881831 1412723483.3
5.18115857629 1412723483.56
5.18965052365 1412723483.83
5.17972580369 1412723484.09
5.19271801867 1412723484.4
5.20056769428 1412723484.68
5.20820102291 1412723484.97
5.21442951397 1412723485.26
5.2071418867 1412723485.55
5.2396175416 1412723485.81
5.24509405001 1412723486.1
5.24946121747 1412723486.39
5.25704383955 1412723486.72
5.26529411344 1412723487.02
5.27346087664 1412723487.29
5.26661939856 1412723487.57
5.17530853259 1412723487.83
5.18036445681 1412723488.12
5.18708153456 1412723488.41
5.19340422363 1412723488.69
5.19916704825 1412723488.95
5.20645403019 1412723489.21
5.19683011275 1412723489.47
5.23753581352 1412723489.74
5.2481342931 1412723490.02
5.24183261172 1412723490.3
5.23492580755 1412723490.56
5.22080358473 1412723490.86
5.21250582027 1412723491.13
5.20230200275 1412723491.4
5.18005754932 1412723491.67
5.17223618995 1412723491.95
5.16522331984 1412723492.22
5.15313437891 1412723492.49
