18.6749986183 1412733664.48
18.7634507376 1412733665.5
18.4721633213 1412733666.5
18.0323816931 1412733667.59
18.0631617101 1412733668.67
18.0367066894 1412733669.76
17.6684286142 1412733670.9
17.6349699797 1412733672.01
17.3910650394 1412733673.14
18.0228624098 1412733674.29
18.1352341845 1412733675.45
19.0995792101 1412733676.67
20.1553709385 1412733677.94
20.5573906104 1412733679.17
20.8936108918 1412733680.46
21.7096581894 1412733681.9
22.2699868336 1412733683.29
22.6582454267 1412733684.73
23.3646728434 1412733686.17
22.9183307701 1412733687.53
23.4373293712 1412733688.94
23.1725666093 1412733690.29
23.7511416119 1412733691.7
24.3153605642 1412733693.08
24.4779138604 1412733694.46
24.8108832229 1412733695.86
24.7778180147 1412733697.3
24.7439550199 1412733698.68
24.7637799349 1412733700.11
25.0608807766 1412733701.55
25.205697103 1412733703.0
25.6586963305 1412733704.45
26.5427663391 1412733705.91
27.5727741067 1412733707.31
26.8373915063 1412733708.74
26.1577406826 1412733710.2
26.8640817851 1412733711.74
26.8475430476 1412733713.19
27.4424939184 1412733714.61
27.8403344989 1412733716.04
27.8589257366 1412733717.5
28.0710552824 1412733718.98
28.1296773359 1412733720.44
28.5221045849 1412733721.85
28.0164910408 1412733723.27
28.3215323612 1412733724.66
27.8119524027 1412733726.06
28.0405064243 1412733727.51
27.7210071535 1412733729.0
28.3800294032 1412733730.45
28.3297882968 1412733731.94
27.8655405376 1412733733.42
28.061278363 1412733734.88
28.4082219627 1412733736.4
28.4285926647 1412733737.93
28.7113374315 1412733739.4
28.4167770259 1412733740.87
29.2068586956 1412733742.36
29.5701223513 1412733743.88
28.7772570604 1412733745.38
27.9723713927 1412733746.89
27.9578370466 1412733748.4
28.0851719656 1412733749.85
28.3819127639 1412733751.38
28.4416283659 1412733752.9
28.5592082966 1412733754.38
28.4252417656 1412733755.84
28.5554822895 1412733757.34
27.9963579428 1412733758.92
28.088730087 1412733760.45
28.2240836195 1412733761.95
28.9856464879 1412733763.45
29.2306044503 1412733764.95
29.9789552264 1412733766.39
30.9508951227 1412733767.95
30.9907006083 1412733769.47
31.7190723856 1412733771.04
30.8650190132 1412733772.56
30.4222396848 1412733774.08
30.276345613 1412733775.61
30.4233733064 1412733777.1
30.5969156681 1412733778.68
30.8945164128 1412733780.25
31.013950262 1412733781.82
31.2027383121 1412733783.37
31.8919505519 1412733784.95
31.2159137019 1412733786.5
31.262715827 1412733788.09
32.000780339 1412733789.65
32.5526149188 1412733791.24
32.529389684 1412733792.84
31.5101030113 1412733794.43
31.9194735167 1412733796.05
32.1684401498 1412733797.59
30.8784945513 1412733799.12
30.5939386994 1412733800.67
30.3678776356 1412733802.2
30.5524372892 1412733803.79
30.6652458613 1412733805.37
30.8843398623 1412733806.93
31.1142217762 1412733808.52
30.8129463167 1412733810.07
31.4472869044 1412733811.67
31.413638399 1412733813.23
30.2430552739 1412733814.82
30.588263753 1412733816.36
30.6815690671 1412733817.94
30.0713998405 1412733819.45
29.1332310666 1412733821.03
29.130115097 1412733822.58
28.9804805608 1412733824.14
29.5275888757 1412733825.69
29.389773518 1412733827.26
28.3282672808 1412733828.88
28.6401999892 1412733830.56
29.2995029848 1412733832.18
28.9062930238 1412733833.76
28.8300514177 1412733835.35
28.6219542312 1412733836.98
27.8955328445 1412733838.52
27.7976206773 1412733840.14
26.9605985347 1412733841.71
27.6262332683 1412733843.27
28.8747700477 1412733844.84
28.7409515582 1412733846.43
28.8984109314 1412733848.0
26.5584498317 1412733849.57
25.8211011131 1412733851.12
25.5615083715 1412733852.74
24.4966403687 1412733854.33
25.1956117667 1412733855.88
23.5910351162 1412733857.53
23.6459136718 1412733859.14
23.0870606469 1412733860.69
22.4635512747 1412733862.3
22.5279681512 1412733863.98
22.0551353011 1412733865.68
21.3894743284 1412733867.39
22.4899461481 1412733869.09
22.519473661 1412733870.77
22.3024973855 1412733872.46
21.1309452498 1412733874.13
20.2937849981 1412733875.78
18.834409725 1412733877.47
18.5389075734 1412733879.2
17.9820575269 1412733880.94
17.923736595 1412733882.6
17.2962236856 1412733884.32
17.1936549362 1412733885.99
17.5001608523 1412733887.66
17.1672366956 1412733889.38
17.4178851428 1412733891.06
17.5420784938 1412733892.78
17.3779953525 1412733894.47
16.3072135628 1412733896.14
16.4235344058 1412733897.88
15.4618892679 1412733899.59
13.8569580374 1412733901.26
13.8868905169 1412733902.95
13.902657393 1412733904.68
12.1959874011 1412733906.31
12.2516572806 1412733908.01
12.118979703 1412733909.73
11.4363076679 1412733911.47
11.6953739599 1412733913.22
11.8410742378 1412733914.93
11.9175069115 1412733916.67
12.0996121844 1412733918.32
12.2165491513 1412733920.11
11.7863360885 1412733921.8
10.7868046737 1412733923.54
10.9623608527 1412733925.32
11.0505172951 1412733927.05
11.2183375931 1412733928.79
11.3139970441 1412733930.56
11.4590224286 1412733932.31
11.5404807582 1412733934.09
11.5935314319 1412733935.86
11.5702706649 1412733937.65
11.6213827643 1412733939.46
8.09063912311 1412733941.27
8.17790263243 1412733943.06
7.87239919919 1412733944.88
5.48461548077 1412733946.7
8.10362972177 1412733948.52
5.84910500686 1412733950.35
5.86384862748 1412733952.12
5.86444412525 1412733953.88
5.75167600915 1412733955.7
5.85302365242 1412733957.47
5.87594108462 1412733959.25
5.89428165848 1412733961.04
4.94163056431 1412733962.86
4.99835577192 1412733964.73
5.01241198148 1412733966.46
5.04631945143 1412733968.32
5.07215316679 1412733970.25
5.14754132874 1412733972.19
5.47075236712 1412733974.05
5.56056308933 1412733975.92
