21.7964035702 1412739134.16
21.7829525107 1412739135.28
22.080666408 1412739136.35
22.410457078 1412739137.42
21.9390160275 1412739138.45
21.1517851064 1412739139.48
20.675106088 1412739140.52
20.3613504878 1412739141.51
20.2482964871 1412739142.53
19.880290224 1412739143.54
19.4993214181 1412739144.54
18.7364407538 1412739145.55
18.3107134177 1412739146.55
17.5957333295 1412739147.56
17.154180151 1412739148.64
17.0067102568 1412739149.64
16.7262409682 1412739150.65
16.2684041095 1412739151.66
16.0838023472 1412739152.64
16.0772837999 1412739153.6
16.0904710758 1412739154.58
16.0938389475 1412739155.54
16.2151710193 1412739156.52
16.1494553638 1412739157.52
16.0635986392 1412739158.55
15.7012329757 1412739159.52
15.2169740073 1412739160.5
14.6793971782 1412739161.52
14.9727759686 1412739162.52
14.7109711853 1412739163.53
14.4533627279 1412739164.52
14.1090796772 1412739165.52
13.8622197516 1412739166.55
13.8056944429 1412739167.59
13.6696952193 1412739168.61
13.4230301432 1412739169.58
13.1539774329 1412739170.57
12.8953574668 1412739171.59
12.9858818164 1412739172.58
12.8927859047 1412739173.62
12.7101905958 1412739174.62
12.608434746 1412739175.61
12.556336959 1412739176.62
12.4107833408 1412739177.66
12.4094551637 1412739178.68
12.5055629511 1412739179.71
12.4630550168 1412739180.74
12.2661000626 1412739181.78
12.1604568773 1412739182.82
12.1504956219 1412739183.84
12.0017348527 1412739184.85
11.9204244679 1412739185.89
11.9595886269 1412739186.93
11.9772535334 1412739187.98
12.0267478914 1412739188.98
11.9196192144 1412739190.0
12.0178401478 1412739191.0
11.7639849916 1412739192.04
11.7366833576 1412739193.09
11.8460680821 1412739194.09
11.7719696887 1412739195.14
11.6712271919 1412739196.2
11.6212890274 1412739197.23
11.5379524823 1412739198.26
11.47588174 1412739199.28
11.4603638738 1412739200.34
11.3882907622 1412739201.35
11.3263517935 1412739202.36
11.2223898249 1412739203.43
11.2169584837 1412739204.44
11.1854077023 1412739205.49
11.2201128464 1412739206.52
11.227098041 1412739207.57
11.2556062399 1412739208.65
11.0818241518 1412739209.7
11.2269049652 1412739210.76
11.093250092 1412739211.78
11.1728924788 1412739212.81
11.1211232024 1412739213.85
11.1150903338 1412739214.91
11.0343023974 1412739215.99
10.9782510985 1412739217.06
10.9283505054 1412739218.14
10.9072255075 1412739219.17
10.8777029505 1412739220.22
10.8993820301 1412739221.25
10.988453027 1412739222.31
11.0147039977 1412739223.37
11.0209639581 1412739224.41
10.9952002977 1412739225.48
11.0525771788 1412739226.51
11.0204826299 1412739227.55
10.9504290665 1412739228.57
11.0410099499 1412739229.64
11.1047286974 1412739230.72
11.0679221648 1412739231.78
11.1417062735 1412739232.88
11.176352855 1412739233.91
11.2076808003 1412739234.95
11.1904901287 1412739235.98
11.1586438275 1412739237.04
11.103410839 1412739238.09
11.0749882496 1412739239.17
11.1229356822 1412739240.21
11.1778573169 1412739241.24
11.1552818179 1412739242.31
11.1786569051 1412739243.36
11.1620062964 1412739244.42
11.1162214104 1412739245.52
11.1592565403 1412739246.59
11.1035224015 1412739247.66
11.1206607896 1412739248.77
11.1220998949 1412739249.83
11.1364833799 1412739250.89
11.1467379125 1412739251.96
11.1662334066 1412739253.02
11.1770014771 1412739254.08
11.1453607278 1412739255.18
11.1353729219 1412739256.22
11.1465113728 1412739257.33
11.2008466326 1412739258.37
11.138742467 1412739259.46
11.1713886719 1412739260.54
11.1838226796 1412739261.61
11.2288432155 1412739262.69
11.1959222357 1412739263.76
11.1702453224 1412739264.79
11.1458353941 1412739265.87
11.1577596716 1412739266.97
11.1516181654 1412739268.07
11.1508885256 1412739269.2
11.1562129108 1412739270.25
11.1442478725 1412739271.34
11.1270732039 1412739272.47
11.1178996302 1412739273.56
11.0997690138 1412739274.62
11.0287002791 1412739275.78
11.0177459045 1412739276.83
11.0249929568 1412739277.98
11.0065285216 1412739279.08
11.0261632066 1412739280.17
11.0105303204 1412739281.29
11.0048004252 1412739282.38
10.9696372627 1412739283.44
10.8629778695 1412739284.6
10.8149056844 1412739285.75
10.775642802 1412739286.89
10.7653639212 1412739288.0
10.7823093862 1412739289.12
10.7150075392 1412739290.23
10.6834427024 1412739291.3
10.6607851666 1412739292.45
10.6369259146 1412739293.6
10.5331009138 1412739294.81
10.4635604523 1412739295.98
10.3730095918 1412739297.15
10.3527885551 1412739298.31
10.3576901668 1412739299.5
10.4256738166 1412739300.68
10.3501035874 1412739301.85
10.378753587 1412739303.02
10.3402047403 1412739304.2
10.3782537855 1412739305.39
10.3909788798 1412739306.62
10.3877239705 1412739307.79
10.3726505529 1412739308.97
10.4111346584 1412739310.22
10.4554399595 1412739311.45
10.3897829839 1412739312.62
10.4274815449 1412739313.88
10.3979081696 1412739315.06
10.3749679941 1412739316.25
10.4335911813 1412739317.52
10.3644858157 1412739318.8
10.4035143275 1412739320.08
10.3070300256 1412739321.34
10.3305743494 1412739322.65
10.320525517 1412739323.94
10.2136038455 1412739325.15
10.2166413094 1412739326.45
10.2464490305 1412739327.77
10.2458815495 1412739329.05
10.1378290883 1412739330.37
10.0875439711 1412739331.67
10.0973344409 1412739333.01
10.0013483665 1412739334.35
10.0138219355 1412739335.68
10.0567816283 1412739336.99
9.99502590292 1412739338.35
10.1523304797 1412739339.71
10.0238352967 1412739341.07
10.1075507716 1412739342.48
10.075528863 1412739343.9
10.104600655 1412739345.29
10.1098859073 1412739346.7
10.1467936708 1412739348.11
10.3015360683 1412739349.5
10.3427705474 1412739350.94
10.3713921703 1412739352.36
10.3805379747 1412739353.94
