22.9565864788 1412721822.58
23.7746936585 1412721822.76
24.5037103233 1412721822.91
25.9488122721 1412721823.08
25.7903392263 1412721823.26
26.4379201206 1412721823.52
25.6184329212 1412721823.74
24.4051609564 1412721823.87
24.6958375836 1412721824.0
24.0392974204 1412721824.23
23.2075249391 1412721824.44
23.3017686158 1412721824.63
22.0530788696 1412721824.79
21.1594275833 1412721824.93
20.4279549365 1412721825.07
19.7340648721 1412721825.26
19.1547679086 1412721825.49
18.2816464561 1412721825.62
17.5880585372 1412721825.76
17.0158178703 1412721825.89
16.3707161544 1412721826.03
16.2401423049 1412721826.17
15.9328605563 1412721826.33
15.4430410898 1412721826.56
14.9691636334 1412721826.73
14.3951372428 1412721826.86
13.8693917662 1412721827.03
13.5969484839 1412721827.16
13.205114066 1412721827.31
12.9451986271 1412721827.47
12.949644485 1412721827.6
12.709150286 1412721827.74
12.2682574507 1412721827.89
12.3275523216 1412721828.09
12.1973630345 1412721828.31
11.9095117478 1412721828.45
11.9295254927 1412721828.59
12.2649429997 1412721828.83
12.0528193596 1412721828.96
11.7915429378 1412721829.08
11.3939581949 1412721829.19
10.8689344796 1412721829.33
10.7570349431 1412721829.43
10.4906558176 1412721829.52
10.5830934744 1412721829.62
10.2723198828 1412721829.75
10.2615775435 1412721829.88
10.0408615498 1412721830.0
9.8207562217 1412721830.15
9.71530765744 1412721830.23
9.66536970599 1412721830.37
9.40535599306 1412721830.46
9.27426524907 1412721830.58
9.12513258823 1412721830.68
8.94002342163 1412721830.79
9.04130288146 1412721830.88
8.8651041057 1412721830.98
8.60839964453 1412721831.08
8.3857275854 1412721831.17
8.36582648487 1412721831.26
8.12041585505 1412721831.36
8.17359237723 1412721831.47
8.01151638519 1412721831.59
8.06829879896 1412721831.71
8.06678756737 1412721831.88
7.86561657177 1412721832.0
7.6207079601 1412721832.09
7.56853180133 1412721832.17
7.42480911274 1412721832.28
7.33090518543 1412721832.39
7.27508099408 1412721832.57
7.11050269262 1412721832.68
7.07209570604 1412721832.76
7.00329943595 1412721832.84
6.96922193216 1412721832.93
7.02635269296 1412721833.05
6.91316874734 1412721833.19
6.97047715115 1412721833.3
6.70414820935 1412721833.43
6.64509048099 1412721833.55
6.50866470409 1412721833.64
6.42553338723 1412721833.73
6.40657713815 1412721833.81
6.40544456416 1412721833.9
6.22975304574 1412721833.99
6.10114329371 1412721834.08
6.00054222195 1412721834.18
5.88665535714 1412721834.27
5.83616164556 1412721834.42
5.58014849576 1412721834.53
5.65378011875 1412721834.63
5.64721990299 1412721834.73
5.73310254544 1412721834.84
5.74928567669 1412721834.92
5.69249398682 1412721835.02
5.51411762628 1412721835.13
5.48351730706 1412721835.22
5.44943701011 1412721835.31
5.44957100721 1412721835.4
5.36603296051 1412721835.5
5.33866686951 1412721835.62
5.24023951319 1412721835.76
5.21113957894 1412721835.87
5.06613283176 1412721835.98
5.0655112783 1412721836.07
5.0318737693 1412721836.18
4.92568872469 1412721836.35
4.83654011115 1412721836.47
4.81536487975 1412721836.6
4.79495073663 1412721836.71
4.65244591279 1412721836.8
4.71849103797 1412721836.92
4.63529321267 1412721837.05
4.62535362507 1412721837.15
4.72642221037 1412721837.26
4.53229820073 1412721837.34
4.5951170636 1412721837.44
4.56446358004 1412721837.55
4.55227201739 1412721837.68
4.54052526682 1412721837.79
4.45935987231 1412721837.89
4.52247469204 1412721837.99
4.44197729564 1412721838.09
4.4293368312 1412721838.19
4.37636090844 1412721838.34
4.32687212974 1412721838.45
4.38017922827 1412721838.55
4.43977939091 1412721838.66
4.36916278412 1412721838.79
4.33103860076 1412721838.93
4.25578344411 1412721839.07
4.13615754052 1412721839.21
4.1276040877 1412721839.33
4.18776486145 1412721839.42
4.17518692839 1412721839.5
4.16886464301 1412721839.62
4.16290721796 1412721839.72
4.15735265316 1412721839.81
4.11605442158 1412721839.9
4.11094703664 1412721840.02
4.10624059491 1412721840.14
4.09886961855 1412721840.24
4.0698709794 1412721840.38
4.09920751713 1412721840.47
4.09378136635 1412721840.58
4.08854887198 1412721840.69
4.08362604974 1412721840.8
4.06210458419 1412721840.89
4.056768735 1412721841.0
4.0353927891 1412721841.09
4.03120731457 1412721841.18
4.02618410182 1412721841.29
4.02212922385 1412721841.38
4.0183057333 1412721841.5
4.01316828259 1412721841.61
4.00946061954 1412721841.7
3.94291101116 1412721841.8
3.89157643102 1412721841.9
3.8871951685 1412721841.99
3.88294655644 1412721842.1
3.88003426404 1412721842.21
3.87583489523 1412721842.33
3.8729854049 1412721842.43
3.86837038541 1412721842.54
3.8146880761 1412721842.64
3.81029160777 1412721842.76
3.7723856324 1412721842.85
3.80213392021 1412721842.96
3.68920498746 1412721843.07
3.68626036914 1412721843.19
3.6835706012 1412721843.32
3.68113309369 1412721843.45
3.62393684906 1412721843.57
3.613720003 1412721843.66
3.60853621352 1412721843.76
3.60346120556 1412721843.94
3.51381134663 1412721844.1
3.51067752291 1412721844.28
3.54116608361 1412721844.43
3.53860691401 1412721844.56
3.56694728695 1412721844.69
3.56484691964 1412721844.82
3.5628544427 1412721844.91
3.56092916716 1412721845.05
3.47771801074 1412721845.18
3.47660403792 1412721845.32
3.47556466124 1412721845.44
3.47459423372 1412721845.53
3.50595449055 1412721845.61
3.47401145944 1412721845.71
3.50253694647 1412721845.8
3.47068524806 1412721845.9
3.49919263155 1412721845.98
3.46738612003 1412721846.08
3.49584635083 1412721846.15
3.49508134968 1412721846.23
3.44886234442 1412721846.36
3.47619306278 1412721846.47
3.4743131105 1412721846.58
3.47242593094 1412721846.69
