14.596799713 1412727158.87
14.5001092541 1412727159.44
14.6093961851 1412727159.98
14.5274264365 1412727160.52
14.5471161544 1412727161.13
14.5002987429 1412727161.77
14.5529351754 1412727162.47
14.3819791241 1412727163.01
14.3399669463 1412727163.56
14.1728620376 1412727164.08
14.1083838563 1412727164.62
14.0056563221 1412727165.2
13.9011353594 1412727165.74
14.0134387446 1412727166.32
13.9129719513 1412727166.8
13.7147889297 1412727167.33
13.6861468923 1412727167.85
13.4652527379 1412727168.38
13.3927098597 1412727168.9
13.2241109356 1412727169.43
12.8993915728 1412727169.94
12.8320801343 1412727170.45
12.713718526 1412727170.96
12.5363897049 1412727171.48
12.3038491569 1412727171.96
12.2242945333 1412727172.49
11.9735328561 1412727172.98
11.9205962699 1412727173.54
11.887171738 1412727174.16
11.8712556861 1412727174.77
11.9240232262 1412727175.33
11.8631523935 1412727175.91
11.9079963029 1412727176.57
12.1294302079 1412727177.16
12.1905144033 1412727177.72
12.4858460354 1412727178.28
10.3520142209 1412727178.83
11.7649967767 1412727179.36
10.8005406377 1412727179.92
10.0972309944 1412727180.49
10.5684723985 1412727181.04
10.0397404038 1412727181.59
10.5757354501 1412727182.15
10.5490425184 1412727182.71
10.5882696648 1412727183.23
10.5247418305 1412727183.75
10.4517811339 1412727184.3
10.2708408748 1412727184.94
10.2550355036 1412727185.57
10.3875884709 1412727186.21
10.4281823393 1412727186.89
10.2158786762 1412727187.51
10.2360267508 1412727188.22
10.2149602727 1412727188.86
10.2312497027 1412727189.6
10.2449157181 1412727190.34
10.2839495757 1412727191.03
10.3005073685 1412727191.7
10.3065065882 1412727192.33
10.2441432982 1412727193.0
10.2752239962 1412727193.68
10.1935131144 1412727194.32
10.1816204153 1412727194.97
10.2177748264 1412727195.62
10.1357976293 1412727196.23
9.91980230967 1412727196.88
9.91747479107 1412727197.56
9.92937721054 1412727198.27
9.87641019503 1412727198.98
9.94093929004 1412727199.75
9.91271246934 1412727200.42
9.86241695076 1412727201.11
9.78270842439 1412727202.03
9.79164858503 1412727202.67
9.8141486825 1412727203.36
9.7888493279 1412727204.08
9.7556380527 1412727204.79
9.63372487147 1412727205.55
9.54180731421 1412727206.22
9.56759394409 1412727206.82
9.56794537684 1412727207.47
9.53339773753 1412727208.11
9.42027222654 1412727208.84
9.37032184035 1412727209.56
9.43795404403 1412727210.33
9.32446204664 1412727211.05
9.30820222704 1412727211.77
9.2961583374 1412727212.55
9.24177714529 1412727213.38
9.22893001473 1412727214.08
9.18498272015 1412727214.79
9.18863150764 1412727215.5
9.10993225792 1412727216.16
9.0530580748 1412727216.84
9.00381754227 1412727217.5
8.96257962197 1412727218.18
9.01031659316 1412727218.86
8.89651473374 1412727219.6
8.80380050264 1412727220.37
8.70003646245 1412727221.11
8.67540280124 1412727221.83
8.65341263087 1412727222.67
8.62488870954 1412727223.52
8.56893634014 1412727224.27
8.48129826724 1412727225.04
8.42255527847 1412727225.77
8.52172625057 1412727226.56
8.46727869291 1412727227.39
8.39872490608 1412727228.14
8.26699339598 1412727228.99
8.28845340115 1412727229.83
8.23912435297 1412727230.62
8.34511927453 1412727231.5
8.35994967885 1412727232.34
8.42530784574 1412727233.19
8.31681084298 1412727233.98
8.39035569979 1412727234.84
8.3199641051 1412727235.66
8.36725466797 1412727236.47
8.24893071488 1412727237.23
8.31778427874 1412727237.97
8.20371296088 1412727238.73
8.2722470975 1412727239.49
8.16512331043 1412727240.25
8.2221762459 1412727241.18
8.11928889976 1412727242.05
8.19792065009 1412727242.81
8.12712840182 1412727243.69
8.18531190103 1412727244.73
8.08757078881 1412727245.54
8.25321017794 1412727246.31
8.10631184996 1412727247.12
8.00085244225 1412727247.98
8.06390844058 1412727248.73
7.95897448201 1412727249.48
8.01094717798 1412727250.2
7.91322563163 1412727250.9
7.96438037305 1412727251.68
7.89561617573 1412727252.54
7.96046568109 1412727253.4
7.85392420939 1412727254.21
7.65135362081 1412727254.87
7.68502128464 1412727255.59
7.5347794013 1412727256.35
7.60307951284 1412727257.0
7.4769061004 1412727257.63
7.62979893232 1412727258.24
7.55479120312 1412727258.87
7.5776168448 1412727259.51
7.57384999447 1412727260.14
7.51510650076 1412727260.78
7.52792203712 1412727261.43
7.44925352104 1412727262.09
7.38515241242 1412727262.8
7.36545181946 1412727263.6
7.44626283933 1412727264.26
7.34319288373 1412727264.91
7.31508735702 1412727265.56
7.35753333766 1412727266.19
7.36291623461 1412727266.83
7.32972659685 1412727267.58
7.38687328028 1412727268.33
7.29929020017 1412727269.03
7.33409721438 1412727269.71
7.40919465223 1412727270.55
7.30945431415 1412727271.24
7.15404910385 1412727272.07
7.18018887693 1412727272.75
7.0538622305 1412727273.58
7.09740632362 1412727274.29
7.13906815911 1412727274.98
7.15142807992 1412727275.73
7.02322820208 1412727276.59
7.05413504286 1412727277.37
7.09599223798 1412727278.1
7.05424510085 1412727278.88
7.08275338687 1412727279.65
7.14122547141 1412727280.36
7.15955444656 1412727281.1
7.19710738942 1412727281.75
7.20248489216 1412727282.37
7.1660374492 1412727282.97
7.1882193778 1412727283.61
7.19358328183 1412727284.23
7.22877807646 1412727284.88
7.21932144644 1412727285.55
7.30977677974 1412727286.19
7.31548072739 1412727286.85
7.33856998127 1412727287.49
7.35107741447 1412727288.11
7.35549925515 1412727288.74
7.31943531951 1412727289.31
7.3196976611 1412727289.89
7.31830567482 1412727290.48
7.3332481299 1412727291.09
7.33143130363 1412727291.67
7.33639309349 1412727292.26
7.23261568517 1412727292.83
7.22305363058 1412727293.43
7.21250455861 1412727294.02
