14.6431585248 1412732253.44
14.7440625532 1412732254.04
14.8231501015 1412732254.63
14.8114086365 1412732255.24
14.9923098159 1412732255.86
15.0918477088 1412732256.51
15.2985629531 1412732257.1
15.2220003401 1412732257.71
15.2347109981 1412732258.32
15.1740809763 1412732258.99
15.2376319893 1412732259.6
15.1865827598 1412732260.2
14.8336231015 1412732260.82
14.5944275252 1412732261.46
14.3255012408 1412732262.06
14.0363892464 1412732262.63
13.9254438305 1412732263.22
13.7051274247 1412732263.81
13.5672417044 1412732264.43
13.1435146933 1412732265.02
13.0560914093 1412732265.58
12.8628415381 1412732266.18
12.6986864833 1412732266.75
12.5982290731 1412732267.32
12.3663459269 1412732267.88
12.2387012332 1412732268.46
11.9801589584 1412732269.04
11.9529445721 1412732269.62
11.7371432589 1412732270.17
11.7345531256 1412732270.7
11.6919606683 1412732271.26
11.4054210858 1412732271.81
11.5230560869 1412732272.39
11.1447159098 1412732272.97
11.0135451916 1412732273.51
10.6860969586 1412732274.06
10.4797362837 1412732274.64
10.4773250056 1412732275.22
10.456832925 1412732275.79
10.239674552 1412732276.37
10.0461970505 1412732276.92
9.99583621452 1412732277.49
9.61701421841 1412732278.05
9.3517849076 1412732278.64
9.40662881706 1412732279.26
8.94274147932 1412732279.82
9.001537947 1412732280.4
8.81272866596 1412732281.0
8.90625774543 1412732281.58
8.69116096253 1412732282.17
8.58343713559 1412732282.73
8.48116946331 1412732283.32
8.51822060068 1412732283.91
8.2941832751 1412732284.46
8.0022138426 1412732285.02
7.83858812996 1412732285.61
8.00643705458 1412732286.22
7.77556237143 1412732286.78
7.74583881469 1412732287.35
7.48131751684 1412732287.95
7.46980462677 1412732288.55
7.25493334485 1412732289.13
7.12074423633 1412732289.7
6.86825048257 1412732290.25
6.69239675449 1412732290.83
6.56216595836 1412732291.42
6.53319122047 1412732292.04
6.29802658799 1412732292.62
6.38066540454 1412732293.2
6.16661357932 1412732293.77
6.01127048829 1412732294.35
5.94951978316 1412732294.91
5.74247036487 1412732295.52
5.60837309549 1412732296.11
5.55705723476 1412732296.67
5.52799308251 1412732297.23
5.39186095304 1412732297.78
5.28877613897 1412732298.33
5.23091747228 1412732298.91
5.19026303512 1412732299.49
5.09292897132 1412732300.07
5.13773417713 1412732300.64
5.05168114364 1412732301.25
5.04137459127 1412732301.83
4.95379463685 1412732302.39
4.94113580639 1412732302.94
4.81035797061 1412732303.55
4.84386309129 1412732304.12
4.70787276465 1412732304.69
4.6890643291 1412732305.29
4.65523385507 1412732305.89
4.58689665088 1412732306.51
4.50084199508 1412732307.07
4.47881658331 1412732307.66
4.45791659045 1412732308.2
4.44207308489 1412732308.78
4.45754665432 1412732309.36
4.42023941406 1412732309.94
4.29052683947 1412732310.51
4.26216540896 1412732311.09
4.2521647886 1412732311.69
4.20413607307 1412732312.3
4.21178174977 1412732312.95
4.18149494343 1412732313.53
4.16659970016 1412732314.12
4.09774224753 1412732314.82
4.10149252609 1412732315.44
4.12149833652 1412732316.02
4.17732849628 1412732316.7
4.1123686869 1412732317.34
4.10393335287 1412732317.95
4.0947748575 1412732318.57
4.02678264269 1412732319.2
4.05602384853 1412732319.81
4.0384400567 1412732320.41
4.03007392757 1412732321.02
4.08589792545 1412732321.66
4.10998751811 1412732322.33
4.09617715633 1412732322.96
4.08075748063 1412732323.57
4.01682460998 1412732324.18
4.04199076461 1412732324.8
4.0423448958 1412732325.41
4.10107197829 1412732326.05
4.06991877801 1412732326.67
4.06181032653 1412732327.29
4.05773633154 1412732327.91
4.0291957888 1412732328.54
4.0143259398 1412732329.14
4.07000210999 1412732329.77
4.0746607735 1412732330.34
4.04755258575 1412732330.95
4.03430547072 1412732331.56
4.05640481066 1412732332.21
4.02681171552 1412732332.84
4.00313889522 1412732333.48
4.00294565867 1412732334.07
3.95884499222 1412732334.65
3.94407079151 1412732335.28
3.90899021022 1412732335.91
3.88595888602 1412732336.52
3.84860622385 1412732337.13
3.80458999429 1412732337.75
3.77380841561 1412732338.37
3.74032003075 1412732339.0
3.72824796413 1412732339.67
3.71380736284 1412732340.31
3.65519446924 1412732340.92
3.60280610591 1412732341.53
3.57294355725 1412732342.19
3.51606353137 1412732342.81
3.48454526334 1412732343.46
3.47375718608 1412732344.12
3.46836560131 1412732344.75
3.50007077429 1412732345.35
3.47016482859 1412732345.95
3.46203906072 1412732346.57
3.50300001861 1412732347.17
3.46893187521 1412732347.81
3.4732129133 1412732348.41
3.43580662958 1412732349.02
3.42238438201 1412732349.64
3.42429884248 1412732350.23
3.37189852605 1412732350.82
3.36363280088 1412732351.45
3.32080648275 1412732352.09
3.35687488022 1412732352.76
3.34819602624 1412732353.38
3.3189105444 1412732354.01
3.34206343275 1412732354.63
3.32241208785 1412732355.24
3.30207211748 1412732355.86
3.24569082078 1412732356.48
3.21180470335 1412732357.08
3.21280260103 1412732357.69
3.21949216046 1412732358.31
3.19365902416 1412732358.9
3.20148751517 1412732359.54
3.20734364598 1412732360.15
3.14126508966 1412732360.8
3.16135236369 1412732361.43
3.14498970127 1412732362.06
3.17047909216 1412732362.67
3.17339018851 1412732363.32
3.17637868282 1412732363.98
3.16194551348 1412732364.65
3.16150042838 1412732365.28
3.16434321577 1412732365.91
3.16641706315 1412732366.56
3.19905186901 1412732367.2
3.21343630935 1412732367.84
3.2357418183 1412732368.46
3.2107304517 1412732369.07
3.21315863205 1412732369.71
3.20815747356 1412732370.37
3.20152532242 1412732371.02
3.20384462403 1412732371.64
3.20621967997 1412732372.32
3.19722856331 1412732372.96
3.19754802247 1412732373.66
