13.9484393507 1412722838.26
14.2855069989 1412722838.45
14.323692384 1412722838.64
14.0516235715 1412722838.81
13.7287767778 1412722838.95
13.3927696404 1412722839.13
13.3157357668 1412722839.31
13.3730737917 1412722839.45
13.2759191221 1412722839.64
13.0659907717 1412722839.77
12.7318243366 1412722839.92
12.645296529 1412722840.09
12.1871642598 1412722840.26
12.5507316098 1412722840.38
12.3816362055 1412722840.52
12.3381829356 1412722840.67
12.487129569 1412722840.79
12.4055549133 1412722840.93
12.2854325768 1412722841.08
11.9958276728 1412722841.2
11.8813238132 1412722841.34
11.7727334376 1412722841.46
11.4282033739 1412722841.59
11.1763503452 1412722841.71
11.0260539671 1412722841.83
10.7748875572 1412722841.98
10.4765652048 1412722842.1
10.1554742134 1412722842.25
9.98783434866 1412722842.36
9.7056679679 1412722842.48
9.25259744738 1412722842.6
9.26858638746 1412722842.75
9.13963544202 1412722842.88
9.04480498972 1412722843.0
8.96884796821 1412722843.12
8.78375406583 1412722843.25
8.72114490909 1412722843.4
8.18945410704 1412722843.54
8.12486606745 1412722843.68
8.17481550833 1412722843.8
7.96342787362 1412722843.92
7.817464098 1412722844.06
7.62727136181 1412722844.2
7.57739408689 1412722844.34
7.49842929412 1412722844.47
7.33383977226 1412722844.62
7.3007918351 1412722844.77
7.2848080228 1412722844.94
7.29302087952 1412722845.12
7.1622208093 1412722845.3
7.1716624381 1412722845.46
7.15830176661 1412722845.59
7.48522617897 1412722845.72
7.48228480243 1412722845.85
7.38515112401 1412722845.96
7.43809678801 1412722846.14
7.46005301815 1412722846.28
7.45052613449 1412722846.42
7.45158249403 1412722846.57
7.7818805487 1412722846.71
7.79344387706 1412722846.88
7.83170682098 1412722847.08
7.88430019921 1412722847.22
7.89930996765 1412722847.37
7.91471550463 1412722847.52
7.93051991653 1412722847.65
7.88117928483 1412722847.83
7.89102286682 1412722847.99
7.90089445319 1412722848.16
7.911027895 1412722848.29
7.92130684785 1412722848.41
7.93183155473 1412722848.53
7.94246501612 1412722848.64
7.94552265152 1412722848.75
7.95629926977 1412722848.87
7.96726615922 1412722848.97
7.89755630796 1412722849.07
8.12027938258 1412722849.18
8.11743813704 1412722849.28
8.11453275947 1412722849.41
8.11157684158 1412722849.56
8.08296814171 1412722849.78
8.08003315034 1412722849.92
8.07711827892 1412722850.02
8.07427260208 1412722850.1
8.07135436004 1412722850.2
7.84511415932 1412722850.3
7.84622647705 1412722850.41
7.83090762736 1412722850.52
7.83488328946 1412722850.63
7.83907234096 1412722850.78
7.84345637059 1412722850.9
7.8479060062 1412722851.03
7.85310514135 1412722851.15
7.85742065845 1412722851.25
7.86237318613 1412722851.37
7.86754274442 1412722851.47
7.87294205152 1412722851.58
7.8784526069 1412722851.7
7.93339914085 1412722851.83
7.95379227637 1412722851.99
7.96291856764 1412722852.13
7.93624132043 1412722852.28
7.94593376657 1412722852.39
7.95567717172 1412722852.51
7.96549732657 1412722852.6
8.11550465982 1412722852.7
7.98021423449 1412722852.78
8.13116654194 1412722852.91
8.13655842405 1412722853.03
8.14201327026 1412722853.16
8.14764968793 1412722853.29
8.153330623 1412722853.41
8.1591014482 1412722853.5
8.16496458108 1412722853.6
8.17102928575 1412722853.7
8.2106248834 1412722853.8
8.21067209321 1412722853.93
8.16184364383 1412722854.05
8.1617037835 1412722854.16
8.16167513175 1412722854.24
8.16157834091 1412722854.37
8.16150219777 1412722854.48
8.15264583167 1412722854.6
8.15257224733 1412722854.71
8.15263845779 1412722854.82
8.1526418571 1412722854.93
8.15264774595 1412722855.04
7.98903043089 1412722855.14
8.15247866468 1412722855.25
7.93736790627 1412722855.35
7.93766487698 1412722855.52
7.93785921439 1412722855.68
7.93811255062 1412722855.82
7.93733848894 1412722855.94
7.93665517262 1412722856.07
7.93581638195 1412722856.17
7.93508876774 1412722856.29
7.93434549055 1412722856.41
7.93365368656 1412722856.54
7.93287527775 1412722856.64
7.93217492978 1412722856.74
7.93147169714 1412722856.87
7.93073547933 1412722856.99
7.93001286406 1412722857.11
7.96856034789 1412722857.21
7.96829133639 1412722857.33
7.9681057213 1412722857.49
7.96788493675 1412722857.61
7.96762896925 1412722857.72
7.96739436542 1412722857.84
7.96716194848 1412722857.94
7.96690027526 1412722858.05
7.96665406138 1412722858.17
7.96641272085 1412722858.28
7.96611294697 1412722858.41
7.96586629947 1412722858.52
7.96562406128 1412722858.64
7.96532156052 1412722858.75
8.0419435886 1412722858.85
7.9673854528 1412722858.94
7.96715625471 1412722859.05
8.04379865171 1412722859.16
7.9693440593 1412722859.26
7.96917778574 1412722859.36
8.04582540575 1412722859.48
7.97139661976 1412722859.59
7.97124859694 1412722859.69
7.97119239917 1412722859.79
8.04783429637 1412722859.89
7.97346067261 1412722859.99
7.97340760322 1412722860.09
8.05006526942 1412722860.19
7.97579468629 1412722860.3
8.02873519482 1412722860.4
7.97596214506 1412722860.52
7.97601197343 1412722860.64
8.0527606722 1412722860.73
7.97508849241 1412722860.84
8.10464952085 1412722860.96
7.97537606829 1412722861.06
7.97541643063 1412722861.17
8.05197099397 1412722861.28
8.05096408114 1412722861.38
7.97354976514 1412722861.48
8.05000754084 1412722861.59
8.04903413693 1412722861.69
7.94054825386 1412722861.79
8.01713570713 1412722861.9
7.93983361773 1412722862.04
8.06939564829 1412722862.17
7.94037939237 1412722862.29
7.94079357019 1412722862.4
7.94119798823 1412722862.51
7.94160590629 1412722862.64
8.01815211083 1412722862.78
7.94098986657 1412722862.89
8.07073261278 1412722863.01
7.941758122 1412722863.12
7.94225149019 1412722863.23
