18.7857737855 1412729816.08
17.7986863262 1412729816.7
15.8747719737 1412729817.32
14.9701459733 1412729817.96
14.4870425242 1412729818.6
14.2575293343 1412729819.27
13.7855963002 1412729819.98
13.1492185148 1412729820.72
12.6284025174 1412729821.61
12.1703051194 1412729822.52
11.729435386 1412729823.18
11.637035766 1412729823.94
11.357995654 1412729824.65
11.4889936709 1412729825.33
11.4762040503 1412729826.0
11.4776484039 1412729826.67
11.3565581262 1412729827.34
11.0220470682 1412729828.01
10.9603133711 1412729828.65
10.9383949314 1412729829.27
10.9831625384 1412729829.93
10.767456545 1412729830.59
10.7728091934 1412729831.24
10.6547438012 1412729831.92
10.6000849803 1412729832.63
10.5580108288 1412729833.24
10.5675177795 1412729834.11
10.6849883386 1412729834.85
10.6257782557 1412729835.54
10.5743097575 1412729836.44
10.6017467028 1412729837.6
10.5893976515 1412729838.4
10.6185635629 1412729839.36
10.5214665806 1412729840.21
10.8810963286 1412729840.88
10.8293033326 1412729841.62
10.8652092282 1412729842.33
10.873343512 1412729843.03
10.8225820415 1412729843.68
10.796275953 1412729844.31
10.9307653569 1412729844.96
10.8474516352 1412729845.61
10.8173403595 1412729846.21
10.8049529212 1412729846.85
10.7624522434 1412729847.47
10.7078480026 1412729848.07
10.904602536 1412729848.7
10.85965947 1412729849.35
10.8168131596 1412729850.02
10.7836222674 1412729850.84
10.6869605849 1412729851.46
10.5313695784 1412729852.16
10.5011230049 1412729852.83
10.4424210826 1412729853.7
10.3952226872 1412729854.44
10.4200808866 1412729855.21
10.2450887578 1412729855.96
10.2129124313 1412729856.77
10.0361261567 1412729857.61
9.99784861658 1412729858.58
9.84580923799 1412729859.44
9.89827629538 1412729860.29
9.79616043524 1412729861.0
9.84589366634 1412729861.74
9.85585030297 1412729862.51
9.6601593426 1412729863.27
9.49608560777 1412729864.27
9.61487395009 1412729865.34
9.39770464769 1412729866.33
9.20698592124 1412729867.14
9.42983208555 1412729868.0
9.3384063783 1412729868.89
9.30932907408 1412729869.63
9.2974534966 1412729870.37
9.32074765951 1412729871.17
9.24415167909 1412729872.0
9.3142714169 1412729873.0
9.24960201597 1412729873.85
9.26193786036 1412729874.68
9.16322668882 1412729875.39
8.99775916418 1412729876.03
8.87259392863 1412729876.87
8.80168201176 1412729877.61
8.71833613001 1412729878.32
8.94318783083 1412729879.07
8.9348716412 1412729879.82
8.9576072229 1412729880.58
8.83093095554 1412729881.38
8.65621651551 1412729882.17
8.62656560387 1412729882.96
8.58332238787 1412729883.76
8.60851233729 1412729884.52
8.6569127458 1412729885.37
8.62693940619 1412729886.19
8.62247237189 1412729886.95
8.59984030254 1412729887.67
8.6062395521 1412729888.35
8.61081448131 1412729889.06
8.60046867343 1412729889.77
8.59146389934 1412729890.46
8.56029525771 1412729891.16
8.56369785324 1412729891.86
8.55045595398 1412729892.57
8.4951092304 1412729893.26
8.51306047688 1412729893.89
8.43469961294 1412729894.6
8.45766801592 1412729895.3
8.43327357613 1412729896.0
8.3813943774 1412729896.75
8.41178986248 1412729897.46
8.39637259308 1412729898.18
8.38446279022 1412729898.87
8.38647067228 1412729899.57
8.35813334834 1412729900.25
8.34662187156 1412729900.95
8.26003954256 1412729901.7
8.24015995716 1412729902.46
8.2252918071 1412729903.18
8.21053934177 1412729903.87
8.22950584648 1412729904.6
8.21200606303 1412729905.27
8.17360846765 1412729905.96
8.17170333252 1412729906.64
8.12071369931 1412729907.32
8.08464801919 1412729907.99
8.07227415508 1412729908.68
8.07049920569 1412729909.36
8.05579130348 1412729910.05
8.03526327377 1412729910.75
8.00436743126 1412729911.51
7.95175881738 1412729912.19
7.95718526428 1412729912.85
7.93212655016 1412729913.54
7.89354030457 1412729914.3
7.85151526412 1412729915.1
7.84709115513 1412729915.92
7.81982285521 1412729916.78
7.84999229417 1412729917.53
7.84508526871 1412729918.29
7.83963904446 1412729919.04
7.82161153727 1412729919.76
7.80975600402 1412729920.42
7.80584851652 1412729921.08
7.81872105011 1412729921.78
7.82111210624 1412729922.49
7.83850839874 1412729923.19
7.83020731327 1412729923.88
7.84740028872 1412729924.57
7.8533761436 1412729925.33
7.86271101736 1412729926.02
7.83802145835 1412729926.72
7.88679887995 1412729927.36
7.88526708124 1412729928.03
7.82666534233 1412729928.74
7.85898840579 1412729929.42
7.84525050346 1412729930.09
7.84473937365 1412729930.75
7.82608758069 1412729931.4
7.86904722064 1412729932.15
7.84247603144 1412729932.89
7.85223347759 1412729933.59
7.84874310888 1412729934.29
7.84543095149 1412729935.02
7.8659857812 1412729935.71
7.84030738979 1412729936.44
7.86104871049 1412729937.13
7.8588048622 1412729937.81
7.83329289019 1412729938.53
7.85397064195 1412729939.18
7.8513191587 1412729939.96
7.84847768918 1412729940.72
7.83819494296 1412729941.41
7.8359772137 1412729942.13
7.81055529564 1412729942.83
7.82928360184 1412729943.55
7.84892134971 1412729944.3
7.84661343043 1412729945.15
7.84406702459 1412729945.93
7.84196031736 1412729946.69
7.83890508258 1412729947.44
7.83606719688 1412729948.22
7.85614055413 1412729948.97
7.87138303935 1412729949.69
7.86103349365 1412729950.43
7.84680980764 1412729951.35
7.84583809734 1412729952.12
7.85926664517 1412729952.93
7.85462719398 1412729953.7
7.85316486107 1412729954.48
7.85079712743 1412729955.26
7.8532968748 1412729956.02
7.86153221973 1412729956.88
7.86423648201 1412729957.63
7.8600796454 1412729958.38
7.86880039041 1412729959.1
7.85380185971 1412729959.81
7.85334221674 1412729960.49
7.85244000375 1412729961.22
7.8539500446 1412729961.93
7.83947484332 1412729962.62
