9.63700496768 1412722705.61
9.59956338231 1412722705.75
9.52736320471 1412722705.89
9.14567354264 1412722706.02
9.02278116462 1412722706.17
9.11347697077 1412722706.31
9.09200899005 1412722706.43
8.84817405387 1412722706.58
8.46303336449 1412722706.74
8.36762697509 1412722706.88
8.33982089974 1412722707.0
8.29986513519 1412722707.14
8.29641563967 1412722707.42
8.42579630892 1412722707.7
8.43595398935 1412722707.88
8.3632634953 1412722708.09
8.34962582349 1412722708.27
8.21593414699 1412722708.44
8.02093461641 1412722708.58
8.09115543403 1412722708.72
7.8848033025 1412722708.87
7.89751307401 1412722709.03
7.70664406308 1412722709.17
7.77424938009 1412722709.33
7.5606399623 1412722709.49
7.79986363748 1412722709.65
7.82225371411 1412722709.8
7.87218964527 1412722709.95
8.22512474171 1412722710.1
8.28110199679 1412722710.25
8.39243159885 1412722710.42
8.28421825866 1412722710.57
8.68889402194 1412722710.72
8.72677144274 1412722710.86
8.49728760573 1412722711.0
9.01869217352 1412722711.13
9.04570593899 1412722711.29
9.32918828153 1412722711.44
9.54778897411 1412722711.6
9.58874195664 1412722711.76
9.97826584009 1412722711.9
10.0791484584 1412722712.05
10.4018361561 1412722712.2
11.1865621698 1412722712.36
11.3876660384 1412722712.53
11.2150090925 1412722712.68
11.6658844223 1412722712.83
11.3913551406 1412722712.97
12.4754230821 1412722713.13
12.6351351195 1412722713.29
12.1345903528 1412722713.46
53.525092888 1412722713.61
54.1200612858 1412722713.77
54.2550995607 1412722713.93
54.3626704293 1412722714.1
55.0268268535 1412722714.26
54.5377116182 1412722714.44
13.9720224184 1412722714.6
16.0448980315 1412722714.77
16.7122630383 1412722714.94
16.8990423479 1412722715.14
15.8763135194 1412722715.34
18.6296311924 1412722715.52
16.7710055013 1412722715.71
19.2285507299 1412722715.89
17.3133398026 1412722716.05
16.217007072 1412722716.23
15.7531795465 1412722716.41
14.0737087765 1412722716.58
13.2311727854 1412722716.74
14.5802286427 1412722716.93
13.6515767242 1412722717.11
12.7843447617 1412722717.25
12.9748555968 1412722717.42
12.9620081892 1412722717.58
14.2334404387 1412722717.77
12.0689694348 1412722717.93
12.0484429498 1412722718.09
12.2164250756 1412722718.25
12.1908176012 1412722718.42
12.5827762659 1412722718.6
11.4027457541 1412722718.77
12.6597063616 1412722718.93
13.0643254301 1412722719.08
13.2420489872 1412722719.26
13.978711976 1412722719.43
14.7878234435 1412722719.6
12.6551840269 1412722719.76
12.6050378758 1412722719.93
12.3020168679 1412722720.09
12.611786895 1412722720.27
12.3071374534 1412722720.44
12.6157341132 1412722720.61
12.3097722216 1412722720.8
11.0789805688 1412722721.0
12.1478451069 1412722721.18
12.2315588742 1412722721.35
13.170559495 1412722721.55
12.3682946427 1412722721.77
12.5450554885 1412722721.93
13.4020147314 1412722722.11
12.6749920055 1412722722.27
12.7453691539 1412722722.42
12.8137775289 1412722722.6
13.6969677428 1412722722.78
12.9440713342 1412722722.95
13.0113363168 1412722723.11
13.076369803 1412722723.27
13.9841915019 1412722723.42
13.2054638491 1412722723.61
13.268657601 1412722723.78
14.1957953901 1412722723.96
13.3971984924 1412722724.13
13.4581814493 1412722724.29
13.3347057607 1412722724.49
14.3152847309 1412722724.68
13.4706331962 1412722724.86
14.4702581084 1412722725.02
13.6053442942 1412722725.21
14.6242356528 1412722725.38
12.8928701632 1412722725.58
13.8748664886 1412722725.73
14.0701884366 1412722725.92
15.123992237 1412722726.09
15.2766790384 1412722726.25
15.4333996098 1412722726.42
13.1490933848 1412722726.6
13.4066142743 1412722726.76
13.472862773 1412722726.93
13.2541697185 1412722727.11
13.5223302569 1412722727.3
13.5903577394 1412722727.48
13.659533215 1412722727.65
13.4285950753 1412722727.84
13.7098417556 1412722728.09
13.7809896709 1412722728.25
13.853610941 1412722728.42
13.6097178257 1412722728.59
13.9050710961 1412722728.76
13.9796971222 1412722728.93
14.0559627547 1412722729.11
13.7984506296 1412722729.29
14.1084340104 1412722729.46
14.1869139301 1412722729.64
14.2670868496 1412722729.84
14.788615344 1412722730.04
15.1995536804 1412722730.22
15.356152949 1412722730.41
15.5184310843 1412722730.6
14.6403200051 1412722730.79
14.7314218192 1412722730.96
14.8244692007 1412722731.14
14.9197048688 1412722731.31
15.0197092966 1412722731.49
15.9302369906 1412722731.68
16.0441244747 1412722731.91
18.2296749981 1412722732.1
18.5457169401 1412722732.29
18.7455432992 1412722732.44
19.1250633309 1412722732.62
19.5396043829 1412722732.83
19.9978320166 1412722733.03
20.5159271575 1412722733.23
19.0030095651 1412722733.41
19.1551643367 1412722733.6
18.3985824781 1412722733.78
18.4748261539 1412722733.97
18.5501486533 1412722734.16
18.9037096607 1412722734.35
18.9830819041 1412722734.52
19.0636092695 1412722734.71
19.1468904844 1412722734.89
19.2313127135 1412722735.07
19.3175843603 1412722735.26
19.4057845094 1412722735.43
19.4959185473 1412722735.61
19.5880464695 1412722735.79
19.6822795882 1412722735.95
18.5730810442 1412722736.13
18.7257998279 1412722736.33
18.8333398545 1412722736.53
18.1737733273 1412722736.74
18.3087975004 1412722736.93
18.4477837497 1412722737.11
18.5904593951 1412722737.31
18.7376539653 1412722737.51
18.889376298 1412722737.69
19.0458915998 1412722737.88
19.2077645998 1412722738.06
18.1118491012 1412722738.43
18.2332028763 1412722738.72
18.3538562742 1412722739.0
18.4721149122 1412722739.2
18.5885077843 1412722739.4
18.7031029485 1412722739.58
17.4650935916 1412722739.76
17.6183132131 1412722739.95
17.7710173909 1412722740.13
17.9229592359 1412722740.33
18.0744254222 1412722740.55
