12.6119359519 1412733420.13
12.2502938884 1412733421.09
11.8111424721 1412733422.02
11.3652724718 1412733423.0
11.0695131912 1412733423.98
10.7826140736 1412733424.96
10.6421452732 1412733425.95
10.6521492353 1412733426.92
10.4730440347 1412733427.92
10.2579753421 1412733429.0
10.1239932506 1412733430.02
10.0400550386 1412733431.06
9.95749673265 1412733432.12
9.82668822221 1412733433.19
9.69758307626 1412733434.28
9.56877403767 1412733435.37
9.32725566994 1412733436.51
8.99636898327 1412733437.6
8.89080751252 1412733438.73
8.658706243 1412733439.9
8.596984953 1412733441.21
8.36802545696 1412733442.43
8.22462734414 1412733443.6
8.03215681881 1412733444.76
7.8854859259 1412733445.97
7.83226830333 1412733447.21
7.51694963252 1412733448.43
7.46952837575 1412733449.63
7.36190980576 1412733450.87
7.23707939065 1412733452.09
7.32942779148 1412733453.31
7.29049987449 1412733454.5
7.25721728474 1412733455.71
7.18132397067 1412733456.92
7.12573723358 1412733458.11
7.15964713956 1412733459.29
7.09088773414 1412733460.49
7.0821379471 1412733461.7
7.10508774092 1412733462.87
7.04977813392 1412733464.07
7.07931780659 1412733465.24
7.04407022596 1412733466.43
7.06136882374 1412733467.59
7.10957817241 1412733468.77
7.1811496717 1412733470.05
7.15251873918 1412733471.25
7.10411975307 1412733472.52
7.0479932223 1412733473.73
7.02775544576 1412733474.93
7.01798470586 1412733476.13
7.05025051503 1412733477.35
7.05467767272 1412733478.55
7.04740071512 1412733479.73
6.96866269211 1412733480.95
7.01262289088 1412733482.13
7.06936014119 1412733483.34
7.04454467396 1412733484.59
7.0248726814 1412733485.77
6.91316825026 1412733487.01
6.90142819217 1412733488.27
6.93057735492 1412733489.49
6.88992582982 1412733490.72
6.88921093449 1412733491.95
6.82991308563 1412733493.2
6.8193364577 1412733494.3
6.85403313772 1412733495.56
6.73009926577 1412733496.66
6.78198769941 1412733497.89
6.73990183917 1412733498.99
6.70201455581 1412733500.14
6.72311732101 1412733501.41
6.76884539179 1412733502.65
6.74177755799 1412733503.86
6.73530588823 1412733505.14
6.73969294909 1412733506.37
6.66007356626 1412733507.55
6.61195878127 1412733508.76
6.58879506397 1412733509.93
6.53226288258 1412733511.11
6.51370222264 1412733512.3
6.52879289277 1412733513.54
6.53422077801 1412733514.77
6.47945424362 1412733515.98
6.47138783478 1412733517.22
6.48651726287 1412733518.48
6.48808648681 1412733519.66
6.4607945019 1412733520.88
6.48621172237 1412733522.12
6.44478286693 1412733523.35
6.44281478053 1412733524.56
6.38970396954 1412733525.78
6.3556525891 1412733527.02
6.32509268982 1412733528.23
6.27506533527 1412733529.46
6.26513637275 1412733530.66
6.26148122906 1412733531.88
6.25789283116 1412733533.1
6.23529157649 1412733534.28
6.22403626658 1412733535.43
6.16854896344 1412733536.66
6.17619958425 1412733537.87
6.16509225519 1412733539.05
6.17285441222 1412733540.26
6.16186546657 1412733541.41
6.16967151691 1412733542.6
6.13299476423 1412733543.75
6.12161293042 1412733544.93
6.09259080853 1412733546.1
6.08583321632 1412733547.3
6.08264542374 1412733548.51
6.093272462 1412733549.7
6.05927719941 1412733550.9
6.03125175638 1412733552.11
6.03317660177 1412733553.3
6.05500757722 1412733554.54
6.02938307338 1412733555.76
5.98965148378 1412733556.95
5.98818652931 1412733558.21
5.99593484406 1412733559.43
6.00077878618 1412733560.69
5.94242963021 1412733561.96
5.94853342553 1412733563.17
5.95486704492 1412733564.41
5.93882382211 1412733565.65
5.93252391377 1412733566.88
5.91371219236 1412733568.2
5.92821270528 1412733569.45
5.92255214152 1412733570.7
5.92226418093 1412733571.97
5.9297442631 1412733573.25
5.96552105746 1412733574.59
5.95870113605 1412733575.82
5.99185897536 1412733577.08
6.00009711713 1412733578.31
6.01420391786 1412733579.61
6.0232329075 1412733580.89
5.9644286745 1412733582.18
5.92847840951 1412733583.48
5.93379537278 1412733584.8
5.98655827292 1412733586.1
5.99259576697 1412733587.34
5.9597760655 1412733588.64
5.9949223844 1412733589.88
5.98209328248 1412733591.19
5.98748051414 1412733592.45
5.95912487938 1412733593.74
5.95688102029 1412733595.03
5.98590311606 1412733596.33
5.93304673646 1412733597.64
5.94541941933 1412733598.89
5.93880457053 1412733600.18
5.95183331492 1412733601.51
5.94745706643 1412733602.79
5.91404142353 1412733604.48
5.90722782817 1412733605.81
5.9016932189 1412733607.12
5.87815164017 1412733608.4
5.89151528688 1412733609.7
5.87978309511 1412733610.98
5.92405942061 1412733612.25
5.91885347752 1412733613.56
5.94291962987 1412733614.85
5.9084744704 1412733616.09
5.93836446522 1412733617.45
5.93519559071 1412733618.78
5.93034475452 1412733620.09
5.93753013436 1412733621.43
5.93315217747 1412733622.74
5.91387341748 1412733624.04
5.91569889714 1412733625.35
5.91188805863 1412733626.61
5.91489614721 1412733627.84
5.91449980367 1412733629.11
5.91416830769 1412733630.36
5.91385231686 1412733631.67
5.90974114545 1412733632.94
5.92280437729 1412733634.2
5.92418194234 1412733635.45
5.9240275411 1412733636.72
5.85076298437 1412733637.97
5.84847946719 1412733639.18
5.88436051472 1412733640.4
5.8804351603 1412733641.65
5.87515210003 1412733642.86
5.8875948121 1412733644.13
5.92476703179 1412733645.4
5.9273408961 1412733646.67
5.91341438715 1412733647.89
5.91323522964 1412733649.17
5.913076724 1412733650.43
5.92810945679 1412733651.69
5.92670418583 1412733652.96
5.92799128968 1412733654.29
5.92876132101 1412733655.58
5.88937764659 1412733656.88
5.94953511695 1412733658.15
5.93902108065 1412733659.45
5.94349053369 1412733660.81
5.94784652986 1412733662.13
5.94475204468 1412733663.42
