11.9750007999 1412750003.07
12.3239344875 1412750004.65
12.4932178285 1412750006.11
12.482693079 1412750007.53
12.7919248855 1412750009.01
13.0265251458 1412750010.48
13.1689838056 1412750011.87
13.4371554589 1412750013.24
13.5422546774 1412750014.61
13.7558998447 1412750016.02
13.8307452776 1412750017.38
13.7855330411 1412750018.74
14.1100812933 1412750020.09
14.0557311287 1412750021.47
14.0554011369 1412750022.89
14.0514008016 1412750024.27
13.9454804565 1412750025.69
13.9151849286 1412750027.08
13.8358475941 1412750028.51
13.732230125 1412750029.89
13.688615805 1412750031.26
13.7043213946 1412750032.66
13.5165168918 1412750034.06
13.4259462809 1412750035.48
13.3539638269 1412750036.93
13.1573005414 1412750038.35
13.0704064515 1412750039.8
12.9332287927 1412750041.26
12.8917276915 1412750042.65
12.7928362503 1412750044.06
12.7603594861 1412750045.46
12.654034733 1412750046.91
12.6678421615 1412750048.35
12.5061449194 1412750049.78
12.4935855683 1412750051.25
12.4558698221 1412750052.71
12.3430844892 1412750054.15
12.2685552196 1412750055.57
12.1488208055 1412750057.1
11.9016789231 1412750058.53
11.7703788652 1412750060.01
11.6208896702 1412750061.4
11.4861501105 1412750062.82
11.2723187664 1412750064.21
11.0141890206 1412750065.66
10.8341143835 1412750067.06
10.5684489022 1412750068.5
10.3954669242 1412750069.94
10.2183439984 1412750071.38
10.0272107004 1412750072.82
9.85879694271 1412750074.25
9.84834054023 1412750075.66
9.69372145941 1412750077.07
9.77614958617 1412750078.48
9.61225159752 1412750079.85
9.51473875271 1412750081.24
9.45078541088 1412750082.66
9.58060118197 1412750084.05
9.27216800723 1412750085.46
9.1192887363 1412750086.84
9.15331920159 1412750088.18
9.00003783107 1412750089.55
9.02445614258 1412750090.89
8.88587879196 1412750092.27
8.91788959993 1412750093.63
8.71880930278 1412750095.0
8.74574135616 1412750096.39
8.45460936636 1412750097.77
8.29580139233 1412750099.16
8.26903816734 1412750100.54
8.20118503222 1412750101.93
8.18223703794 1412750103.31
8.05258776243 1412750104.68
7.95534936362 1412750106.06
7.94610514601 1412750107.43
7.80839160505 1412750108.8
7.76456114332 1412750110.16
7.62460969022 1412750111.51
7.70470270925 1412750112.89
7.57050505919 1412750114.25
7.58269328361 1412750115.6
7.50692958195 1412750116.95
7.3782803625 1412750118.26
7.32002637484 1412750119.57
7.18587392484 1412750120.92
7.15301626817 1412750122.29
7.09490270606 1412750123.66
6.99020799368 1412750125.04
6.94449396616 1412750126.39
6.93017971737 1412750127.72
6.98101024531 1412750129.07
6.79046724571 1412750130.41
6.84292096943 1412750131.77
6.72039631109 1412750133.13
6.59988685725 1412750134.46
6.61173626536 1412750135.77
6.51897917272 1412750137.1
6.5379047379 1412750138.44
6.4717445292 1412750139.81
6.50105033117 1412750141.17
6.36229460202 1412750142.56
6.37503971026 1412750143.88
6.29809136206 1412750145.23
6.28793663902 1412750146.59
6.30460560192 1412750147.93
6.238970547 1412750149.28
6.1192049307 1412750150.6
6.03806310958 1412750151.95
6.13167387801 1412750153.32
6.01934468199 1412750154.64
5.96852878666 1412750155.97
5.93708668542 1412750157.37
5.93648441003 1412750158.76
5.85279124024 1412750160.11
5.8529476584 1412750161.49
5.83696088986 1412750162.81
5.76098969851 1412750164.34
5.77282274964 1412750165.83
5.74215605985 1412750167.18
5.67429125617 1412750168.54
5.70150199528 1412750169.92
5.68817339762 1412750171.32
5.56343781566 1412750172.69
5.51922773927 1412750174.03
5.46739613808 1412750175.35
5.3799762431 1412750176.69
5.36803772251 1412750178.01
5.34972318408 1412750179.35
5.37029003476 1412750180.68
5.35380552519 1412750182.01
5.35841629011 1412750183.3
5.3173710512 1412750184.64
5.27102487649 1412750185.95
5.28636391694 1412750187.3
5.25146919368 1412750188.63
5.24622128525 1412750189.98
5.16759199457 1412750191.31
5.1678168319 1412750192.68
5.1555153608 1412750194.02
5.07410281345 1412750195.37
5.06709030206 1412750196.73
5.07113308029 1412750198.04
5.07666245269 1412750199.36
5.0843095209 1412750200.69
5.0808369237 1412750202.04
5.08221581457 1412750203.41
5.08895715661 1412750204.8
5.11141709112 1412750206.13
5.11710611338 1412750207.5
5.12872659689 1412750208.91
5.10236776077 1412750210.26
5.04803670325 1412750211.64
5.04270248322 1412750213.04
5.05917861604 1412750214.39
5.01970489705 1412750215.82
4.98943291294 1412750217.23
4.95661433501 1412750218.63
4.90955733396 1412750220.05
4.84583833027 1412750221.51
4.84597913031 1412750222.95
4.80652777046 1412750224.36
4.75499417832 1412750225.74
4.70781256976 1412750227.14
4.72137839825 1412750228.59
4.66126498295 1412750229.99
4.62361913229 1412750231.39
4.59876871744 1412750232.84
4.56773650912 1412750234.32
4.55970374846 1412750235.72
4.57471768826 1412750237.14
4.58469258994 1412750238.61
4.59655014901 1412750240.15
4.60057046313 1412750241.53
4.5748169181 1412750242.87
4.58586727895 1412750244.17
4.57786173313 1412750245.46
4.56722026662 1412750246.79
4.51155070837 1412750248.06
4.47867320534 1412750249.37
4.49239392583 1412750250.66
4.45959667521 1412750251.96
4.48649279358 1412750253.21
4.39537610629 1412750254.5
4.34380917225 1412750255.74
4.27053313136 1412750257.0
4.27385605902 1412750258.26
4.24802128079 1412750259.53
4.13894130182 1412750260.84
4.14750846633 1412750262.1
4.12057757413 1412750263.35
4.0888019833 1412750264.57
4.0548377117 1412750265.85
4.04522534707 1412750267.12
4.03776604934 1412750268.39
4.03153144992 1412750269.68
4.00147001109 1412750270.96
3.99666299074 1412750272.27
4.01158645489 1412750273.58
4.01771540667 1412750274.88
4.00414956325 1412750276.23
