12.1182967489 1412753840.92
11.8198609181 1412753842.43
12.0323888907 1412753843.89
12.3508276034 1412753845.32
12.5996455039 1412753846.76
12.9755454546 1412753848.32
13.4351720846 1412753849.81
13.9753562334 1412753851.34
14.4122776148 1412753852.77
14.7091567146 1412753854.22
15.1955211952 1412753855.73
15.854165237 1412753857.17
16.1826806934 1412753858.62
16.4490245265 1412753860.14
16.3903608225 1412753861.62
16.3450656559 1412753863.14
16.2121901276 1412753864.7
16.1421500893 1412753866.25
16.3202654908 1412753867.77
16.1007665248 1412753869.44
16.1681264017 1412753870.9
16.246592746 1412753872.35
16.2696309777 1412753873.77
16.4135032215 1412753875.21
16.4758565228 1412753876.6
16.4800512129 1412753878.0
16.6879041485 1412753879.46
16.6229972578 1412753880.94
16.5660858544 1412753882.38
16.8930706608 1412753883.82
16.9398195821 1412753885.27
16.9034253314 1412753886.73
17.1060282841 1412753888.44
17.0618412736 1412753890.12
17.1290564223 1412753891.8
17.1591725583 1412753893.26
17.1402379043 1412753894.75
17.308562914 1412753896.23
17.3862954696 1412753897.78
17.4165110029 1412753899.53
17.4193448526 1412753901.18
17.2646078725 1412753902.93
17.2552737321 1412753904.67
17.1740523003 1412753906.41
17.2057324303 1412753908.15
17.1870597124 1412753909.83
17.1997665768 1412753911.59
17.1949452358 1412753913.23
17.1994904649 1412753915.01
17.2075438361 1412753916.73
17.0017946258 1412753918.47
17.0452134367 1412753920.18
17.1108303572 1412753921.81
17.1064518042 1412753923.46
17.1443995219 1412753925.21
17.1437765985 1412753926.9
17.1108968114 1412753928.61
17.0661915075 1412753930.34
17.0701834179 1412753932.01
16.9061098014 1412753933.73
16.9084372709 1412753935.4
16.9457441866 1412753937.06
16.9895418794 1412753938.75
16.9746729652 1412753940.39
16.9555656223 1412753942.07
17.0154128351 1412753943.77
16.9284386235 1412753945.44
16.9203860164 1412753947.13
16.7317601903 1412753948.73
16.8567332185 1412753950.38
16.9157017272 1412753952.07
16.6542128994 1412753953.84
16.5373659077 1412753955.52
16.5032618057 1412753957.17
16.4835309919 1412753958.88
16.4698251605 1412753960.54
16.500310927 1412753962.25
16.5216260077 1412753963.86
16.4547909884 1412753965.53
16.476713992 1412753967.22
16.5341707422 1412753968.91
16.5169158579 1412753970.58
16.3375728993 1412753972.3
16.3101499727 1412753973.99
16.3963478892 1412753975.71
16.3591129767 1412753977.38
16.3623502978 1412753979.07
15.9947191151 1412753980.75
15.996989129 1412753982.49
15.9125123532 1412753984.21
15.9317393843 1412753985.91
15.96536578 1412753987.57
15.9235673658 1412753989.27
15.7930718262 1412753990.93
15.8567731343 1412753992.66
15.811312816 1412753994.35
15.7218063166 1412753996.06
15.739460055 1412753997.81
15.8989424779 1412753999.57
15.8101891455 1412754001.33
15.7763668852 1412754003.05
15.8396589712 1412754004.76
15.8068024757 1412754006.45
15.5229532856 1412754008.19
15.6038534698 1412754009.97
15.6338737044 1412754011.75
15.8109624289 1412754013.43
15.5731897066 1412754015.17
15.5746093595 1412754016.94
15.5770530525 1412754018.66
15.6910208937 1412754020.38
15.6244178878 1412754022.16
15.7542747519 1412754023.88
15.6648817808 1412754025.66
15.6514823256 1412754027.35
15.648263164 1412754029.1
15.5795273423 1412754030.86
15.6082564572 1412754032.61
15.6583608721 1412754034.4
15.6544283733 1412754036.16
15.6526384209 1412754037.9
15.6253959127 1412754039.69
15.6354461906 1412754041.4
15.6550861932 1412754043.16
15.687109565 1412754044.9
15.7606416335 1412754046.63
15.7408385567 1412754048.42
15.7361303424 1412754050.16
15.7129672769 1412754051.94
15.2782225247 1412754053.68
15.2722890548 1412754055.49
15.5261414632 1412754057.2
15.5604050716 1412754058.89
15.5954068396 1412754060.62
15.5897935178 1412754062.38
15.5906178291 1412754064.1
15.5625874467 1412754065.82
15.6694995214 1412754067.61
15.7059376025 1412754069.38
15.6993174081 1412754071.07
15.7230859104 1412754072.76
15.7373968215 1412754074.47
15.7256048491 1412754076.17
15.7433799518 1412754077.93
15.9501065429 1412754079.77
15.717753175 1412754081.5
15.963098751 1412754083.32
16.0471631791 1412754085.16
16.0572300055 1412754086.96
16.0277173804 1412754088.82
15.994874286 1412754090.58
15.7846415818 1412754092.35
15.8968788424 1412754094.18
15.892817028 1412754095.99
15.8853831033 1412754097.8
15.8947312002 1412754099.62
15.9125011589 1412754101.4
16.0357253998 1412754103.17
15.9491771638 1412754104.96
15.9521054895 1412754106.77
15.9921207607 1412754108.6
16.0542436789 1412754110.38
16.1319998567 1412754112.14
16.1574157553 1412754113.9
16.1757712537 1412754115.66
15.979267675 1412754117.46
16.0349363922 1412754119.3
15.7129651931 1412754121.09
15.8331288135 1412754122.88
15.5651630567 1412754124.68
15.9014433266 1412754126.52
15.9613777625 1412754128.37
15.8855960029 1412754130.16
16.010761789 1412754131.98
15.9247667786 1412754133.77
15.9153144737 1412754135.62
15.9082958128 1412754137.41
15.9898534693 1412754139.16
15.9757967516 1412754140.99
15.748998889 1412754142.74
15.7608690532 1412754144.52
15.8021029277 1412754146.38
15.8253231597 1412754148.18
15.8677016582 1412754150.02
15.489195508 1412754151.85
15.8666452783 1412754153.66
15.4134274585 1412754155.52
15.7169304346 1412754157.33
15.7074164918 1412754159.16
16.1646190185 1412754160.99
16.1481463324 1412754162.81
16.0374306853 1412754164.65
16.3962705388 1412754166.51
16.4129938447 1412754168.38
16.3078581357 1412754170.24
16.5737879565 1412754172.16
16.5659521248 1412754173.98
16.4530711502 1412754175.85
16.3119105755 1412754177.71
16.380080784 1412754179.53
