15.272580168 1412722917.17
15.5546099642 1412722917.47
15.7569619978 1412722917.81
15.7807138741 1412722918.15
15.3077912307 1412722918.49
14.678236605 1412722918.82
14.0680763413 1412722919.13
13.7156351856 1412722919.44
13.580668443 1412722919.76
13.258096402 1412722920.11
13.0593912238 1412722920.42
12.9843261433 1412722920.77
13.0481363442 1412722921.08
12.9795801167 1412722921.41
13.2597962473 1412722921.7
14.3039181082 1412722922.0
16.1517935876 1412722922.33
17.1683186333 1412722922.67
17.4973354497 1412722923.0
18.4036372959 1412722923.32
18.6813136337 1412722923.66
19.2729332822 1412722924.0
19.6917098657 1412722924.33
20.528094685 1412722924.65
20.6395392269 1412722924.97
20.6167668853 1412722925.3
20.5916821615 1412722925.67
20.9044697843 1412722926.02
20.840462816 1412722926.41
21.4848034502 1412722926.79
20.9571316248 1412722927.15
20.9837704687 1412722927.51
20.8519310124 1412722928.14
21.0903786472 1412722928.55
21.1921807435 1412722928.9
20.6738658783 1412722929.27
20.3241670619 1412722929.66
20.2902552255 1412722930.02
20.3323461043 1412722930.39
20.4075944567 1412722930.77
20.1593077394 1412722931.13
19.6433430024 1412722931.52
19.9592247926 1412722931.91
20.0244926347 1412722932.28
19.4145065008 1412722932.66
18.9470476223 1412722933.05
19.0973355903 1412722933.47
18.5031947083 1412722933.89
18.6495731817 1412722934.3
19.0764582754 1412722934.67
18.7646483603 1412722935.07
19.0174027376 1412722935.47
19.1086202383 1412722935.89
19.173933454 1412722936.27
19.1571449925 1412722936.65
19.5041402565 1412722937.05
19.7869047082 1412722937.48
19.53385886 1412722937.9
19.0819159703 1412722938.31
19.0972508711 1412722938.82
19.1832406958 1412722939.23
19.2567613692 1412722939.65
19.2503665311 1412722940.06
17.9199411398 1412722940.44
17.8865308965 1412722940.82
17.9689167501 1412722941.21
18.775716086 1412722941.64
18.9998205302 1412722942.05
18.9561635558 1412722942.43
19.0583630454 1412722942.83
19.1656370246 1412722943.24
19.1114682196 1412722943.6
19.2838653112 1412722943.98
18.2579749522 1412722944.33
18.7181281069 1412722944.77
18.7616890334 1412722945.16
18.8060459913 1412722945.57
18.8510347695 1412722945.98
18.8362803022 1412722946.36
18.8669113609 1412722946.75
18.875087841 1412722947.14
18.8832143098 1412722947.66
18.891519668 1412722948.12
18.0315281722 1412722948.52
17.7545917136 1412722948.94
16.4560840561 1412722949.37
16.5401152651 1412722949.78
16.6254732977 1412722950.16
16.6223395735 1412722950.57
16.6197521425 1412722950.99
16.6165567498 1412722951.39
16.6123854025 1412722951.76
16.6905146099 1412722952.16
16.6033419435 1412722952.57
16.6806032708 1412722952.99
16.6058457554 1412722953.41
16.1989325502 1412722953.85
16.2064719182 1412722954.26
16.1323887492 1412722954.66
16.173714254 1412722955.05
16.1860531017 1412722955.47
16.2314292461 1412722955.85
16.1768354171 1412722956.27
16.052650589 1412722956.66
15.9291686415 1412722957.07
15.9520425783 1412722957.46
15.9468686916 1412722957.86
15.9419242248 1412722958.31
16.1097489668 1412722958.69
16.1175850995 1412722959.07
16.1954111833 1412722959.53
16.1983567007 1412722960.07
16.2020594494 1412722960.44
16.3175654636 1412722960.81
16.20883277 1412722961.19
16.2127195636 1412722961.6
16.4086073601 1412722961.97
16.3141095573 1412722962.33
17.1069539039 1412722962.76
17.1334481895 1412722963.18
17.161097699 1412722963.56
17.0182352616 1412722963.94
16.9957567994 1412722964.37
17.0061072806 1412722964.76
16.8701850847 1412722965.17
16.91418617 1412722965.58
17.1993470742 1412722965.98
17.173760232 1412722966.48
17.2816019529 1412722966.89
17.8077613184 1412722967.31
17.8392007337 1412722967.71
18.0146034017 1412722968.12
17.8926553836 1412722968.52
17.7793956356 1412722968.93
17.7615954639 1412722969.38
17.6184351306 1412722969.8
17.6717017769 1412722970.37
17.6854845457 1412722970.84
17.6982958108 1412722971.27
17.713902558 1412722971.68
17.6898695631 1412722972.07
17.3616180047 1412722972.45
17.3160588484 1412722972.89
17.2421767205 1412722973.3
17.38003018 1412722973.74
17.2918292361 1412722974.24
17.2028303263 1412722974.76
16.7844759702 1412722975.18
16.6877125938 1412722975.61
16.6081917083 1412722976.04
16.6633102032 1412722976.46
16.5991843884 1412722976.9
16.8775764667 1412722977.31
16.8037181087 1412722977.79
17.0500657399 1412722978.23
16.9119126742 1412722978.69
16.9368532203 1412722979.1
16.8843077542 1412722979.5
16.8294622549 1412722979.95
16.251568782 1412722980.42
16.1936327071 1412722980.87
16.0683134749 1412722981.32
16.1215262716 1412722981.74
16.1714100768 1412722982.19
16.0019485524 1412722982.64
15.897679509 1412722983.09
15.8465986088 1412722983.53
15.7920691079 1412722984.0
16.6872182969 1412722984.44
16.0468622757 1412722984.91
16.083820539 1412722985.33
15.9239577748 1412722985.77
16.7580978736 1412722986.25
16.7235073605 1412722986.71
16.4815929934 1412722987.14
16.235916487 1412722987.55
16.291514502 1412722987.94
16.638494871 1412722988.36
16.6014217339 1412722988.78
15.6993465372 1412722989.2
14.7284496035 1412722989.68
14.6999801964 1412722990.12
14.8344520822 1412722990.9
14.7822578029 1412722991.49
14.7283253923 1412722991.95
14.6723177997 1412722992.36
15.4556220856 1412722992.79
14.7931425367 1412722993.25
15.5794551939 1412722993.68
15.4457771879 1412722994.13
15.4511421768 1412722994.52
15.4539644546 1412722994.93
15.4545346632 1412722995.46
15.6344114851 1412722995.94
16.0299825953 1412722996.37
16.4253627812 1412722996.96
16.4262785445 1412722997.45
16.4211396427 1412722997.87
16.4098077495 1412722998.31
16.0843717701 1412722998.72
