12.8807070427 1412725874.62
12.7186869628 1412725874.9
12.5535935414 1412725875.23
12.4267857041 1412725875.49
12.2759156343 1412725875.95
12.3652864546 1412725876.36
12.3000766142 1412725876.68
12.203588273 1412725876.96
12.0502034017 1412725877.26
11.9719105269 1412725877.72
12.4627110147 1412725878.14
12.5138011363 1412725878.43
12.5032414611 1412725878.73
12.397181227 1412725879.0
12.3220172285 1412725879.27
12.6246428615 1412725879.55
12.6442709174 1412725879.79
12.5206014944 1412725880.06
12.5027234241 1412725880.33
12.0746610409 1412725880.59
11.7727514281 1412725880.84
11.7047631406 1412725881.09
11.5921048092 1412725881.33
11.5021317062 1412725881.57
11.2800995479 1412725881.82
11.4156170019 1412725882.06
11.3162978291 1412725882.31
11.3682199252 1412725882.55
11.2719722082 1412725882.81
11.062137606 1412725883.18
11.3792166188 1412725883.56
11.287229913 1412725883.95
11.188917387 1412725884.37
11.1333693503 1412725884.79
11.1755925849 1412725885.17
11.1399737258 1412725885.69
11.0155063409 1412725886.11
11.2267930483 1412725886.43
11.0916305639 1412725886.87
10.9984049083 1412725887.14
10.7683464695 1412725887.4
10.7486453497 1412725887.68
10.6158898739 1412725887.96
10.4140057484 1412725888.27
10.5449292807 1412725888.54
10.4517630527 1412725888.79
10.2086662522 1412725889.03
9.94179400993 1412725889.29
9.93666525512 1412725889.55
9.82180384346 1412725889.81
9.77711719411 1412725890.06
10.1123796179 1412725890.31
9.96096913952 1412725890.58
9.87676995617 1412725890.84
9.72086860879 1412725891.1
9.55950106088 1412725891.39
9.30113600297 1412725891.71
9.25143420396 1412725891.96
9.23969969787 1412725892.25
9.22321228632 1412725892.48
9.09996301749 1412725892.75
9.08805249613 1412725893.11
9.05769323894 1412725893.42
8.98206994151 1412725893.71
9.00907134813 1412725893.99
8.87173473079 1412725894.26
8.93242694515 1412725894.5
8.70555649782 1412725894.76
8.78553496263 1412725895.02
8.91603660191 1412725895.26
8.79764026656 1412725895.53
8.86090210026 1412725895.81
8.75687610287 1412725896.08
8.66606439559 1412725896.39
8.5851316365 1412725896.63
8.40013901409 1412725896.91
8.32983294621 1412725897.16
8.31863208727 1412725897.43
8.23915292287 1412725897.7
8.21526516951 1412725897.94
8.18642711838 1412725898.18
8.15046363782 1412725898.42
8.21413039737 1412725898.69
8.10466767297 1412725898.92
7.96696715634 1412725899.18
7.91591650777 1412725899.46
7.88247123602 1412725899.73
7.85899303602 1412725899.99
7.77841158205 1412725900.27
7.75506020119 1412725900.55
7.77320023236 1412725900.83
7.70618235374 1412725901.14
7.65632260569 1412725901.4
7.60181011966 1412725901.67
7.60149957541 1412725901.93
7.60591930078 1412725902.2
7.54511512504 1412725902.46
7.52187928228 1412725902.73
7.61969106041 1412725903.0
7.7319734261 1412725903.29
7.91956403477 1412725903.54
8.30872640767 1412725903.8
8.56180942346 1412725904.1
8.71720167934 1412725904.37
8.70943183305 1412725904.67
8.82629430719 1412725904.93
8.72385514794 1412725905.2
9.21661611543 1412725905.5
9.13132279925 1412725905.78
9.213396674 1412725906.04
9.26918354243 1412725906.31
9.14578130051 1412725906.58
9.24179370917 1412725906.9
9.13034467946 1412725907.33
9.15584358347 1412725907.61
9.10652296624 1412725907.9
9.06854791189 1412725908.14
8.97516561697 1412725908.42
9.02318083276 1412725908.75
9.00571439693 1412725909.02
9.04165155061 1412725909.3
9.08126795424 1412725909.59
8.7683352008 1412725909.88
8.74911274061 1412725910.15
8.73660246227 1412725910.42
8.761989767 1412725910.69
8.76100681199 1412725910.99
8.74097735685 1412725911.28
8.72266540527 1412725911.56
8.73528478082 1412725911.87
8.59479218388 1412725912.17
8.60504728041 1412725912.46
8.61747703959 1412725912.72
8.63329552698 1412725912.99
8.637056823 1412725913.39
8.68624778541 1412725913.73
8.69053086336 1412725914.03
8.69534838964 1412725914.36
8.6986464393 1412725914.68
8.70284894046 1412725914.95
52.8603419135 1412725915.23
52.7826833855 1412725915.5
52.8903188823 1412725915.78
52.8693780225 1412725916.07
52.787059329 1412725916.39
52.7362378899 1412725916.65
52.7363253032 1412725916.97
52.9749108962 1412725917.25
52.8225735957 1412725917.57
52.8322935183 1412725917.88
52.9384738525 1412725918.2
52.9408032107 1412725918.5
53.1481437107 1412725918.81
53.2538126135 1412725919.07
53.2671740356 1412725919.34
53.3138620343 1412725919.65
53.3881554141 1412725919.93
53.4361623259 1412725920.22
53.4793712176 1412725920.53
53.4932011155 1412725920.82
53.6282819168 1412725921.12
53.685347767 1412725921.48
53.599693494 1412725921.79
53.6319478439 1412725922.14
53.5347092286 1412725922.47
53.7893355947 1412725922.77
53.8338328164 1412725923.12
53.8753694774 1412725923.46
53.9351313244 1412725923.78
53.9003097645 1412725924.07
53.9097757635 1412725924.36
53.9187743564 1412725924.66
53.9327415683 1412725924.98
53.9520615355 1412725925.3
53.9596635875 1412725925.61
53.9954722834 1412725925.99
54.0123782407 1412725926.39
53.8891647408 1412725926.69
53.8916582442 1412725927.04
53.4094357368 1412725927.37
53.4539612972 1412725927.67
53.4892299112 1412725927.96
53.533280111 1412725928.25
53.5312786112 1412725928.57
53.5228971573 1412725929.11
53.4520806643 1412725929.88
53.5466667846 1412725930.91
53.7456813483 1412725931.6
53.7387013795 1412725932.13
53.7994152807 1412725932.61
53.7725868539 1412725933.05
53.7703745884 1412725933.41
53.7412881689 1412725933.76
53.7406510031 1412725934.1
53.7080872977 1412725934.42
53.7084104023 1412725935.01
53.6851948331 1412725935.7
53.6084131709 1412725936.17
53.5976081752 1412725936.59
53.6009543826 1412725937.08
