9.55100318142 1412722003.33
9.29265359847 1412722003.42
9.1452252527 1412722003.5
8.90796621531 1412722003.59
8.75356658835 1412722003.68
8.29426295658 1412722003.76
7.68048478396 1412722003.85
7.25796300264 1412722003.93
7.13443079496 1412722004.02
6.89133407146 1412722004.1
6.91715427581 1412722004.19
7.03451753775 1412722004.31
7.20122401604 1412722004.42
6.8513663218 1412722004.51
7.12422558715 1412722004.6
7.26394553599 1412722004.71
7.52896120376 1412722004.81
7.63868440106 1412722004.9
7.64573240759 1412722005.0
7.75092312704 1412722005.1
7.73217960749 1412722005.2
7.79680056775 1412722005.29
7.8181724978 1412722005.39
7.57977464013 1412722005.48
7.97325489948 1412722005.58
7.9827701758 1412722005.67
8.00763104833 1412722005.75
8.00763891129 1412722005.83
8.01984103765 1412722005.93
8.06689839445 1412722006.02
8.07798923244 1412722006.12
8.07271814952 1412722006.21
8.0685454419 1412722006.29
8.06324416795 1412722006.39
8.0611808436 1412722006.48
7.92169929792 1412722006.57
7.94973745956 1412722006.7
7.90683906613 1412722006.8
7.79262602502 1412722006.9
7.75027809294 1412722006.98
7.68681219352 1412722007.05
7.64337953144 1412722007.15
7.59871877649 1412722007.23
7.55545291076 1412722007.32
7.5125154031 1412722007.42
7.26478192905 1412722007.51
7.22727096442 1412722007.6
7.19054718353 1412722007.7
7.15411790468 1412722007.78
7.08546816176 1412722007.87
7.70638905305 1412722007.95
7.6542054161 1412722008.04
7.59873288515 1412722008.14
7.34241193183 1412722008.23
7.28793844053 1412722008.35
7.23043523933 1412722008.45
7.16935784558 1412722008.55
7.10445596707 1412722008.64
7.057069115 1412722008.74
7.49394413973 1412722008.84
6.91929940263 1412722008.93
6.83288990625 1412722009.02
6.74125454901 1412722009.1
6.64463194202 1412722009.18
6.6179932092 1412722009.3
6.56184002121 1412722009.39
7.18113944638 1412722009.48
7.10429844343 1412722009.59
7.0258168865 1412722009.69
6.93158501152 1412722009.78
6.83149954676 1412722009.9
6.8724417282 1412722010.01
6.92218711755 1412722010.11
6.78960104964 1412722010.21
6.66747907886 1412722010.31
6.53434293251 1412722010.42
7.24312464191 1412722010.51
6.94406054817 1412722010.61
6.7190460955 1412722010.69
10.8535133356 1412722010.78
11.1504078767 1412722010.88
11.4006674662 1412722010.96
11.7785912306 1412722011.04
11.9919339609 1412722011.12
12.0995350055 1412722011.22
12.2360404709 1412722011.31
12.2247792384 1412722011.39
12.354287813 1412722011.48
12.4500145666 1412722011.6
12.537648762 1412722011.68
12.6516179076 1412722011.77
12.7127291479 1412722011.91
12.7769217324 1412722012.04
12.863851254 1412722012.15
12.943492612 1412722012.25
13.0388978757 1412722012.39
13.1885073864 1412722012.48
5.10635513189 1412722012.58
5.07233234615 1412722012.67
5.19201527626 1412722012.76
5.18535924223 1412722012.87
5.18111436312 1412722012.99
5.17444681498 1412722013.09
13.7595794709 1412722013.2
13.8077707454 1412722013.29
13.9392896276 1412722013.39
13.983675226 1412722013.47
14.0255552147 1412722013.55
14.0735046075 1412722013.63
14.1302840343 1412722013.73
14.1673430606 1412722013.81
14.2038900723 1412722013.9
14.4160080796 1412722013.99
14.4454853769 1412722014.07
14.4749042083 1412722014.14
14.5003495319 1412722014.21
14.5293168503 1412722014.32
14.5699706175 1412722014.42
14.5979888711 1412722014.52
14.6261258661 1412722014.61
14.6785364096 1412722014.69
14.5803230583 1412722014.79
14.6113669932 1412722014.88
14.6465182118 1412722014.97
14.683691822 1412722015.04
14.7176430989 1412722015.12
14.7469514567 1412722015.22
14.78716978 1412722015.34
14.7425984733 1412722015.44
14.7721592155 1412722015.51
14.801398505 1412722015.62
14.8128759919 1412722015.72
14.8017755634 1412722015.81
14.8293445769 1412722015.9
14.8586112125 1412722015.99
14.8854728651 1412722016.08
14.9210359928 1412722016.17
14.9552179902 1412722016.25
14.9806643125 1412722016.36
14.9981468446 1412722016.46
14.9900128405 1412722016.54
15.2067860078 1412722016.66
15.2569170167 1412722016.75
15.2983894508 1412722016.83
15.3226803849 1412722016.92
15.3649768012 1412722016.99
15.3894234048 1412722017.07
15.4135051436 1412722017.16
15.447786567 1412722017.25
15.4711603888 1412722017.34
15.407922718 1412722017.42
15.6061282925 1412722017.51
15.6253848096 1412722017.6
15.6444982905 1412722017.74
15.6700620848 1412722017.86
15.688137764 1412722017.96
15.7145366292 1412722018.06
15.6050455695 1412722018.14
15.6217687987 1412722018.26
15.6473233979 1412722018.37
15.6631969452 1412722018.45
15.6137154209 1412722018.55
15.6269886122 1412722018.65
15.7092703379 1412722018.74
15.7125599582 1412722018.83
15.7245159269 1412722018.91
15.7359646968 1412722019.0
15.7572537237 1412722019.08
15.8264564791 1412722019.16
15.8371292243 1412722019.26
15.8471749605 1412722019.36
15.8665079657 1412722019.46
7.23936199911 1412722019.56
7.28847143187 1412722019.65
7.19044188952 1412722019.74
7.29693005564 1412722019.84
7.31503397128 1412722019.97
7.20776369098 1412722020.1
7.20028358231 1412722020.22
7.1924024818 1412722020.4
7.20696886058 1412722020.51
7.20011066127 1412722020.59
7.19288178318 1412722020.69
7.51145854325 1412722020.79
7.53338853142 1412722020.9
7.46991220141 1412722021.0
7.46442882721 1412722021.1
7.48303631968 1412722021.21
7.50232837767 1412722021.32
7.41371057722 1412722021.42
7.43262412735 1412722021.51
7.45218868385 1412722021.61
7.3545649292 1412722021.69
7.3650333398 1412722021.78
7.35000628713 1412722021.89
7.35822047334 1412722021.98
7.21404069421 1412722022.14
7.15721203518 1412722022.34
7.16808774287 1412722022.54
7.17908761337 1412722022.67
