9.06702968666 1412724655.05
9.16403212051 1412724655.33
9.13134431579 1412724655.58
9.00979242519 1412724655.88
8.76474588538 1412724656.14
8.55056429557 1412724656.41
8.80177116069 1412724656.66
8.92804897854 1412724656.92
9.15634716461 1412724657.19
9.25527889293 1412724657.42
9.28229119431 1412724657.69
9.08710341928 1412724657.98
8.92088635403 1412724658.24
8.82279600605 1412724658.48
8.81334226998 1412724658.73
8.77811326842 1412724658.99
8.87687605025 1412724659.26
8.98069507322 1412724659.55
9.04749057327 1412724659.84
9.12275947476 1412724660.13
9.1951063367 1412724660.4
9.27517258029 1412724660.68
9.36193368504 1412724660.94
9.32061059605 1412724661.22
9.37134770703 1412724661.49
9.36639229758 1412724661.79
9.2399137298 1412724662.05
9.34809859808 1412724662.33
9.34508486839 1412724662.6
9.42686508158 1412724662.87
9.35357981401 1412724663.15
9.37394156863 1412724663.42
9.34211391075 1412724663.7
9.33220575498 1412724663.98
9.34550610399 1412724664.25
9.43086263673 1412724664.52
9.44625696033 1412724664.77
9.44953808325 1412724665.03
9.57262701846 1412724665.29
9.62496174187 1412724665.54
9.66341520273 1412724665.83
9.66727014398 1412724666.09
9.6395823986 1412724666.36
9.67007386095 1412724666.62
9.85957465087 1412724666.9
10.049239964 1412724667.15
10.2342676855 1412724667.4
10.4170276808 1412724667.67
10.5942458328 1412724667.97
10.7693555902 1412724668.26
10.9124235162 1412724668.53
11.1254140464 1412724668.86
11.2891157217 1412724669.16
11.4664803817 1412724669.46
11.6585051347 1412724669.73
11.8952969198 1412724670.02
12.0986661011 1412724670.31
12.2122592177 1412724670.58
12.3791154871 1412724670.88
12.8866030137 1412724671.15
13.0507005338 1412724671.44
13.2309735911 1412724671.75
13.3527498188 1412724672.06
13.4297556552 1412724672.36
13.5945543096 1412724672.65
13.7502839434 1412724672.96
13.8322811391 1412724673.28
14.0100371184 1412724673.57
14.1565869294 1412724673.84
14.2294351539 1412724674.14
14.286026338 1412724674.48
14.2695138356 1412724674.77
14.3421071163 1412724675.05
14.0715187823 1412724675.35
14.1912753106 1412724675.68
14.3409191793 1412724676.0
14.4637431923 1412724676.3
14.531188782 1412724676.61
14.4210218448 1412724676.95
14.5011223173 1412724677.3
14.2853184346 1412724677.65
14.1821453209 1412724677.99
14.2154798651 1412724678.37
14.2651456965 1412724678.69
14.424654499 1412724679.04
14.4176869687 1412724679.43
14.4615777991 1412724679.75
14.5252201879 1412724680.09
14.3098707911 1412724680.39
14.1300827307 1412724680.72
14.1224355063 1412724681.04
14.289121665 1412724681.36
14.3846965439 1412724681.72
14.1103064661 1412724682.1
14.2345701776 1412724682.43
14.347432728 1412724682.8
14.3802167953 1412724683.13
14.479252339 1412724683.56
14.1189543655 1412724683.96
14.1113143349 1412724684.35
14.1239939745 1412724684.67
14.1600659208 1412724685.01
14.1655581847 1412724685.32
14.1209058912 1412724685.61
14.773787226 1412724685.91
14.2809242211 1412724686.19
14.0675123702 1412724686.51
14.1265022344 1412724686.82
14.1583469082 1412724687.08
14.069380946 1412724687.38
14.0420274446 1412724687.74
14.0496582542 1412724688.06
14.084250635 1412724688.36
14.1163852545 1412724688.67
14.0882955106 1412724688.99
14.0940292117 1412724689.32
14.029207292 1412724689.64
13.9868282575 1412724689.97
13.9964100644 1412724690.29
14.0021965424 1412724690.63
14.0308850593 1412724690.96
14.0369948857 1412724691.33
14.0427300789 1412724691.68
13.7880612243 1412724692.03
13.8252949638 1412724692.38
14.0261736639 1412724692.72
14.0369624722 1412724693.04
14.0283389937 1412724693.37
14.0192644671 1412724693.72
13.9913526439 1412724694.1
14.0411890806 1412724694.47
14.0144481415 1412724694.81
14.0021408671 1412724695.15
13.9263340229 1412724695.47
13.9188993815 1412724695.83
13.905201494 1412724696.19
13.9219741492 1412724696.55
13.9127883843 1412724696.89
13.9032617078 1412724697.3
13.8423948156 1412724697.74
13.8600146584 1412724698.11
13.8519346954 1412724698.43
13.8819120701 1412724698.77
13.9038705803 1412724699.13
13.9374658106 1412724699.46
13.9895473098 1412724699.83
13.9835347627 1412724700.17
13.971000376 1412724700.52
14.0007150769 1412724700.86
13.9885330987 1412724701.22
14.401486925 1412724701.58
14.0266610941 1412724701.91
14.0417974464 1412724702.26
14.0337427113 1412724702.61
14.0255808641 1412724702.93
14.0444395416 1412724703.26
13.9509795428 1412724703.58
13.9867045609 1412724703.92
13.9471757978 1412724704.3
13.9405580251 1412724704.61
13.9449069387 1412724704.96
13.9547099387 1412724705.32
13.9171312876 1412724705.66
14.0092485981 1412724706.01
13.9596122269 1412724706.39
13.9846221444 1412724706.79
13.9789723934 1412724707.15
13.9405626122 1412724707.5
13.9602866742 1412724707.88
13.9797336938 1412724708.31
13.9964710607 1412724708.72
14.0956236096 1412724709.05
14.0992674881 1412724709.47
14.0978623744 1412724709.89
14.0962857042 1412724710.34
14.1491399916 1412724710.71
14.1475783009 1412724711.11
14.1459185092 1412724711.48
14.1443594798 1412724711.83
14.1344775155 1412724712.27
14.1472653635 1412724712.62
14.1374534071 1412724713.01
14.1504117717 1412724713.37
14.1406259587 1412724713.74
14.1538219215 1412724714.12
14.158470896 1412724714.49
14.1633951091 1412724714.84
14.1621528072 1412724715.19
14.1671445581 1412724715.55
14.1722229436 1412724715.91
14.1775256745 1412724716.26
14.1829731426 1412724716.63
14.1821583906 1412724716.99
14.143258425 1412724717.35
14.1418716431 1412724717.83
14.1466732039 1412724718.33
14.1794880761 1412724718.76
14.1367522471 1412724719.11
14.1486562642 1412724719.5
14.1642194741 1412724719.92
