8.79849946026 1412758471.67
9.03516214367 1412758473.07
8.8428990971 1412758474.45
8.79375996449 1412758475.84
8.75537449008 1412758477.19
8.65116674503 1412758478.59
8.49765879164 1412758479.94
8.54386748852 1412758481.31
8.36302165376 1412758482.68
8.31294658764 1412758484.0
8.38351320554 1412758485.31
8.35352886804 1412758486.69
8.45683279227 1412758488.08
8.56676632907 1412758489.44
8.32886344718 1412758490.74
8.22556590167 1412758492.05
7.88104331886 1412758493.41
7.5418981716 1412758494.74
7.32950426059 1412758496.04
7.01285001157 1412758497.37
6.91861178916 1412758498.69
6.6342145661 1412758499.97
6.46182072005 1412758501.26
6.2391074195 1412758502.5
6.02006909072 1412758503.8
5.95371085696 1412758505.05
5.88694804121 1412758506.35
5.77905018896 1412758507.64
5.71457163896 1412758508.93
5.66380493991 1412758510.2
5.64462389928 1412758511.45
5.75991075994 1412758512.81
5.48379512084 1412758514.07
5.64091281528 1412758515.45
5.34411484395 1412758516.69
5.44978803831 1412758517.97
5.27229623726 1412758519.22
5.34105823865 1412758520.5
5.10646055529 1412758521.73
5.18844450502 1412758523.0
4.8915507015 1412758524.26
4.84992148726 1412758525.52
4.71351278506 1412758526.75
4.19781258996 1412758528.06
3.88005321673 1412758529.31
3.86382076536 1412758530.58
3.95844526285 1412758531.79
3.7093730602 1412758533.01
3.53510910128 1412758534.23
3.48873779874 1412758535.51
3.38143668055 1412758536.73
3.32193410304 1412758537.97
3.1905564389 1412758539.2
3.18479310838 1412758540.45
3.08295140758 1412758541.65
3.07394292676 1412758542.87
3.15018438138 1412758544.1
2.99380984281 1412758545.33
2.7832354364 1412758546.54
2.78665056637 1412758547.79
2.71858932285 1412758549.03
2.71882861242 1412758550.28
2.75087131336 1412758551.54
2.69323734226 1412758552.8
2.60186379981 1412758554.05
2.58019080615 1412758555.32
2.59035915318 1412758556.56
2.51468765379 1412758557.82
2.51836147119 1412758559.03
2.42425684923 1412758560.29
2.34105345829 1412758561.5
2.38155241055 1412758562.76
2.32694806906 1412758563.99
2.33481020529 1412758565.24
2.29417733937 1412758566.44
2.30150426334 1412758567.63
2.2378702981 1412758568.84
2.2581994425 1412758570.04
2.18263660962 1412758571.25
2.18548434295 1412758572.47
2.17694422757 1412758573.68
2.1584810424 1412758574.9
2.16146758206 1412758576.12
2.14202252404 1412758577.36
2.14113030444 1412758578.62
2.13216742307 1412758579.86
2.16105587966 1412758581.1
2.11086330205 1412758582.34
2.11776073351 1412758583.6
2.06552761313 1412758584.83
2.08236148763 1412758586.05
2.04689549664 1412758587.31
2.04225759014 1412758588.57
2.03043058388 1412758589.81
2.03529210195 1412758591.05
2.06193510408 1412758592.3
1.98961129436 1412758593.56
2.01857547943 1412758594.81
2.02125851741 1412758596.06
2.00234179253 1412758597.3
2.0143371888 1412758598.58
2.0362111117 1412758599.85
1.97911693142 1412758601.09
1.98894353714 1412758602.37
1.98952578788 1412758603.62
1.91784528519 1412758604.81
1.91734183251 1412758606.09
1.92088820771 1412758607.35
1.94492178761 1412758608.58
1.95278677144 1412758609.86
1.97037742863 1412758611.14
1.97833761698 1412758612.38
1.99222099234 1412758613.65
1.96175202621 1412758614.87
1.95354791716 1412758616.15
1.95128086719 1412758617.41
1.95641718232 1412758618.65
1.93910787757 1412758619.88
1.94172298612 1412758621.08
1.95028588263 1412758622.37
1.97027619614 1412758623.62
1.9712412459 1412758624.88
1.95545265145 1412758626.15
1.95905797361 1412758627.41
1.96613503522 1412758628.69
1.97560429248 1412758629.99
1.98829249698 1412758631.26
1.99372013707 1412758632.54
1.97999180304 1412758633.82
1.9703596828 1412758635.05
1.97399018683 1412758636.34
1.97276895078 1412758637.65
1.97238102068 1412758638.92
1.96829642381 1412758640.19
1.97564309386 1412758641.48
1.9650334393 1412758642.78
1.94831764205 1412758644.06
1.9374907669 1412758645.35
1.93259909612 1412758646.64
1.93905642245 1412758648.0
1.94588836762 1412758649.26
1.95724997804 1412758650.56
1.95978925523 1412758651.83
1.96691471328 1412758653.1
1.9516219578 1412758654.42
1.96440820065 1412758655.71
1.94645192033 1412758657.0
1.93553017639 1412758658.3
1.93941763197 1412758659.59
1.94349565213 1412758660.89
1.94919671828 1412758662.15
1.92780847792 1412758663.42
1.93633463895 1412758664.7
1.91319473819 1412758665.99
1.91548652795 1412758667.39
1.91107057919 1412758668.67
1.91888515534 1412758669.97
1.90998606933 1412758671.17
1.91493287053 1412758672.44
1.92003844572 1412758673.71
1.92258208628 1412758675.06
1.91977233962 1412758676.33
1.92456703021 1412758677.62
1.92118078544 1412758678.89
1.92811919966 1412758680.24
1.93109972621 1412758681.53
1.92073314292 1412758682.85
1.92861110209 1412758684.14
1.93325485376 1412758685.49
1.91443479335 1412758686.78
1.90858258977 1412758688.03
1.92726692997 1412758689.46
1.92065283679 1412758690.76
1.92356078183 1412758692.06
1.91903626358 1412758693.36
1.90832163573 1412758694.75
1.92139757428 1412758696.08
1.91790122588 1412758697.43
1.91140463703 1412758698.72
1.90492932773 1412758700.08
1.89827108303 1412758701.43
1.90421154774 1412758702.76
1.89349002438 1412758704.14
1.8859603062 1412758705.36
1.87952530232 1412758706.69
1.88005134357 1412758707.86
1.88583289743 1412758709.14
1.87888561917 1412758710.47
1.87474209912 1412758711.73
1.87507878626 1412758713.09
1.87371141515 1412758714.47
1.84095661623 1412758715.76
1.84153450845 1412758717.03
1.83979889876 1412758718.31
1.83751559327 1412758719.63
1.83837072238 1412758720.94
1.83614285989 1412758722.25
1.83728097093 1412758723.6
1.83526162257 1412758724.9
1.83273543684 1412758726.22
