15.3886078275 1412729963.33
15.5949219407 1412729964.14
15.5129011816 1412729964.96
15.2212795939 1412729965.74
14.790172963 1412729966.51
14.6029066307 1412729967.29
14.1593682643 1412729968.03
13.6726451741 1412729968.76
13.113997887 1412729969.46
12.6080177177 1412729970.16
12.0264620698 1412729970.91
12.0091695007 1412729971.62
11.8433505027 1412729972.4
11.597294418 1412729973.13
11.488873105 1412729973.87
11.3367104727 1412729974.6
11.2001825429 1412729975.33
10.9022945023 1412729976.02
10.9344648663 1412729976.75
10.941771498 1412729977.47
10.8706300748 1412729978.23
10.5693751808 1412729978.92
10.418577606 1412729979.6
10.1669939273 1412729980.3
10.1035406294 1412729981.06
9.98147230084 1412729981.79
9.98382058006 1412729982.59
9.90827830878 1412729983.32
9.86825351991 1412729984.12
9.74462238524 1412729984.84
9.72130835791 1412729985.56
9.7247218046 1412729986.33
9.64288279959 1412729987.03
9.6612931398 1412729987.75
9.62116255364 1412729988.56
9.5515390888 1412729989.34
9.58513721272 1412729990.11
9.52528885794 1412729990.87
9.5023619931 1412729991.59
9.48200954323 1412729992.29
9.46093553708 1412729993.06
9.37927378101 1412729993.82
9.43408313647 1412729994.54
9.38583091522 1412729995.35
9.41425892875 1412729996.1
9.35645214684 1412729996.87
9.31035338204 1412729997.61
9.36933477106 1412729998.36
9.31426846598 1412729999.12
9.36052243066 1412729999.87
9.36451066999 1412730000.61
9.310590721 1412730001.41
9.24303204659 1412730002.17
9.31298253696 1412730002.95
9.36709624337 1412730003.74
9.30909716389 1412730004.56
9.28995677385 1412730005.31
9.28212323788 1412730006.04
9.28419713934 1412730006.78
9.30553254277 1412730007.53
9.32170465704 1412730008.32
9.31386484468 1412730009.11
9.29008969546 1412730009.86
9.2889322457 1412730010.61
9.29354711304 1412730011.34
9.24411140242 1412730012.14
9.2494743991 1412730012.86
9.21947251617 1412730013.57
9.22533488605 1412730014.35
9.2464149503 1412730015.1
9.22843068541 1412730015.91
9.23455252124 1412730016.68
9.18047635082 1412730017.41
9.21766315229 1412730018.18
9.22505480449 1412730018.99
9.2480670998 1412730019.73
9.24683564205 1412730020.45
9.24578242757 1412730021.14
9.21135645691 1412730021.92
9.21839308092 1412730022.62
9.17952589613 1412730023.36
9.23263906137 1412730024.09
9.19228686624 1412730024.82
9.18456143769 1412730025.57
9.17936231305 1412730026.35
9.18068022417 1412730027.06
9.18218395826 1412730027.84
9.18354882298 1412730028.56
9.09649203512 1412730029.28
9.0859265587 1412730030.03
9.08049946842 1412730030.73
9.08164915097 1412730031.47
9.08286347668 1412730032.24
9.08435429099 1412730032.99
8.96312236962 1412730033.73
8.96656486767 1412730034.49
8.90465051087 1412730035.26
8.95892085605 1412730035.99
9.02072310241 1412730036.78
8.97649053477 1412730037.58
8.8657178549 1412730038.36
8.93976659673 1412730039.15
8.85809888 1412730039.93
9.00903551261 1412730040.65
8.99958110577 1412730041.41
9.0017407655 1412730042.13
8.99436895817 1412730042.94
8.98207431157 1412730043.67
8.96985005272 1412730044.38
8.97514768605 1412730045.12
8.96290930288 1412730045.88
8.96844990977 1412730046.64
9.01926532763 1412730047.44
8.92571695593 1412730048.18
8.97289834373 1412730048.93
8.98003753802 1412730049.68
8.98555861577 1412730050.45
8.95411835193 1412730051.23
9.0030235402 1412730051.96
9.00526340908 1412730052.72
9.05017481198 1412730053.49
8.89935334984 1412730054.21
8.89487181053 1412730055.0
9.00637381101 1412730055.81
9.05709423609 1412730056.64
8.93186883572 1412730057.41
9.01326214589 1412730058.15
8.98560641502 1412730058.86
9.03947266813 1412730059.65
9.04059394019 1412730060.45
8.95345211705 1412730061.25
9.04237723066 1412730062.04
9.01200476554 1412730062.85
9.02399495124 1412730063.58
9.02182252713 1412730064.38
9.02490132028 1412730065.19
9.02800994317 1412730065.94
9.03119071068 1412730066.76
9.03053089671 1412730067.56
9.03346941411 1412730068.32
9.03635677076 1412730069.07
9.03926690783 1412730069.87
9.07344988929 1412730070.69
9.07560210109 1412730071.52
9.00990016192 1412730072.28
9.1115155784 1412730073.05
9.11696715732 1412730073.8
9.07654484109 1412730074.59
9.08258033524 1412730075.39
9.07149048006 1412730076.27
9.0767280727 1412730077.11
9.09673174525 1412730077.94
9.11796744213 1412730078.77
9.12457519771 1412730079.66
9.01316543094 1412730080.52
8.91362370821 1412730081.34
8.98412516964 1412730082.14
8.94431211929 1412730082.97
8.8983686016 1412730083.78
8.9022901854 1412730084.61
8.95161066036 1412730085.39
8.94477116603 1412730086.19
8.92717946295 1412730087.0
8.95926529132 1412730087.78
8.9527609531 1412730088.55
8.9717204858 1412730089.35
8.96436004901 1412730090.13
8.95698844122 1412730090.97
8.91492906137 1412730091.79
8.91494251186 1412730092.62
8.93322094409 1412730093.46
8.83798417089 1412730094.32
8.80118237563 1412730095.16
8.7882031298 1412730095.97
8.70325210923 1412730096.81
8.70108782642 1412730097.64
8.61338923099 1412730098.47
8.69143594374 1412730099.3
8.68732685059 1412730100.07
8.6402605931 1412730100.86
8.63454998637 1412730101.63
8.67535652326 1412730102.42
8.70257449612 1412730103.25
8.66758183502 1412730104.14
8.66040279382 1412730104.98
8.7402628792 1412730105.86
8.70301350583 1412730106.69
8.69691910793 1412730107.49
8.72788538228 1412730108.34
8.73998450011 1412730109.16
8.69283328933 1412730110.01
8.7183213655 1412730110.83
8.65061281519 1412730111.68
8.6433608377 1412730112.49
8.71408070779 1412730113.37
8.76886655166 1412730114.17
8.76182011264 1412730115.02
8.72960855604 1412730115.86
8.73867583508 1412730116.66
8.74080590383 1412730117.45
