12.7905858916 1412725049.21
13.3054231325 1412725049.74
13.114985232 1412725050.13
13.1714047371 1412725050.51
13.0562254074 1412725050.78
12.7769642544 1412725051.04
12.6259644364 1412725051.33
12.4595710383 1412725051.62
12.253033225 1412725051.99
12.1567193664 1412725052.3
12.0493418099 1412725052.64
11.9102671826 1412725052.89
12.3799508002 1412725053.2
12.2928282949 1412725053.5
12.2088083532 1412725053.81
12.6047416151 1412725054.07
12.646044697 1412725054.39
12.9358405359 1412725054.69
13.247429646 1412725054.95
13.4138067636 1412725055.22
13.7470094033 1412725055.51
13.853242812 1412725055.79
13.9210979741 1412725056.12
13.879348331 1412725056.38
13.8725797701 1412725056.7
13.7891211028 1412725057.02
13.7770152713 1412725057.33
13.7729436019 1412725057.7
13.68820985 1412725058.0
13.6552103292 1412725058.33
13.6037611448 1412725058.65
13.5633559241 1412725058.94
13.500192492 1412725059.26
13.4454863265 1412725059.54
13.3906626471 1412725059.88
13.2921940035 1412725060.19
13.1750336799 1412725060.49
13.0960808451 1412725060.78
12.9537651582 1412725061.05
12.982269386 1412725061.31
12.8440805983 1412725061.57
12.6936001935 1412725062.08
12.4777362574 1412725062.45
12.2359603756 1412725063.03
11.7558939202 1412725063.59
11.4392803247 1412725063.93
11.0098007438 1412725064.43
10.9081619256 1412725064.94
10.4670051087 1412725065.51
10.0319828873 1412725066.06
9.75493395386 1412725066.67
9.57348643668 1412725067.04
9.71976923758 1412725067.51
9.39244828632 1412725067.9
9.43514225707 1412725068.28
9.2252373758 1412725068.65
9.30723942382 1412725068.96
9.02131106857 1412725069.32
8.90106961275 1412725069.68
8.69268827376 1412725070.02
8.5306589215 1412725070.52
8.65437286936 1412725070.91
8.355929454 1412725071.3
8.24883807569 1412725071.75
8.32397159909 1412725072.17
8.00627368191 1412725072.7
8.01489030267 1412725073.11
8.14250786109 1412725073.74
8.35278537255 1412725074.12
8.51129680982 1412725074.62
8.29697992555 1412725075.0
8.04877565307 1412725075.45
7.75780074678 1412725075.93
7.86986040809 1412725076.35
7.6823800703 1412725076.77
7.72643960311 1412725077.21
7.51374834684 1412725077.51
7.68061169404 1412725077.78
7.48221485994 1412725078.05
7.62161587594 1412725078.34
7.43295361437 1412725078.68
7.57301209978 1412725079.0
7.45662398258 1412725079.32
7.57318891096 1412725079.64
7.36032852761 1412725079.91
7.54171725609 1412725080.2
7.33634531625 1412725080.46
7.57354904842 1412725080.75
7.36189473664 1412725081.03
7.61343404497 1412725081.31
7.40957091026 1412725081.59
7.5181134936 1412725081.87
7.32967020806 1412725082.16
7.17744190617 1412725082.43
7.23429235706 1412725082.7
7.09706647541 1412725082.99
7.08772343982 1412725083.28
6.93315633611 1412725083.56
6.59131383272 1412725083.82
6.67283434746 1412725084.06
6.74255525788 1412725084.35
6.57941979182 1412725084.63
6.74957241717 1412725084.93
6.53801075092 1412725085.21
6.60394680363 1412725085.49
6.40366916363 1412725085.77
6.30017534921 1412725086.02
6.35062929167 1412725086.28
6.13853502373 1412725086.55
6.17988336905 1412725086.8
6.01877140214 1412725087.07
6.01018185412 1412725087.37
5.9253194274 1412725087.67
5.94823529564 1412725087.94
5.86937165167 1412725088.19
5.85281124597 1412725088.45
5.85749046105 1412725088.74
5.74825887954 1412725089.0
5.78754740498 1412725089.3
5.71252658978 1412725089.55
5.75009954706 1412725089.81
5.67825635851 1412725090.06
5.59115403331 1412725090.3
5.63058055465 1412725090.58
5.61126197628 1412725090.85
5.62510879557 1412725091.09
5.55222312799 1412725091.34
5.49649485985 1412725091.63
5.51528208537 1412725091.91
5.47065414741 1412725092.2
5.40837583396 1412725092.52
5.4690104382 1412725092.77
5.48603383867 1412725093.02
5.43264624819 1412725093.3
5.44515554313 1412725093.58
5.19891453371 1412725093.88
5.21407798768 1412725094.21
5.24165624056 1412725094.5
5.26299551091 1412725094.78
5.31765691397 1412725095.09
5.25808307745 1412725095.41
5.28578850977 1412725095.69
5.22949840885 1412725095.94
5.26401626628 1412725096.21
5.1711475375 1412725096.5
5.20543197972 1412725096.83
5.15736131589 1412725097.11
5.11287297554 1412725097.44
5.14057394181 1412725097.7
5.08450158974 1412725097.98
5.11796471348 1412725098.28
5.06345898749 1412725098.56
5.00067545573 1412725098.85
4.92296203751 1412725099.14
4.91977246004 1412725099.45
4.85211815662 1412725099.69
4.80931587175 1412725100.0
4.82672342477 1412725100.29
4.78586310337 1412725100.57
4.8035771804 1412725100.88
4.63712081704 1412725101.16
4.65260600773 1412725101.45
4.66717842382 1412725101.71
4.68547920098 1412725102.0
4.66606481625 1412725102.28
4.68382892478 1412725102.58
4.64977117313 1412725102.87
4.6480138162 1412725103.13
4.61567672478 1412725103.42
4.63274159656 1412725103.7
4.61426716373 1412725104.01
4.59549667899 1412725104.32
4.57255254494 1412725104.68
4.49176006282 1412725105.04
4.46034825474 1412725105.32
4.47083602445 1412725105.6
4.45523169045 1412725105.93
4.46317792267 1412725106.26
4.43009106485 1412725106.52
4.44045829393 1412725106.79
4.4569022054 1412725107.05
4.42237846253 1412725107.39
4.3929385988 1412725107.72
4.38922689311 1412725108.03
4.36092441456 1412725108.31
4.32966062573 1412725108.56
4.34198169004 1412725108.81
4.35229364774 1412725109.07
4.32521012182 1412725109.33
4.33554600532 1412725109.59
4.31341002728 1412725109.83
4.32369539282 1412725110.09
4.29616938417 1412725110.35
4.26705817662 1412725110.59
4.28093660417 1412725110.86
4.23372013564 1412725111.12
4.19876125695 1412725111.35
4.20956034841 1412725111.59
4.15769960899 1412725111.86
4.1559028023 1412725112.11
