33.0094518672 1412722369.16
33.2401616611 1412722369.28
33.2234382903 1412722369.43
35.0650202952 1412722369.56
36.1212250623 1412722369.68
38.4405767143 1412722369.83
40.1422972586 1412722369.94
38.3901536619 1412722370.08
39.4004037619 1412722370.22
40.3080668697 1412722370.34
40.3477970376 1412722370.48
39.4464161577 1412722370.6
39.2175945143 1412722370.71
37.9090129653 1412722370.82
30.6184914838 1412722370.95
18.4086174489 1412722371.07
33.9775805233 1412722371.26
35.3749966372 1412722371.43
35.8014417185 1412722371.57
36.8572317848 1412722371.74
38.3428606285 1412722371.93
39.5396416019 1412722372.16
40.4400184506 1412722372.31
41.0771966141 1412722372.45
42.3781776405 1412722372.6
43.4964605209 1412722372.76
43.5645193048 1412722372.91
44.1149467256 1412722373.03
44.398254063 1412722373.24
44.9674473806 1412722373.39
45.4824808122 1412722373.53
45.9600920284 1412722373.69
46.282879579 1412722373.86
46.2563066178 1412722374.02
45.9993281041 1412722374.15
47.1993692532 1412722374.37
46.7487088151 1412722374.52
46.8374204494 1412722374.67
46.9545459898 1412722374.84
46.5152784638 1412722374.99
47.0896661872 1412722375.14
46.1199837123 1412722375.39
46.904415654 1412722375.55
46.9360152959 1412722375.7
47.2739080756 1412722375.89
47.1555352163 1412722376.07
47.4618812731 1412722376.25
46.9356491017 1412722376.45
47.76368167 1412722376.65
47.4725434746 1412722376.86
48.4340632466 1412722377.05
48.8304130443 1412722377.25
49.4934696992 1412722377.47
50.101316888 1412722377.65
50.3159614153 1412722377.82
50.7525454333 1412722378.0
51.8297505157 1412722378.21
52.3315255519 1412722378.39
50.6572850125 1412722378.59
51.1994941069 1412722378.8
51.5598047357 1412722378.99
51.242188511 1412722379.17
51.5299400684 1412722379.42
51.6989939621 1412722379.69
51.7152743657 1412722379.87
50.9206985032 1412722380.06
50.9943516775 1412722380.37
50.9831405503 1412722380.63
50.8357646462 1412722380.93
50.7774633878 1412722381.12
50.9863065274 1412722381.35
51.0169767776 1412722381.6
51.0457906076 1412722381.86
51.0727583557 1412722382.11
51.0986015813 1412722382.29
51.1231632528 1412722382.49
51.377461517 1412722382.81
51.3762180289 1412722383.06
51.3751825227 1412722383.27
51.3743251428 1412722383.51
51.3734753374 1412722383.75
51.3728118721 1412722383.95
51.307092691 1412722384.15
51.3081883413 1412722384.41
51.3093372586 1412722384.64
51.3105540259 1412722384.86
51.3119275275 1412722385.1
51.3134241559 1412722385.3
51.3861456159 1412722385.5
52.1270581957 1412722385.73
52.1306515785 1412722385.91
52.8317996504 1412722386.09
52.8310893107 1412722386.27
52.8303924524 1412722386.48
52.8297232772 1412722386.69
52.828960924 1412722386.88
52.7934814632 1412722387.1
52.7898417269 1412722387.31
52.78606885 1412722387.51
52.7825862576 1412722387.71
52.7790710335 1412722387.94
52.7757472763 1412722388.16
52.772427089 1412722388.34
52.7692874787 1412722388.56
52.7661781473 1412722388.75
52.7632728982 1412722388.98
52.2893753404 1412722389.22
52.2902939585 1412722389.41
52.2924242024 1412722389.6
52.2958210417 1412722389.82
52.3006087638 1412722390.03
52.3066896835 1412722390.22
51.682160364 1412722390.4
51.7263785312 1412722390.61
51.8238830432 1412722390.82
51.5563260906 1412722391.02
51.6092608757 1412722391.19
51.1875753862 1412722391.4
51.2708840084 1412722391.61
52.1084591836 1412722391.81
52.1938065269 1412722391.98
52.4757956888 1412722392.22
52.6504090361 1412722392.44
52.7469844629 1412722392.61
52.844932522 1412722392.8
52.9501937899 1412722393.01
52.1764540606 1412722393.22
52.0826993945 1412722393.4
50.8206300878 1412722393.6
50.7123167712 1412722393.81
50.7113620338 1412722394.01
50.6330628927 1412722394.2
50.5496173642 1412722394.42
50.4604994737 1412722394.62
50.3656791131 1412722394.81
48.9389558431 1412722395.01
49.1312332679 1412722395.23
49.1237397346 1412722395.44
49.1174058176 1412722395.64
49.1120520066 1412722395.85
49.1079400123 1412722396.08
49.1048715898 1412722396.27
49.1029375519 1412722396.46
48.6498733578 1412722396.66
48.8497288788 1412722396.91
46.9584692318 1412722397.29
46.9432990137 1412722397.6
46.9292199591 1412722397.86
46.9164832871 1412722398.06
46.9050109594 1412722398.28
46.8948537244 1412722398.48
46.6912971459 1412722398.68
46.9000430006 1412722398.87
46.8489360024 1412722399.08
44.7255850809 1412722399.3
44.7109229389 1412722399.5
44.6972849589 1412722399.69
44.6848658494 1412722399.91
44.6730210113 1412722400.11
44.6623366051 1412722400.3
45.0530249353 1412722400.51
45.0645053117 1412722400.73
45.0576579755 1412722400.94
45.0689978098 1412722401.15
44.6312791444 1412722401.35
44.878221762 1412722401.56
44.9105421453 1412722401.76
44.4573697578 1412722401.98
44.4411120959 1412722402.18
44.42547116 1412722402.41
44.4104657946 1412722402.62
44.3958977264 1412722402.83
44.3821206916 1412722403.03
44.3687197416 1412722403.26
44.3559540517 1412722403.47
44.3437468222 1412722403.67
42.8495034333 1412722403.88
42.8235067087 1412722404.1
42.7976301297 1412722404.31
42.771690083 1412722404.52
42.7458024113 1412722404.74
42.7201172937 1412722404.93
42.6942810848 1412722405.14
42.7605156878 1412722405.35
43.1872130021 1412722405.57
43.1506653916 1412722405.8
43.1141145473 1412722406.01
43.0775566173 1412722406.22
43.0410397745 1412722406.43
46.3890167862 1412722406.62
46.3658605052 1412722406.84
46.3433825291 1412722407.06
46.3213945172 1412722407.27
46.3000292519 1412722407.49
47.0079050103 1412722407.71
46.9818798772 1412722407.93
46.2589619131 1412722408.12
46.2499844547 1412722408.31
47.053530064 1412722408.52
47.011540217 1412722408.76
