13.0241569874 1412737703.95
13.0223615398 1412737705.09
13.0014506471 1412737706.21
12.8638178723 1412737707.33
12.3132482424 1412737708.44
12.4232119752 1412737709.57
12.5132919446 1412737710.73
12.4193746024 1412737711.95
12.1735767781 1412737713.14
12.2854609007 1412737714.32
12.2133691895 1412737715.56
12.194228209 1412737716.77
12.0604501624 1412737718.04
12.0240209072 1412737719.23
12.0364443184 1412737720.51
12.1741497878 1412737721.85
12.1246412128 1412737723.01
12.1166509473 1412737724.17
12.1292768507 1412737725.3
12.0769176875 1412737726.44
12.0212659212 1412737727.46
12.0585479333 1412737728.55
11.6808094427 1412737729.59
11.3359623145 1412737730.7
11.0312569738 1412737731.78
10.6560458475 1412737732.88
10.2805426319 1412737733.98
10.0536499227 1412737735.04
9.72668541828 1412737736.15
9.52002920515 1412737737.41
9.46458939893 1412737738.68
8.97548025494 1412737740.23
8.55443824699 1412737741.42
8.28286720672 1412737742.6
8.00944978339 1412737743.75
7.70715727259 1412737744.94
7.51439514803 1412737746.11
7.28494876024 1412737747.33
7.10046049215 1412737748.52
6.98125345158 1412737749.69
6.83281199193 1412737750.86
6.87704677816 1412737752.04
6.76679260576 1412737753.28
6.63980527082 1412737754.47
6.41210987119 1412737755.6
6.4454034751 1412737756.79
6.40239394972 1412737758.0
6.38483754816 1412737759.18
6.32568827841 1412737760.42
6.32285713496 1412737761.56
6.35301239478 1412737762.65
6.26340193316 1412737763.84
6.30731303307 1412737764.93
6.38160422352 1412737766.08
6.31887645516 1412737767.26
6.30267691718 1412737768.4
6.33710498757 1412737769.52
6.2550834138 1412737770.7
6.27089785019 1412737771.85
6.1889733739 1412737773.06
6.19916385173 1412737774.17
6.11541847842 1412737775.29
6.11286351933 1412737776.44
6.14416356866 1412737777.6
6.16972305271 1412737778.8
6.1533842525 1412737779.94
6.10426269781 1412737781.06
6.09612630829 1412737782.2
5.9535809729 1412737783.36
5.99213724345 1412737784.49
5.92766946076 1412737785.63
5.95290309416 1412737786.81
5.92043852509 1412737787.97
5.81979995676 1412737789.08
5.67825102423 1412737790.2
5.72148699922 1412737791.32
5.66803739205 1412737792.44
5.64237582221 1412737793.64
5.66704296782 1412737794.76
5.57706705719 1412737795.91
5.59395368126 1412737797.03
5.58788477824 1412737798.15
5.54702042186 1412737799.26
5.5183823026 1412737800.39
5.52378723173 1412737801.44
5.55948226439 1412737802.54
5.40624170636 1412737803.6
5.32302916729 1412737804.67
5.29462639659 1412737805.76
5.22140563453 1412737806.88
5.20445342937 1412737807.97
5.18044697716 1412737809.03
5.1209205164 1412737810.06
5.03179648192 1412737811.14
5.04810756094 1412737812.25
5.05021655892 1412737813.39
4.9925245859 1412737814.43
4.97068362175 1412737815.54
4.87586529119 1412737816.61
4.91160468248 1412737817.7
4.82168768069 1412737818.78
4.9362563925 1412737819.92
4.86887609292 1412737821.08
4.88131199788 1412737822.13
4.81586964825 1412737823.18
4.80390988012 1412737824.21
4.81017818262 1412737825.22
4.7344481993 1412737826.31
4.72121328655 1412737827.41
4.61057923662 1412737828.49
4.61761593988 1412737829.56
4.62041839988 1412737830.59
4.50046269447 1412737831.61
4.53377190841 1412737832.67
4.47706923283 1412737833.74
4.46771418322 1412737834.79
4.44139620289 1412737835.85
4.38757177726 1412737836.86
4.39639275288 1412737837.93
4.37607239916 1412737838.95
4.38250380492 1412737840.03
4.39926824528 1412737841.09
4.40545910696 1412737842.12
4.44335900073 1412737843.16
4.45505264287 1412737844.25
4.48849596407 1412737845.3
4.43924281411 1412737846.38
4.4685854345 1412737847.42
4.45437699542 1412737848.49
4.44916267785 1412737849.54
4.46352210921 1412737850.58
4.45149545356 1412737851.63
4.44187246844 1412737852.71
4.458254752 1412737853.82
4.47535708261 1412737854.9
4.48497464438 1412737856.05
4.48876468259 1412737857.17
4.47204199438 1412737858.33
4.46107438932 1412737859.57
4.46051287178 1412737860.73
4.48008849423 1412737861.83
4.46790000487 1412737862.94
4.44517838941 1412737864.05
4.50516304169 1412737865.18
4.49575167042 1412737866.29
4.53227961007 1412737867.4
4.5380257031 1412737868.54
4.54767725386 1412737869.65
4.55431208792 1412737870.75
4.55321434428 1412737871.86
4.54953549671 1412737872.96
4.55539830211 1412737874.12
4.56670490819 1412737875.28
4.56692790267 1412737876.38
4.60269924055 1412737877.46
4.54722271473 1412737878.56
4.61155152457 1412737879.73
4.60718421297 1412737880.82
4.58637536564 1412737881.92
4.55770492795 1412737883.02
4.58540502326 1412737884.13
4.58744210487 1412737885.25
4.55771752051 1412737886.37
4.58523280184 1412737887.53
4.61446327453 1412737888.64
4.57257597388 1412737889.75
4.59417134436 1412737890.88
4.60574860552 1412737892.02
4.59642497688 1412737893.17
4.57131818665 1412737894.28
4.60220041487 1412737895.39
4.62004892401 1412737896.5
4.61694337956 1412737897.6
4.59410537167 1412737898.67
4.59203239794 1412737899.77
4.5954894405 1412737900.89
4.60764922466 1412737901.98
4.60239162971 1412737903.06
4.6274458802 1412737904.24
4.61128699561 1412737905.34
4.59183650752 1412737906.5
4.58605915214 1412737907.59
4.61691095834 1412737908.81
4.59439806327 1412737909.85
4.59088722638 1412737910.91
4.633750226 1412737912.0
4.64580723326 1412737913.12
4.62207856464 1412737914.22
4.6510830722 1412737915.3
4.64270939095 1412737916.39
4.65615382405 1412737917.57
4.66183774523 1412737918.84
4.65665290814 1412737920.08
4.66695349634 1412737921.28
4.66246328737 1412737922.43
4.65963027406 1412737923.63
4.61057852154 1412737924.83
4.61817650181 1412737925.98
4.6722854747 1412737927.2
4.62241847809 1412737928.42
