16.9255110777 1412724876.53
16.7422155245 1412724876.83
16.7223906238 1412724877.12
16.7993093064 1412724877.45
16.6458886262 1412724877.73
16.1167268769 1412724878.02
15.9386550453 1412724878.3
15.4245324612 1412724878.6
14.8142686206 1412724878.89
14.525959364 1412724879.17
13.8270466108 1412724879.43
13.0957971542 1412724879.71
12.4419164268 1412724879.97
12.3660696073 1412724880.25
11.7406209515 1412724880.5
11.5378328101 1412724880.8
11.0818860021 1412724881.07
10.9072887955 1412724881.35
10.7491857589 1412724881.62
10.7678200221 1412724881.87
10.5690808318 1412724882.16
10.5099860571 1412724882.42
10.6079431924 1412724882.7
10.5294868613 1412724882.98
10.2277410277 1412724883.27
10.146290514 1412724883.58
10.0342252694 1412724883.85
9.88303856379 1412724884.13
9.79063192439 1412724884.42
9.62689982244 1412724884.68
9.2511330794 1412724884.99
9.180337627 1412724885.28
9.0113961671 1412724885.55
8.89413514388 1412724885.82
8.78454012843 1412724886.08
8.73018654851 1412724886.34
8.42415421135 1412724886.62
8.31981913803 1412724886.89
8.24056877589 1412724887.15
8.04103568162 1412724887.45
7.98611857497 1412724887.74
7.9044484192 1412724888.01
7.99019261549 1412724888.28
7.9257446468 1412724888.56
7.86699731872 1412724888.83
7.95557237778 1412724889.1
7.99854601485 1412724889.38
7.96682465772 1412724889.63
7.90922816719 1412724889.9
7.88817232568 1412724890.18
7.9026057159 1412724890.44
7.80036060047 1412724890.71
7.69545687564 1412724890.97
7.62602182154 1412724891.25
7.66541781816 1412724891.51
7.54974520766 1412724891.79
7.33545720308 1412724892.06
7.31761388938 1412724892.34
7.17794339164 1412724892.58
7.14904997814 1412724892.86
7.0609371089 1412724893.13
6.8526351375 1412724893.39
6.80198909614 1412724893.68
6.76423262846 1412724893.91
6.79897442882 1412724894.17
6.76202856763 1412724894.42
6.82514781812 1412724894.67
6.76978399671 1412724894.91
6.76136416456 1412724895.19
6.71561587177 1412724895.46
6.70287197398 1412724895.71
6.6834894607 1412724895.97
6.61084295325 1412724896.22
6.57180584112 1412724896.48
6.47717804159 1412724896.74
6.55007834414 1412724897.0
6.45120698544 1412724897.27
6.45560223806 1412724897.52
6.46679203738 1412724897.78
6.5648308291 1412724898.03
6.50059520573 1412724898.28
6.49305354004 1412724898.54
6.55781834888 1412724898.82
6.45813095233 1412724899.1
6.51774751602 1412724899.35
6.40524575314 1412724899.61
6.40820210539 1412724899.86
6.33746520773 1412724900.13
6.32736808682 1412724900.4
6.30795498806 1412724900.66
6.32798365462 1412724900.94
6.28272737102 1412724901.22
6.26918241666 1412724901.47
6.25533883648 1412724901.74
6.26653022406 1412724901.97
6.2264292054 1412724902.23
6.23746487701 1412724902.5
6.13380349743 1412724902.78
6.14978548317 1412724903.07
6.04891104306 1412724903.35
6.02495161348 1412724903.62
6.0363441028 1412724903.89
6.00390166686 1412724904.16
6.02391073558 1412724904.43
5.97451062915 1412724904.7
5.99398777036 1412724904.94
6.00973368442 1412724905.16
6.07999225802 1412724905.42
6.09375086732 1412724905.67
6.10348059285 1412724905.89
6.0990322872 1412724906.14
6.05081713613 1412724906.36
6.02233485045 1412724906.6
5.9775927893 1412724906.85
5.99112106677 1412724907.09
5.9757735127 1412724907.31
5.9707804802 1412724907.58
5.98449077748 1412724907.84
5.92726102569 1412724908.07
5.96571036625 1412724908.32
5.93852827181 1412724908.54
5.92894343424 1412724908.8
5.89978562017 1412724909.04
5.87492444625 1412724909.28
5.84947368684 1412724909.53
5.86754006779 1412724909.76
5.87538691496 1412724910.01
5.85325315797 1412724910.28
5.85152116135 1412724910.53
5.83080897421 1412724910.81
5.8225989606 1412724911.04
5.79327066308 1412724911.31
5.81067767488 1412724911.57
5.85235155683 1412724911.84
5.86031066804 1412724912.08
5.87119941723 1412724912.34
5.88163952219 1412724912.59
5.85992124038 1412724912.83
5.83100090419 1412724913.07
5.81241684089 1412724913.35
5.7862027784 1412724913.6
5.835054989 1412724913.84
5.84511909244 1412724914.08
5.82472274844 1412724914.33
5.80390226459 1412724914.56
5.78589493314 1412724914.82
5.76634734288 1412724915.05
5.6382340921 1412724915.28
5.69857454391 1412724915.53
5.71453615534 1412724915.79
5.74120208024 1412724916.03
5.70522937913 1412724916.29
5.71139029672 1412724916.53
5.72063844941 1412724916.8
5.70334914966 1412724917.04
5.71252517592 1412724917.29
5.72142323236 1412724917.52
5.70506164258 1412724917.78
5.7139012052 1412724918.02
5.69119614665 1412724918.26
5.68160885961 1412724918.51
5.69314405384 1412724918.75
5.70434346388 1412724918.98
5.71489068852 1412724919.22
5.57544475735 1412724919.44
5.57981867119 1412724919.69
5.48527740859 1412724919.93
5.36680064681 1412724920.2
5.36556254532 1412724920.48
5.35238111854 1412724920.71
5.33541272894 1412724920.94
5.34120596505 1412724921.19
5.32761143447 1412724921.44
5.29343626688 1412724921.68
5.28174252753 1412724921.93
5.28269067378 1412724922.19
5.29653244516 1412724922.44
5.27516156616 1412724922.71
5.28743378513 1412724922.95
5.27719832734 1412724923.21
5.28111297103 1412724923.46
5.27007681726 1412724923.72
5.20240081183 1412724923.96
5.19035741501 1412724924.21
5.17809214049 1412724924.46
5.23374822162 1412724924.74
5.1688058548 1412724924.96
5.16075884552 1412724925.22
5.12938898408 1412724925.47
5.22754449354 1412724925.73
5.21839546533 1412724925.98
5.09949721348 1412724926.21
5.08729829336 1412724926.45
5.03009769626 1412724926.7
5.07890637115 1412724926.94
5.08293886032 1412724927.2
5.07101303645 1412724927.45
5.07527534884 1412724927.69
5.07634920731 1412724927.93
5.0818388623 1412724928.17
