2.83424933329 1412735060.08
3.11278338063 1412735061.08
3.40667492796 1412735062.04
3.53402017791 1412735063.0
3.85587787666 1412735063.98
4.16726941131 1412735065.01
4.36874427892 1412735065.99
4.66303128138 1412735066.96
4.82809431719 1412735067.93
5.01927303342 1412735068.88
5.23001438116 1412735069.82
5.33737350123 1412735070.76
5.55848542295 1412735071.69
5.62754265547 1412735072.68
5.68494152522 1412735073.62
5.80218882505 1412735074.53
5.8094554184 1412735075.47
5.96957905831 1412735076.43
6.04638289159 1412735077.37
6.00025339145 1412735078.31
6.03452689214 1412735079.25
5.96084935155 1412735080.17
5.94593518091 1412735081.07
5.94108206958 1412735082.01
5.898834578 1412735082.91
5.96527998758 1412735083.81
5.94905427486 1412735084.72
5.97447587764 1412735085.62
6.00637093625 1412735086.5
6.01900348354 1412735087.4
6.03816430276 1412735088.33
6.01122706463 1412735089.23
6.02390041284 1412735090.09
6.05716718437 1412735091.01
6.03792945372 1412735091.95
6.04757554877 1412735092.84
6.09721166758 1412735093.77
6.21055991131 1412735094.69
6.27887189971 1412735095.63
6.37163523171 1412735096.51
6.47253971801 1412735097.38
6.56486950266 1412735098.28
6.65991271302 1412735099.16
6.70688773908 1412735100.08
6.79403643687 1412735100.97
6.81315909281 1412735101.88
6.86845774413 1412735102.79
6.88720858801 1412735103.7
6.86729864266 1412735104.57
6.89631055432 1412735105.48
6.90400624253 1412735106.38
6.94368452047 1412735107.25
6.9328642396 1412735108.23
6.92493224647 1412735109.13
6.9194684615 1412735110.03
6.90411156724 1412735110.99
6.89867298226 1412735111.89
6.85874291219 1412735112.79
6.8610826155 1412735113.68
6.8791380924 1412735114.62
6.87100350947 1412735115.55
6.92929643422 1412735116.44
6.94679942526 1412735117.34
6.9418877158 1412735118.21
6.93421239298 1412735119.08
6.92429387431 1412735119.97
6.91658539369 1412735120.85
6.90556580913 1412735121.76
6.89795654747 1412735122.71
6.89028909788 1412735123.63
6.88257771439 1412735124.53
6.88281478613 1412735125.42
6.87260243957 1412735126.26
6.87381732237 1412735127.15
6.87687451426 1412735128.02
6.92245504602 1412735128.95
6.91501908376 1412735129.84
6.90746749512 1412735130.73
6.87531159467 1412735131.59
6.86623418929 1412735132.5
6.87217403191 1412735133.42
6.88036964274 1412735134.32
6.86742540629 1412735135.22
6.87583470626 1412735136.1
6.88432898607 1412735136.97
6.90819573989 1412735137.9
6.93065125585 1412735138.79
6.95364863768 1412735139.67
6.90101897647 1412735140.56
6.82429532214 1412735141.47
6.68578305754 1412735142.34
6.51657835179 1412735143.24
6.33295288176 1412735144.11
6.2228889899 1412735145.02
6.13722277596 1412735145.88
6.18207934513 1412735146.76
6.27563119559 1412735147.72
6.11307615911 1412735148.61
6.10934235498 1412735149.5
6.1827867403 1412735150.38
6.18088087087 1412735151.3
6.22228788115 1412735152.2
6.26302361186 1412735153.24
6.18425806373 1412735154.19
6.21920890722 1412735155.06
6.23870945421 1412735155.95
6.18541217966 1412735156.85
6.20362248055 1412735157.78
6.22405437689 1412735158.67
6.23596700916 1412735159.58
6.196553608 1412735160.51
6.15812293024 1412735161.38
6.08185827123 1412735162.3
6.01695111817 1412735163.24
5.91934982587 1412735164.22
5.79211730948 1412735165.22
5.65921472543 1412735166.19
5.51237911476 1412735167.13
5.45825423748 1412735168.05
5.36137305536 1412735168.98
5.34971809081 1412735169.92
5.34978283547 1412735170.87
5.34385267043 1412735171.81
5.34662227118 1412735172.71
5.32177856612 1412735173.61
5.42823859089 1412735174.53
5.28589341659 1412735175.51
5.26536090044 1412735176.44
5.2049438335 1412735177.38
5.1835495925 1412735178.35
5.20406278984 1412735179.37
5.13766901093 1412735180.33
5.18796529185 1412735181.33
5.1046183432 1412735182.32
5.09308244918 1412735183.28
5.0752828731 1412735184.27
5.06184163466 1412735185.25
5.02169914784 1412735186.21
4.98302039004 1412735187.27
4.96721837513 1412735188.23
4.91384875229 1412735189.19
4.90086596091 1412735190.13
4.88108126939 1412735191.03
4.86838533065 1412735191.95
4.8685295159 1412735192.87
4.84948508454 1412735193.81
4.859155384 1412735194.75
4.79162129369 1412735195.67
4.80313719816 1412735196.56
4.78472898729 1412735197.47
4.78835202631 1412735198.38
4.76084596928 1412735199.28
4.77086489667 1412735200.18
4.72996614321 1412735201.22
4.73957715623 1412735202.12
4.75528624121 1412735203.09
4.73947534588 1412735204.03
4.72263579828 1412735204.94
4.69911613522 1412735205.87
4.66110234048 1412735206.8
4.66524780721 1412735207.78
4.6221136239 1412735208.78
4.6461974942 1412735209.72
4.6559073752 1412735210.64
4.66031244331 1412735211.64
4.63848818922 1412735212.63
4.61606894126 1412735213.66
4.5615426926 1412735214.66
4.56848259803 1412735215.7
4.5385545807 1412735216.71
4.51520206889 1412735217.75
4.52619718675 1412735218.78
4.50806717367 1412735219.84
4.49709207062 1412735220.87
4.4639994109 1412735221.94
4.46838480165 1412735222.99
4.43632884368 1412735224.1
4.40388564191 1412735225.19
4.36957547207 1412735226.31
4.31924162494 1412735227.48
4.26250947416 1412735228.47
4.2648491622 1412735229.42
4.26400412358 1412735230.4
4.23512844152 1412735231.37
4.24577666476 1412735232.37
4.23935478455 1412735233.38
4.21184355384 1412735234.37
4.2055525122 1412735235.34
4.1839811032 1412735236.29
4.18482091433 1412735237.23
4.1990466534 1412735238.14
4.17863753244 1412735239.07
4.14310342133 1412735240.0
4.12742597784 1412735240.96
4.10223585667 1412735241.91
4.10535534497 1412735242.84
4.08868928136 1412735243.8
4.07257281427 1412735244.72
4.08127188073 1412735245.66
4.0676494529 1412735246.64
