25.9386723072 1412721799.19
25.8196972392 1412721799.31
25.617006668 1412721799.41
25.6341395908 1412721799.51
25.407191296 1412721799.63
25.4242028402 1412721799.73
25.4699057777 1412721799.82
25.2987600396 1412721799.92
25.2672235831 1412721800.02
25.1112779436 1412721800.11
25.1466826889 1412721800.21
25.1124977865 1412721800.32
24.8845145271 1412721800.42
24.6919324751 1412721800.53
24.5562330027 1412721800.63
24.5627218736 1412721800.73
24.3470427769 1412721800.82
24.1010526408 1412721800.92
23.6762866058 1412721801.03
23.7094653677 1412721801.12
23.4711232034 1412721801.23
23.3599763892 1412721801.34
23.2298322208 1412721801.44
23.0235012537 1412721801.55
22.7949002777 1412721801.65
22.549095135 1412721801.77
22.2294415153 1412721801.86
22.1885578855 1412721801.97
22.4316122934 1412721802.06
22.2174055213 1412721802.16
22.0919818817 1412721802.25
22.079625728 1412721802.34
22.2418020571 1412721802.44
22.4806840391 1412721802.54
22.091439906 1412721802.63
22.0232506903 1412721802.72
21.9175740345 1412721802.81
21.8172153635 1412721802.89
21.8230767956 1412721802.97
21.6535003358 1412721803.07
21.3405911659 1412721803.17
21.1953048737 1412721803.26
20.6620656217 1412721803.37
20.003943537 1412721803.46
19.58342182 1412721803.55
19.7132612548 1412721803.65
19.4370435674 1412721803.75
19.2697599236 1412721803.85
18.5793673361 1412721803.97
18.5385515493 1412721804.07
18.3865251089 1412721804.17
18.1942003244 1412721804.26
17.8824321532 1412721804.36
17.4059174296 1412721804.48
17.2601265353 1412721804.59
16.9825390672 1412721804.69
16.9093908523 1412721804.79
16.9032806711 1412721804.89
16.900005005 1412721804.98
16.8339948632 1412721805.07
16.2400664988 1412721805.22
16.6874635082 1412721805.35
16.7039790876 1412721805.49
16.6436019335 1412721805.67
16.5553993322 1412721805.75
16.3529687589 1412721805.85
16.310482271 1412721805.95
16.1223151778 1412721806.07
15.5263574175 1412721806.15
15.2931363241 1412721806.24
15.2151883725 1412721806.36
15.211033262 1412721806.46
15.1614864988 1412721806.54
15.2443399737 1412721806.62
15.0701173306 1412721806.71
15.0223842947 1412721806.81
14.9696507704 1412721806.9
14.9240277703 1412721806.98
14.6006876257 1412721807.07
14.5294800362 1412721807.16
14.0158746981 1412721807.29
13.7629713662 1412721807.45
13.7392774166 1412721807.62
13.6391994496 1412721807.72
12.9786182649 1412721807.82
12.9614320808 1412721807.93
12.358021766 1412721808.04
12.7795362456 1412721808.13
12.260557206 1412721808.25
12.6730374944 1412721808.35
12.2839699734 1412721808.44
11.3345241031 1412721808.53
11.2565686742 1412721808.64
11.2563495636 1412721808.8
11.257337972 1412721809.01
11.0695415356 1412721809.14
11.0535457215 1412721809.28
11.0190974658 1412721809.44
11.0222549163 1412721809.58
10.727883699 1412721809.73
10.6831956029 1412721809.85
10.9232954011 1412721809.94
10.4840516512 1412721810.05
10.4710705782 1412721810.19
10.4403617892 1412721810.32
10.4464777456 1412721810.46
10.169491141 1412721810.59
10.3326272311 1412721810.69
9.91438703446 1412721810.79
10.4060381959 1412721810.92
10.4186689255 1412721811.01
9.91928993825 1412721811.11
9.65613150237 1412721811.24
10.1935877504 1412721811.4
9.5853985666 1412721811.49
9.79347349703 1412721811.66
9.72295419726 1412721811.75
9.53391157557 1412721811.88
9.40851153049 1412721811.96
9.05861884777 1412721812.08
8.80138947899 1412721812.21
8.72458603161 1412721812.34
8.43152773522 1412721812.43
8.29326789286 1412721812.55
7.81974761168 1412721812.64
7.82451554666 1412721812.74
7.84212196042 1412721812.87
7.78747515108 1412721813.09
7.77577410506 1412721813.25
7.88421613592 1412721813.46
7.86435378613 1412721813.61
7.88574893251 1412721813.84
7.9343344315 1412721814.09
8.13562225994 1412721814.27
8.16178585031 1412721814.48
8.1197572625 1412721814.64
8.14380599176 1412721814.83
8.16806575326 1412721814.93
7.95586261123 1412721815.02
7.97131367055 1412721815.16
7.83588609025 1412721815.27
7.97443273359 1412721815.38
7.83614121051 1412721815.49
7.81467924771 1412721815.59
7.92096159978 1412721815.72
7.93114471346 1412721815.83
7.92063306659 1412721815.95
7.87542110656 1412721816.09
7.89772228318 1412721816.17
7.94068548063 1412721816.29
7.72175269774 1412721816.39
7.6926059345 1412721816.48
7.66938394595 1412721816.58
7.61503186405 1412721816.69
7.14026907512 1412721816.78
7.10421342853 1412721816.89
6.95237992923 1412721817.02
7.09195326733 1412721817.12
7.10584318919 1412721817.22
6.93674996935 1412721817.33
6.94786876766 1412721817.44
6.95908938799 1412721817.52
7.12194819086 1412721817.64
6.95066209829 1412721817.75
7.02621740616 1412721817.84
6.93294177262 1412721817.95
6.94415177149 1412721818.06
6.92554666442 1412721818.16
6.94136638038 1412721818.27
6.92314984861 1412721818.4
6.8831171611 1412721818.5
6.92559605364 1412721818.61
6.88097856036 1412721818.7
6.86851872558 1412721818.79
6.90996601776 1412721818.91
6.89395311165 1412721819.08
6.85287315392 1412721819.23
6.92129819248 1412721819.43
6.84533684604 1412721819.56
6.80880893781 1412721819.7
6.87187280501 1412721819.83
6.83044125797 1412721820.07
6.86244174757 1412721820.22
6.84835062708 1412721820.43
6.99268630555 1412721820.59
6.97956066909 1412721820.71
7.00932997467 1412721820.93
6.98140175738 1412721821.09
7.17717525469 1412721821.22
7.16341291698 1412721821.32
6.9329861211 1412721821.44
6.91739936786 1412721821.54
6.31260959532 1412721821.67
6.30852598654 1412721821.79
6.30442008403 1412721821.88
6.19904950193 1412721822.0
6.28964286713 1412721822.1
6.18384317282 1412721822.21
6.15733770325 1412721822.34
6.14781976713 1412721822.46
