6.92433031945 1412725489.49
7.06345245499 1412725489.79
7.00880657011 1412725490.09
6.95145991018 1412725490.41
6.85413968085 1412725490.71
6.46877865958 1412725491.0
6.45428141827 1412725491.3
6.15733643503 1412725491.62
5.88575836406 1412725491.9
5.63863916703 1412725492.2
5.36003481484 1412725492.5
5.39013698752 1412725492.79
5.56745757203 1412725493.08
5.63352135415 1412725493.36
5.72782162593 1412725493.68
5.58399896573 1412725493.98
5.48312741489 1412725494.26
5.55650523941 1412725494.55
5.41492966035 1412725494.84
5.38185918949 1412725495.13
5.36766924878 1412725495.43
5.39004113242 1412725495.72
5.19252622008 1412725495.99
5.1517449774 1412725496.26
4.93251458433 1412725496.52
5.05270701706 1412725496.8
5.0776056944 1412725497.08
5.64751141352 1412725497.36
5.68906070839 1412725497.67
5.4812330216 1412725497.97
4.72937571793 1412725498.26
5.43492963017 1412725498.55
5.4978864809 1412725498.83
5.54625721076 1412725499.1
5.59508725237 1412725499.39
5.43858843007 1412725499.66
5.1904418695 1412725499.97
5.20431770862 1412725500.27
5.25374693242 1412725500.58
5.31812958088 1412725500.87
5.33953927962 1412725501.16
5.41567933078 1412725501.45
5.45861827709 1412725501.77
5.3763870413 1412725502.08
5.3440771555 1412725502.36
5.43772185772 1412725502.64
5.55659959046 1412725502.95
5.6416161073 1412725503.24
5.67158762473 1412725503.54
5.68669081238 1412725503.88
5.73790473536 1412725504.21
5.71122304804 1412725504.55
5.58488181552 1412725504.86
5.55265907169 1412725505.16
5.48866125508 1412725505.44
5.46216267493 1412725505.74
5.44924894421 1412725506.03
5.44333268718 1412725506.32
5.40945177169 1412725506.62
5.35550161692 1412725506.93
5.09617514303 1412725507.21
5.11323279366 1412725507.51
5.14288207758 1412725507.81
5.15170495305 1412725508.11
5.14438552975 1412725508.42
5.11579159666 1412725508.73
5.050973334 1412725509.03
5.02177211043 1412725509.37
5.02940610441 1412725509.67
5.00688698046 1412725509.98
4.99116352479 1412725510.29
4.85573425722 1412725510.58
4.82109678152 1412725510.91
4.81090689011 1412725511.22
4.90265541688 1412725511.53
5.02323785378 1412725511.84
4.89418844667 1412725512.17
4.91356031613 1412725512.48
4.92980826838 1412725512.81
4.99610973531 1412725513.13
4.95680400438 1412725513.45
4.92673237615 1412725513.76
5.00227651749 1412725514.1
4.90181531731 1412725514.43
4.95852295595 1412725514.74
4.85284871324 1412725515.07
4.85542388046 1412725515.39
4.9159953889 1412725515.7
4.89151588277 1412725516.01
4.84788026979 1412725516.34
4.87599305548 1412725516.67
4.86884230792 1412725516.97
4.82361874913 1412725517.3
4.84703579324 1412725517.61
4.81480203724 1412725517.92
4.82413005401 1412725518.24
4.78164997465 1412725518.54
4.8284335291 1412725518.84
4.86325735824 1412725519.15
4.71592581219 1412725519.47
4.78179875974 1412725519.77
4.68036080682 1412725520.09
4.75301064229 1412725520.42
4.72513889853 1412725520.75
4.69775952806 1412725521.08
4.64334645094 1412725521.41
4.63612768418 1412725521.72
4.6270400826 1412725522.02
4.61875857344 1412725522.35
4.5491653493 1412725522.68
4.5241400763 1412725523.01
4.5226958064 1412725523.31
4.46525714977 1412725523.64
4.48488941187 1412725523.99
4.47726508694 1412725524.32
4.50254876035 1412725524.74
4.49010612025 1412725525.09
4.46439940738 1412725525.45
4.45189479502 1412725525.86
4.43954556029 1412725526.22
4.43247446929 1412725526.57
4.55071184395 1412725526.91
4.65823241528 1412725527.25
4.63393007987 1412725527.6
4.61167957708 1412725527.94
4.67511052068 1412725528.3
4.71909694305 1412725528.66
4.70760903617 1412725529.03
4.64133469077 1412725529.37
4.61844996353 1412725529.76
4.63798220714 1412725530.12
4.65160116295 1412725530.45
4.6232119478 1412725530.8
4.6138309359 1412725531.19
4.59060252041 1412725531.61
4.42549741068 1412725532.05
4.37407223125 1412725532.42
4.39647295123 1412725532.77
4.49091853451 1412725533.13
4.47829535594 1412725533.5
4.47977301085 1412725533.92
4.50485956301 1412725534.27
4.48598314266 1412725534.72
4.44900382026 1412725535.24
4.4490712248 1412725536.02
4.54700485397 1412725536.77
4.3985028354 1412725537.5
4.39810021671 1412725538.2
4.53968794874 1412725538.77
4.53866968555 1412725539.24
4.54022437783 1412725539.76
4.58277442533 1412725540.28
4.53227948308 1412725540.72
4.47820674064 1412725541.11
4.4398281446 1412725541.47
4.3926066383 1412725542.01
4.39540539199 1412725542.55
4.37509869753 1412725543.15
4.38683750421 1412725543.73
4.32422236893 1412725544.24
4.34376224219 1412725544.74
4.33789167067 1412725545.15
4.30093093381 1412725545.55
4.23091205702 1412725545.95
4.18214510178 1412725546.35
4.179041593 1412725546.79
4.12115245514 1412725547.17
4.08775074458 1412725547.5
4.13079841687 1412725547.9
4.13049002341 1412725548.3
4.14768734355 1412725548.69
4.05524232494 1412725549.04
4.15517828529 1412725549.41
4.15672977229 1412725549.86
4.10892087942 1412725550.27
4.11472261399 1412725550.76
4.06912564394 1412725551.27
4.07346475129 1412725551.83
4.0144338977 1412725552.34
3.64923959926 1412725552.85
3.8050816081 1412725553.4
3.7365399582 1412725553.88
3.72213020773 1412725554.31
3.70786336135 1412725554.7
3.69348886404 1412725555.08
3.7484642375 1412725555.49
3.6515348718 1412725555.97
3.67037343138 1412725556.8
3.1489444529 1412725557.28
3.16758307858 1412725557.77
3.11970072734 1412725558.35
3.11497117088 1412725558.76
3.11481941921 1412725559.1
2.99458286994 1412725559.53
2.94926032226 1412725559.93
2.95123308048 1412725560.34
2.95333885111 1412725560.73
2.96016765738 1412725561.2
2.96226773675 1412725561.6
2.97687372611 1412725562.01
