6.830868768 1412729289.01
7.13097235532 1412729289.69
7.08367759902 1412729290.34
7.15177468918 1412729290.95
7.12917794014 1412729291.58
7.26691879945 1412729292.18
7.12783669339 1412729292.77
7.05986963867 1412729293.39
6.90724176709 1412729294.01
7.04843910919 1412729294.66
7.05678667452 1412729295.31
7.16762166323 1412729295.95
6.98840326664 1412729296.58
7.06917889914 1412729297.18
7.03455116634 1412729297.82
7.10954840455 1412729298.45
7.2194254193 1412729299.08
7.12951764056 1412729299.73
7.09087453209 1412729300.38
6.98968025425 1412729301.04
6.97862546879 1412729301.7
7.00298976998 1412729302.36
7.0233209739 1412729303.03
6.81156039607 1412729303.68
6.6945906672 1412729304.38
6.59684205127 1412729305.08
6.40242725731 1412729305.8
6.40828971439 1412729306.55
6.34690306333 1412729307.29
6.12955177885 1412729308.06
6.0923446809 1412729308.75
5.95445261827 1412729309.4
5.88377475617 1412729310.07
5.86853498845 1412729310.7
5.67175386329 1412729311.38
5.59227574321 1412729312.04
5.67648989739 1412729312.68
5.65424838069 1412729313.34
5.59857860436 1412729313.96
5.39388023665 1412729314.61
5.24259655729 1412729315.27
5.27527421124 1412729315.87
5.15922486061 1412729316.54
5.11878248847 1412729317.17
4.93212308015 1412729317.79
4.84855391177 1412729318.39
4.73571851846 1412729319.03
4.58589078896 1412729319.65
4.48967854909 1412729320.28
4.31554022995 1412729320.88
4.3228435316 1412729321.45
4.29491838125 1412729322.04
4.22094256527 1412729322.63
4.21471813036 1412729323.25
4.21179448513 1412729323.86
4.10036170766 1412729324.45
4.15785871395 1412729325.03
3.96087764864 1412729325.63
3.97849204613 1412729326.22
3.87655477079 1412729326.84
3.90349532775 1412729327.44
3.87057557593 1412729328.01
3.79616052194 1412729328.62
3.83000221059 1412729329.3
3.74260622292 1412729329.9
3.6964159346 1412729330.52
3.844270787 1412729331.09
3.84379675706 1412729331.69
3.75905340421 1412729332.32
3.71682411476 1412729332.9
3.69316792706 1412729333.5
3.70606744803 1412729334.1
3.76094078976 1412729334.68
3.75060683378 1412729335.27
3.64022979573 1412729335.86
3.57703293284 1412729336.45
3.51794102739 1412729337.05
3.41819439064 1412729337.64
3.3588161354 1412729338.2
3.41018034602 1412729338.77
3.35334377078 1412729339.35
3.41778073319 1412729339.94
3.2925948185 1412729340.51
3.30084645496 1412729341.07
3.25577940491 1412729341.67
3.23881079638 1412729342.26
3.32842513749 1412729342.87
3.3605892504 1412729343.44
3.30802137855 1412729344.01
3.28328055507 1412729344.59
3.27970197117 1412729345.18
3.31137608755 1412729345.78
3.32931181354 1412729346.36
3.33403824033 1412729346.94
3.3132693835 1412729347.52
3.30020453796 1412729348.09
3.25867436193 1412729348.67
3.25683576998 1412729349.27
3.24243352174 1412729349.86
3.22477410172 1412729350.46
3.1925189183 1412729351.08
3.17276261892 1412729351.68
3.16236339945 1412729352.32
3.06412229814 1412729352.96
3.0574276148 1412729353.64
2.97544678103 1412729354.32
2.97577711085 1412729355.01
3.05054890345 1412729355.72
3.01855960371 1412729356.41
2.92357548772 1412729357.03
2.95155398008 1412729357.62
2.95582948171 1412729358.21
2.96114901444 1412729358.76
2.93090635208 1412729359.33
2.92088443168 1412729359.89
2.92921277911 1412729360.47
2.91135793103 1412729361.04
2.81176384046 1412729361.62
2.81701121584 1412729362.21
2.83463311195 1412729362.78
2.83092129116 1412729363.33
2.78390174807 1412729363.88
2.80693304235 1412729364.43
2.72434415629 1412729365.06
2.71265715205 1412729365.71
2.70551352941 1412729366.38
2.69760099564 1412729367.02
2.69390800308 1412729367.62
2.69056494919 1412729368.2
2.68750866867 1412729368.87
2.67047754337 1412729369.45
2.67135719112 1412729370.07
2.65409537822 1412729370.67
2.56220322457 1412729371.31
2.56086380701 1412729371.85
2.56569831876 1412729372.46
2.56193290671 1412729373.08
2.53377342476 1412729373.69
2.53002412367 1412729374.27
2.53440590227 1412729374.88
2.53051070851 1412729375.48
2.49926406784 1412729376.11
2.49528270708 1412729376.7
2.49002543473 1412729377.31
2.49293991283 1412729377.9
2.49305424528 1412729378.46
2.49712717982 1412729379.06
2.51693284939 1412729379.69
2.51778330284 1412729380.3
2.52690816211 1412729380.88
2.52035907316 1412729381.47
2.54875114265 1412729382.07
2.5052839023 1412729382.66
2.50070621843 1412729383.23
2.42062734766 1412729383.88
2.42875608774 1412729384.47
2.43034470854 1412729385.09
2.46511380185 1412729385.69
2.46590920996 1412729386.33
2.46363667382 1412729386.95
2.46614405696 1412729387.59
2.46300347772 1412729388.24
2.46547365056 1412729388.88
2.41935323112 1412729389.52
2.42622618904 1412729390.14
2.41238637856 1412729390.73
2.4196037774 1412729391.34
2.42234404266 1412729391.96
2.42370277662 1412729392.55
2.42489309266 1412729393.14
2.41328069001 1412729393.73
2.3963682003 1412729394.32
2.40037298521 1412729394.93
2.38056910729 1412729395.55
2.3835007192 1412729396.15
2.38642472864 1412729396.78
2.35463418677 1412729397.37
2.3576388411 1412729398.01
2.36060958287 1412729398.6
2.36359067539 1412729399.21
2.36166226722 1412729399.85
2.35372331112 1412729400.43
2.34579510978 1412729401.06
2.3246930333 1412729401.66
2.33399195303 1412729402.31
2.32387037922 1412729402.93
2.32018259689 1412729403.55
2.34874359923 1412729404.16
2.31902558327 1412729404.78
2.33464002775 1412729405.41
2.34409818824 1412729405.98
2.33382924125 1412729406.6
2.33043880051 1412729407.22
2.33992990838 1412729407.8
2.32957806939 1412729408.43
2.32625393298 1412729409.05
2.33571417713 1412729409.64
2.32551113032 1412729410.23
2.32229913174 1412729410.83
2.33180468862 1412729411.43
