11.3749157853 1412736267.35
11.0273252203 1412736268.46
10.7189372842 1412736269.57
10.2771331311 1412736270.6
9.82165063473 1412736271.65
9.49632935555 1412736272.63
9.25461801358 1412736273.62
9.19047177792 1412736274.59
8.89655509853 1412736275.57
8.98923133767 1412736276.51
8.87979683085 1412736277.52
8.7367824256 1412736278.48
8.57479098284 1412736279.42
8.13076558348 1412736280.41
7.9292962907 1412736281.32
7.94236044865 1412736282.24
7.66900729085 1412736283.16
7.55263248658 1412736284.07
7.28224324168 1412736285.0
7.28411389853 1412736285.91
6.89682217059 1412736287.27
6.62768130564 1412736288.33
6.57872134082 1412736289.27
6.56260783196 1412736290.2
6.37147478192 1412736291.11
6.46931178552 1412736292.05
6.13433091628 1412736292.95
5.98017145402 1412736293.92
6.03650473028 1412736294.83
5.76081650863 1412736295.74
5.76753423499 1412736296.63
5.80535587257 1412736297.52
5.65143970684 1412736298.42
5.37515575369 1412736299.31
5.23026124674 1412736300.21
5.23225033526 1412736301.12
5.10566127908 1412736302.04
5.01682699318 1412736302.93
5.02838223769 1412736303.8
4.84827708242 1412736304.67
4.76031176469 1412736305.53
4.69950938829 1412736306.43
4.62602681817 1412736307.39
4.59633366055 1412736308.24
4.60487551607 1412736309.13
4.55122292093 1412736310.04
4.43082101178 1412736310.93
4.31826165273 1412736311.81
4.2353643011 1412736312.7
4.31056419844 1412736313.56
4.42702459382 1412736314.49
4.43216340843 1412736315.39
4.39281294572 1412736316.27
4.32205470299 1412736317.15
4.13804246289 1412736318.02
4.02888445962 1412736318.86
3.90231717836 1412736319.7
3.91833074615 1412736320.59
3.79547978712 1412736321.5
3.65298250003 1412736322.38
3.83108222088 1412736323.23
3.60887001169 1412736324.11
3.86601047232 1412736324.97
3.71040029436 1412736325.86
3.58006701566 1412736326.78
3.71013928877 1412736327.7
3.53128101923 1412736328.56
3.7387346493 1412736329.45
3.48435881843 1412736330.31
3.55458751822 1412736331.16
3.78666453315 1412736332.0
3.56320338712 1412736332.86
3.28874195475 1412736333.74
3.58574184566 1412736334.61
3.20396548484 1412736335.49
3.4641581984 1412736336.33
3.1451209349 1412736337.25
3.19037038445 1412736338.09
3.33763705386 1412736338.94
3.17992908543 1412736339.8
3.37050134601 1412736340.6
3.12127699799 1412736341.45
3.30833301074 1412736342.31
3.13620258001 1412736343.15
3.14333125683 1412736343.98
3.10532746317 1412736344.87
3.07688461144 1412736345.75
3.11660372437 1412736346.59
3.08160913965 1412736347.46
3.06860839674 1412736348.33
3.07588032857 1412736349.16
3.06120876727 1412736350.0
3.03671411503 1412736350.88
3.01930808887 1412736351.74
3.01383720998 1412736352.59
2.97455449995 1412736353.44
2.94691616308 1412736354.31
2.92091302666 1412736355.16
2.92413446298 1412736355.98
2.89824158356 1412736356.85
2.87223312725 1412736357.7
2.84734777983 1412736358.52
2.84018073144 1412736359.34
2.79036066013 1412736360.2
2.74556757993 1412736361.11
2.74671583838 1412736361.94
2.69417253169 1412736362.77
2.66854154592 1412736363.6
2.64075735292 1412736364.45
2.64019829496 1412736365.31
2.60802004104 1412736366.12
2.57806769267 1412736366.97
2.56394020065 1412736367.81
2.53598818205 1412736368.63
2.5039982753 1412736369.46
2.50987325512 1412736370.32
2.50869388024 1412736371.12
2.48243308899 1412736371.94
2.48626292596 1412736372.79
2.5001220413 1412736373.61
2.46810949173 1412736374.47
2.45527728046 1412736375.32
2.46758772298 1412736376.16
2.48136986922 1412736377.08
2.51205975157 1412736377.93
2.46587095245 1412736378.73
2.46360187663 1412736379.58
2.52570769405 1412736380.47
2.44652272972 1412736381.28
2.45623618416 1412736382.1
2.49577263149 1412736382.93
2.45268285628 1412736383.74
2.45380982253 1412736384.58
2.47008736603 1412736385.49
2.45305431139 1412736386.33
2.46830840519 1412736387.15
2.46938778727 1412736388.04
2.48845409589 1412736388.9
2.50120123584 1412736389.74
2.47758594303 1412736390.58
2.50938526147 1412736391.45
2.52111656217 1412736392.27
2.48502622694 1412736393.14
2.4884544191 1412736394.06
2.4949437678 1412736394.98
2.48672523389 1412736395.88
2.49655083536 1412736396.74
2.54948153512 1412736397.63
2.52148304178 1412736398.46
2.5246588108 1412736399.34
2.51956773646 1412736400.21
2.524087758 1412736401.12
2.52851366006 1412736402.02
2.53762516601 1412736402.91
2.54584449598 1412736403.76
2.52254680047 1412736404.65
2.50161268019 1412736405.51
2.4862319793 1412736406.36
2.4797923456 1412736407.24
2.48412915709 1412736408.15
2.4576998924 1412736409.01
2.45479867329 1412736409.89
2.45514143002 1412736410.76
2.45479446503 1412736411.6
2.42519578989 1412736412.5
2.45725978 1412736413.41
2.4334145054 1412736414.3
2.42131733014 1412736415.15
2.42157212613 1412736416.01
2.41208291756 1412736416.86
2.41158729083 1412736417.72
2.4103290764 1412736418.59
2.3998841316 1412736419.47
2.37656115191 1412736420.33
2.35713210107 1412736421.25
2.3520281598 1412736422.1
2.32126829554 1412736423.02
2.29704752217 1412736423.9
2.2961319969 1412736424.76
2.28418998927 1412736425.68
2.31163837175 1412736426.59
2.30873106913 1412736427.57
2.26691126265 1412736428.48
2.26111976376 1412736429.36
2.25978808827 1412736430.26
2.25937247953 1412736431.13
2.22839472423 1412736432.0
2.21452870895 1412736432.87
2.23940262781 1412736433.77
2.22468668655 1412736434.67
2.21222735783 1412736435.55
2.22143033491 1412736436.42
2.1995955949 1412736437.28
2.19070908587 1412736438.14
2.13442621516 1412736439.04
2.09657843628 1412736439.93
2.05214236585 1412736440.82
2.03959342286 1412736441.69
2.02998545766 1412736442.54
2.02315209164 1412736443.39
