6.50801960418 1412754660.27
6.51206082083 1412754661.66
6.67467277761 1412754663.08
6.88790355045 1412754664.47
6.87031680227 1412754665.85
6.84061516699 1412754667.23
6.72118411503 1412754668.61
6.79717370065 1412754669.95
6.78591357748 1412754671.32
6.6796839685 1412754672.64
6.7352286848 1412754673.99
6.66123232894 1412754675.35
6.66809546876 1412754676.75
6.72691982926 1412754678.06
6.78985683138 1412754679.36
6.82339126403 1412754680.64
6.92788461888 1412754681.91
7.02964384105 1412754683.2
7.11168565199 1412754684.47
7.21839956404 1412754685.77
7.30015851438 1412754687.07
7.30977821866 1412754688.37
7.31210942424 1412754689.66
7.3569958257 1412754690.99
7.28384026559 1412754692.41
7.25774073808 1412754693.72
7.2113646658 1412754695.01
7.17952091294 1412754696.31
7.21486783636 1412754697.59
7.17257454498 1412754698.84
7.10550016803 1412754700.17
7.03709190226 1412754701.51
7.06939945054 1412754702.8
7.03920952039 1412754704.08
7.03000445569 1412754705.41
7.00471976206 1412754706.73
7.01693274384 1412754708.04
7.03150497704 1412754709.36
6.99236814001 1412754710.66
6.89196178755 1412754712.01
6.83959901322 1412754713.36
6.87884056927 1412754714.71
6.8822464946 1412754716.03
6.88600430713 1412754717.43
6.88792795672 1412754718.75
6.84542391161 1412754720.06
6.87235025602 1412754721.35
6.85083362815 1412754722.69
6.76195021868 1412754724.0
6.71013968619 1412754725.31
6.65200403232 1412754726.63
6.61808773767 1412754727.96
6.61878531241 1412754729.27
6.6100358995 1412754730.62
6.55043983442 1412754731.94
6.42112175686 1412754733.21
6.14478418236 1412754734.51
6.00492842587 1412754735.86
6.07670666847 1412754737.2
6.08028691014 1412754738.52
5.98665074764 1412754739.81
5.99267241568 1412754741.1
5.96021522824 1412754742.41
5.8829127745 1412754743.71
5.87140896697 1412754744.99
5.78019977262 1412754746.32
5.77804240397 1412754747.59
5.75549605137 1412754748.9
5.71829716925 1412754750.22
5.66820070279 1412754751.53
5.57071800426 1412754752.85
5.60030897695 1412754754.15
5.58777928427 1412754755.48
5.60236946505 1412754756.86
5.48927025082 1412754758.17
5.49084510655 1412754759.51
5.51796343999 1412754760.85
5.55982875071 1412754762.14
5.49562441787 1412754763.45
5.41707237634 1412754764.76
5.32149124533 1412754766.08
5.24901125798 1412754767.37
5.19193333724 1412754768.69
5.09025217566 1412754770.05
5.04332749343 1412754771.37
5.04305017687 1412754772.62
4.99352816814 1412754773.94
4.97344666081 1412754775.25
4.96095038559 1412754776.55
4.92478660808 1412754777.89
4.85063021301 1412754779.23
4.7982372407 1412754780.54
4.78314843823 1412754781.86
4.72205594071 1412754783.16
4.68752595552 1412754784.45
4.63513780487 1412754785.73
4.58952882098 1412754787.05
4.54854981215 1412754788.34
4.50515783993 1412754789.61
4.52776636216 1412754790.9
4.47677363184 1412754792.18
4.48685551918 1412754793.47
4.46055122719 1412754794.78
4.49365424718 1412754796.04
4.41814887469 1412754797.32
4.37987278713 1412754798.57
4.38916358074 1412754799.88
4.33669428967 1412754801.13
4.36716932327 1412754802.43
4.28225123015 1412754803.7
4.28380140343 1412754805.0
4.27010894319 1412754806.26
4.30325074497 1412754807.53
4.27745018826 1412754808.83
4.29562430469 1412754810.12
4.31847160503 1412754811.4
4.30916746468 1412754812.68
4.28975799676 1412754813.93
4.27858467179 1412754815.18
4.23538689855 1412754816.46
4.22727905653 1412754817.7
4.13627059024 1412754818.94
4.13721859146 1412754820.21
4.13902610538 1412754821.45
4.12016050827 1412754822.71
4.07443588817 1412754823.98
4.03067607479 1412754825.3
4.04524614465 1412754826.61
3.98815963354 1412754827.92
3.96792338201 1412754829.21
3.88415290427 1412754830.58
3.86677521786 1412754831.91
3.84254301995 1412754833.24
3.832062137 1412754834.6
3.83395692424 1412754835.93
3.81616332573 1412754837.26
3.77932397411 1412754838.59
3.72677595459 1412754839.88
3.71438284001 1412754841.22
3.67460131416 1412754842.53
3.65886419445 1412754843.86
3.63276941759 1412754845.15
3.62777099028 1412754846.48
3.62646044127 1412754847.81
3.60085858993 1412754849.11
3.58109220469 1412754850.4
3.54444009499 1412754851.69
3.54065676285 1412754852.96
3.53544315195 1412754854.28
3.49011514513 1412754855.58
3.45870318335 1412754856.94
3.47345449802 1412754858.25
3.48185795889 1412754859.62
3.48323114305 1412754860.92
3.48343271352 1412754862.26
3.51746047515 1412754863.61
3.50304308458 1412754864.98
3.43536107176 1412754866.32
3.42087093579 1412754867.62
3.41427639355 1412754868.94
3.40439251134 1412754870.27
3.40133293648 1412754871.62
3.37712040831 1412754873.01
3.38305957747 1412754874.37
3.36687373363 1412754875.75
3.37528288445 1412754877.1
3.40161812233 1412754878.4
3.43582423708 1412754879.72
3.44820990695 1412754881.02
3.42653746233 1412754882.32
3.43548638877 1412754883.66
3.47751664961 1412754885.01
3.48884840114 1412754886.38
3.48931241841 1412754887.72
3.50651777037 1412754889.05
3.51654072581 1412754890.42
3.52927023717 1412754891.71
3.5256049219 1412754893.02
3.48195501964 1412754894.37
3.47240308471 1412754895.68
3.43748100743 1412754897.02
3.43894931268 1412754898.37
3.44050874499 1412754899.75
3.45672208762 1412754901.07
3.44840559892 1412754902.43
3.46252336956 1412754903.82
3.45760336932 1412754905.18
3.47105358036 1412754906.52
3.46469612386 1412754907.84
3.4571933698 1412754909.2
3.42771410345 1412754910.59
3.38988002803 1412754912.0
3.34519261314 1412754913.35
3.34464307102 1412754914.72
3.35350066984 1412754916.05
3.32054547685 1412754917.42
3.32044855281 1412754918.78
3.33083188565 1412754920.16
3.34009210118 1412754921.5
3.33397462685 1412754922.86
