11.9275659105 1412742894.36
11.6639562522 1412742895.35
11.4509461792 1412742896.3
11.2709840207 1412742897.3
11.0083928194 1412742898.29
10.5168023237 1412742899.27
10.3160305004 1412742900.23
9.98227868973 1412742901.15
9.69981202993 1412742902.1
9.33998573483 1412742903.02
9.17323238533 1412742903.94
8.85176525183 1412742904.81
8.52030919971 1412742905.74
8.46047969078 1412742906.63
8.16796920253 1412742907.55
8.07240904909 1412742908.48
8.12385152512 1412742909.35
8.71258179052 1412742910.23
8.7388754427 1412742911.11
8.88399940536 1412742911.99
8.86710292717 1412742912.9
8.78929383878 1412742913.76
8.66728291274 1412742914.63
8.64688315814 1412742915.49
8.65687137808 1412742916.4
8.55831239494 1412742917.28
8.67282428231 1412742918.17
8.69165524938 1412742919.03
8.62694170594 1412742919.91
8.65648950325 1412742920.8
8.66989352626 1412742921.69
8.66381621333 1412742922.59
8.70299525634 1412742923.47
8.89365969059 1412742924.33
8.94312604329 1412742925.21
8.85641072791 1412742926.08
8.7831968588 1412742926.98
8.80220898927 1412742927.88
8.70973893161 1412742928.76
8.74363205524 1412742929.67
8.77949295071 1412742930.58
8.93960111211 1412742931.5
9.0035631321 1412742932.43
9.00329868959 1412742933.35
9.17957719669 1412742934.27
9.12643776811 1412742935.17
9.12426000071 1412742936.07
9.25283810456 1412742937.01
9.22236882688 1412742937.91
9.21239727751 1412742938.82
9.18546050268 1412742939.71
9.18951348334 1412742940.62
9.26748431208 1412742941.54
9.24729708428 1412742942.46
9.32153606995 1412742943.38
9.31624942021 1412742944.26
9.33599235609 1412742945.17
9.33349646115 1412742946.08
9.23647689759 1412742946.99
9.22017616565 1412742947.85
9.22456516662 1412742948.74
9.20749450515 1412742949.64
9.2134782315 1412742950.54
9.34311562064 1412742951.44
9.39283619348 1412742952.32
9.42556068357 1412742953.25
9.55167078654 1412742954.16
9.46187533794 1412742955.07
9.44111159709 1412742955.99
9.44116167555 1412742956.85
9.44334300426 1412742957.78
9.41645994449 1412742958.76
9.43066460329 1412742959.65
9.43250719277 1412742960.59
9.41830413205 1412742961.51
9.42154071648 1412742962.39
9.2755049536 1412742963.31
9.27664403858 1412742964.22
9.27488004238 1412742965.12
9.26469064547 1412742966.05
9.35370926241 1412742966.98
9.37504623908 1412742967.87
9.37174494149 1412742968.8
9.35890057636 1412742969.7
9.28693941277 1412742970.66
9.20158998221 1412742971.61
9.26161872523 1412742972.52
9.40347197346 1412742973.44
9.46310677296 1412742974.35
9.41790695007 1412742975.27
9.37381580161 1412742976.2
9.39342332384 1412742977.15
9.42144069553 1412742978.08
9.42640417755 1412742978.97
9.37667278713 1412742979.9
9.36789577244 1412742980.8
9.4274884847 1412742981.73
9.43815104262 1412742982.65
9.45195531457 1412742983.55
9.42759846642 1412742984.44
9.430533999 1412742985.33
9.43609530471 1412742986.25
9.20031477864 1412742987.15
9.20703867017 1412742988.05
9.23085743174 1412742988.96
9.25905842581 1412742989.88
9.23467030611 1412742990.81
9.40907563224 1412742991.71
9.41223411945 1412742992.62
9.42671700041 1412742993.53
9.4196397214 1412742994.42
9.40419059952 1412742995.28
9.41963595365 1412742996.16
9.42475854742 1412742997.08
9.38698718992 1412742997.98
9.37512973477 1412742998.88
9.28843728697 1412742999.79
9.25773418132 1412743000.71
9.25473418348 1412743001.63
9.25228020385 1412743002.51
9.27058352454 1412743003.42
8.98777808914 1412743004.34
8.97733812316 1412743005.21
9.08265554077 1412743006.12
9.30706991349 1412743007.01
9.12873863454 1412743007.96
9.23053775333 1412743008.86
9.11002664322 1412743009.77
9.11354000869 1412743010.69
9.15217297381 1412743011.62
9.12360385421 1412743012.51
8.71817763866 1412743013.44
8.72491529908 1412743014.38
8.85278434336 1412743015.28
8.81890091898 1412743016.2
8.82616359575 1412743017.1
8.86549942738 1412743018.01
8.9586006599 1412743018.92
8.80485244086 1412743019.86
8.60141655963 1412743020.81
8.17954460351 1412743021.76
8.48569792425 1412743022.69
8.56988343447 1412743023.64
8.62642576495 1412743024.6
8.62275413496 1412743025.53
8.23869367035 1412743026.46
8.53470873356 1412743027.36
8.50209631346 1412743028.28
8.48704959906 1412743029.21
8.37865781066 1412743030.19
8.35159647644 1412743031.15
8.24430892321 1412743032.12
8.25301276881 1412743033.08
8.30307583461 1412743034.03
8.31568669524 1412743034.98
8.32839094401 1412743035.94
8.29473309195 1412743036.92
8.28487503956 1412743037.87
8.4569851591 1412743038.81
8.18252104223 1412743039.74
8.16356688512 1412743040.7
7.85201881739 1412743041.65
7.85637913168 1412743042.59
7.84621392187 1412743043.49
7.83408127425 1412743044.39
7.81473810784 1412743045.34
7.79585000028 1412743046.29
7.76519041166 1412743047.26
7.78274507647 1412743048.2
7.78141974407 1412743049.15
7.64326501053 1412743050.12
7.63242481688 1412743051.07
7.61363246476 1412743052.03
7.61775404964 1412743053.01
7.61080908546 1412743053.98
7.57737741784 1412743054.93
7.56849970737 1412743055.89
7.55239806292 1412743056.84
7.5456637094 1412743057.78
7.38981303532 1412743058.73
7.46840081094 1412743059.67
7.42853070523 1412743060.62
7.43486164926 1412743061.54
7.49632008777 1412743062.49
7.49678931724 1412743063.45
7.49561850411 1412743064.36
7.50928266679 1412743065.33
7.47174031171 1412743066.26
7.49774404027 1412743067.17
7.08048542524 1412743068.15
7.06966867509 1412743069.12
7.05257103556 1412743070.07
6.98809075426 1412743071.0
6.97550284027 1412743071.95
6.98300390134 1412743072.91
7.10175648062 1412743073.89
7.09698805466 1412743074.89
7.08907527987 1412743075.86
7.08357644755 1412743076.82
7.07601839501 1412743077.78
