31.1152127228 1412724720.44
31.0853479496 1412724720.8
30.8611490624 1412724721.17
30.8917626442 1412724721.5
31.0006037126 1412724721.85
30.8830721859 1412724722.19
30.9679623653 1412724722.52
31.4485412341 1412724722.91
31.873171853 1412724723.29
32.1166288228 1412724723.64
32.0231134575 1412724723.99
31.8559527955 1412724724.32
32.0084454854 1412724724.64
32.2298536161 1412724725.1
32.4569532518 1412724725.53
32.5451344971 1412724725.87
32.7442311473 1412724726.2
32.8616214837 1412724726.5
32.8421429823 1412724726.84
33.0357900943 1412724727.19
33.1344272626 1412724727.49
33.2620435304 1412724727.81
33.1556720043 1412724728.11
33.1956313129 1412724728.44
33.1605397092 1412724728.84
33.0195859192 1412724729.16
33.1684051121 1412724729.53
33.2110114305 1412724729.9
32.6619415926 1412724730.2
32.4283333237 1412724730.54
32.537056025 1412724730.9
32.6754680419 1412724731.25
32.726076231 1412724731.57
32.6299586363 1412724731.93
32.361387138 1412724732.25
32.4671022634 1412724732.68
32.5608915171 1412724733.04
32.7438227653 1412724733.49
33.8318177732 1412724734.0
34.1790447842 1412724734.48
34.4078361723 1412724734.91
34.6999885556 1412724735.36
35.4790186831 1412724735.81
36.8718702562 1412724736.24
38.0505749005 1412724736.67
39.4684465496 1412724737.12
40.8359516212 1412724737.57
41.657454907 1412724738.0
42.9455998393 1412724738.39
43.5418375681 1412724738.89
26.6700574515 1412724739.37
27.4705372304 1412724739.84
28.0190034906 1412724740.33
28.62203966 1412724740.81
29.1570235475 1412724741.22
29.7071731297 1412724741.76
30.6757029512 1412724742.27
31.0382482574 1412724742.74
32.1864522935 1412724743.17
33.1132674051 1412724743.62
33.9710431875 1412724744.06
34.8821747539 1412724744.5
35.2957764726 1412724744.94
36.0647523887 1412724745.43
36.9976504917 1412724745.94
37.4932221476 1412724746.4
37.8100025097 1412724746.86
37.8806592291 1412724747.36
37.8153592953 1412724747.76
38.0084494018 1412724748.12
38.1531503157 1412724748.6
37.6010720473 1412724749.09
62.6540721281 1412724749.46
63.0938033566 1412724749.83
63.2803227723 1412724750.18
63.4959047114 1412724750.59
63.6674231042 1412724751.21
63.7429883397 1412724751.77
63.9440002049 1412724752.38
64.0139344794 1412724753.07
64.3441418628 1412724753.65
64.3434278628 1412724754.25
64.3233226089 1412724754.82
64.32917477 1412724755.41
64.335920545 1412724755.95
64.3438526878 1412724756.57
64.3528968055 1412724757.19
64.3586839343 1412724757.79
64.3701797568 1412724758.36
64.3933115759 1412724758.91
64.4029295289 1412724759.48
64.4020098448 1412724760.11
64.430464566 1412724760.89
64.4443873048 1412724761.63
64.4216679008 1412724762.21
64.4342207088 1412724762.86
64.4726034101 1412724763.5
64.6096571621 1412724764.11
64.6229893213 1412724764.73
64.6387439728 1412724765.34
64.7075003002 1412724765.95
64.7521806951 1412724766.43
64.6790897664 1412724766.89
64.6913509872 1412724767.34
64.6919062474 1412724767.79
64.6701777143 1412724768.27
64.7816073363 1412724768.74
64.8856989884 1412724769.2
64.8565275209 1412724769.64
65.1336938218 1412724770.31
65.1165539712 1412724770.82
65.116266041 1412724771.32
64.9371861883 1412724771.77
65.1362707599 1412724772.26
64.9572985997 1412724772.7
65.1554287563 1412724773.19
65.1661253759 1412724773.65
64.9863125705 1412724774.11
64.9689688209 1412724774.59
64.9861070984 1412724775.03
64.848784572 1412724775.5
64.6310669627 1412724775.92
64.7631216126 1412724776.36
64.8677690271 1412724776.82
64.8620373328 1412724777.25
64.6081228385 1412724777.68
64.5671859348 1412724778.11
64.5839468807 1412724778.57
64.6084335166 1412724779.01
64.8803155618 1412724779.47
64.8654467223 1412724779.95
64.7098722698 1412724780.46
64.7113893061 1412724780.96
64.7136531871 1412724781.44
64.6378573824 1412724781.92
64.6451856273 1412724782.39
64.682356066 1412724782.89
63.7311593188 1412724783.35
63.6645342407 1412724783.82
63.6626974118 1412724784.29
63.6712368678 1412724784.74
63.6076166497 1412724785.19
63.6617762197 1412724785.75
63.6068068013 1412724786.2
63.3214903466 1412724786.65
63.0713271918 1412724787.13
63.2242578748 1412724787.61
63.1039391745 1412724788.11
63.0584339934 1412724788.77
63.0178767336 1412724789.22
63.0093675599 1412724789.7
62.6750516126 1412724790.18
62.3473768835 1412724790.73
62.3864120658 1412724791.24
62.4005851814 1412724791.74
61.9729062384 1412724792.22
61.9745043424 1412724792.7
61.6814220152 1412724793.18
61.6841733294 1412724793.65
61.45685792 1412724794.09
61.3101963431 1412724794.57
61.1746651018 1412724795.05
61.0938991523 1412724795.51
61.0969141169 1412724796.13
61.0712445537 1412724796.69
60.9695217239 1412724797.18
60.6488244774 1412724797.72
60.3798699395 1412724798.17
60.3234895494 1412724798.68
31.6404564068 1412724799.15
31.6186141285 1412724799.63
59.8009421272 1412724800.12
59.5740793012 1412724800.61
59.5827457717 1412724801.15
59.5297945638 1412724801.63
59.5369314652 1412724802.12
59.5084295577 1412724802.58
59.3779547174 1412724803.07
58.9655689562 1412724803.56
58.942122648 1412724804.07
58.8603172946 1412724804.56
58.7894886803 1412724805.02
58.704064841 1412724805.48
58.7250581158 1412724806.0
58.7488520911 1412724806.45
58.7432278313 1412724806.95
58.7648771657 1412724807.46
58.7576363051 1412724807.93
58.6527269602 1412724808.44
58.644203161 1412724808.91
58.6589095988 1412724809.39
58.6497098154 1412724809.88
58.5503692939 1412724810.36
58.5645585752 1412724810.85
58.6069729487 1412724811.39
58.6067690267 1412724811.85
58.4872056694 1412724812.32
58.5318640624 1412724812.79
58.5224161702 1412724813.23
58.4836983462 1412724813.72
