24.4774376281 1412749052.49
22.7267920432 1412749054.09
22.0950847823 1412749055.61
21.7288766613 1412749057.09
20.8450096876 1412749058.59
20.5819822694 1412749060.15
20.4659522642 1412749061.76
20.070283865 1412749063.31
19.6307577834 1412749064.8
19.5868157888 1412749066.32
19.9942311193 1412749067.87
19.8978138716 1412749069.42
19.909451005 1412749070.95
19.9101432118 1412749072.53
19.3713597349 1412749074.1
19.4491664549 1412749075.64
19.6738782595 1412749077.19
19.0760863868 1412749078.77
19.1942026953 1412749080.31
19.299856147 1412749081.87
18.8298592068 1412749083.46
18.8419513922 1412749085.25
18.691901231 1412749086.78
18.425088182 1412749088.35
18.7459217728 1412749089.91
19.1486529939 1412749091.55
19.1991713958 1412749093.15
19.2513268381 1412749094.73
19.4838735556 1412749096.34
19.4349452997 1412749097.94
19.5620026989 1412749099.55
19.6068489295 1412749101.14
19.5283701112 1412749102.74
19.7785755805 1412749104.37
19.4008912382 1412749106.02
19.5206651272 1412749107.67
19.6377783501 1412749109.27
19.3883750277 1412749110.91
19.4506038183 1412749112.57
19.4762651737 1412749114.18
19.3302326906 1412749115.77
19.0837668376 1412749117.35
19.2037307787 1412749119.01
18.8823101166 1412749120.67
18.7871502798 1412749122.31
18.3637190848 1412749123.95
18.191669841 1412749125.63
17.8354834409 1412749127.3
17.6266614658 1412749128.96
17.2134597798 1412749130.66
17.2352166468 1412749132.32
17.2459690689 1412749134.0
16.943299185 1412749135.62
16.8083612551 1412749137.28
16.7568103518 1412749138.92
16.7890041657 1412749140.63
16.897549264 1412749142.34
16.6265995086 1412749144.04
16.7862877916 1412749145.75
16.9709860687 1412749147.45
16.7107680451 1412749149.11
16.8753644777 1412749150.83
17.0045504523 1412749152.57
16.9928504425 1412749154.34
16.9337482082 1412749156.13
16.965910508 1412749157.78
17.0285966899 1412749159.34
17.0426874446 1412749160.88
16.7775589925 1412749162.43
16.7066449176 1412749163.95
16.6748409907 1412749165.51
16.5946830209 1412749167.08
16.4128659007 1412749168.59
16.433784501 1412749170.13
16.4524518372 1412749171.73
16.3128099516 1412749173.3
16.3171117289 1412749174.9
16.3150397134 1412749176.48
16.3031035078 1412749178.1
16.2218336887 1412749179.72
16.0908845568 1412749181.34
16.0754181734 1412749183.03
15.9458443827 1412749184.68
15.9206109451 1412749186.33
15.9607493093 1412749187.92
15.873044315 1412749189.5
15.8654754969 1412749191.15
15.8818468373 1412749192.75
15.9005508272 1412749194.4
15.8917485026 1412749196.03
15.8586029877 1412749197.68
15.8738862965 1412749199.31
15.8786070482 1412749200.94
15.7927164753 1412749202.54
15.7897524727 1412749204.17
15.7512749843 1412749205.81
15.8024503516 1412749207.4
15.7816343177 1412749209.12
15.7961959244 1412749210.77
15.8398100525 1412749212.41
15.8253483311 1412749214.03
15.8184967227 1412749215.67
15.6306807246 1412749217.3
15.4823972893 1412749218.93
15.4720675986 1412749220.53
15.3302001285 1412749222.17
15.1155795069 1412749223.84
14.8381959688 1412749225.47
14.7629917503 1412749227.1
14.6495434735 1412749228.67
14.5678153389 1412749230.27
14.5427838682 1412749231.88
14.0630055015 1412749233.58
14.5255073618 1412749235.18
14.4912984204 1412749236.83
14.1864933048 1412749238.52
14.1462086741 1412749240.18
13.8317347882 1412749241.8
13.7575698314 1412749243.48
13.5894240317 1412749245.17
13.4710897433 1412749246.79
13.3010568495 1412749248.47
13.4105650414 1412749250.06
13.1431597684 1412749251.69
13.1292312281 1412749253.3
12.9568473546 1412749254.87
13.0771429806 1412749256.5
13.1386191275 1412749258.07
13.1212852323 1412749259.7
13.095983961 1412749261.3
12.8949049609 1412749262.96
12.8636051852 1412749264.65
12.8418027855 1412749266.28
12.6648285232 1412749267.96
12.7805337687 1412749269.62
12.4507194281 1412749271.26
12.5079739563 1412749272.98
12.5326390839 1412749274.64
12.5955427377 1412749276.28
12.5690954525 1412749277.89
12.43286195 1412749279.57
12.4213699928 1412749281.21
12.4180554183 1412749282.95
12.4210307866 1412749284.64
12.456985217 1412749286.35
12.2235559617 1412749288.05
12.1973897585 1412749289.76
12.3387864058 1412749291.48
12.0564331379 1412749293.23
12.0887296248 1412749295.01
12.1192083847 1412749296.71
11.9072424564 1412749298.41
11.939595743 1412749300.11
11.5551498626 1412749301.81
11.3571806409 1412749303.54
11.2425912614 1412749305.29
11.2159370693 1412749306.97
11.2082898041 1412749308.68
11.1374374443 1412749310.37
11.1066045242 1412749312.09
11.2013802418 1412749313.78
11.1818266364 1412749315.51
10.7624547669 1412749317.23
10.7414787394 1412749318.92
10.7681398969 1412749320.54
10.7004262917 1412749322.21
10.678396986 1412749323.9
10.6173069384 1412749325.6
10.5984736413 1412749327.24
10.6181684534 1412749328.92
10.4828841705 1412749330.62
10.4561577417 1412749332.32
10.4910529704 1412749334.0
10.2791636671 1412749335.74
10.274777058 1412749337.46
10.0203959424 1412749339.26
10.1815702844 1412749340.99
10.15562184 1412749342.76
10.1185779236 1412749344.57
10.104575996 1412749346.35
10.0772005265 1412749348.19
10.1490112502 1412749350.03
10.127387882 1412749351.84
10.2449157108 1412749353.67
10.1564815371 1412749355.45
9.81382169547 1412749357.22
9.59830818835 1412749358.97
9.51510971033 1412749361.09
9.51990791665 1412749363.21
9.49238347131 1412749365.28
9.36703940826 1412749367.38
9.29314499259 1412749369.47
9.13077668196 1412749371.6
8.87021946345 1412749373.67
8.93674322941 1412749375.71
8.88647523317 1412749377.87
8.92309735024 1412749379.95
8.89476161588 1412749382.09
8.85766068413 1412749384.2
8.8220543181 1412749386.28
