14.6072555421 1412747859.52
14.3506974394 1412747860.98
14.0726976393 1412747862.38
13.3451306078 1412747863.81
12.9261222393 1412747865.35
13.1253571372 1412747866.79
12.9267160297 1412747868.22
12.8471458618 1412747869.67
12.7280395577 1412747871.13
12.6275146983 1412747872.59
12.5354399883 1412747873.96
12.4185607825 1412747875.39
12.187336526 1412747876.79
12.4242348783 1412747878.12
12.1738083986 1412747879.55
11.8817845915 1412747881.0
12.0483858089 1412747882.39
11.5200334063 1412747883.75
11.6391631832 1412747885.14
11.6821052427 1412747886.54
11.2669851032 1412747887.92
11.3190729589 1412747889.25
10.7643815787 1412747890.58
10.9234820136 1412747891.95
11.0345582972 1412747893.28
10.5533006859 1412747894.63
10.6660947316 1412747895.96
10.5659773395 1412747897.34
10.4260867441 1412747898.72
10.3148036502 1412747900.02
10.1657596611 1412747901.38
10.1018851473 1412747902.68
10.0144997014 1412747903.99
9.97373776468 1412747905.35
9.92496018406 1412747906.69
9.68188422343 1412747908.02
9.55853961321 1412747909.32
9.47929366221 1412747910.64
9.36271099831 1412747911.97
9.3315014109 1412747913.28
9.22521472775 1412747914.62
8.95402182463 1412747915.97
8.1353572662 1412747917.37
8.90877427447 1412747918.73
8.03775878053 1412747920.19
8.64559076485 1412747921.5
7.78199721656 1412747922.88
8.27895556945 1412747924.2
7.56115982583 1412747925.6
7.94168970194 1412747926.96
7.31036856088 1412747928.28
7.56887548983 1412747929.57
7.27012975309 1412747930.87
7.43997302552 1412747932.21
6.97565496794 1412747933.49
7.1557397042 1412747934.81
6.80442322453 1412747936.15
6.93351312637 1412747937.48
6.73163319353 1412747938.78
6.8012161438 1412747940.1
6.6151283636 1412747941.4
6.76904768435 1412747942.69
6.48785993584 1412747943.97
6.57665540181 1412747945.28
6.2795799261 1412747946.6
6.30931706137 1412747947.92
6.12210957524 1412747949.26
6.19992483415 1412747950.59
6.0606081724 1412747951.89
6.11849697675 1412747953.2
5.90759925821 1412747954.52
5.95217258739 1412747955.82
5.78486297297 1412747957.16
5.65263700774 1412747958.48
5.64891268051 1412747959.76
5.70553744555 1412747961.07
5.56509590383 1412747962.38
5.57016539832 1412747963.67
5.5915422576 1412747964.99
5.4924167198 1412747966.34
5.49159636212 1412747967.65
5.42081252214 1412747968.99
5.40068957746 1412747970.28
5.25087519252 1412747971.62
5.30687877152 1412747972.87
5.27624528787 1412747974.18
5.17509072594 1412747975.49
5.23726122138 1412747976.79
5.17341054857 1412747978.12
5.23547970681 1412747979.42
5.15768220053 1412747980.71
5.08229947343 1412747982.02
5.09782545378 1412747983.32
5.00183099378 1412747984.62
5.01180695219 1412747985.92
4.92922058441 1412747987.27
4.97008245905 1412747988.69
4.78798118504 1412747990.04
4.89853953587 1412747991.36
4.80236203624 1412747992.62
4.79332205905 1412747993.9
4.74555580323 1412747995.23
4.73582360624 1412747996.57
4.69804966623 1412747997.89
4.72160261986 1412747999.36
4.6670166169 1412748000.78
4.64047234342 1412748002.14
4.59194113933 1412748003.47
4.56475357304 1412748004.75
4.52493981288 1412748006.11
4.50130587214 1412748007.43
4.46437196336 1412748008.73
4.40342422305 1412748010.02
4.37108145385 1412748011.32
4.34904085071 1412748012.64
4.33191514677 1412748013.94
4.31608855757 1412748015.27
4.27124219784 1412748016.58
4.26737060563 1412748017.95
4.27497154753 1412748019.29
4.23203523663 1412748020.64
4.26483260005 1412748021.92
4.23944553621 1412748023.26
4.23890198233 1412748024.54
4.18762473255 1412748025.83
4.14892701928 1412748027.18
4.16332942697 1412748028.53
4.16316757511 1412748029.86
4.14797597885 1412748031.21
4.09791722366 1412748032.54
4.0719550148 1412748033.84
4.03590241817 1412748035.15
4.03675535355 1412748036.44
3.95576795158 1412748037.76
3.92343989545 1412748039.09
3.92870501271 1412748040.42
3.92902243568 1412748041.73
3.91843657013 1412748042.98
3.90610822324 1412748044.3
3.8924170308 1412748045.62
3.88983900943 1412748046.97
3.87667919839 1412748048.26
3.86826063861 1412748049.49
3.87294629863 1412748050.83
3.87250979479 1412748052.2
3.88928989441 1412748053.52
3.86192516337 1412748054.89
3.82540846468 1412748056.21
3.81494142489 1412748057.55
3.79206456059 1412748058.86
3.75418885079 1412748060.14
3.76178435381 1412748061.45
3.74154403845 1412748062.73
3.7502032072 1412748064.02
3.7185823781 1412748065.32
3.71506276389 1412748066.6
3.68993300497 1412748067.95
3.66779102126 1412748069.31
3.67654739419 1412748070.6
3.67408942855 1412748071.9
3.66681735349 1412748073.26
3.64845303692 1412748074.6
3.6461696576 1412748076.0
3.63773398071 1412748077.35
3.62541360411 1412748078.67
3.64145726599 1412748080.03
3.60917010414 1412748081.37
3.61356028353 1412748082.72
3.60088068173 1412748084.05
3.59006520556 1412748085.43
3.5760948423 1412748086.76
3.57458953221 1412748088.11
3.54849636248 1412748089.49
3.53694919235 1412748090.83
3.51906588587 1412748092.23
3.51295423844 1412748093.58
3.50056890686 1412748094.96
3.50969724884 1412748096.31
3.46192033331 1412748097.71
3.43237244937 1412748099.08
3.45705294788 1412748100.43
3.47397478933 1412748101.78
3.47485833016 1412748103.07
3.47402828128 1412748104.49
3.50488969746 1412748105.84
3.46900998991 1412748107.19
3.4859865208 1412748108.58
3.51436733543 1412748109.96
3.49884111006 1412748111.36
3.48632052351 1412748112.71
3.50122757354 1412748114.06
3.49130382174 1412748115.46
3.48857639453 1412748116.79
3.50142928574 1412748118.15
3.48570687442 1412748119.47
3.50092279353 1412748120.82
3.49585716469 1412748122.14
3.49267718245 1412748123.47
3.48060915165 1412748124.87
3.49298691713 1412748126.19
