16.6120914952 1412736832.19
16.2032731589 1412736833.17
15.7825961932 1412736834.17
15.6241487753 1412736835.18
15.1906366263 1412736836.16
15.1733520866 1412736837.12
14.7705542068 1412736838.11
14.3716946493 1412736839.07
14.1450314583 1412736840.05
13.6899553956 1412736841.04
13.2527999914 1412736841.98
12.7687183221 1412736842.95
12.2582568157 1412736843.92
11.8760015879 1412736844.88
11.4899453597 1412736845.78
11.3476943711 1412736846.75
11.0318312965 1412736847.67
10.496071139 1412736848.63
10.3446091998 1412736849.59
10.1990873047 1412736850.51
10.0923376721 1412736851.52
9.95982884719 1412736852.48
9.75952610638 1412736853.4
9.5021976641 1412736854.35
9.47879770739 1412736855.31
9.35099004382 1412736856.27
9.27140813933 1412736857.21
9.21365294613 1412736858.17
9.03514589391 1412736859.18
9.03634697304 1412736860.08
8.89694042585 1412736861.02
8.62602699944 1412736861.97
8.48385151629 1412736862.91
8.50954577751 1412736863.87
8.41760709977 1412736864.81
8.41190523531 1412736865.71
8.25094416139 1412736866.69
8.11615321585 1412736867.61
7.79899284076 1412736868.54
7.73508907916 1412736869.53
7.55908349359 1412736870.5
7.49591863522 1412736871.48
7.41335761226 1412736872.38
7.39449461413 1412736873.31
7.33704060422 1412736874.21
7.30135718975 1412736875.2
7.20863325253 1412736876.12
7.19539393037 1412736877.08
7.17561572634 1412736878.02
7.10876442602 1412736878.99
7.10217607354 1412736879.94
7.07866516993 1412736880.91
7.02345116656 1412736881.86
7.02742453171 1412736882.79
7.04361207216 1412736883.78
7.03728552244 1412736884.73
7.05615150717 1412736885.7
7.05833772746 1412736886.63
7.0527153337 1412736887.62
7.08081900021 1412736888.59
7.07744563255 1412736889.54
7.0876492781 1412736890.53
7.1203935113 1412736891.48
7.13056702009 1412736892.46
7.07572206112 1412736893.45
7.10344975097 1412736894.42
7.1022416994 1412736895.42
7.09971717448 1412736896.47
7.07089184169 1412736897.51
7.08030593434 1412736898.54
7.07931784223 1412736899.57
7.09208281933 1412736900.63
7.05371881309 1412736901.67
7.04693839166 1412736902.74
7.05397118663 1412736903.81
6.96834451889 1412736904.87
6.94741557894 1412736905.93
6.96912953982 1412736906.97
6.95936963816 1412736908.0
6.97427981095 1412736909.09
6.98991461843 1412736910.2
7.05434675516 1412736911.3
7.05603153589 1412736912.33
7.01892610715 1412736913.4
7.01799767672 1412736914.43
6.9905989088 1412736915.53
6.98400818496 1412736916.61
6.89197912644 1412736917.63
6.8551850867 1412736918.67
6.84963755548 1412736919.71
6.8346503767 1412736920.8
6.79994841499 1412736921.87
6.75564732865 1412736922.93
6.72964524659 1412736923.98
6.74376652494 1412736925.02
6.7352684656 1412736926.09
6.8003409501 1412736927.17
6.72779464427 1412736928.24
6.82305510787 1412736929.27
6.86218936624 1412736930.36
6.88347543838 1412736931.45
6.8891682594 1412736932.5
6.91878502817 1412736933.55
6.9289079862 1412736934.6
6.91746292975 1412736935.66
6.90814724933 1412736936.75
6.842543186 1412736937.81
6.90499885938 1412736938.89
6.91841380392 1412736939.97
6.92760832868 1412736941.04
6.91466697669 1412736942.14
6.93887483741 1412736943.19
6.94824036567 1412736944.3
6.90369425756 1412736945.37
6.92310126559 1412736946.45
6.87569746395 1412736947.6
6.8877522342 1412736948.7
6.75885231062 1412736949.78
6.86489699694 1412736950.88
6.83182245844 1412736952.01
6.74669673693 1412736953.14
6.7505033113 1412736954.27
6.79423174164 1412736955.27
6.72612884559 1412736956.27
6.74572765696 1412736957.29
6.71742549101 1412736958.31
6.67202733399 1412736959.3
6.69931276226 1412736960.3
6.65964306251 1412736961.28
6.57642140446 1412736962.29
6.56814772976 1412736963.29
6.64828157937 1412736964.32
6.6569642074 1412736965.33
6.68141120569 1412736966.34
6.64780980142 1412736967.43
6.61457920354 1412736968.44
6.58313685468 1412736969.42
6.57502241763 1412736970.41
6.58436266011 1412736971.44
6.52971968332 1412736972.5
6.53576905526 1412736973.82
6.63057469858 1412736974.89
6.63856872137 1412736975.92
6.63302479617 1412736977.01
6.62777239943 1412736978.05
6.69186637691 1412736979.07
6.67889919676 1412736980.14
6.69329863935 1412736981.12
6.66094989566 1412736982.13
6.65517479295 1412736983.16
6.66735749248 1412736984.18
6.67085591831 1412736985.23
6.63999000529 1412736986.26
6.64919213734 1412736987.28
6.6544653738 1412736988.32
6.65207430105 1412736989.34
6.64382494757 1412736990.36
6.61096699358 1412736991.41
6.64069444562 1412736992.5
6.64230293742 1412736993.59
6.65057377814 1412736994.63
6.65134464249 1412736995.71
6.64815600242 1412736996.74
6.65151045389 1412736997.78
6.67847378725 1412736998.88
6.64778371834 1412736999.95
6.67475058754 1412737001.02
6.65503574363 1412737002.06
6.65334567673 1412737003.25
6.65014987978 1412737004.28
6.65487113201 1412737005.37
6.66736699244 1412737006.38
6.65700715597 1412737007.49
6.64428536822 1412737008.57
6.64139021723 1412737009.61
6.64478405356 1412737010.7
6.64257482234 1412737011.69
6.63179329146 1412737012.74
6.63395820673 1412737013.81
6.62965248786 1412737014.87
6.6346825927 1412737015.95
6.62971205555 1412737017.0
6.64116029133 1412737018.03
6.62810427795 1412737019.06
6.60009335636 1412737020.12
6.58387619552 1412737021.2
6.57680212375 1412737022.21
6.56537961751 1412737023.29
6.56718593357 1412737024.3
6.57040226607 1412737025.37
6.55607504441 1412737026.44
6.55088340417 1412737027.5
6.5525944368 1412737028.53
6.54753902926 1412737029.61
6.54431513108 1412737030.66
6.53866384577 1412737031.67
6.53785205864 1412737032.7
6.5296645495 1412737033.7
6.53224694816 1412737034.75
6.53400746976 1412737035.78
