19.1676506697 1412728096.36
19.3509459959 1412728097.03
19.3563795959 1412728097.74
19.4710595081 1412728098.43
19.762947103 1412728099.16
19.8753188443 1412728099.82
20.2109211375 1412728100.47
19.8815923871 1412728101.13
19.0350130294 1412728101.8
18.9742106228 1412728102.45
19.670345605 1412728103.08
17.3656398801 1412728103.71
18.6522472038 1412728104.36
17.1699733566 1412728105.02
18.3495009845 1412728105.67
17.4664667127 1412728106.35
17.8952211896 1412728107.0
17.1011748653 1412728107.67
17.1595264665 1412728108.33
16.6691432652 1412728108.99
16.8346206143 1412728109.63
16.8587960203 1412728110.28
16.7596535206 1412728110.91
16.443849393 1412728111.56
16.0869000091 1412728112.21
15.5466218707 1412728112.86
15.3928568756 1412728113.49
14.9889679158 1412728114.12
14.8447515841 1412728114.76
14.6767090785 1412728115.4
14.6385929011 1412728116.06
14.5795914518 1412728116.74
14.4998397725 1412728117.4
14.6039486884 1412728118.05
14.5492002455 1412728118.72
14.3580762833 1412728119.33
14.1752658893 1412728119.96
13.9670643856 1412728120.61
13.8622835386 1412728121.23
13.856199831 1412728121.89
13.9657020554 1412728122.51
13.6015265971 1412728123.17
13.5839755987 1412728123.8
13.6523206353 1412728124.42
13.6930292013 1412728125.05
13.6765766212 1412728125.7
13.7050767832 1412728126.31
13.6785416875 1412728126.95
13.4118367694 1412728127.62
13.4640589498 1412728128.26
13.335046409 1412728128.9
13.1889843253 1412728129.55
13.2712236717 1412728130.18
13.0879076658 1412728130.84
12.9096103616 1412728131.47
12.8700811355 1412728132.1
12.6010629337 1412728132.74
12.4069026703 1412728133.4
12.2296110447 1412728134.04
12.0327327453 1412728134.71
12.0026866327 1412728135.36
11.7867629762 1412728136.04
11.7808947856 1412728136.72
11.7826356489 1412728137.39
11.5772383844 1412728138.04
11.6431590631 1412728138.69
11.6874643406 1412728139.37
11.4761029428 1412728140.03
11.326382672 1412728140.69
11.0283478829 1412728141.36
10.7445668414 1412728142.02
10.5914075254 1412728142.72
10.3583606962 1412728143.42
10.2952065462 1412728144.11
10.0682314235 1412728144.8
10.0726178666 1412728145.45
9.99401658366 1412728146.09
9.89288034765 1412728146.79
9.75484252776 1412728147.47
9.52364415792 1412728148.12
9.45289882652 1412728148.76
9.28875826933 1412728149.42
9.33758737689 1412728150.12
9.00887487703 1412728150.83
8.99835476304 1412728151.46
8.94864092658 1412728152.1
9.01012766933 1412728152.74
8.98297753836 1412728153.38
8.69318893573 1412728154.05
8.58833552224 1412728154.72
8.77310965197 1412728155.37
8.50344752785 1412728156.02
8.28009172037 1412728156.69
8.34456805252 1412728157.36
8.34469426186 1412728158.05
8.11880544083 1412728158.66
8.2376056274 1412728159.32
8.22379543318 1412728159.96
8.17072122942 1412728160.59
8.16844398297 1412728161.22
8.19499468353 1412728161.89
8.00638558994 1412728162.55
7.97763415776 1412728163.19
8.08176277319 1412728163.84
7.61888726768 1412728164.49
7.50842735639 1412728165.1
7.43753788715 1412728165.72
7.48889259556 1412728166.35
7.41707087934 1412728167.03
7.44884296586 1412728167.68
7.44097758816 1412728168.34
7.44881783172 1412728169.01
7.45791448121 1412728169.62
7.32580731132 1412728170.27
7.32789158734 1412728170.89
7.32892020465 1412728171.52
7.21936115052 1412728172.19
7.16833519641 1412728172.83
7.17017649848 1412728173.5
7.06695279195 1412728174.19
7.06633088297 1412728174.85
7.06608326283 1412728175.48
6.9989699565 1412728176.12
6.81758227027 1412728176.75
6.58003913528 1412728177.41
6.45818721869 1412728178.06
6.47493469081 1412728178.7
6.48550972137 1412728179.34
6.49820707703 1412728179.98
6.49760044468 1412728180.65
6.46914441973 1412728181.31
6.49370644946 1412728181.98
6.46521924235 1412728182.65
6.41074902651 1412728183.28
6.42294480356 1412728183.93
6.41779886542 1412728184.56
6.32390494992 1412728185.21
6.32559523741 1412728185.88
6.32719019292 1412728186.52
6.28532044151 1412728187.15
6.28787193109 1412728187.79
6.27858237302 1412728188.43
6.27783376699 1412728189.09
6.31303672328 1412728189.75
6.30621839802 1412728190.38
6.33944006007 1412728191.0
6.32122413449 1412728191.65
6.2999208842 1412728192.31
6.30172670705 1412728192.96
6.3043601798 1412728193.61
6.341504544 1412728194.25
6.34570022979 1412728194.86
6.32821605918 1412728195.51
6.30857002318 1412728196.13
6.300385162 1412728196.76
6.28943363353 1412728197.38
6.29133548678 1412728197.97
6.26319425317 1412728198.57
6.26285521061 1412728199.2
6.26875410457 1412728199.88
6.27461401284 1412728200.53
6.31794158796 1412728201.19
6.36073370749 1412728201.86
6.34829351598 1412728202.54
6.34860718204 1412728203.22
6.27083935645 1412728203.83
6.25844987232 1412728204.45
6.25630144749 1412728205.12
6.25561741096 1412728205.79
6.24045849755 1412728206.47
6.20347486479 1412728207.12
6.13215695498 1412728207.82
6.33184082576 1412728208.48
6.33826028054 1412728209.16
6.28496161702 1412728209.81
6.27760306804 1412728210.49
6.190752878 1412728211.2
6.18623711149 1412728212.0
5.95677940719 1412728212.78
6.08333979431 1412728213.57
5.97158079101 1412728214.29
5.85205952625 1412728215.17
5.88835203239 1412728216.93
5.84125101483 1412728218.18
5.85145523256 1412728218.82
5.86980783932 1412728220.08
5.86528758724 1412728221.55
5.86655157015 1412728222.68
5.87909693044 1412728223.84
5.90107335436 1412728224.84
5.90322804762 1412728225.83
5.86072151644 1412728226.78
5.85547966538 1412728227.75
5.88727472968 1412728228.98
5.89256589361 1412728229.84
5.88778616973 1412728230.59
5.83165112396 1412728231.31
5.70009229837 1412728231.95
5.72635419825 1412728232.63
5.73637584345 1412728233.58
