9.41807564711 1412722766.76
8.89299628039 1412722766.86
8.72792738148 1412722766.95
8.53648136335 1412722767.05
8.25907886358 1412722767.14
8.0422247237 1412722767.23
7.93344373188 1412722767.33
8.01071485918 1412722767.41
8.23221050196 1412722767.49
8.27223623757 1412722767.58
7.95139945487 1412722767.68
8.07391043217 1412722767.77
8.25302008531 1412722767.86
8.3898628613 1412722767.94
8.14032735341 1412722768.06
8.20547703315 1412722768.16
7.80313348935 1412722768.29
7.79994840923 1412722768.4
7.76741107683 1412722768.49
7.74323475002 1412722768.58
7.4346045671 1412722768.67
7.38577506395 1412722768.78
7.33180429007 1412722768.9
7.06103485027 1412722768.99
7.04442619823 1412722769.08
7.08035881943 1412722769.17
7.02023713724 1412722769.26
6.95431252455 1412722769.34
6.75177413197 1412722769.49
6.67375013979 1412722769.66
6.61540597663 1412722769.8
6.4196940577 1412722769.93
6.36852788762 1412722770.06
6.27281255406 1412722770.18
6.18148835672 1412722770.29
6.13970600023 1412722770.38
6.09457717843 1412722770.48
6.05076543864 1412722770.58
5.99105957317 1412722770.66
5.75319725814 1412722770.75
5.7102704055 1412722770.85
5.68632669388 1412722770.94
5.66139710309 1412722771.03
5.63555366023 1412722771.13
5.57325841877 1412722771.22
5.54626876686 1412722771.3
5.51924495552 1412722771.37
5.49411939169 1412722771.45
5.43080692618 1412722771.53
5.40890289493 1412722771.64
5.38922467256 1412722771.71
5.3664285717 1412722771.8
5.34329527877 1412722771.89
5.32720712984 1412722772.0
5.32978134635 1412722772.11
5.30818989364 1412722772.2
5.28724508639 1412722772.28
5.26694522433 1412722772.36
5.23299256592 1412722772.46
5.26190167522 1412722772.54
5.32404951454 1412722772.62
5.33040792478 1412722772.71
5.32090063946 1412722772.8
5.32409094124 1412722772.89
5.33280018721 1412722772.97
5.36395408576 1412722773.06
5.32840559155 1412722773.17
5.34739422831 1412722773.29
5.36684018484 1412722773.35
5.36627770016 1412722773.49
5.38231573051 1412722773.59
5.40330528897 1412722773.72
5.47088596748 1412722773.82
5.48813375792 1412722773.9
5.50704227088 1412722773.99
5.52775912289 1412722774.07
5.55025956255 1412722774.14
5.59272915242 1412722774.23
5.61870941486 1412722774.32
5.64632381026 1412722774.44
5.66528980902 1412722774.52
5.68091335247 1412722774.6
5.71140916741 1412722774.69
5.74726320544 1412722774.77
5.78322569272 1412722774.84
5.81928069104 1412722774.94
5.8769552668 1412722775.02
5.90169808608 1412722775.11
5.93967840468 1412722775.21
5.96702545028 1412722775.31
5.99524079217 1412722775.4
6.03898222693 1412722775.5
6.0657631424 1412722775.58
6.09344948361 1412722775.68
5.95716256399 1412722775.75
6.01721058149 1412722775.84
5.99275472089 1412722775.92
6.01750877945 1412722776.03
5.94369365303 1412722776.13
5.96885269646 1412722776.23
6.04945871638 1412722776.31
6.04636258917 1412722776.4
6.07092689692 1412722776.48
6.12871387353 1412722776.56
6.15168453868 1412722776.63
6.12504672115 1412722776.7
6.15031003347 1412722776.79
6.17456767925 1412722776.89
5.97840897736 1412722776.98
5.97212032312 1412722777.05
5.96254371563 1412722777.14
5.92241890718 1412722777.22
5.7961447051 1412722777.3
5.61827649677 1412722777.38
5.61588381442 1412722777.46
5.56546748127 1412722777.54
5.26756539817 1412722777.63
5.17290495793 1412722777.73
5.0821034598 1412722777.83
4.99831154739 1412722777.91
4.48740625253 1412722777.99
4.40656065826 1412722778.09
4.4261588798 1412722778.19
4.44088132235 1412722778.26
4.45572646704 1412722778.35
4.47334958193 1412722778.44
4.48750022768 1412722778.54
5.01341364429 1412722778.63
5.02073830148 1412722778.73
5.03195251227 1412722778.83
5.05736905294 1412722778.92
5.06638385386 1412722779.04
5.06210290016 1412722779.15
5.1001081931 1412722779.26
5.06589966929 1412722779.36
5.07499558499 1412722779.48
5.08882406494 1412722779.57
5.09597740668 1412722779.69
5.07429194082 1412722779.79
5.08258404533 1412722779.9
5.08949874815 1412722780.01
5.09591083374 1412722780.11
5.13386755406 1412722780.27
5.11453346117 1412722780.39
5.09931566351 1412722780.53
5.0847735354 1412722780.66
5.0861786593 1412722780.78
5.09166335972 1412722780.9
5.08307123295 1412722781.02
5.08832578138 1412722781.14
5.09316084188 1412722781.24
5.08634061888 1412722781.34
5.09098548078 1412722781.44
5.08508728569 1412722781.58
5.0733040297 1412722781.71
5.31830508699 1412722781.83
5.32341866465 1412722781.95
5.32811946621 1412722782.1
5.33236797804 1412722782.21
5.3362741434 1412722782.33
5.34296233365 1412722782.43
5.34601616955 1412722782.53
5.34883267724 1412722782.61
5.30766507506 1412722782.7
5.31129538252 1412722782.79
5.3146112129 1412722782.87
5.3176764329 1412722782.96
5.32047838954 1412722783.06
5.32102108594 1412722783.16
5.32368035242 1412722783.25
5.32621348597 1412722783.38
5.32855539278 1412722783.51
5.33078799622 1412722783.61
5.33288276139 1412722783.73
5.32551973934 1412722783.82
5.32798545831 1412722783.91
5.33029042268 1412722783.98
5.33320175413 1412722784.09
5.33403039958 1412722784.18
5.33479810879 1412722784.28
5.33550235393 1412722784.39
5.33613217483 1412722784.5
5.33667793353 1412722784.6
5.33723099129 1412722784.68
5.33520179923 1412722784.78
5.33322695207 1412722784.87
5.33122962059 1412722784.96
5.33087823499 1412722785.07
5.32915115648 1412722785.18
5.32744583779 1412722785.28
5.31050957887 1412722785.39
5.30868255161 1412722785.49
5.3069463088 1412722785.59
5.30524261516 1412722785.69
5.30359839957 1412722785.8
5.30196388972 1412722785.91
5.30039244262 1412722786.01
5.29893642141 1412722786.1
5.29748115031 1412722786.22
5.29608049055 1412722786.32
