28.6834950128 1412746906.05
28.1677004912 1412746907.63
27.7033762633 1412746909.33
27.3321037905 1412746910.88
27.0112368447 1412746912.5
26.5839859201 1412746914.13
26.861708961 1412746915.72
26.1281873619 1412746917.37
26.0477772376 1412746918.96
25.8288667572 1412746920.59
25.8660218226 1412746922.22
25.8692501807 1412746923.83
25.897645166 1412746925.49
26.0533618945 1412746927.1
26.0013405882 1412746928.75
25.4040845054 1412746930.36
25.5987758971 1412746931.94
25.8005004809 1412746933.57
25.2551834274 1412746935.24
25.459180291 1412746936.91
25.065483854 1412746938.56
25.0558484687 1412746940.26
25.0401492922 1412746942.05
25.0725049237 1412746943.82
25.0191116155 1412746945.62
24.9066078431 1412746947.45
24.9971530853 1412746949.4
24.8437477487 1412746951.18
24.7307739142 1412746953.04
24.1069166615 1412746954.8
23.8952613328 1412746956.51
23.6288070276 1412746958.22
23.8111260262 1412746959.95
23.375609678 1412746961.67
23.3205770204 1412746963.51
23.5554378536 1412746965.24
23.3009278156 1412746967.05
23.3313860199 1412746968.82
23.2153344198 1412746970.58
23.2464407549 1412746972.33
23.2369596746 1412746974.05
23.2904098289 1412746975.85
23.1726436377 1412746977.58
23.1539590411 1412746979.3
23.0114135903 1412746981.12
22.8816562736 1412746982.92
22.9817529127 1412746984.78
22.9963506604 1412746986.6
22.6484389216 1412746988.32
22.7454025486 1412746990.13
22.732601862 1412746991.87
22.7092065558 1412746993.74
22.7204994412 1412746995.63
22.7836522615 1412746997.45
22.9046001677 1412746999.22
23.0331878388 1412747001.1
23.1088107932 1412747002.93
23.141523081 1412747004.86
23.1674968886 1412747006.75
22.942895939 1412747008.62
22.9117261537 1412747010.52
22.8145631671 1412747012.4
22.8497771005 1412747014.28
22.1728762312 1412747016.14
22.1135102155 1412747017.97
22.2030824178 1412747019.85
22.1499255476 1412747021.72
22.1527413972 1412747023.63
22.1649172735 1412747025.58
22.1372306038 1412747027.45
22.4097114014 1412747029.35
22.3618258471 1412747031.28
22.4612726148 1412747033.23
22.3807382339 1412747035.2
22.374878041 1412747037.07
21.8290407696 1412747038.92
21.8059736963 1412747040.81
21.8001761976 1412747042.68
21.807772005 1412747044.56
21.7802301584 1412747046.46
21.8508936191 1412747048.31
21.8628953875 1412747050.18
21.8287740726 1412747052.06
21.8153543587 1412747053.93
21.7933748991 1412747055.76
21.783372424 1412747057.56
21.402226047 1412747059.43
21.383509645 1412747061.24
21.3314281548 1412747063.09
21.3186217806 1412747064.9
21.3040449395 1412747066.76
21.2145516222 1412747068.55
20.9827583183 1412747070.41
20.9641972646 1412747072.2
21.0267447179 1412747073.97
20.5899380635 1412747075.82
20.4857261014 1412747077.7
20.1315570848 1412747079.62
20.0916670223 1412747081.53
19.8913468434 1412747083.45
19.778095529 1412747085.24
19.6360942807 1412747087.09
19.5664263601 1412747088.87
19.460459962 1412747090.7
19.1756811949 1412747092.53
18.9378909083 1412747094.27
18.7813948415 1412747096.01
18.6033932364 1412747097.74
18.7335549436 1412747099.41
18.5719133529 1412747101.07
18.6558601397 1412747102.78
18.7584986201 1412747104.4
18.814728123 1412747106.11
18.9675995002 1412747107.81
19.0083193006 1412747109.48
19.0743288357 1412747111.19
19.0853603074 1412747112.92
19.0508784159 1412747114.64
19.0049480273 1412747116.5
18.9469786731 1412747118.38
19.0509283682 1412747120.26
19.0522634329 1412747122.18
19.1163433488 1412747124.06
18.9844078059 1412747126.04
19.1754217549 1412747128.01
19.9633428187 1412747129.92
19.7229260363 1412747131.85
20.1030559745 1412747133.75
20.0244971392 1412747135.7
20.7864207388 1412747137.64
21.1750008762 1412747139.66
20.8798601968 1412747141.71
145.968848056 1412747143.74
145.796012869 1412747145.75
145.725088782 1412747147.82
146.224846439 1412747149.9
146.195166524 1412747151.95
146.187961309 1412747153.94
146.153644251 1412747156.01
146.174871699 1412747158.04
145.934875999 1412747160.08
145.966859978 1412747162.15
145.972947226 1412747164.22
146.006695255 1412747166.33
145.978047622 1412747168.44
145.969436578 1412747170.57
145.983355459 1412747172.69
146.07523643 1412747174.84
146.094939512 1412747177.04
146.09292788 1412747179.27
146.092077819 1412747181.42
146.093941954 1412747183.56
146.103331645 1412747185.64
146.033256829 1412747187.75
146.077615881 1412747189.87
146.082639168 1412747192.02
146.078955504 1412747194.15
146.050054924 1412747196.27
145.93820954 1412747198.52
145.860805061 1412747200.65
146.133897486 1412747202.79
146.157902463 1412747204.92
146.176771039 1412747207.06
146.190887209 1412747209.16
146.201384356 1412747211.37
146.194230836 1412747213.53
146.210064309 1412747215.76
146.193106345 1412747217.91
146.069289961 1412747220.08
146.083624933 1412747222.23
146.232113023 1412747224.43
146.213732642 1412747226.61
146.001869232 1412747228.78
146.010930415 1412747230.93
146.02126576 1412747233.12
146.047745707 1412747235.35
146.28403258 1412747237.61
146.296085023 1412747239.83
146.329271485 1412747242.03
146.325099331 1412747244.25
146.33427234 1412747246.45
146.343574325 1412747248.67
146.324075788 1412747250.84
146.335439179 1412747253.08
146.360768294 1412747255.26
146.366892687 1412747257.43
146.382907815 1412747259.62
146.396806805 1412747261.86
146.404102238 1412747264.07
146.427719666 1412747266.28
146.445551759 1412747268.54
146.404687594 1412747270.76
146.418409781 1412747273.01
146.442917243 1412747275.17
146.469966279 1412747277.33
146.473427739 1412747279.59
146.512131139 1412747281.86
146.548786526 1412747284.11
146.602293566 1412747286.36
146.525504192 1412747288.6
