11.9104184838 1412735440.83
11.801214661 1412735441.86
11.8125534274 1412735442.78
11.671966395 1412735443.75
11.6002809902 1412735444.71
11.5107376514 1412735445.65
11.2387827499 1412735446.63
11.4206546288 1412735447.6
11.3223889037 1412735448.56
11.2761270258 1412735449.53
10.8387530969 1412735450.41
10.466495408 1412735451.36
9.96618434655 1412735452.26
9.55586771261 1412735453.19
9.46205242461 1412735454.15
9.37789950798 1412735455.14
9.14694571662 1412735456.14
9.014016906 1412735457.08
8.97340372424 1412735457.98
8.76612462392 1412735458.89
8.63217070398 1412735459.83
8.594792342 1412735460.73
8.5222848051 1412735461.63
8.49279315717 1412735462.53
8.26093225987 1412735463.47
8.09316661887 1412735464.42
8.00984281616 1412735465.33
7.96295306621 1412735466.24
7.80741982298 1412735467.19
7.80948669012 1412735468.07
7.72277986471 1412735468.99
7.66810760366 1412735469.89
7.54474856789 1412735470.8
7.41269849245 1412735471.67
7.25626211367 1412735472.58
7.2656779897 1412735473.5
7.28522710152 1412735474.41
7.23727081483 1412735475.29
7.10942988083 1412735476.24
6.94674351501 1412735477.13
6.89435933471 1412735478.05
6.85298473591 1412735478.99
6.85306433061 1412735479.88
6.76561778547 1412735480.77
6.7319642995 1412735481.66
6.64936566856 1412735482.58
6.66537729969 1412735483.45
6.55002731117 1412735484.38
6.56060652417 1412735485.28
6.50601384842 1412735486.18
6.52193686859 1412735487.06
6.4772994977 1412735487.97
6.40714194084 1412735488.89
6.3097785354 1412735489.79
6.25962661468 1412735490.69
6.22053591181 1412735491.55
6.179701387 1412735492.45
6.08043357442 1412735493.36
6.07455600447 1412735494.24
6.05291763556 1412735495.13
6.02394451462 1412735496.03
5.96473234222 1412735496.93
5.91265196831 1412735497.83
5.80783026738 1412735498.77
5.7394764765 1412735499.64
5.63509368125 1412735500.48
5.50853533673 1412735501.38
5.40484089096 1412735502.31
5.36215040916 1412735503.23
5.34247320043 1412735504.19
5.33177227082 1412735505.09
5.31736653153 1412735505.99
5.28928804327 1412735506.87
5.29565836333 1412735507.75
5.27041676261 1412735508.63
5.24872953293 1412735509.51
5.14212700011 1412735510.36
5.16115272 1412735511.27
5.13285159438 1412735512.19
5.10539858678 1412735513.11
5.07871751452 1412735513.97
5.03786721264 1412735514.87
4.94431837254 1412735515.82
4.95302140917 1412735516.73
4.92035963246 1412735517.61
4.84995273727 1412735518.52
4.84190620375 1412735519.38
4.83193548196 1412735520.28
4.83138174076 1412735521.17
4.80497182574 1412735522.06
4.79469064614 1412735523.07
4.76939323545 1412735524.08
4.74472441499 1412735524.98
4.75235300461 1412735525.86
4.7467279654 1412735526.8
4.73175083641 1412735527.71
4.66696827244 1412735528.64
4.66586808599 1412735529.6
4.65735415932 1412735530.5
4.6608553761 1412735531.38
4.6319485854 1412735532.28
4.63319933647 1412735533.15
4.61026196457 1412735534.11
4.59935054868 1412735535.01
4.60970521449 1412735535.92
4.58344868511 1412735536.8
4.58052008832 1412735537.67
4.5287458424 1412735538.57
4.53535869307 1412735539.47
4.53868614682 1412735540.41
4.52407200545 1412735541.31
4.5128337034 1412735542.26
4.48329282371 1412735543.25
4.55127670488 1412735544.22
4.54970765699 1412735545.19
4.5470779744 1412735546.14
4.54532730162 1412735547.13
4.53697740954 1412735548.17
4.51930441245 1412735549.14
4.526109134 1412735550.15
4.52174938074 1412735551.11
4.54485818893 1412735552.11
4.51922252597 1412735553.11
4.52283362257 1412735554.08
4.5200278263 1412735555.01
4.52691920522 1412735556.0
4.52701857949 1412735556.97
4.5286542253 1412735557.91
4.54405245595 1412735558.88
4.55282060533 1412735559.9
4.54252836156 1412735560.85
4.54853272738 1412735561.83
4.59749173233 1412735562.82
4.59733261785 1412735563.83
4.60330286755 1412735564.84
4.58316556914 1412735565.87
4.55488204328 1412735566.87
4.51154843922 1412735567.86
4.5106733424 1412735568.86
4.49735276028 1412735569.91
4.5047828977 1412735570.89
4.50901286528 1412735571.89
4.49659063122 1412735572.9
4.51610234549 1412735573.9
4.45908936003 1412735574.93
4.47505621039 1412735575.94
4.50912203358 1412735576.97
4.45151181523 1412735578.03
4.44139543095 1412735579.02
4.4388376717 1412735580.02
4.49269310353 1412735581.01
4.42515159 1412735582.03
4.41511352839 1412735583.03
4.45200267143 1412735584.07
4.39782369391 1412735585.08
4.39630029842 1412735586.11
4.39357538252 1412735587.12
4.40127329972 1412735588.14
4.4079741588 1412735589.17
4.39488670619 1412735590.18
4.38648797603 1412735591.18
4.38041494181 1412735592.18
4.35202643163 1412735593.18
4.34613656986 1412735594.17
4.3405665197 1412735595.18
4.32164385556 1412735596.2
4.33867958997 1412735597.21
4.33012891002 1412735598.22
4.33786307405 1412735599.22
4.34948095133 1412735600.27
4.34856933401 1412735601.23
4.3769051203 1412735602.31
4.38275655215 1412735603.3
4.37538334275 1412735604.31
4.35821921532 1412735605.39
4.3423122874 1412735606.4
4.33231375939 1412735607.43
4.34254954339 1412735608.41
4.35881106769 1412735609.44
4.33859500599 1412735610.47
4.35996439077 1412735611.51
4.35553735781 1412735612.52
4.34824044567 1412735613.5
4.33233896193 1412735614.5
4.32568020509 1412735615.55
4.31528931603 1412735616.56
4.31485884568 1412735617.59
4.32952906499 1412735618.56
4.31850654753 1412735619.55
4.33477023228 1412735620.55
4.30735865774 1412735621.6
4.31680354437 1412735622.6
4.33149063222 1412735623.57
4.31657320968 1412735624.58
4.30542242896 1412735625.58
4.31668266346 1412735626.6
4.31577622024 1412735627.56
4.28313792164 1412735628.56
4.27500309452 1412735629.57
4.29592550771 1412735630.55
