10.2036598114 1412741599.39
10.2530209364 1412741600.38
10.1778465638 1412741601.35
10.428501254 1412741602.41
10.4913434159 1412741603.39
10.4103400532 1412741604.37
10.326276692 1412741605.35
10.2586904969 1412741606.33
10.423001405 1412741607.29
10.5458852474 1412741608.29
10.5602067102 1412741609.23
10.6510399587 1412741610.18
10.7669047815 1412741611.15
10.8212475341 1412741612.14
10.8588766263 1412741613.12
10.8876591952 1412741614.12
10.8618486611 1412741615.2
10.9353340616 1412741616.2
11.0357091298 1412741617.2
11.2519940713 1412741618.19
11.0958919818 1412741619.13
11.1049373602 1412741620.13
11.1130545873 1412741621.15
11.1006286385 1412741622.11
11.0446150715 1412741623.08
11.0449154855 1412741624.03
10.9604930808 1412741625.01
10.8418390644 1412741626.0
10.8386333091 1412741626.96
10.8398333 1412741627.97
10.8334047739 1412741628.95
10.7136868834 1412741629.95
10.6409856749 1412741630.95
10.676498233 1412741631.92
10.6001741196 1412741632.93
10.5703864726 1412741633.92
10.4562202749 1412741634.9
10.3782047409 1412741635.88
10.3742472863 1412741636.86
10.3390574684 1412741637.83
10.3350209735 1412741638.78
10.3709473061 1412741639.72
10.1942563937 1412741640.7
10.1867670245 1412741641.65
10.1838944219 1412741642.57
10.2708328766 1412741643.52
10.2314120928 1412741644.47
10.1728519014 1412741645.4
10.0690188441 1412741646.35
9.97206246545 1412741647.29
9.85727865923 1412741648.25
9.88069614845 1412741649.18
9.78221863153 1412741650.12
9.78629036446 1412741651.08
9.5235373376 1412741652.07
9.44111711241 1412741653.04
9.54293579453 1412741653.99
9.49569987477 1412741654.96
9.22448977482 1412741655.91
9.08297337168 1412741656.91
7.94724423076 1412741657.89
8.3718500288 1412741659.01
8.34476272197 1412741659.97
8.28806703104 1412741660.91
8.09932444247 1412741661.92
8.01899405983 1412741662.84
8.18471284139 1412741663.8
8.15448734639 1412741664.69
8.09692732111 1412741665.62
8.14329605627 1412741666.54
8.05814711033 1412741667.5
7.98312090269 1412741668.44
7.84199818587 1412741669.35
7.74690410865 1412741670.26
7.67343549325 1412741671.19
7.56502350525 1412741672.14
7.58859847271 1412741673.04
7.51572141394 1412741673.96
7.46229981238 1412741674.92
7.15527242835 1412741675.84
7.18603848766 1412741676.8
7.0661530501 1412741677.73
6.98562904475 1412741678.64
6.86913649605 1412741679.57
6.7785847454 1412741680.45
6.68647026603 1412741681.37
6.7708018028 1412741682.28
6.62222807541 1412741683.15
6.46518372092 1412741684.04
6.34176473318 1412741685.0
6.24316174919 1412741685.87
6.15095273532 1412741686.79
6.11260066451 1412741687.65
6.02600759088 1412741688.56
5.95817916086 1412741689.47
5.76944889289 1412741690.35
5.63122456527 1412741691.29
5.59528885555 1412741692.15
5.517749212 1412741693.04
5.50885728871 1412741693.89
5.39748907318 1412741694.79
5.38866573006 1412741695.64
5.42108780574 1412741696.5
5.42440869854 1412741697.39
5.38441967714 1412741698.28
5.31211471888 1412741699.14
5.31516152889 1412741700.02
5.28063338603 1412741700.93
5.2472860642 1412741701.84
5.22168370036 1412741702.73
5.13027757071 1412741703.67
5.08504234519 1412741704.55
5.12692828442 1412741705.49
5.14057421373 1412741706.4
5.09792809175 1412741707.25
5.05175788169 1412741708.21
4.92042267381 1412741709.11
4.88107562635 1412741710.03
4.86322196941 1412741710.9
4.90045429314 1412741711.8
4.83348687181 1412741712.71
4.81795318213 1412741713.58
4.82032154259 1412741714.51
4.77247089953 1412741715.42
4.76546522544 1412741716.33
4.74498454899 1412741717.21
4.63207115473 1412741718.09
4.61882478227 1412741718.99
4.62260638907 1412741719.89
4.58421200902 1412741720.81
4.59931891283 1412741721.73
4.70228519475 1412741722.64
4.70806963413 1412741723.57
4.69155870013 1412741724.52
4.68442471592 1412741725.43
4.67913221658 1412741726.32
4.67644965193 1412741727.21
4.61093983842 1412741728.11
4.59335786789 1412741729.04
4.58316104535 1412741729.95
4.63702552142 1412741730.88
4.58483203752 1412741731.78
4.57859566713 1412741732.72
4.49105714357 1412741733.67
4.48667415737 1412741734.6
4.42394086426 1412741735.51
4.31668980767 1412741736.46
4.30898340541 1412741737.38
4.31524230711 1412741738.28
4.24808357447 1412741739.22
4.19327373293 1412741740.11
4.20310795029 1412741741.08
4.19593822004 1412741741.96
4.19407788949 1412741742.92
4.05094633871 1412741743.87
4.04397166157 1412741744.86
4.05488654252 1412741745.78
4.08271474008 1412741746.74
4.17448415407 1412741747.67
4.15946516224 1412741748.63
4.13256842706 1412741749.55
4.21310731664 1412741750.47
4.20022818005 1412741751.43
4.17005224786 1412741752.42
4.15679897058 1412741753.4
4.1337960769 1412741754.42
4.17063839762 1412741755.4
4.21697970709 1412741756.35
4.14515115829 1412741757.26
4.17685698468 1412741758.2
4.21511140456 1412741759.13
4.19928417557 1412741760.01
4.18438356728 1412741760.9
4.17991236026 1412741761.82
4.17520364632 1412741762.74
4.15516314196 1412741763.57
4.14993415487 1412741764.43
4.12908357976 1412741765.33
4.02810419394 1412741766.2
4.03178417067 1412741767.09
4.03217138222 1412741767.97
4.03057991604 1412741768.85
4.02502931228 1412741769.74
4.01877546714 1412741770.64
4.0093454516 1412741771.55
3.96117562879 1412741772.45
3.97111550183 1412741773.31
3.95478702379 1412741774.16
3.93633700164 1412741775.0
3.93150375515 1412741775.87
3.92077125887 1412741776.71
3.90218599918 1412741777.57
3.87627493163 1412741778.43
3.87726435447 1412741779.3
3.86086831155 1412741780.19
3.87284579988 1412741781.06
3.83188251124 1412741781.91
3.81407297556 1412741782.75
3.80823315705 1412741783.64
3.78167558141 1412741784.47
