15.6794259632 1412736641.02
15.48074331 1412736642.09
15.2881230641 1412736643.16
15.1563664342 1412736644.23
14.8107622177 1412736645.29
14.6427245478 1412736646.42
14.316886692 1412736647.47
14.3428781904 1412736648.56
14.0735871774 1412736649.61
13.9073551932 1412736650.69
13.6637815471 1412736651.74
13.4300672996 1412736652.77
13.3255629713 1412736653.76
13.3429405467 1412736654.76
13.0601550227 1412736655.78
12.7613652243 1412736656.81
12.6168122683 1412736657.89
12.540693949 1412736658.89
12.3570151762 1412736659.87
12.2607791382 1412736660.86
12.0841525125 1412736661.86
11.8283474961 1412736662.84
11.7854443947 1412736663.82
11.4104324887 1412736664.76
11.2177185434 1412736665.72
11.0138634473 1412736666.63
10.7789287033 1412736667.58
10.5708349334 1412736668.49
10.457219404 1412736669.43
10.1888622343 1412736670.38
10.1060517652 1412736671.3
10.0327267664 1412736672.21
9.92739655774 1412736673.12
9.78239021846 1412736674.03
9.63850071351 1412736674.93
9.57819977125 1412736675.81
9.47456574502 1412736676.69
9.41993211311 1412736677.58
9.28681473296 1412736678.5
9.22846181165 1412736679.46
9.0247130307 1412736680.38
8.95756669838 1412736681.29
8.88859961344 1412736682.18
8.91294073224 1412736683.09
8.7518187285 1412736683.96
8.69719135982 1412736684.91
8.69037200079 1412736685.81
8.69524703185 1412736686.72
8.69176656915 1412736687.63
8.66255175262 1412736688.54
8.6669617049 1412736689.47
8.61857018228 1412736690.37
8.57024063284 1412736691.32
8.5528047919 1412736692.25
8.58191555862 1412736693.24
8.59297918017 1412736694.17
8.56870196193 1412736695.11
8.59586731779 1412736696.06
8.45245019983 1412736696.97
8.51494791655 1412736697.9
8.50471215672 1412736698.83
8.33369962277 1412736699.81
8.28634838888 1412736700.74
8.37192195535 1412736701.69
8.29899549677 1412736702.66
8.28996888211 1412736703.6
8.29066330014 1412736704.52
7.95411485326 1412736705.47
7.97394110664 1412736706.43
7.97157753177 1412736707.43
8.00238814927 1412736708.37
7.86664333858 1412736709.34
7.73840310759 1412736710.34
7.76427132879 1412736711.32
7.60691875325 1412736712.3
7.4611857766 1412736713.26
7.41715800481 1412736714.25
7.27799814763 1412736715.23
7.15229895114 1412736716.17
7.06121719899 1412736717.19
6.94899001182 1412736718.2
7.08105467607 1412736719.26
6.99248802922 1412736720.26
7.06090629916 1412736721.27
6.94276593706 1412736722.29
6.85858072058 1412736723.3
7.02568154902 1412736724.33
6.92770285317 1412736725.37
6.91764034517 1412736726.39
6.89912572877 1412736727.41
6.72657145414 1412736728.45
6.62185518597 1412736729.56
6.51078135937 1412736730.63
6.45354226169 1412736731.69
6.45692457647 1412736732.79
6.34273400742 1412736733.86
6.37980308002 1412736734.96
6.31532342278 1412736736.07
6.5683461135 1412736736.97
6.53753120217 1412736737.94
6.54363706942 1412736738.85
6.53133239663 1412736739.76
6.49550347467 1412736740.68
6.47155663147 1412736741.6
6.45865952193 1412736742.53
6.44959462457 1412736743.5
6.43485546138 1412736744.42
6.51979749913 1412736745.34
6.55867525322 1412736746.27
6.44177764423 1412736747.17
6.39074115221 1412736748.09
6.34194205811 1412736749.04
6.27703835271 1412736750.01
6.26580953247 1412736750.96
6.21619744882 1412736751.91
6.20615463123 1412736752.82
6.11644311752 1412736753.77
6.15076675615 1412736754.69
6.13011414721 1412736755.65
6.17075254895 1412736756.6
6.1648142933 1412736757.58
6.19577159436 1412736758.52
6.15635545939 1412736759.48
6.14756509985 1412736760.44
6.13689924165 1412736761.35
6.12419818273 1412736762.33
6.08726987291 1412736763.27
6.20587000187 1412736764.22
6.20493030487 1412736765.16
6.18054158419 1412736766.1
6.28796631526 1412736767.04
6.2867623258 1412736767.96
6.28555645741 1412736768.91
6.30147469906 1412736769.84
6.28217806456 1412736770.75
6.26776324088 1412736771.64
6.26114208897 1412736772.55
6.2408093714 1412736773.45
6.24005882038 1412736774.36
6.23169219153 1412736775.32
6.21020999915 1412736776.26
6.21888170894 1412736777.18
6.15672711748 1412736778.12
6.14491152215 1412736779.07
6.11872798317 1412736780.03
6.11849587832 1412736780.97
6.09957586109 1412736781.91
6.09338907136 1412736782.86
6.08735187003 1412736783.78
6.08580580438 1412736784.73
6.08490715224 1412736785.66
6.16493704732 1412736786.6
6.22032964593 1412736787.58
6.20606878707 1412736788.52
6.22651935389 1412736789.5
6.22731697879 1412736790.44
6.20958998332 1412736791.36
6.36707618378 1412736792.35
6.28963679212 1412736793.27
6.34126497513 1412736794.21
6.31494309783 1412736795.11
6.32413185285 1412736796.04
6.29543929104 1412736796.96
6.28255899467 1412736797.9
6.28394605186 1412736798.92
6.27115700904 1412736799.84
6.25135643228 1412736800.75
6.34343861376 1412736801.69
6.28014167632 1412736802.64
6.26420143281 1412736803.6
6.24939947331 1412736804.46
6.23689621543 1412736805.38
6.2439048327 1412736806.32
6.22556258783 1412736807.27
6.3080065141 1412736808.13
6.24609930842 1412736809.07
6.21277746564 1412736809.96
6.18715587512 1412736810.88
6.14452393281 1412736811.8
6.12090455805 1412736812.68
6.2323014243 1412736813.61
6.21792078828 1412736814.54
6.10664776912 1412736815.47
6.07501517093 1412736816.39
6.19066518514 1412736817.31
6.19854329394 1412736818.2
6.17466375843 1412736819.11
6.18092547223 1412736820.08
6.14739053399 1412736821.02
6.17690025719 1412736821.95
6.17251810118 1412736822.87
6.12947121145 1412736823.76
6.15005594985 1412736824.63
6.09505385021 1412736825.58
5.98423925451 1412736826.52
5.97101831905 1412736827.46
5.97106991931 1412736828.35
5.90801505933 1412736829.3
5.9084143778 1412736830.23
5.84981118954 1412736831.13
