13.3135065139 1412755483.32
13.6101508167 1412755484.81
13.9789897914 1412755486.24
14.3126089464 1412755487.64
14.5306538823 1412755489.06
14.6893176913 1412755490.55
14.9264846161 1412755491.95
15.2125929932 1412755493.36
15.5036878204 1412755494.74
15.3474411987 1412755496.19
15.5501815047 1412755497.57
15.6094370218 1412755498.9
15.8808397406 1412755500.28
15.736976536 1412755501.61
15.7627408643 1412755502.98
15.7709319897 1412755504.38
15.5530224733 1412755506.0
15.530087338 1412755507.35
15.4450201646 1412755508.73
15.1715238155 1412755510.09
15.0177473405 1412755511.41
14.8288456596 1412755512.77
14.6871932311 1412755514.12
14.5773669834 1412755515.44
14.3060884511 1412755516.78
14.2648595717 1412755518.1
14.2145659161 1412755519.45
14.1467517528 1412755520.74
14.1183742784 1412755522.11
13.9224543259 1412755523.43
13.7248749951 1412755524.79
13.5512660764 1412755526.12
13.4855286445 1412755527.49
13.3266021247 1412755528.84
13.3658455549 1412755530.23
13.2427750507 1412755531.58
13.1713220216 1412755532.95
13.0885931831 1412755534.32
12.9049425971 1412755535.67
12.8392237945 1412755537.0
12.6721018591 1412755538.34
12.5474038935 1412755539.7
12.3956390618 1412755541.05
12.2574607643 1412755542.38
12.300259958 1412755543.79
12.2066103403 1412755545.12
12.1861594092 1412755546.48
12.1620605725 1412755547.83
10.4861606377 1412755549.2
10.2761562578 1412755550.58
9.98089918209 1412755551.93
9.78543069076 1412755553.27
9.4714863418 1412755554.63
9.32705827687 1412755555.97
9.26697955341 1412755557.28
9.06211616251 1412755558.61
8.86976137971 1412755560.0
8.79058594045 1412755561.36
8.62729602997 1412755562.68
8.42815015385 1412755564.03
8.37469362647 1412755565.4
8.29820823482 1412755566.78
8.25747215 1412755568.12
8.14210145317 1412755569.51
8.06776453066 1412755570.86
7.88750271044 1412755572.19
7.85547939813 1412755573.55
7.7683343168 1412755574.92
7.75774842529 1412755576.28
7.71673154565 1412755577.6
7.38379581038 1412755578.95
7.22897101083 1412755580.31
7.18340098986 1412755581.67
7.06921074017 1412755583.01
6.9965464044 1412755584.35
6.90647180021 1412755585.68
6.71497389634 1412755587.08
6.5738214565 1412755588.41
6.44945146601 1412755589.75
6.36405827394 1412755591.11
6.25406835498 1412755592.47
6.18326437951 1412755593.79
6.16178582257 1412755595.15
6.1921910272 1412755596.5
6.18173193312 1412755597.82
6.16809067204 1412755599.17
6.11574459338 1412755600.55
6.09776256476 1412755601.87
6.05928427055 1412755603.17
6.07741497111 1412755604.48
6.00394803218 1412755605.81
5.96474267531 1412755607.12
5.96275654093 1412755608.43
5.952969905 1412755609.82
5.99659811042 1412755611.17
5.9805788173 1412755612.55
5.96988216101 1412755613.98
5.9705647172 1412755615.3
5.95461405519 1412755616.64
5.96212136919 1412755618.0
5.95363506886 1412755619.43
5.95533625803 1412755620.82
5.99819206573 1412755622.15
5.96430192156 1412755623.63
5.95394980944 1412755625.14
5.89644947216 1412755626.52
5.85876289491 1412755627.88
5.91714715893 1412755629.29
5.92906694125 1412755630.74
5.88980663384 1412755632.1
5.87174596689 1412755633.5
5.81198201469 1412755634.91
5.80195934486 1412755636.29
5.75801907776 1412755637.65
5.71291014437 1412755639.03
5.69276936703 1412755640.38
5.7021382101 1412755641.75
5.67573430291 1412755643.13
5.64034066104 1412755644.56
5.60821593382 1412755645.93
5.55671847753 1412755647.3
5.52404778816 1412755648.71
5.50146446947 1412755650.13
5.53399413736 1412755651.54
5.51252348421 1412755652.96
5.4957465887 1412755654.33
5.4678224629 1412755655.74
5.41944068539 1412755657.12
5.40920303252 1412755658.45
5.37500310021 1412755659.82
5.34469384973 1412755661.21
5.33154741272 1412755662.61
5.28339197259 1412755663.98
5.25392805625 1412755665.4
5.23207753056 1412755666.79
5.18303258128 1412755668.15
5.12433021171 1412755669.51
5.11257695442 1412755670.88
5.04754269597 1412755672.25
5.01022804421 1412755673.59
4.94194406178 1412755674.96
4.86902648945 1412755676.32
4.79354288781 1412755677.68
4.74372742448 1412755679.06
4.73277939791 1412755680.43
4.5989782019 1412755681.73
4.54428360424 1412755683.02
4.48421630147 1412755684.32
4.45701701494 1412755685.62
4.43492432607 1412755686.85
4.38892101726 1412755688.14
4.37244404782 1412755689.42
4.33283315758 1412755690.68
4.32104016647 1412755691.97
4.23398652744 1412755693.25
4.17064803573 1412755694.53
4.12294229249 1412755695.75
4.11724877457 1412755697.01
4.15770115699 1412755698.27
4.17729403748 1412755699.51
4.13846121284 1412755700.78
4.1426516027 1412755702.03
4.09936197833 1412755703.29
4.07982749929 1412755704.54
3.99347698505 1412755705.77
3.92387738629 1412755707.03
3.89558291567 1412755708.26
3.85241259179 1412755709.53
3.86948456909 1412755710.78
3.84184370117 1412755712.06
3.80833356291 1412755713.34
3.79985141497 1412755714.59
3.76753270417 1412755715.84
3.76799932228 1412755717.11
3.75218101183 1412755718.32
3.74591787647 1412755719.54
3.7456408161 1412755720.82
3.7290219647 1412755722.11
3.68893832581 1412755723.36
3.63973182674 1412755724.62
3.61827063 1412755725.9
3.62711011095 1412755727.2
3.62004578178 1412755728.48
3.63502359537 1412755729.78
3.62193549021 1412755731.06
3.59311844383 1412755732.34
3.56253634633 1412755733.65
3.53857778882 1412755734.93
3.52417424889 1412755736.25
3.50862759616 1412755737.54
3.4709522227 1412755738.86
3.4544393779 1412755740.19
3.4422650313 1412755741.49
3.42856875112 1412755742.83
3.39225900938 1412755744.13
3.36711374692 1412755745.45
3.32977501915 1412755746.73
3.32665766514 1412755748.07
3.32587577922 1412755749.37
3.30861279629 1412755750.68
