13.3738036977 1412754924.29
12.9834365864 1412754925.74
12.5518261942 1412754927.32
12.5165679413 1412754928.83
12.0899807645 1412754930.28
11.9676346177 1412754931.8
11.8830680042 1412754933.13
11.8179271278 1412754934.46
11.5593841574 1412754935.88
11.350784832 1412754937.24
11.3029388627 1412754938.61
11.1857196029 1412754939.97
10.9596132132 1412754941.3
10.8598814816 1412754942.68
10.5867843057 1412754944.05
10.4190822327 1412754945.36
10.35973402 1412754946.69
10.1686675111 1412754948.03
10.1162347333 1412754949.37
9.96638146702 1412754950.75
9.94957408748 1412754952.1
9.7981669385 1412754953.46
9.72082794829 1412754954.78
9.69832757612 1412754956.13
9.64516479575 1412754957.47
9.69658812594 1412754958.79
9.80168658597 1412754960.16
9.76406103547 1412754961.52
9.66457924827 1412754962.92
9.7831444344 1412754964.28
9.75754959855 1412754965.68
9.69284034198 1412754967.06
9.80375918902 1412754968.46
9.614053629 1412754969.81
9.53262119528 1412754971.18
9.61788026183 1412754972.52
9.74715581341 1412754973.88
9.57409629897 1412754975.3
9.53982954704 1412754976.68
9.53006749106 1412754978.1
9.58295343817 1412754979.53
9.57814676759 1412754980.97
9.48911228835 1412754982.41
9.56532239372 1412754983.85
9.55471084929 1412754985.25
9.50083112375 1412754986.65
9.49108045069 1412754988.08
9.43703911848 1412754989.52
9.42879372402 1412754991.0
9.43667338419 1412754992.47
9.42364530715 1412754993.96
9.34945392209 1412754995.45
9.25036407095 1412754996.92
9.25663212834 1412754998.34
9.29639035513 1412754999.74
9.31475036714 1412755001.16
9.33201032893 1412755002.57
9.39479872389 1412755004.02
9.4118037212 1412755005.44
9.3927701992 1412755006.83
9.22558911822 1412755008.26
9.31001952359 1412755009.66
9.20183443749 1412755011.08
9.17119724295 1412755012.5
9.17090575011 1412755013.95
9.17790458582 1412755015.36
9.13977066249 1412755016.78
9.0729845166 1412755018.23
9.0372011536 1412755019.66
8.99443359317 1412755021.11
8.91609555547 1412755022.6
8.80786995378 1412755024.12
8.78001647517 1412755025.57
8.77471692889 1412755027.15
8.68445175117 1412755028.72
8.64558755865 1412755030.33
8.61039205577 1412755031.92
8.6496928048 1412755033.51
8.63658160204 1412755034.93
8.62920479672 1412755036.34
8.58177038868 1412755037.74
8.50947888187 1412755039.13
8.46159003379 1412755040.58
8.43987633305 1412755042.0
8.39633136807 1412755043.47
8.39875695879 1412755044.88
8.39250050409 1412755046.25
8.40521541077 1412755047.7
8.37878969809 1412755049.13
8.25979630218 1412755050.55
8.23329388115 1412755051.97
8.20662392081 1412755053.42
8.18335912605 1412755054.98
8.19045483837 1412755056.42
8.18608370465 1412755057.86
8.18642753225 1412755059.3
8.16016782842 1412755060.72
8.1889276909 1412755062.19
8.24762870689 1412755063.62
8.24946066093 1412755065.09
8.23011832565 1412755066.61
8.26734798928 1412755068.05
8.23439100957 1412755069.51
8.22337488083 1412755071.0
8.22476638871 1412755072.43
8.25169719903 1412755073.86
8.22379051034 1412755075.31
8.23740074843 1412755076.8
8.23040956151 1412755078.27
8.23688392408 1412755079.78
8.22764251251 1412755081.32
8.20637344504 1412755082.71
8.20069397548 1412755084.2
8.17538948709 1412755085.68
8.17026949345 1412755087.15
8.13210035865 1412755088.65
8.1172548688 1412755090.08
8.13558902587 1412755091.55
8.11276249769 1412755092.97
8.11827528189 1412755094.39
8.13939214727 1412755095.89
8.13363970653 1412755097.36
8.12411499122 1412755098.85
8.11355661156 1412755100.27
8.08209649576 1412755101.71
8.03203801487 1412755103.21
8.00689682113 1412755104.71
8.01412055439 1412755106.2
8.03046076761 1412755107.71
8.01186017576 1412755109.23
8.0668204667 1412755110.69
7.99998416109 1412755112.22
8.05935996624 1412755113.7
8.01820381107 1412755115.16
8.07450597554 1412755116.63
8.05068978626 1412755118.12
8.04751619543 1412755119.63
8.06748317873 1412755121.13
8.08677150436 1412755122.59
8.12902109251 1412755124.1
8.12230597378 1412755125.57
8.1133241722 1412755127.06
8.06418107321 1412755128.56
8.04184404613 1412755130.1
7.99823607875 1412755131.59
7.99568225566 1412755133.07
8.0020943509 1412755134.53
8.02313434726 1412755136.09
8.02251520033 1412755137.6
8.00799046774 1412755139.15
7.95982929776 1412755140.64
7.93082664718 1412755142.23
7.93156395075 1412755143.69
7.92882807632 1412755145.18
7.91346650914 1412755146.69
7.88719032832 1412755148.19
7.88717295776 1412755149.67
7.88998079006 1412755151.15
7.93950314631 1412755152.67
7.91419422115 1412755154.11
7.90253578821 1412755155.59
7.91474026889 1412755157.07
7.89841852759 1412755158.54
7.88814001879 1412755160.03
7.87340398285 1412755161.51
7.86614143714 1412755163.0
7.84731288517 1412755164.56
7.78119362819 1412755166.02
7.80314632039 1412755167.59
7.80480136373 1412755169.16
7.79809655068 1412755170.71
7.79780321402 1412755172.23
7.85038289834 1412755173.8
7.84568709221 1412755175.34
7.84249025986 1412755176.88
7.80363836427 1412755178.43
7.77712550173 1412755179.99
7.77924635217 1412755181.51
7.72351441671 1412755183.11
7.69965399649 1412755184.64
7.66038730205 1412755186.18
7.63185038629 1412755187.67
7.6045632235 1412755189.27
7.59132628604 1412755190.82
7.5838074411 1412755192.35
7.57396797642 1412755193.89
7.56408412752 1412755195.38
7.54015492779 1412755196.94
7.54625569731 1412755198.52
7.49143954025 1412755200.4
7.49686618865 1412755202.01
7.47301104894 1412755203.59
7.44760523249 1412755205.13
7.43811221025 1412755206.71
7.41871278802 1412755208.26
7.43904663321 1412755209.8
7.4604790964 1412755211.3
7.43936420818 1412755212.84
7.47109265805 1412755214.35
7.47066589344 1412755215.9
