22.0752789916 1412721633.92
20.733239035 1412721634.02
19.734381869 1412721634.14
20.1632251506 1412721634.26
19.5978760385 1412721634.38
18.9564894363 1412721634.48
19.0766119577 1412721634.6
18.8637725865 1412721634.71
18.6869439529 1412721634.84
17.5616685744 1412721634.95
17.3940786228 1412721635.07
17.1277436047 1412721635.18
16.4775872098 1412721635.29
16.2865262333 1412721635.39
16.0753617558 1412721635.5
14.0127511252 1412721635.62
13.9652890185 1412721635.73
14.1700627895 1412721635.84
14.0590305935 1412721635.95
14.8251145846 1412721636.05
15.9867485194 1412721636.15
16.8294657889 1412721636.3
17.339209222 1412721636.44
17.9925819139 1412721636.54
17.6001771629 1412721636.67
17.462609905 1412721636.8
17.2667139561 1412721636.93
17.176503816 1412721637.03
17.4397588192 1412721637.13
16.9592911133 1412721637.24
17.3258136572 1412721637.34
17.400128699 1412721637.44
17.4732033298 1412721637.55
17.8340656138 1412721637.66
17.9911355482 1412721637.79
18.0732400423 1412721637.9
18.0035706181 1412721638.02
18.0830159459 1412721638.13
18.1607968957 1412721638.23
18.4838795313 1412721638.38
18.5393316039 1412721638.47
18.5521197794 1412721638.57
18.6157673269 1412721638.68
18.6552177245 1412721638.79
18.6951565568 1412721638.9
18.7358667812 1412721639.03
18.9189379375 1412721639.13
18.9842296156 1412721639.24
19.2721654236 1412721639.36
18.2951575565 1412721639.46
18.3115943573 1412721639.56
18.3638805555 1412721639.66
18.3814911237 1412721639.75
18.3901486118 1412721639.87
18.4532448205 1412721639.99
18.5311256146 1412721640.12
18.5324650992 1412721640.23
18.5487882359 1412721640.38
17.9953537952 1412721640.52
18.098550237 1412721640.63
18.336217843 1412721640.77
18.3519514897 1412721640.9
18.4095626645 1412721641.03
18.4273115627 1412721641.16
18.4346424618 1412721641.31
18.5156414143 1412721641.43
18.7286408508 1412721641.55
18.7992007644 1412721641.66
18.6943885372 1412721641.79
18.7636009702 1412721641.92
18.9025143065 1412721642.04
18.8883945259 1412721642.17
18.9049834813 1412721642.32
18.9208458181 1412721642.46
18.9360175297 1412721642.58
18.9503562859 1412721642.7
16.81517354 1412721642.81
16.827021393 1412721642.92
16.8387669908 1412721643.06
16.8501113337 1412721643.21
16.8613442985 1412721643.34
16.8722482341 1412721643.46
16.8828322426 1412721643.6
16.9943637158 1412721643.72
16.8837679787 1412721643.84
16.9564664912 1412721643.95
17.0059285227 1412721644.08
17.0246810848 1412721644.2
17.0059466308 1412721644.34
17.0816034312 1412721644.46
17.0914711892 1412721644.59
17.1131061229 1412721644.71
17.1340562187 1412721644.82
17.1545254304 1412721644.94
17.4978182688 1412721645.07
17.5182299024 1412721645.2
17.3421165064 1412721645.31
17.3506747394 1412721645.43
17.3757217332 1412721645.55
17.3993453828 1412721645.67
17.5463404688 1412721645.78
17.5402543419 1412721645.89
17.5783878199 1412721646.02
17.6169356224 1412721646.14
17.6558575994 1412721646.26
16.2264077674 1412721646.4
16.267339812 1412721646.52
16.3064110629 1412721646.65
16.3435445778 1412721646.77
16.3790325789 1412721646.89
16.4089833999 1412721646.99
16.4391799614 1412721647.1
17.1212901458 1412721647.21
16.8328341124 1412721647.33
16.8655757698 1412721647.45
17.0656590885 1412721647.56
17.0902981168 1412721647.68
17.1143426979 1412721647.79
17.13779594 1412721647.9
17.1608729857 1412721648.04
17.1860001421 1412721648.17
17.2109634655 1412721648.33
17.2329290949 1412721648.47
16.9952287202 1412721648.61
17.0304621958 1412721648.74
18.0185224539 1412721648.88
18.0427702745 1412721649.01
18.0674356783 1412721649.16
18.0923304086 1412721649.32
18.1174175276 1412721649.45
18.2984109897 1412721649.58
18.1320857111 1412721649.69
18.1697607735 1412721649.83
18.7229634817 1412721649.95
18.7253198817 1412721650.08
18.7528038298 1412721650.19
18.6687595819 1412721650.35
18.6485071736 1412721650.5
18.68151029 1412721650.64
18.7119928192 1412721650.77
16.7733842902 1412721650.9
16.806105558 1412721651.04
16.8377535919 1412721651.16
16.8686881719 1412721651.34
16.8985595764 1412721651.54
16.9265636791 1412721651.72
17.3760631309 1412721651.91
17.4076237384 1412721652.07
16.9241137752 1412721652.21
17.0186554288 1412721652.38
17.0526571084 1412721652.52
17.0840848296 1412721652.64
17.4521011114 1412721652.79
17.4705773204 1412721652.92
20.7702868412 1412721653.04
20.9880492632 1412721653.16
21.8459897675 1412721653.29
21.7851416555 1412721653.44
22.2653825795 1412721653.59
22.4945306086 1412721653.71
22.5691325942 1412721653.84
21.573420019 1412721653.98
21.621799572 1412721654.11
21.7097144599 1412721654.24
21.7588015183 1412721654.45
21.8478783963 1412721654.58
21.8978685421 1412721654.76
21.9874872916 1412721654.94
22.6607626074 1412721655.07
23.3805739485 1412721655.24
23.4314285746 1412721655.37
23.3491398067 1412721655.52
23.3849534365 1412721655.68
23.4223863535 1412721655.82
23.4613478908 1412721655.97
23.5019704729 1412721656.09
23.5441507379 1412721656.22
23.5880632477 1412721656.39
23.894558745 1412721656.6
23.9824272001 1412721656.77
24.1010204109 1412721656.94
24.1579363981 1412721657.11
24.1937265334 1412721657.27
22.9360328483 1412721657.45
23.6665839811 1412721657.65
23.8746549175 1412721657.82
24.5811779948 1412721657.96
24.8443059584 1412721658.12
24.899344535 1412721658.28
25.1664715741 1412721658.59
25.2218647323 1412721658.77
25.3207296739 1412721658.97
25.5593339592 1412721659.14
25.6075485466 1412721659.36
25.0338696392 1412721659.54
21.733664567 1412721659.72
21.9278253332 1412721659.94
21.9967114357 1412721660.12
21.9863325419 1412721660.31
22.5787258062 1412721660.51
