14.6358450059 1412742048.72
14.4010570424 1412742049.7
14.363624245 1412742050.61
14.3292986276 1412742051.6
14.2567926132 1412742052.57
13.8616413878 1412742053.57
13.617560474 1412742054.52
13.3304596996 1412742055.47
12.7599136792 1412742056.43
12.4310201847 1412742057.41
12.03580029 1412742058.38
11.7132980588 1412742059.32
11.4895279365 1412742060.27
11.217265201 1412742061.32
10.9345302743 1412742062.41
10.6927188123 1412742063.33
10.9677511927 1412742064.37
10.8528253648 1412742065.41
10.766286403 1412742066.4
10.714912488 1412742067.81
10.7580917661 1412742069.19
10.6293184979 1412742070.44
10.419744608 1412742071.66
10.5396603992 1412742072.93
10.1256803277 1412742074.22
10.2502744449 1412742075.67
9.95769805612 1412742076.68
9.54658881267 1412742077.68
9.5043313736 1412742078.67
9.7478691261 1412742079.69
9.42211036676 1412742081.36
9.4438045423 1412742083.08
9.30395798308 1412742084.79
9.12937271155 1412742086.17
9.09892717094 1412742087.45
9.16004188042 1412742088.82
9.25685829463 1412742089.78
9.00295907895 1412742090.8
9.12878540025 1412742091.9
9.08334853551 1412742092.91
9.14884015737 1412742093.83
9.18213820459 1412742094.71
9.09521836393 1412742095.6
9.04940744282 1412742096.5
9.05523932312 1412742097.67
9.1048714303 1412742098.88
8.99267076806 1412742100.22
9.08905755204 1412742101.4
9.01666080467 1412742102.76
8.873527755 1412742103.82
8.99527826745 1412742104.89
9.19102216041 1412742105.82
9.00071869819 1412742106.79
8.84290500093 1412742107.75
8.78995526934 1412742108.67
8.96873778989 1412742109.59
9.04767063429 1412742110.75
9.05765045568 1412742111.75
9.0998321734 1412742112.68
9.07863814664 1412742113.66
9.17756889768 1412742114.68
9.26198959054 1412742115.79
9.15787819525 1412742116.71
8.94164170766 1412742117.69
8.80596826708 1412742119.05
8.95209593412 1412742120.43
9.07242411141 1412742121.84
8.93505424726 1412742123.37
9.10461794099 1412742124.82
9.02705902864 1412742125.86
9.15497952823 1412742126.89
9.22004794057 1412742128.21
9.38777983273 1412742129.25
9.28551827971 1412742130.8
9.45433297504 1412742132.21
9.40632240804 1412742133.65
9.39962820275 1412742135.13
9.48596381711 1412742136.74
9.50765511096 1412742138.11
9.56896286097 1412742139.7
9.57594467193 1412742141.07
9.57576804692 1412742142.12
9.66015370442 1412742143.13
9.692083579 1412742144.14
9.63467399465 1412742145.11
9.62409754535 1412742146.13
9.58775973179 1412742147.11
9.73417365621 1412742148.1
9.701528878 1412742149.07
9.72547272626 1412742150.1
9.8981431028 1412742151.15
9.81385795241 1412742152.22
9.81245588639 1412742153.31
9.78273258624 1412742154.36
9.70451140501 1412742155.36
9.67317633394 1412742156.37
9.64222167015 1412742157.4
9.49000928796 1412742158.4
9.41308642807 1412742159.39
9.33326116154 1412742160.4
9.29428373273 1412742161.37
9.25406158211 1412742162.41
9.11172563252 1412742163.4
9.04553504546 1412742164.38
9.07827996229 1412742165.35
8.85004103872 1412742166.3
8.75169757901 1412742167.29
8.77114666587 1412742168.3
8.73673274935 1412742169.3
8.71237909382 1412742170.28
8.48638062743 1412742171.27
8.53199893984 1412742172.25
8.60743919396 1412742173.26
8.59091399342 1412742174.24
8.60574659774 1412742175.23
8.65067768716 1412742176.22
8.76021440312 1412742177.21
8.76447408837 1412742178.19
8.78367452728 1412742179.21
8.88299292253 1412742180.22
8.78101115704 1412742181.23
8.79862353583 1412742182.23
8.9104122428 1412742183.19
8.94309546108 1412742184.19
8.94131363012 1412742185.2
9.03994902582 1412742186.21
8.95287237313 1412742187.24
8.93392926965 1412742188.23
9.13403814012 1412742189.24
9.14802738893 1412742190.24
9.14422249841 1412742191.28
9.24088271424 1412742192.29
9.23677662879 1412742193.32
9.13138162536 1412742194.32
9.26253340028 1412742195.34
9.03053215082 1412742196.39
9.0351404036 1412742197.42
9.02390079323 1412742198.47
9.03099057729 1412742199.47
8.87812561083 1412742200.51
8.95544556967 1412742201.53
8.96123462559 1412742202.55
9.08552563961 1412742203.56
9.15988233603 1412742204.58
9.20375252485 1412742205.7
9.2423389792 1412742206.73
9.05052907571 1412742207.75
9.27786681421 1412742208.79
9.30763690537 1412742209.85
9.28360078157 1412742210.92
9.19821681006 1412742211.94
9.23758869428 1412742212.95
9.29078147086 1412742214.0
9.28364420752 1412742215.06
9.3286046003 1412742216.1
9.33454797337 1412742217.21
9.32587352143 1412742218.27
9.29756077247 1412742219.31
9.36751271868 1412742220.39
9.30069151551 1412742221.49
9.38217243798 1412742222.6
9.38381148505 1412742223.66
9.45370658449 1412742224.74
9.54775105911 1412742225.84
9.60909424112 1412742226.92
9.62726791013 1412742227.97
9.66490403605 1412742229.04
9.71335919958 1412742230.12
9.80735300475 1412742231.21
9.79787566196 1412742232.32
9.86291277298 1412742233.41
9.88932346256 1412742234.49
9.89692288491 1412742235.57
9.93506674104 1412742236.64
9.86949987197 1412742237.75
9.88928300095 1412742238.84
9.96182903136 1412742239.93
9.92662701121 1412742241.04
9.97474181606 1412742242.09
9.99950657355 1412742243.3
10.0527208253 1412742244.38
10.0254796019 1412742245.52
9.9914760175 1412742246.58
10.0425393767 1412742247.68
10.0828566353 1412742248.8
10.0969108499 1412742249.9
10.1170652403 1412742251.05
10.1394384184 1412742252.2
10.0653129154 1412742253.3
10.0862594838 1412742254.43
10.1014815354 1412742255.54
10.0812642224 1412742256.67
10.105592104 1412742257.78
10.0624112813 1412742258.94
10.0550300619 1412742260.07
10.0971579672 1412742261.21
10.0794992349 1412742262.33
10.1054464439 1412742263.47
10.08852897 1412742264.57
10.1332971028 1412742265.71
