6.00154954595 1412730245.06
5.94831997394 1412730245.71
6.10799075426 1412730246.31
6.26889108593 1412730246.89
6.61652461337 1412730247.49
6.69086190863 1412730248.09
6.59969604897 1412730248.7
6.73558077584 1412730249.3
6.76894398373 1412730249.94
6.89019260095 1412730250.57
6.90898690726 1412730251.19
6.85671470961 1412730251.87
6.85549092427 1412730252.48
6.73070397457 1412730253.11
6.67819901117 1412730253.76
6.73339946139 1412730254.39
6.71314099729 1412730255.04
6.75466901213 1412730255.64
6.69295646297 1412730256.27
6.7263984518 1412730256.95
6.8249774274 1412730257.61
6.8822925488 1412730258.24
7.09249594554 1412730258.88
7.17249412624 1412730259.5
7.05834631469 1412730260.17
6.98120880722 1412730260.79
6.8970885796 1412730261.36
6.77525277819 1412730261.99
6.58678133483 1412730262.65
6.4962536206 1412730263.26
6.3897455253 1412730263.89
6.24103690825 1412730264.48
6.28775887564 1412730265.06
6.34108996091 1412730265.64
6.42756733314 1412730266.24
6.48639389365 1412730266.85
6.56001333983 1412730267.44
6.56841290111 1412730268.04
6.53535791875 1412730268.65
6.52540570031 1412730269.26
6.44302529221 1412730269.84
6.43213312499 1412730270.43
6.39473670382 1412730271.03
6.26056437162 1412730271.61
6.20396177661 1412730272.2
6.0046030624 1412730272.77
5.931774478 1412730273.34
5.72508249024 1412730273.94
5.61020688823 1412730274.56
5.5593900118 1412730275.15
5.49594881886 1412730275.7
5.4526247919 1412730276.26
5.34469536498 1412730276.82
5.18277150509 1412730277.41
4.94220162842 1412730277.99
5.42197075265 1412730278.6
5.13771879621 1412730279.23
5.43095793165 1412730279.87
5.18362146542 1412730280.49
5.43101719742 1412730281.07
5.15916311205 1412730281.69
5.24230520487 1412730282.32
5.17710181413 1412730282.9
5.19319637294 1412730283.52
5.16776495429 1412730284.15
5.17556157582 1412730284.8
5.16069906183 1412730285.42
5.15217191758 1412730286.04
5.11343642007 1412730286.63
5.08620729255 1412730287.26
5.03508490224 1412730287.87
4.98485523075 1412730288.46
5.02844912143 1412730289.07
5.01353235608 1412730289.67
4.94119202042 1412730290.28
4.83450350019 1412730290.94
4.8734884222 1412730291.56
4.91651574388 1412730292.2
4.89710656831 1412730292.83
4.90039650362 1412730293.42
4.81348923145 1412730294.05
4.81397988369 1412730294.66
4.82789722657 1412730295.27
4.81965257232 1412730295.87
4.78883193316 1412730296.51
4.65655698184 1412730297.13
4.75256432397 1412730297.73
4.72274250999 1412730298.34
4.68906681279 1412730298.94
4.61167487469 1412730299.54
4.61979638956 1412730300.12
4.54920029341 1412730300.71
4.52584540573 1412730301.31
4.48762506726 1412730301.87
4.44226897165 1412730302.43
4.42402252825 1412730303.01
4.41150503534 1412730303.71
4.40802448341 1412730304.3
4.36559418225 1412730304.85
4.35566114844 1412730305.45
4.32576990421 1412730306.0
4.23499035316 1412730306.53
4.31118672197 1412730307.16
4.26150785979 1412730307.76
4.24489899574 1412730308.34
4.17959346924 1412730308.9
4.1866561691 1412730309.42
4.20672019148 1412730309.98
4.251038707 1412730310.55
4.25822979255 1412730311.09
4.26603241306 1412730311.63
4.13073769775 1412730312.16
4.05656527018 1412730312.75
4.11068944555 1412730313.32
4.13003982719 1412730313.92
4.16014723738 1412730314.48
4.1317672409 1412730315.05
4.15991904272 1412730315.61
4.13305617006 1412730316.18
4.18338041715 1412730316.76
4.16648572902 1412730317.33
4.12342694261 1412730317.91
4.18101617747 1412730318.45
4.18823202657 1412730319.04
4.19444433748 1412730319.62
4.20149048469 1412730320.17
4.23835067986 1412730320.76
4.18633809196 1412730321.33
4.13077968542 1412730321.89
4.16150668451 1412730322.45
4.15841583586 1412730323.04
4.15176259135 1412730323.64
4.0961173848 1412730324.24
4.15020645184 1412730324.85
4.15043773937 1412730325.44
4.11083568963 1412730326.0
4.17615338825 1412730326.58
4.17762965073 1412730327.16
4.17975454518 1412730327.76
4.16796645527 1412730328.36
4.17779752466 1412730328.96
4.1766207228 1412730329.54
4.18985328892 1412730330.12
4.19130254802 1412730330.72
4.26093301197 1412730331.32
4.25546980804 1412730331.96
4.25889207716 1412730332.57
4.25963504933 1412730333.17
4.24057071345 1412730333.8
4.2265709496 1412730334.39
4.23141432839 1412730334.99
4.2323333166 1412730335.6
4.23409160444 1412730336.2
4.24660516842 1412730336.82
4.24895776459 1412730337.45
4.26097327982 1412730338.06
4.26331523425 1412730338.69
4.35550409819 1412730339.34
4.36058128534 1412730339.95
4.3470087224 1412730340.53
4.38124729665 1412730341.15
4.30541252119 1412730341.76
4.37911058251 1412730342.36
4.385736498 1412730342.97
4.39426757333 1412730343.61
4.47225760838 1412730344.21
4.39985593091 1412730344.84
4.40615123169 1412730345.47
4.40964186424 1412730346.07
4.43065962882 1412730346.69
4.49176930439 1412730347.33
4.50666048915 1412730347.95
4.52263669468 1412730348.57
4.53673779623 1412730349.19
4.54203721076 1412730349.83
4.58561945765 1412730350.46
4.61599016246 1412730351.1
4.62780035336 1412730351.72
4.69293255223 1412730352.34
4.70842925702 1412730352.97
4.68234075345 1412730353.6
4.72075988382 1412730354.24
4.69563564602 1412730354.93
4.69519703127 1412730355.58
4.73720265998 1412730356.26
4.68472968474 1412730356.9
4.6860792353 1412730357.55
4.68348487964 1412730358.17
4.73307358335 1412730358.82
4.74405714059 1412730359.44
4.74070513235 1412730360.06
4.74432626193 1412730360.67
4.74524594865 1412730361.29
4.7459590832 1412730361.94
4.71193216933 1412730362.59
4.68806266385 1412730363.24
4.68756910883 1412730363.94
4.75705771384 1412730364.57
4.80618040137 1412730365.23
4.80623555095 1412730365.86
