16.1122879526 1412722602.09
16.3558367062 1412722602.22
16.309727764 1412722602.35
16.2564705467 1412722602.49
16.0119442455 1412722602.61
16.459491362 1412722602.74
16.4845270749 1412722602.87
16.0774382945 1412722603.0
15.8218019222 1412722603.15
15.7427505167 1412722603.26
15.9734118535 1412722603.36
15.9660776441 1412722603.47
16.0269059149 1412722603.6
15.9849630613 1412722603.73
15.9592632372 1412722603.84
15.8151201072 1412722603.96
15.7283157867 1412722604.09
15.5819619687 1412722604.2
15.6518632371 1412722604.36
15.6966265128 1412722604.49
15.6822674456 1412722604.6
15.6688606637 1412722604.71
15.4855191891 1412722604.88
15.4792793165 1412722605.0
15.4746028214 1412722605.14
15.4689276344 1412722605.29
15.3576316167 1412722605.42
15.3700774624 1412722605.57
15.3817543844 1412722605.69
15.3927368554 1412722605.81
15.4031383419 1412722606.0
15.4129617123 1412722606.11
15.4221449148 1412722606.22
15.4309043255 1412722606.34
15.4391310813 1412722606.46
15.4468312935 1412722606.59
15.4285784101 1412722606.76
15.4370896078 1412722606.88
15.6681214299 1412722607.07
15.7392148456 1412722607.19
15.742099571 1412722607.3
15.7446284019 1412722607.44
15.5380624162 1412722607.55
15.5288792631 1412722607.64
15.5201677142 1412722607.81
15.653732597 1412722607.96
15.5513185074 1412722608.07
15.538189346 1412722608.18
15.2512271116 1412722608.28
15.5411283284 1412722608.4
15.2340873545 1412722608.53
15.3311257932 1412722608.67
15.3340387525 1412722608.8
15.1835047063 1412722608.93
15.1894907043 1412722609.05
15.0844512849 1412722609.18
15.4746056141 1412722609.28
15.6433272763 1412722609.38
15.6297199059 1412722609.56
15.7066736815 1412722609.7
15.6950186993 1412722609.81
15.6838170774 1412722609.92
15.6731930433 1412722610.03
15.6914925307 1412722610.13
15.5809670453 1412722610.27
15.6717384673 1412722610.39
15.9560583562 1412722610.48
15.9372972275 1412722610.6
15.9149957537 1412722610.77
15.895851404 1412722610.89
15.8772366008 1412722611.01
15.8723196403 1412722611.13
15.5991534802 1412722611.27
15.5838648765 1412722611.39
15.5691454819 1412722611.52
15.5551586778 1412722611.68
15.5415435186 1412722611.8
15.528609211 1412722611.92
15.5162416718 1412722612.05
15.5044194547 1412722612.19
15.9759282265 1412722612.33
15.9260347565 1412722612.47
15.9463171192 1412722612.61
15.9314727586 1412722612.74
15.9168582954 1412722612.87
15.8817032327 1412722613.01
15.8725582283 1412722613.14
15.8459647671 1412722613.24
15.8366741357 1412722613.35
15.8289391091 1412722613.53
15.8212674056 1412722613.64
15.807225384 1412722613.75
15.7997215613 1412722613.86
15.7975086355 1412722614.06
15.8075483991 1412722614.26
15.8004414162 1412722614.39
15.7933709677 1412722614.66
15.9734716544 1412722614.81
15.4863772897 1412722614.97
15.45931549 1412722615.11
15.4474599779 1412722615.29
15.4355450438 1412722615.48
15.5774673493 1412722615.59
15.5645910785 1412722615.71
15.5201319936 1412722615.86
15.5536872874 1412722615.97
15.5413442118 1412722616.11
15.7229008174 1412722616.28
15.2786956303 1412722616.4
15.2748707688 1412722616.52
15.2906701304 1412722616.62
14.9218052036 1412722616.74
15.194082128 1412722616.92
15.1505925587 1412722617.05
15.1039276573 1412722617.18
14.997249052 1412722617.32
14.9686549517 1412722617.41
15.1728474742 1412722617.59
15.1498471563 1412722617.72
14.9292642848 1412722617.84
14.9325661125 1412722617.99
15.0264629784 1412722618.11
15.0093028793 1412722618.21
14.991594698 1412722618.39
14.5866666911 1412722618.52
14.6498163643 1412722618.64
14.6358616246 1412722618.76
14.6215897637 1412722618.87
14.7726703062 1412722619.0
14.7841975305 1412722619.14
15.0630693711 1412722619.26
15.0483974737 1412722619.38
15.0333992568 1412722619.56
14.9785133652 1412722619.68
14.9631122865 1412722619.8
14.9471361381 1412722619.95
14.9299834826 1412722620.09
15.1570599397 1412722620.21
15.1549771844 1412722620.36
14.8319882764 1412722620.52
14.9484154168 1412722620.64
14.9402139349 1412722620.75
14.9317782446 1412722620.88
14.9231483657 1412722621.01
14.9142910371 1412722621.17
14.9052191793 1412722621.32
14.8652567477 1412722621.42
14.9628362502 1412722621.52
14.9646706546 1412722621.69
14.8593777178 1412722621.82
14.9568659817 1412722621.94
14.9558601306 1412722622.05
14.9548004622 1412722622.16
15.0330651843 1412722622.26
15.0325112541 1412722622.45
15.0319562693 1412722622.58
15.0314655896 1412722622.69
15.0310383455 1412722622.8
15.0518710608 1412722622.92
15.0513835809 1412722623.05
15.0509587008 1412722623.18
15.0505355369 1412722623.33
14.9478273118 1412722623.47
14.9536522757 1412722623.6
14.9590785649 1412722623.73
14.9640859252 1412722623.87
14.9689685795 1412722624.01
14.9735021818 1412722624.17
14.9777815048 1412722624.31
14.9818055719 1412722624.44
14.9278126202 1412722624.57
14.9311205624 1412722624.7
14.9341396636 1412722624.84
14.9340888468 1412722624.95
14.9368922205 1412722625.09
14.9368417001 1412722625.21
14.9368408985 1412722625.34
14.9393093726 1412722625.47
14.8818248661 1412722625.59
14.8836922611 1412722625.72
14.8854872665 1412722625.85
14.8871826635 1412722625.97
14.8888284961 1412722626.11
14.8903375519 1412722626.24
14.9507294481 1412722626.39
14.8898256347 1412722626.52
14.8898458624 1412722626.64
14.8895656806 1412722626.76
14.949980924 1412722626.88
14.9499559892 1412722627.02
14.8889557593 1412722627.17
14.889010989 1412722627.3
14.8890683404 1412722627.42
14.8890934129 1412722627.55
14.8891794637 1412722627.68
14.8904529078 1412722627.82
14.8904918862 1412722627.96
14.8905199181 1412722628.1
14.8904860341 1412722628.22
14.8905313541 1412722628.36
