10.8145154835 1412737499.87
11.1531495156 1412737500.98
11.195922932 1412737502.04
11.6107760956 1412737503.12
11.6358845753 1412737504.17
11.2081033884 1412737505.19
11.2288402975 1412737506.24
11.1235269723 1412737507.33
11.0819730733 1412737508.36
11.0339789349 1412737509.43
10.8091012513 1412737510.44
10.6525694181 1412737511.41
10.5417001911 1412737512.41
10.4595332738 1412737513.4
10.1244264198 1412737514.47
10.0890355843 1412737515.45
10.0309546376 1412737516.51
9.84958940406 1412737517.48
9.76143055406 1412737518.47
9.71171793745 1412737519.47
9.62086473542 1412737520.41
9.5856529755 1412737521.37
9.62250372921 1412737522.39
9.53789867366 1412737523.38
9.48124329359 1412737524.37
9.28302662993 1412737525.3
9.46942078149 1412737526.35
9.37341750438 1412737527.37
9.60059748293 1412737528.36
9.64438537842 1412737529.35
9.62706897598 1412737530.37
9.62960585994 1412737531.35
9.60927398592 1412737532.35
9.49454528042 1412737533.33
9.45028940092 1412737534.35
9.40889412285 1412737535.36
9.36314011998 1412737536.4
9.15251596213 1412737537.38
8.73814699633 1412737538.37
8.67768667072 1412737539.33
8.53356577736 1412737540.34
8.41135730898 1412737541.36
8.31873401295 1412737542.39
8.13099752591 1412737543.36
9.47209705307 1412737544.39
8.35004334094 1412737545.39
8.83590341604 1412737546.41
9.36349886416 1412737547.45
9.42663431183 1412737548.48
9.47864609626 1412737549.5
9.50527527587 1412737550.56
9.543285171 1412737551.55
9.43487935752 1412737552.63
9.47786594409 1412737553.68
9.60574468758 1412737554.72
9.56450853936 1412737555.81
9.42728844455 1412737556.89
9.3907611032 1412737557.98
9.53326211725 1412737559.06
9.54996201781 1412737560.13
9.30149315711 1412737561.23
9.31421789952 1412737562.31
9.33263366475 1412737563.43
9.31094163096 1412737564.56
9.28495399738 1412737565.62
9.02891121241 1412737566.7
9.03907841771 1412737567.81
9.07214075631 1412737568.93
8.92945871095 1412737570.03
8.92331702879 1412737571.11
8.79903514407 1412737572.3
8.77668034621 1412737573.45
8.90240227627 1412737574.56
8.9062510339 1412737575.69
8.9057689283 1412737576.84
8.77860721479 1412737577.98
8.72798622666 1412737579.12
8.69915290572 1412737580.26
8.69348831132 1412737581.46
8.68880382346 1412737582.65
8.52814849402 1412737583.8
8.55709394026 1412737584.99
8.56833426494 1412737586.07
8.53683036239 1412737587.16
8.54434831938 1412737588.2
8.53739112725 1412737589.22
8.45064649509 1412737590.25
8.44615462872 1412737591.29
8.44330580704 1412737592.37
8.42899767542 1412737593.39
8.34504995786 1412737594.4
8.35576193303 1412737595.41
8.35920861285 1412737596.42
8.33906701347 1412737597.43
8.36181189536 1412737598.4
8.36505137622 1412737599.36
8.35297334361 1412737600.39
8.31984348228 1412737601.37
8.32291668093 1412737602.4
8.26972161052 1412737603.39
8.25557227384 1412737604.37
8.24182050378 1412737605.38
8.23750208071 1412737606.4
8.22682519091 1412737607.38
8.21299469973 1412737608.33
8.19874986951 1412737609.36
8.18434119153 1412737610.35
8.17620836475 1412737611.37
8.15761813505 1412737612.33
8.04869626652 1412737613.26
8.03303559836 1412737614.24
7.94720188593 1412737615.22
7.9128414329 1412737616.2
7.92640245481 1412737617.14
7.91579932807 1412737618.13
7.87701773409 1412737619.12
7.85394195196 1412737620.06
7.83166511473 1412737621.03
7.85592808779 1412737621.98
7.70800218404 1412737622.95
7.68770398873 1412737623.95
7.69394454631 1412737624.89
7.68766782612 1412737625.85
7.6775785093 1412737626.83
7.7324978832 1412737627.77
7.72357969615 1412737628.72
7.68120668161 1412737629.7
7.71813427337 1412737630.66
7.69821817972 1412737631.65
7.68892176017 1412737632.61
7.67655409037 1412737633.59
7.68385799844 1412737634.56
7.67618055602 1412737635.53
7.67197148477 1412737636.52
7.67229744914 1412737637.48
7.67611047777 1412737638.45
7.62809924897 1412737639.44
7.62938664417 1412737640.41
7.65561085822 1412737641.41
7.66399763619 1412737642.39
7.65574547927 1412737643.39
7.64853918321 1412737644.49
7.65523239353 1412737645.53
7.65533278268 1412737646.49
7.66589429709 1412737647.4
7.62688976213 1412737648.38
7.68616905234 1412737649.35
7.67616982583 1412737650.34
7.60806799125 1412737651.3
7.59864766242 1412737652.31
7.60189561838 1412737653.33
7.61973260669 1412737654.3
7.6368309202 1412737655.24
7.65348422024 1412737656.25
7.6581142133 1412737657.24
7.60995138935 1412737658.25
7.60755338372 1412737659.24
7.61259637179 1412737660.18
7.63820363483 1412737661.17
7.65367271602 1412737662.17
7.67040085691 1412737663.2
7.68499821242 1412737664.19
7.69007717393 1412737665.2
7.68478323838 1412737666.19
7.59327708198 1412737667.16
7.58450844087 1412737668.13
7.57794843542 1412737669.16
7.63244012302 1412737670.14
7.61544605011 1412737671.13
7.24801385637 1412737672.12
7.23216755721 1412737673.12
7.36697920046 1412737674.1
7.33982670759 1412737675.09
7.35142854206 1412737676.07
7.3710293259 1412737677.08
7.38690113541 1412737678.08
7.35032027547 1412737679.05
7.41191046789 1412737680.06
7.33740423201 1412737681.08
7.44647776996 1412737682.06
7.33163659229 1412737683.07
7.2801506403 1412737684.08
7.53855887259 1412737685.11
7.53999789893 1412737686.12
7.5696367994 1412737687.14
7.36522776299 1412737688.17
7.32528242398 1412737689.16
7.19350760306 1412737690.15
7.18109346126 1412737691.19
7.23738466623 1412737692.22
7.20736406452 1412737693.22
7.21914177801 1412737694.26
7.17135118683 1412737695.44
7.18459346388 1412737696.56
7.18407525555 1412737697.6
7.19576777807 1412737698.66
7.20484027994 1412737699.71
7.1989091483 1412737700.77
7.17368403331 1412737701.78
7.19043826906 1412737702.84
