16.2207042933 1412726197.24
16.8898996709 1412726197.54
17.2881099695 1412726197.83
17.5954026963 1412726198.16
17.9606692237 1412726198.46
18.2531379996 1412726198.78
18.1328456849 1412726199.07
17.9763386714 1412726199.39
18.1365255452 1412726199.7
18.1181771724 1412726199.99
17.667548731 1412726200.27
17.4208191147 1412726200.56
17.3170237622 1412726200.86
17.0157783087 1412726201.16
16.4410222342 1412726201.46
16.5159227831 1412726201.76
16.1981864749 1412726202.06
16.0158256647 1412726202.36
15.9349911706 1412726202.63
15.7513876797 1412726202.96
15.4188794404 1412726203.27
15.5820711027 1412726203.54
15.2275169198 1412726203.8
14.8701685018 1412726204.11
14.2768828882 1412726204.4
14.4718362959 1412726204.78
14.0222583754 1412726205.08
14.2329653732 1412726205.42
13.967129735 1412726205.71
14.2408188024 1412726206.0
13.7752904895 1412726206.29
13.6005845465 1412726206.57
13.381755514 1412726206.87
13.4211293812 1412726207.16
13.638948335 1412726207.46
13.4068881493 1412726207.75
13.4549272203 1412726208.04
13.5456072803 1412726208.31
13.2965963235 1412726208.58
12.9972600005 1412726208.9
13.0973455383 1412726209.17
12.702401418 1412726209.47
12.4760235642 1412726209.76
12.1416763891 1412726210.05
12.313566552 1412726210.33
12.3483431771 1412726210.59
12.0390524862 1412726210.86
12.1712508097 1412726211.14
12.3245015058 1412726211.44
12.1203077961 1412726211.71
12.2411833798 1412726212.0
12.2363882421 1412726212.27
12.2427527972 1412726212.56
12.2019022022 1412726212.84
12.025381853 1412726213.16
11.9088271124 1412726213.44
11.8562712471 1412726213.73
11.7672393126 1412726214.0
11.7135979523 1412726214.29
11.63495355 1412726214.57
11.5970670086 1412726214.84
11.5015198599 1412726215.13
11.3867259741 1412726215.43
11.3299791462 1412726215.7
11.1799720305 1412726215.99
11.0799886897 1412726216.28
10.8523539789 1412726216.55
10.7929566447 1412726216.87
10.7485097251 1412726217.14
10.7078344154 1412726217.43
10.6516614168 1412726217.7
10.7296216826 1412726217.96
10.7671058067 1412726218.26
10.7927587453 1412726218.52
10.7879505587 1412726218.81
10.7658979271 1412726219.07
10.8197803989 1412726219.36
10.670342579 1412726219.64
10.7459729338 1412726219.94
10.7549647063 1412726220.22
10.771284826 1412726220.51
10.828333719 1412726220.79
10.779557989 1412726221.07
10.7127657526 1412726221.34
10.5632157366 1412726221.63
10.489670579 1412726221.91
10.4617626468 1412726222.19
10.4134043802 1412726222.48
10.3840431104 1412726222.77
10.3241867699 1412726223.05
10.2990212186 1412726223.34
10.0079738381 1412726223.63
9.86833848488 1412726223.91
9.60891373083 1412726224.21
9.51183473524 1412726224.5
9.52994829619 1412726224.79
9.56372636158 1412726225.07
9.59834555702 1412726225.35
9.71068528145 1412726225.65
9.62814333787 1412726225.94
9.54062093896 1412726226.21
9.43720376412 1412726226.48
9.54060190533 1412726226.79
9.63789393606 1412726227.07
9.56500987629 1412726227.35
9.32937423631 1412726227.63
9.2889937381 1412726227.93
9.17625508453 1412726228.24
9.14731898411 1412726228.52
9.0882766509 1412726228.81
9.05448649211 1412726229.1
9.05647506629 1412726229.38
9.04045423979 1412726229.66
8.99631652505 1412726229.94
9.058829449 1412726230.23
8.80540929739 1412726230.51
8.87032001138 1412726230.78
9.01761694424 1412726231.06
8.94789288493 1412726231.35
9.07985481335 1412726231.63
8.96708687022 1412726231.93
9.08476184982 1412726232.2
9.1389487407 1412726232.52
9.20746366782 1412726232.85
9.19648609753 1412726233.14
9.12826413922 1412726233.42
9.27757609518 1412726233.81
9.20620815585 1412726234.11
9.55656486483 1412726234.43
9.53731675427 1412726234.76
9.67637216927 1412726235.13
9.63544582182 1412726235.46
9.93290937457 1412726235.79
9.94383117113 1412726236.13
10.0273736214 1412726236.42
10.0313221994 1412726236.73
10.03598796 1412726237.18
10.0857915948 1412726237.54
10.054991301 1412726237.81
10.0688575941 1412726238.09
10.1903395359 1412726238.4
10.2328969245 1412726238.7
10.210619154 1412726238.99
10.3670165716 1412726239.28
10.3704787627 1412726239.57
10.4572114187 1412726239.9
10.3001818303 1412726240.18
10.3418707598 1412726240.47
10.3427793099 1412726240.76
10.3599608558 1412726241.05
10.3472758763 1412726241.37
10.3323513767 1412726241.68
10.1657305288 1412726241.95
10.0934440258 1412726242.24
10.0991716179 1412726242.54
10.0496766062 1412726242.85
9.96261933072 1412726243.15
10.0326317307 1412726243.48
9.96800495158 1412726243.77
10.0353428737 1412726244.08
9.87555501107 1412726244.46
9.86671918403 1412726244.91
9.9404414338 1412726245.36
9.86082306057 1412726245.88
9.91975656268 1412726246.39
9.82596621075 1412726246.7
9.90211991671 1412726247.05
9.68850440145 1412726247.37
9.78892592502 1412726247.7
9.86838797184 1412726248.0
9.79654458345 1412726248.3
9.8673671983 1412726248.62
9.79464343685 1412726248.96
9.90046256135 1412726249.3
9.825649027 1412726249.6
9.95417926655 1412726249.94
9.89261704965 1412726250.27
10.0564213495 1412726250.61
9.95718775351 1412726250.97
9.90806892745 1412726251.41
9.99466414436 1412726251.74
9.98323836205 1412726252.05
9.92288065281 1412726252.33
9.99193124232 1412726252.65
9.92538783277 1412726252.95
9.9299925161 1412726253.33
9.99504017251 1412726253.64
9.9477922855 1412726253.97
9.90653903802 1412726254.3
9.81701532645 1412726254.62
9.73422554838 1412726255.09
9.71261179792 1412726255.46
9.61766595932 1412726255.85
9.60758478613 1412726256.18
9.74234431503 1412726256.5
9.73757483283 1412726256.83
9.57849213041 1412726257.25
9.6736222266 1412726257.6
9.71496711999 1412726257.93
9.63751102073 1412726258.26
