14.6514472449 1412722786.43
71.0502838693 1412722786.55
71.4799850597 1412722786.65
71.5230854777 1412722786.75
71.2539569887 1412722786.84
71.0580807831 1412722786.94
70.8827026063 1412722787.03
70.8784254455 1412722787.12
70.7847684636 1412722787.21
71.1267319223 1412722787.31
15.1380502733 1412722787.43
14.9751545037 1412722787.54
14.9560799939 1412722787.69
14.9566879467 1412722787.82
15.1302893932 1412722787.95
15.0505942082 1412722788.05
15.0674556943 1412722788.17
14.9143710258 1412722788.27
14.9818843299 1412722788.38
14.8341357832 1412722788.53
14.5871949693 1412722788.66
14.5954430814 1412722788.85
14.5937897349 1412722788.97
14.5428625314 1412722789.09
70.3302785075 1412722789.22
70.2885076967 1412722789.32
70.3043827707 1412722789.45
70.2448217548 1412722789.54
70.2487285289 1412722789.64
70.2083512272 1412722789.77
70.2849099834 1412722789.89
70.2083665001 1412722790.02
70.2602373202 1412722790.15
70.1923996041 1412722790.28
70.1847350751 1412722790.39
70.1798295278 1412722790.5
70.1614471288 1412722790.59
70.1765852578 1412722790.69
70.1721404066 1412722790.79
70.1568430935 1412722790.89
70.6025703378 1412722790.99
70.5941158762 1412722791.09
70.5937757673 1412722791.25
70.590862392 1412722791.37
70.5967111239 1412722791.51
70.5900124114 1412722791.63
70.6329074265 1412722791.73
70.6282903694 1412722791.82
70.6276655962 1412722791.91
70.6153491789 1412722792.0
70.6036108212 1412722792.13
70.6020819129 1412722792.22
70.6040310006 1412722792.32
70.620436533 1412722792.43
70.6046226447 1412722792.52
70.6144667078 1412722792.62
70.6246429458 1412722792.72
70.6352342807 1412722792.82
70.6461483609 1412722792.94
70.6680362513 1412722793.07
70.6815801411 1412722793.26
70.695533852 1412722793.44
70.7100860533 1412722793.61
70.6945847569 1412722793.74
70.6645844535 1412722793.88
70.6725697647 1412722794.02
70.6806525412 1412722794.16
70.6890655704 1412722794.32
70.6976633829 1412722794.45
70.7064820808 1412722794.56
70.7155865982 1412722794.68
70.7316762259 1412722794.82
70.742180028 1412722794.97
70.7529812535 1412722795.08
70.7641331767 1412722795.24
70.7753721847 1412722795.37
70.7870451806 1412722795.52
70.8110322085 1412722795.68
70.8249043006 1412722795.88
71.0088942781 1412722796.06
71.023267525 1412722796.24
71.0593168209 1412722796.38
71.0423676688 1412722796.51
71.056588072 1412722796.65
71.0710456577 1412722796.8
71.1123837461 1412722796.95
71.0899615775 1412722797.15
71.1320200576 1412722797.31
71.1082820033 1412722797.44
71.1220890988 1412722797.58
71.1657551421 1412722797.72
71.1403017708 1412722797.86
71.1343752236 1412722798.02
71.1826160992 1412722798.15
71.1956119596 1412722798.28
71.2089956721 1412722798.45
71.2226251848 1412722798.59
71.227525153 1412722798.78
71.2407328944 1412722798.9
71.2456634119 1412722799.06
71.2502651156 1412722799.24
71.262416764 1412722799.35
71.2670926483 1412722799.47
71.2788546532 1412722799.58
71.2835012027 1412722799.71
71.2948339073 1412722799.83
71.2969026552 1412722799.91
71.3078435018 1412722800.01
71.3123691322 1412722800.14
71.3229442201 1412722800.25
71.3274014178 1412722800.37
71.3294358707 1412722800.48
71.3390386327 1412722800.64
71.3433090352 1412722800.81
71.3526053781 1412722801.03
71.3546366111 1412722801.2
71.3635398583 1412722801.33
71.9814914499 1412722801.47
71.9887885996 1412722801.66
71.9960306022 1412722801.76
72.0034527396 1412722801.85
72.0109351316 1412722801.95
72.0185615514 1412722802.07
72.0261785189 1412722802.18
72.03312305 1412722802.29
72.0768287963 1412722802.4
72.0855761965 1412722802.5
72.0944291547 1412722802.6
72.103339905 1412722802.7
72.0846140435 1412722802.79
72.0906602647 1412722802.89
72.0965718062 1412722803.01
72.1565020464 1412722803.11
72.1688575511 1412722803.21
72.1812715643 1412722803.34
72.1937091119 1412722803.47
72.2607203531 1412722803.61
72.2748509583 1412722803.78
72.3694048377 1412722803.94
72.3941107402 1412722804.09
72.4190127082 1412722804.23
72.5078319312 1412722804.34
72.5242404548 1412722804.45
72.5400837979 1412722804.58
72.5553133317 1412722804.68
72.4913383888 1412722804.79
72.5090112267 1412722804.9
72.6080739806 1412722805.02
72.7441264176 1412722805.14
72.8417934106 1412722805.36
72.7771834302 1412722805.5
72.7928443532 1412722805.64
72.8904126751 1412722805.76
72.8253737505 1412722805.89
72.9216644497 1412722806.01
72.8569777906 1412722806.12
72.9521191931 1412722806.23
72.8808471647 1412722806.35
72.8942885631 1412722806.45
72.9876330311 1412722806.57
72.9237605201 1412722806.68
73.0159330028 1412722806.79
72.9456829696 1412722806.91
72.9688502722 1412722807.02
73.0982422087 1412722807.14
73.0363418068 1412722807.26
73.0356964333 1412722807.39
73.0532047728 1412722807.53
73.0589277918 1412722807.66
73.0684381981 1412722807.79
73.0736393955 1412722807.9
73.0329205382 1412722808.04
73.0890016199 1412722808.18
73.0450116808 1412722808.3
73.0506318737 1412722808.42
73.1056634615 1412722808.53
73.2395668565 1412722808.65
73.2443962769 1412722808.76
73.2990002557 1412722808.91
73.2551536483 1412722809.01
73.259511404 1412722809.12
73.3129414058 1412722809.23
73.272548305 1412722809.35
73.2766419553 1412722809.45
73.329569325 1412722809.57
73.3400915455 1412722809.68
73.3506355471 1412722809.8
73.3586604217 1412722809.94
73.3689856608 1412722810.1
73.3793813014 1412722810.24
73.3873996552 1412722810.4
73.3975980229 1412722810.51
73.407825112 1412722810.62
73.4181142349 1412722810.75
73.4262813565 1412722810.85
73.4363621064 1412722810.97
73.4465078252 1412722811.07
73.45664657 1412722811.19
73.4648430211 1412722811.29
73.4748594507 1412722811.39
