12.0810461194 1412753463.55
12.0367544368 1412753465.03
11.8239638343 1412753466.5
11.7107325864 1412753467.99
11.674131673 1412753469.51
11.693382577 1412753471.01
11.2153160279 1412753472.47
10.8947879433 1412753473.95
10.7320031435 1412753475.44
10.6752607432 1412753476.96
10.7280481462 1412753478.41
10.7220462022 1412753479.94
10.6373375755 1412753481.47
10.7362547873 1412753483.04
10.7510259714 1412753484.61
10.5869818475 1412753486.15
10.6181785889 1412753487.77
10.5449448134 1412753489.56
10.5052279819 1412753491.19
10.4165948848 1412753492.8
10.3515081889 1412753494.4
10.2616936301 1412753496.0
9.92530926106 1412753497.59
9.8785137507 1412753499.22
9.66489153971 1412753500.89
9.55579310436 1412753502.45
9.51844587537 1412753504.06
9.52509567218 1412753505.75
9.47009835405 1412753507.4
9.28248086041 1412753509.04
9.34056466421 1412753510.71
9.22117219079 1412753512.42
8.92480461356 1412753514.07
8.78183771839 1412753515.79
8.72448730308 1412753517.48
8.56654114434 1412753519.15
8.59303426552 1412753520.86
8.46893765229 1412753522.59
8.32645763197 1412753524.29
8.21431644374 1412753526.09
8.18849481437 1412753527.86
8.11219153633 1412753529.63
7.877984697 1412753531.35
8.05503822859 1412753533.11
7.90303263781 1412753534.87
7.71207639791 1412753536.65
7.56922985993 1412753538.41
7.41958193956 1412753540.18
7.34866911721 1412753541.94
7.35122791594 1412753543.7
7.20978065685 1412753545.4
7.18152701839 1412753547.2
7.03579812203 1412753548.97
6.85200043809 1412753550.73
6.6378163921 1412753552.54
6.56068091623 1412753554.24
6.31311405278 1412753556.01
6.49589742499 1412753557.76
6.63325990715 1412753559.48
6.48678255104 1412753561.29
6.57689788046 1412753563.1
6.51861869981 1412753564.93
6.5622049654 1412753566.69
6.52224694013 1412753568.56
6.6358599007 1412753570.34
6.58038662294 1412753572.15
6.55310052843 1412753573.89
6.59529060408 1412753575.69
6.54990205328 1412753577.49
6.57344699138 1412753579.26
6.44978183996 1412753581.05
6.29873343738 1412753582.84
6.25204872863 1412753584.64
6.30053398573 1412753586.44
6.41726079455 1412753588.29
6.38908959824 1412753590.16
6.32852263292 1412753591.96
6.37437737508 1412753593.86
6.39690987496 1412753595.72
6.37510462358 1412753597.54
6.37280091208 1412753599.37
6.27002802752 1412753601.27
6.2733145872 1412753603.14
6.40251111177 1412753605.02
6.30851014423 1412753606.95
6.21291210611 1412753608.79
6.21073985521 1412753610.66
6.1784845288 1412753612.56
6.13767937824 1412753614.44
6.15715097796 1412753616.35
6.13136584776 1412753618.28
5.95413894458 1412753620.23
5.96026921674 1412753622.09
6.05631925354 1412753624.09
5.97644811967 1412753626.03
5.93848183913 1412753627.89
5.8897291141 1412753629.82
6.08647297278 1412753631.76
6.11100720231 1412753633.64
6.09700457152 1412753635.57
5.82980874257 1412753637.55
5.9637771354 1412753639.4
6.20930689223 1412753641.31
6.20904948625 1412753643.22
6.34372501797 1412753645.21
6.5534567657 1412753647.2
6.47810281865 1412753649.2
6.51419922714 1412753651.15
6.46701589577 1412753653.08
6.64483715714 1412753655.01
6.57601485901 1412753656.92
6.50975212542 1412753658.8
6.50570997195 1412753660.67
6.49868874743 1412753662.54
6.34165771602 1412753664.5
6.49261843753 1412753666.39
6.56149217596 1412753668.29
6.61952787054 1412753670.24
6.64682924452 1412753672.18
6.57567746941 1412753674.12
6.53129985722 1412753676.0
6.52055825281 1412753677.94
6.55455920242 1412753679.84
6.48930618556 1412753681.74
6.47473011418 1412753683.68
6.49485025507 1412753685.61
6.44515382961 1412753687.55
6.72763784765 1412753689.46
6.71893677497 1412753691.4
6.63964670568 1412753693.36
6.57373157906 1412753695.35
6.67753128158 1412753697.32
6.60163981711 1412753699.24
6.51326117628 1412753701.19
6.57773177785 1412753703.14
6.51182577196 1412753705.1
6.59882184065 1412753707.08
6.52050148346 1412753709.06
6.36596106243 1412753711.02
6.3519949761 1412753713.04
6.20417163135 1412753715.06
6.13648396411 1412753717.09
5.88422448062 1412753719.06
6.07239143715 1412753721.11
6.17491206611 1412753723.13
6.19261920062 1412753725.08
6.3862702026 1412753727.07
6.32806432774 1412753729.09
6.37580377762 1412753731.17
6.38671498401 1412753733.3
6.37515545594 1412753735.33
6.18295149352 1412753737.3
6.15188147976 1412753739.37
6.1817158634 1412753741.38
6.30381458316 1412753743.5
6.22535826709 1412753745.58
6.12863876751 1412753747.63
6.17985981152 1412753749.69
6.16680701217 1412753751.79
6.28004828305 1412753753.86
6.28946110827 1412753755.9
6.22636917528 1412753757.92
6.26886623726 1412753759.95
6.26887420739 1412753762.13
6.09711649969 1412753764.22
6.15511245016 1412753766.32
6.15560798202 1412753768.38
6.26634152681 1412753770.51
6.25104970687 1412753772.65
6.26248941519 1412753774.78
6.29067236476 1412753776.88
6.30113798257 1412753779.05
6.3316861146 1412753781.15
6.23036137401 1412753783.31
6.20736743978 1412753785.43
6.07124887257 1412753787.46
6.06095440827 1412753789.59
5.86518952826 1412753791.72
5.95158863626 1412753793.79
5.93908031544 1412753795.91
5.87790003305 1412753797.99
5.85497574922 1412753800.19
5.87796796769 1412753802.23
5.86392556941 1412753804.4
5.86521376126 1412753806.57
5.71503417861 1412753808.73
5.72427592674 1412753810.87
5.836665617 1412753813.05
5.7904119161 1412753815.22
5.72819816294 1412753817.4
5.6887103322 1412753819.66
5.63494177412 1412753821.82
5.6181373031 1412753823.98
5.62716683145 1412753826.18
5.61951929135 1412753828.42
5.60342431455 1412753830.62
5.61660142842 1412753832.78
5.57382646564 1412753834.96
5.57416212797 1412753837.24
5.58355634393 1412753839.46
