11.7967191092 1412756963.51
11.8141697677 1412756964.93
11.7807419092 1412756966.37
11.6553979377 1412756967.75
11.4499918061 1412756969.15
11.0100191267 1412756970.52
10.6120620769 1412756971.94
10.5499256508 1412756973.35
10.4327054699 1412756974.74
10.1494878801 1412756976.16
9.94994498215 1412756977.56
9.78921321244 1412756978.94
9.59272696414 1412756980.35
9.37303617168 1412756981.74
9.29543362591 1412756983.19
9.22159428182 1412756984.6
9.15057181697 1412756986.01
9.00790829924 1412756987.45
8.85938250241 1412756988.87
8.70612703963 1412756990.28
8.62563710797 1412756991.72
8.53510280235 1412756993.16
8.4302734286 1412756994.6
8.33165756666 1412756996.04
8.35722097055 1412756997.48
8.25859973095 1412756998.87
8.13659743756 1412757000.27
8.10324819248 1412757001.71
8.08703591197 1412757003.13
8.02680834541 1412757004.58
7.85456883715 1412757006.04
7.6420365018 1412757007.48
7.71897037284 1412757008.92
7.74725871994 1412757010.38
7.62104905268 1412757011.84
7.66342446566 1412757013.3
7.6363475776 1412757014.82
7.51483850052 1412757016.31
7.4772769462 1412757017.85
7.51636370023 1412757019.35
7.31932452102 1412757020.83
7.37088255011 1412757022.3
7.33818200091 1412757023.79
7.33167452567 1412757025.31
7.24395745582 1412757026.8
7.2412828394 1412757028.31
7.24624693941 1412757029.79
7.18749590872 1412757031.34
7.19476261965 1412757032.83
7.26944296723 1412757034.43
7.24387518361 1412757035.97
7.23256008246 1412757037.53
7.22662590535 1412757039.12
7.17457325565 1412757040.75
7.18393167658 1412757042.45
7.15550533527 1412757044.06
7.01488761126 1412757045.67
6.93985397889 1412757047.27
6.89815483053 1412757048.9
6.78762837886 1412757050.49
6.65228231281 1412757052.1
6.57055654437 1412757053.7
6.5556694192 1412757055.32
6.46431774811 1412757056.9
6.41355518578 1412757058.54
6.35830412221 1412757060.2
6.31478307564 1412757061.89
6.28064661047 1412757063.64
6.22409359511 1412757065.37
6.18990269413 1412757067.1
6.10188568219 1412757068.77
6.07486491487 1412757070.47
6.03195957777 1412757072.22
5.96218865924 1412757073.93
6.00361538075 1412757075.68
6.03687425892 1412757077.38
6.10399570252 1412757079.05
6.06815738901 1412757080.74
6.02974715916 1412757082.43
6.03273077347 1412757084.09
6.01990955788 1412757085.83
5.91812025845 1412757087.57
5.9549244328 1412757089.27
5.91016222863 1412757091.0
5.85413594849 1412757092.8
5.85237310253 1412757094.59
5.80798034746 1412757096.46
5.81660131018 1412757098.25
5.81791804358 1412757100.01
5.816661289 1412757101.79
5.7936903904 1412757103.51
5.7516150161 1412757105.31
5.81393957802 1412757106.95
5.7894148236 1412757108.67
5.81377929061 1412757110.38
5.80230685557 1412757112.07
5.73570845483 1412757113.65
5.77609901679 1412757115.45
5.80963054634 1412757117.2
5.79233543377 1412757118.93
5.77090312223 1412757120.64
5.83691677305 1412757122.44
5.76134787443 1412757124.22
5.71766528681 1412757125.96
5.71511047982 1412757127.79
5.70286183972 1412757129.62
5.74905217945 1412757131.43
5.74069412846 1412757133.2
5.79215783338 1412757135.03
5.7922271307 1412757136.84
5.76527332801 1412757138.61
5.77077711739 1412757140.42
5.8216979272 1412757142.24
5.77983122284 1412757144.02
5.77073471311 1412757145.84
5.77982800336 1412757147.65
5.82538662378 1412757149.45
5.80737651422 1412757151.27
5.84336337416 1412757153.14
5.76440589317 1412757154.99
5.78880441522 1412757156.9
5.79487473599 1412757158.75
5.80165460405 1412757160.56
5.7781284658 1412757162.46
5.78102621762 1412757164.34
5.78603266544 1412757166.17
5.71522766634 1412757168.02
5.75330760795 1412757169.86
5.76367409323 1412757171.72
5.70681527031 1412757173.56
5.7062359585 1412757175.36
5.70513347123 1412757177.17
5.72478063667 1412757178.97
5.72659531559 1412757180.81
5.75769161556 1412757182.6
5.69541228982 1412757184.46
5.65429236108 1412757186.27
5.68987219096 1412757188.07
5.70157357934 1412757189.94
5.68319340591 1412757191.79
5.73302408995 1412757193.62
5.69398080136 1412757195.4
5.75074318263 1412757197.23
5.75148445189 1412757199.17
5.76717711238 1412757201.02
5.74996637832 1412757202.84
5.75819749393 1412757204.66
5.7265749786 1412757206.46
5.72211656749 1412757208.25
5.73345005358 1412757210.04
5.7168022186 1412757211.86
5.72043511042 1412757213.69
5.69514958187 1412757215.56
5.70245811457 1412757217.36
5.7064758446 1412757219.17
5.70295130497 1412757220.99
5.72453852637 1412757222.85
5.74186999837 1412757224.71
5.81390694816 1412757226.53
5.8125233246 1412757228.38
5.81750122878 1412757230.21
5.82214806986 1412757232.05
5.73911312311 1412757233.89
5.76611698545 1412757235.73
5.76111985578 1412757237.64
5.76336266961 1412757239.52
5.76542337021 1412757241.3
5.74079081014 1412757243.13
5.74019569318 1412757244.95
5.77286301938 1412757246.81
5.63644531047 1412757248.66
5.63688366845 1412757250.42
5.64227347328 1412757252.29
5.64361155607 1412757254.16
5.64856219374 1412757256.08
5.71366069028 1412757257.98
5.71383525825 1412757259.9
5.64075002067 1412757261.83
5.67525810689 1412757263.76
5.67473358098 1412757265.66
5.64375657915 1412757267.55
5.69923677806 1412757269.49
5.58382468021 1412757271.4
5.58038626474 1412757273.31
5.59799747372 1412757275.18
5.60338298296 1412757276.99
5.61417918931 1412757278.85
5.6203418739 1412757280.72
5.59820682008 1412757282.59
5.65123454986 1412757284.43
5.65771000317 1412757286.29
5.64915072501 1412757288.15
5.65564061908 1412757290.13
5.6540190723 1412757292.04
5.66608743675 1412757293.86
5.67283246857 1412757295.7
5.67955284168 1412757297.6
5.65897939091 1412757299.48
5.67169273309 1412757301.31
5.66001258735 1412757303.17
