16.4533942312 1412722435.03
16.2694670392 1412722435.17
15.8228052944 1412722435.3
15.6326527485 1412722435.44
15.5758786139 1412722435.58
15.5741951511 1412722435.72
15.4499776979 1412722435.85
11.1445332808 1412722436.0
10.8099512454 1412722436.13
10.4684860479 1412722436.27
9.78898768186 1412722436.42
9.10171659961 1412722436.56
8.16241649442 1412722436.69
8.02613383506 1412722436.83
7.41713562384 1412722436.99
7.24190288017 1412722437.11
6.62604736723 1412722437.25
6.50087860639 1412722437.36
6.06255997734 1412722437.57
5.56605577133 1412722437.7
5.57811601899 1412722437.83
5.32975486311 1412722437.96
5.30626851407 1412722438.09
5.35867295597 1412722438.23
5.29668681937 1412722438.33
5.28241068012 1412722438.47
5.29835789407 1412722438.59
5.18268699813 1412722438.69
5.28156268528 1412722438.82
5.10781630834 1412722438.93
4.99080292979 1412722439.05
4.97219153925 1412722439.15
4.89680295032 1412722439.3
4.74414302343 1412722439.43
4.71167385816 1412722439.56
4.56226979713 1412722439.67
4.42132204767 1412722439.79
4.28429892732 1412722439.91
4.17907519565 1412722440.05
4.22294139461 1412722440.18
4.2198926492 1412722440.34
4.1099097074 1412722440.48
4.05908979982 1412722440.6
4.09260468718 1412722440.7
4.04443890775 1412722440.82
4.06999322882 1412722440.95
4.04750740767 1412722441.07
4.02737557439 1412722441.17
4.00675594268 1412722441.3
3.89475400569 1412722441.43
3.8807844866 1412722441.54
3.90905495002 1412722441.67
3.83045234668 1412722441.81
3.90672322865 1412722441.93
3.9388430567 1412722442.05
3.9307967498 1412722442.15
3.92278600198 1412722442.27
3.89677177719 1412722442.41
3.88840296812 1412722442.53
3.91938089376 1412722442.64
3.92814825267 1412722442.78
3.93671961883 1412722442.87
3.94512479403 1412722442.98
3.93256598684 1412722443.1
3.99571482087 1412722443.25
4.00281078382 1412722443.37
4.00963481741 1412722443.48
4.06983583022 1412722443.6
4.07994955648 1412722443.71
4.08566174483 1412722443.84
4.09115011663 1412722443.96
4.09649714529 1412722444.08
4.16808109673 1412722444.21
4.17338878818 1412722444.31
4.1785106365 1412722444.46
4.25084733991 1412722444.62
4.25419630327 1412722444.79
4.25742647129 1412722444.92
4.26056382847 1412722445.02
4.26356870855 1412722445.14
4.26658421833 1412722445.27
4.26944161712 1412722445.39
4.24354103479 1412722445.51
4.24751000046 1412722445.66
4.25138834653 1412722445.77
4.25511007789 1412722445.89
4.25874967184 1412722446.01
4.26229228561 1412722446.13
4.26565503187 1412722446.25
4.26901909022 1412722446.41
4.27226933232 1412722446.52
4.27543618757 1412722446.66
4.27850058323 1412722446.79
4.31186198575 1412722446.89
4.31490078993 1412722447.01
4.31789039796 1412722447.14
4.32078786938 1412722447.26
4.32362834168 1412722447.36
4.32635040583 1412722447.49
4.32903372647 1412722447.61
4.3133023276 1412722447.72
4.33062288887 1412722447.83
4.33306378485 1412722447.94
4.33539710416 1412722448.05
4.33774449752 1412722448.17
4.33995365963 1412722448.3
4.3421241066 1412722448.43
4.3442421184 1412722448.55
4.34631027601 1412722448.67
4.34829678978 1412722448.79
4.35023940483 1412722448.92
4.35215567535 1412722449.06
4.35222342647 1412722449.18
4.3540889478 1412722449.3
4.35415735272 1412722449.41
4.35420221828 1412722449.53
4.35606963309 1412722449.65
4.35609541135 1412722449.77
4.35622605246 1412722449.88
4.35625068668 1412722450.05
4.35823320666 1412722450.18
4.35824523435 1412722450.3
4.35834240059 1412722450.42
4.3603231374 1412722450.54
4.36041005423 1412722450.64
4.3605500226 1412722450.76
4.36057576901 1412722450.87
4.36262042066 1412722450.99
4.36273479671 1412722451.12
4.36280545318 1412722451.24
4.52634599202 1412722451.34
4.52776586352 1412722451.46
4.52911847999 1412722451.58
4.53042426317 1412722451.69
4.53175671095 1412722451.82
4.53336546858 1412722451.95
4.53469155796 1412722452.08
4.7221805909 1412722452.18
4.72224719687 1412722452.29
4.71080315913 1412722452.41
4.70053583791 1412722452.53
4.70073741442 1412722452.66
4.70096473379 1412722452.77
4.70119011306 1412722452.89
4.70145224867 1412722453.0
4.70166299332 1412722453.1
4.70192905495 1412722453.2
4.70212963937 1412722453.33
4.70241925266 1412722453.44
4.70264323607 1412722453.57
4.70302663298 1412722453.68
4.70317534002 1412722453.8
4.70338446382 1412722453.95
4.6925001826 1412722454.06
4.69655334781 1412722454.19
4.70014127625 1412722454.31
4.69968443466 1412722454.44
4.70408184241 1412722454.55
4.70779041706 1412722454.66
4.71167263785 1412722454.78
4.71564424271 1412722454.91
4.71980084217 1412722455.02
4.69776442667 1412722455.14
4.70304007976 1412722455.26
4.70466908601 1412722455.39
4.72757560711 1412722455.5
4.71058573936 1412722455.6
4.71233805863 1412722455.72
4.38348950631 1412722455.84
4.38565209352 1412722455.96
4.41080198833 1412722456.1
4.39406469774 1412722456.21
4.39626202586 1412722456.32
4.40058402375 1412722456.45
4.40507218174 1412722456.56
4.40958899993 1412722456.67
4.55912292828 1412722456.8
4.56136041822 1412722456.92
4.55377768182 1412722457.02
4.55591507527 1412722457.17
4.55795698237 1412722457.31
4.56003539104 1412722457.43
4.56208083294 1412722457.55
4.56414861054 1412722457.68
4.56618687547 1412722457.79
4.56820101773 1412722457.92
4.57022226315 1412722458.03
4.57222423069 1412722458.14
4.57423871718 1412722458.26
4.57624653373 1412722458.39
4.57823268845 1412722458.51
4.58017392989 1412722458.62
4.58213400552 1412722458.73
4.58410877423 1412722458.92
4.58599715479 1412722459.13
4.79378342102 1412722459.31
4.80061587718 1412722459.5
4.80752965791 1412722459.65
4.81448618985 1412722459.81
4.82151770559 1412722459.92
