8.49441616959 1412729016.54
8.35348149214 1412729017.12
8.31664793456 1412729017.75
8.34851847253 1412729018.52
8.41582037091 1412729019.19
8.66010570185 1412729019.98
8.63953440662 1412729020.69
8.68429916033 1412729021.28
8.70834312076 1412729021.82
8.77935459689 1412729022.36
8.83096665221 1412729022.96
8.99790399946 1412729023.53
9.09500945359 1412729024.21
9.32686257949 1412729024.74
9.35465198214 1412729025.28
9.30085175981 1412729025.79
9.45525487466 1412729026.34
9.62566872082 1412729026.94
9.87034116397 1412729027.48
9.98509866585 1412729028.0
10.0023918188 1412729028.59
10.1160191753 1412729029.16
10.1593401196 1412729029.7
10.1487686213 1412729030.33
10.2363224151 1412729031.01
10.2000968116 1412729031.62
10.2062522126 1412729032.2
10.1788231528 1412729032.74
10.1511895896 1412729033.29
10.1187076075 1412729034.0
10.0238430755 1412729034.64
9.99662552442 1412729035.33
9.92113713149 1412729036.12
9.83344369091 1412729036.8
9.76684261021 1412729037.45
9.41695815301 1412729038.11
9.18782589274 1412729038.78
8.69659086031 1412729039.42
8.86544682697 1412729040.08
8.6114014086 1412729040.72
8.33187405052 1412729041.34
8.04252917432 1412729041.94
8.17026921587 1412729042.55
7.86174270076 1412729043.12
8.09246856613 1412729043.74
7.82615940461 1412729044.33
7.43474689726 1412729044.92
7.79199983367 1412729045.5
7.43480501045 1412729046.08
7.8765479929 1412729046.69
7.37167392418 1412729047.24
7.96703970941 1412729047.8
7.45984193407 1412729048.41
6.82698031118 1412729048.99
7.35437017742 1412729049.57
6.69953263182 1412729050.16
7.2601557189 1412729050.72
6.63381960498 1412729051.29
7.25454292014 1412729051.87
6.51997094218 1412729052.41
7.11657036301 1412729052.99
6.45219115971 1412729053.53
7.31920897242 1412729054.1
8.06844309168 1412729054.72
7.62556686812 1412729055.31
8.09091874605 1412729055.89
7.67775540209 1412729056.49
7.98932127918 1412729057.09
7.63043945475 1412729057.66
7.96648191235 1412729058.26
7.60661212643 1412729058.82
7.88408644308 1412729059.4
7.5619920876 1412729059.98
7.80317526891 1412729060.54
7.52817098502 1412729061.11
7.71700950734 1412729061.71
7.40190490539 1412729062.27
7.41456542816 1412729062.86
7.52666428572 1412729063.42
7.23375001766 1412729064.0
7.34212603222 1412729064.58
7.11439328687 1412729065.15
7.21064055939 1412729065.73
7.1883390667 1412729066.31
7.05381288624 1412729066.87
7.01618837842 1412729067.42
6.99473261103 1412729067.99
6.9388364506 1412729068.59
6.89793440225 1412729069.17
6.78269172622 1412729069.75
6.7114925978 1412729070.29
6.5281695018 1412729070.86
6.4248436904 1412729071.43
6.14625992069 1412729072.01
6.05131717635 1412729072.62
5.97311889305 1412729073.23
5.80471697811 1412729073.87
5.61030865944 1412729074.47
5.54526343507 1412729075.09
5.44370288363 1412729075.7
5.35097939799 1412729076.33
5.31497070803 1412729076.97
5.2490436868 1412729077.62
5.07557927032 1412729078.28
5.00417481066 1412729078.92
4.72944697223 1412729079.58
4.75375264865 1412729080.27
4.7570954013 1412729080.94
4.72338808482 1412729081.57
4.64298603232 1412729082.23
4.66596697388 1412729082.89
4.69652298588 1412729083.52
4.7934661697 1412729084.21
4.88364168382 1412729084.9
4.95873055111 1412729085.61
5.01497922258 1412729086.3
5.37131877936 1412729087.0
5.38073803947 1412729087.68
5.48138091689 1412729088.38
5.59145538251 1412729089.12
5.67284332911 1412729089.8
5.74786793756 1412729090.47
5.79677586701 1412729091.19
5.83122956057 1412729091.94
5.86939546236 1412729092.69
5.85832232244 1412729093.46
6.02943204996 1412729094.07
6.01419479212 1412729094.67
5.75683456248 1412729095.28
5.76836707653 1412729095.87
5.92767709209 1412729096.51
5.72850750268 1412729097.12
5.73726693941 1412729097.79
5.72736201391 1412729098.41
5.72533117818 1412729099.04
5.71113799791 1412729099.69
5.80716131794 1412729100.3
5.87168999161 1412729100.89
5.85251316243 1412729101.49
5.82012865418 1412729102.09
5.50014863475 1412729102.71
5.45820294949 1412729103.33
5.42760191571 1412729103.91
5.40355147434 1412729104.51
5.19518457609 1412729105.11
5.09404269667 1412729105.73
5.02414139203 1412729106.33
4.98357451404 1412729106.95
5.00669897888 1412729107.53
5.10612273595 1412729108.12
5.0662501666 1412729108.72
5.11541835085 1412729109.31
5.00423432588 1412729109.92
4.9592552833 1412729110.54
4.91436729532 1412729111.18
4.87272926483 1412729111.79
4.56496489865 1412729112.35
4.52059925014 1412729112.95
4.52714575157 1412729113.55
4.51497192407 1412729114.17
4.42261472143 1412729114.81
4.37360317804 1412729115.44
4.34671105827 1412729116.03
4.055357275 1412729116.64
4.0104764467 1412729117.26
4.0358707361 1412729117.89
3.97193027033 1412729118.55
3.92354941615 1412729119.24
3.94509994256 1412729119.87
3.70296633198 1412729120.51
3.73760447393 1412729121.11
3.68269661523 1412729121.74
3.36438539092 1412729122.36
3.42626051753 1412729123.03
3.30155437301 1412729123.64
3.45539408195 1412729124.28
3.3327676848 1412729124.93
3.28490410676 1412729125.58
3.32493788312 1412729126.18
3.19183062598 1412729126.8
3.14471165803 1412729127.44
3.08793555089 1412729128.06
2.91315096765 1412729128.68
2.89737002529 1412729129.35
2.82104483183 1412729130.03
2.70073683536 1412729130.73
2.58546320714 1412729131.38
2.55169424014 1412729132.05
2.59961445212 1412729132.72
2.56135567636 1412729133.42
2.47598371797 1412729134.05
2.54477243487 1412729134.7
2.51435484236 1412729135.4
2.48186454273 1412729136.09
2.46028376699 1412729136.77
33.5775343755 1412729137.42
33.894336517 1412729138.09
34.3339609923 1412729138.76
34.6124754603 1412729139.44
34.5713430849 1412729140.07
