10.2691487568 1412728629.69
10.3495442185 1412728630.31
10.3077564822 1412728630.93
10.4130657153 1412728631.55
10.5073649669 1412728632.18
10.5571709629 1412728632.79
10.4682009335 1412728633.41
10.4377195129 1412728634.08
10.410624899 1412728634.71
10.4269595165 1412728635.32
10.4557563666 1412728635.94
10.3267237124 1412728636.6
10.3362440574 1412728637.21
10.4477555025 1412728637.85
10.5001597762 1412728638.47
10.5939733599 1412728639.09
10.7975199377 1412728639.72
10.9923195842 1412728640.33
11.0351581001 1412728640.93
11.0897161666 1412728641.54
11.0542827123 1412728642.15
11.0007871408 1412728642.78
11.0315704177 1412728643.39
11.1119145503 1412728644.01
11.1385012394 1412728644.6
11.219925773 1412728645.19
11.0963505628 1412728645.79
11.1153282557 1412728646.39
11.1218123368 1412728646.99
11.1438709787 1412728647.58
11.1639408928 1412728648.2
11.2149572633 1412728648.82
11.2618030891 1412728649.37
11.2679232787 1412728649.99
11.2939547628 1412728650.57
11.2064544562 1412728651.19
11.1859809105 1412728651.75
11.1424515284 1412728652.37
11.0636256028 1412728652.96
11.0053224803 1412728653.59
10.9455366586 1412728654.21
10.8665180516 1412728654.82
10.7903747514 1412728655.43
10.8110745595 1412728656.06
10.8578780686 1412728656.68
10.7473818482 1412728657.3
10.7596156557 1412728657.87
10.73366554 1412728658.48
10.7717006294 1412728659.1
10.7670255989 1412728659.7
10.7006434079 1412728660.29
10.7111780039 1412728660.92
10.7421468169 1412728661.52
10.7117989567 1412728662.14
10.6727653776 1412728662.76
10.6512921988 1412728663.35
10.5834060379 1412728663.94
10.5704251122 1412728664.55
10.4745407438 1412728665.17
10.4657812279 1412728665.77
10.4470695362 1412728666.4
10.4155466292 1412728667.04
10.4517348454 1412728667.66
10.4847081025 1412728668.29
10.3361319587 1412728668.88
10.2214725818 1412728669.48
10.1739570741 1412728670.09
10.1110924776 1412728670.69
10.0262400327 1412728671.31
9.96978355085 1412728671.89
9.96446869337 1412728672.49
9.77189051074 1412728673.09
9.82911639814 1412728673.68
9.73272819204 1412728674.29
9.77170333061 1412728674.89
9.64069210885 1412728675.48
9.55536201192 1412728676.08
9.50190657426 1412728676.69
9.38985707344 1412728677.29
9.26086609509 1412728677.92
9.19300138201 1412728678.53
9.26090623141 1412728679.13
9.29486203881 1412728679.72
9.32516325164 1412728680.33
9.1789001241 1412728680.93
9.09075878992 1412728681.53
9.02882528578 1412728682.15
8.90878139986 1412728682.73
9.05751672575 1412728683.34
8.8683860306 1412728683.94
8.88442371078 1412728684.5
8.70522600718 1412728685.08
8.33204409823 1412728685.68
8.2286250411 1412728686.29
8.03778477709 1412728686.9
7.86508728473 1412728687.5
7.74379459751 1412728688.07
7.52267740418 1412728688.66
7.50802149233 1412728689.21
7.49426144899 1412728689.79
7.40440252606 1412728690.38
7.37833839567 1412728690.96
7.23036694985 1412728691.54
7.13134245458 1412728692.15
7.08505869908 1412728692.73
7.01951944124 1412728693.35
7.02377217462 1412728693.92
6.89047680544 1412728694.5
6.66370201973 1412728695.07
6.62771041227 1412728695.69
6.62352312875 1412728696.27
6.68806799514 1412728696.83
6.68741922773 1412728697.43
6.56828771658 1412728697.98
6.56035988173 1412728698.53
6.50020259392 1412728699.11
6.50219525338 1412728699.68
6.48930998791 1412728700.26
6.50708151146 1412728700.85
6.5163915127 1412728701.42
6.5126076027 1412728702.0
6.51128121441 1412728702.59
6.36076360231 1412728703.13
6.19979884395 1412728703.69
6.19518423348 1412728704.28
6.22680313094 1412728704.84
6.18400342604 1412728705.41
6.11038874077 1412728706.01
6.12700646656 1412728706.57
5.89344830456 1412728707.14
5.85850786799 1412728707.7
5.8171071776 1412728708.29
5.78041714697 1412728708.85
5.74312474711 1412728709.43
5.65244351393 1412728709.97
5.43208210202 1412728710.55
5.25604949492 1412728711.15
5.20900605321 1412728711.71
5.20668419777 1412728712.27
5.19268695987 1412728712.85
5.17816798614 1412728713.43
5.16722841171 1412728714.0
5.12157274918 1412728714.57
5.08948081943 1412728715.28
5.05134447634 1412728715.85
4.70871630771 1412728716.41
4.60791220872 1412728717.03
4.61392123568 1412728717.67
4.5467125057 1412728718.23
4.53829148111 1412728718.84
4.54492254916 1412728719.44
4.53772137076 1412728720.04
4.48249436117 1412728720.64
4.43313790045 1412728721.22
4.43319321003 1412728721.81
4.3527251545 1412728722.38
4.36981717162 1412728722.96
4.36738006767 1412728723.56
4.32937239007 1412728724.16
4.31432511969 1412728724.73
4.308772265 1412728725.29
4.30742251396 1412728725.89
4.2993310951 1412728726.45
4.22277246907 1412728727.05
4.22977458251 1412728727.66
4.21278976464 1412728728.23
3.92544353222 1412728728.84
3.85449484204 1412728729.41
3.82435932474 1412728730.0
3.82850484354 1412728730.59
3.81858218689 1412728731.17
3.82264325457 1412728731.75
3.82684054838 1412728732.34
3.8596892885 1412728732.91
3.84007655592 1412728733.48
3.75878515331 1412728734.08
3.84679609333 1412728734.69
3.85220853808 1412728735.31
3.85446660817 1412728735.92
3.81996349019 1412728736.54
3.82422231886 1412728737.15
3.82933637575 1412728737.73
3.83372094568 1412728738.38
3.75163880056 1412728738.99
3.7460575001 1412728739.61
3.74052589497 1412728740.21
3.7124994118 1412728740.83
3.81422235401 1412728741.43
3.81662876564 1412728742.04
3.80889052334 1412728742.64
3.8065700625 1412728743.24
3.71410295253 1412728743.85
3.70982350381 1412728744.42
3.71669226333 1412728745.02
3.71942031068 1412728745.59
3.72226322148 1412728746.18
3.83071685636 1412728746.8
3.82845157459 1412728747.43
3.83943639313 1412728748.0
3.78002233601 1412728748.64
