10.7236385154 1412722044.6
10.578257412 1412722044.72
10.826174344 1412722044.85
10.9186433431 1412722044.95
11.2427030665 1412722045.05
11.0774071378 1412722045.16
11.091521654 1412722045.28
11.2895612027 1412722045.38
11.2058647015 1412722045.49
11.0460689571 1412722045.59
10.924102278 1412722045.68
10.8574081597 1412722045.78
11.1528611108 1412722045.88
10.9662382064 1412722045.97
10.9096968697 1412722046.06
10.7846391243 1412722046.16
10.7390563671 1412722046.28
10.8160277781 1412722046.38
10.8475879499 1412722046.46
10.8449181772 1412722046.54
10.7588498131 1412722046.66
10.7974466232 1412722046.77
10.7066595761 1412722046.88
10.4088817602 1412722047.02
10.2601259886 1412722047.14
10.2175437674 1412722047.26
10.1025112033 1412722047.37
10.1706278967 1412722047.49
10.0943931904 1412722047.61
9.98885411658 1412722047.74
10.0573601412 1412722047.87
9.98210973867 1412722048.03
9.87506863954 1412722048.15
9.82655541535 1412722048.31
9.76640285233 1412722048.46
9.83566613213 1412722048.58
9.85357451483 1412722048.71
9.83221637724 1412722048.84
9.81406722834 1412722048.95
9.83038466205 1412722049.07
9.80622126842 1412722049.18
9.81618161506 1412722049.29
9.82649567331 1412722049.4
9.898107213 1412722049.52
9.88615501758 1412722049.64
9.94922542063 1412722049.75
9.88588861042 1412722049.87
9.89440651944 1412722049.99
9.90400250471 1412722050.12
9.8253538753 1412722050.23
9.81727318177 1412722050.36
9.79139887177 1412722050.45
9.80241512679 1412722050.56
9.81644531627 1412722050.66
9.82707001147 1412722050.75
9.81080308881 1412722050.87
9.82115769593 1412722050.96
9.83125424309 1412722051.06
9.81652767443 1412722051.17
9.8263940337 1412722051.3
9.66598270473 1412722051.43
9.65196767228 1412722051.52
9.68543983566 1412722051.62
9.67410341343 1412722051.71
9.61195137742 1412722051.8
9.61843706815 1412722051.89
9.67739075711 1412722051.99
9.6132313868 1412722052.07
9.61939661087 1412722052.26
9.60980353575 1412722052.45
9.6158180561 1412722052.63
9.67651968253 1412722052.74
9.66661469722 1412722052.95
9.65637955056 1412722053.2
9.64579948547 1412722053.43
9.63475448658 1412722053.62
9.60854845114 1412722053.83
9.59577519124 1412722054.09
9.42869263762 1412722054.36
9.43262631143 1412722054.51
9.43448738902 1412722054.63
9.3238776239 1412722054.74
9.33051566705 1412722054.85
9.33701942336 1412722054.96
9.34325195141 1412722055.05
9.34924573285 1412722055.14
9.29775021952 1412722055.25
9.30398056692 1412722055.36
9.31004434313 1412722055.46
9.31592562972 1412722055.57
9.32162710783 1412722055.67
9.32729265133 1412722055.79
9.33256721739 1412722055.95
9.43099118388 1412722056.06
9.43078862151 1412722056.17
9.42287058549 1412722056.32
9.42963667005 1412722056.43
9.54090518538 1412722056.53
9.54711495919 1412722056.64
9.54811874338 1412722056.75
9.54915483426 1412722056.85
9.57516236319 1412722056.94
9.5761447886 1412722057.05
9.57708396997 1412722057.17
9.49729224776 1412722057.28
9.36587136624 1412722057.38
9.3670893183 1412722057.5
9.36835928383 1412722057.63
9.36957581855 1412722057.78
9.37086136318 1412722057.95
9.37206058817 1412722058.08
9.37330100057 1412722058.2
9.39875345817 1412722058.35
9.3997773192 1412722058.47
9.40072082456 1412722058.61
9.40166728954 1412722058.74
9.40263417186 1412722058.95
9.40346849438 1412722059.13
9.40442069248 1412722059.28
9.36990726966 1412722059.41
9.3704512218 1412722059.61
9.37096784526 1412722059.79
9.37150653608 1412722059.96
9.37197171415 1412722060.07
9.37246987514 1412722060.17
9.37296842807 1412722060.29
9.37350039448 1412722060.41
9.37394044295 1412722060.51
9.37434329888 1412722060.63
9.37484596717 1412722060.75
9.37531139293 1412722060.84
9.37578819831 1412722060.95
9.37619762137 1412722061.06
9.37665861337 1412722061.19
9.37707625383 1412722061.31
9.37503958644 1412722061.44
9.37286858809 1412722061.56
9.3707116617 1412722061.67
9.36849145333 1412722061.76
9.36614557677 1412722061.89
9.36383314188 1412722062.01
9.36140186147 1412722062.12
9.35889031356 1412722062.23
9.35635802855 1412722062.36
9.35374030049 1412722062.5
9.35088867881 1412722062.68
9.34803323241 1412722062.85
9.34503726704 1412722062.99
9.34200083473 1412722063.17
9.33881260974 1412722063.36
9.33566147581 1412722063.53
9.33234744148 1412722063.7
9.32903052571 1412722063.87
9.32555688033 1412722064.09
9.3220525883 1412722064.27
9.31846235975 1412722064.54
9.31472223241 1412722064.68
9.31098536941 1412722064.82
9.30711634892 1412722065.0
9.30329408768 1412722065.1
9.29928315083 1412722065.23
9.29523051014 1412722065.36
9.2910528654 1412722065.46
9.28683030989 1412722065.57
9.29125195944 1412722065.72
9.2829582417 1412722065.87
9.23125654383 1412722065.98
9.28067235297 1412722066.11
9.28278073423 1412722066.3
9.25221882168 1412722066.44
9.27308102729 1412722066.56
9.27506062165 1412722066.68
9.25334162781 1412722066.84
9.27451213453 1412722067.01
9.24891928648 1412722067.19
9.26995932551 1412722067.36
9.2764994977 1412722067.46
9.22142130038 1412722067.61
9.27060401443 1412722067.86
9.24743350743 1412722068.07
9.24506926111 1412722068.31
9.24282915154 1412722068.54
9.24057269992 1412722068.76
9.24341720805 1412722068.91
9.24411165446 1412722069.05
9.24475962766 1412722069.2
9.24538899298 1412722069.37
9.24599491884 1412722069.52
9.24667742711 1412722069.67
9.24723062978 1412722069.8
9.2345808221 1412722070.0
9.2385093031 1412722070.14
9.23914566125 1412722070.35
9.23982758734 1412722070.5
9.23706325084 1412722070.65
9.24231014374 1412722070.8
9.23987664696 1412722070.97
9.23733032931 1412722071.09
9.23473788004 1412722071.22
9.23204918932 1412722071.35
