17.0313230001 1412729140.82
16.59816091 1412729141.53
16.363726079 1412729142.19
16.371320015 1412729142.81
16.5782726178 1412729143.43
16.9549465851 1412729144.06
17.4541460453 1412729144.73
17.6339849519 1412729145.39
17.9880726393 1412729146.03
18.1704291797 1412729146.66
18.3301441447 1412729147.28
18.8325705368 1412729147.93
18.888066731 1412729148.59
19.0820369295 1412729149.26
19.3541681653 1412729149.93
19.2847236976 1412729150.59
19.5764183703 1412729151.29
19.6337794059 1412729151.99
19.8529865374 1412729152.64
19.934520246 1412729153.34
19.9460917687 1412729154.04
19.829641947 1412729154.73
19.7488103888 1412729155.38
19.8287215046 1412729156.02
19.7469038691 1412729156.71
19.6826984524 1412729157.35
19.661195517 1412729158.03
19.5781673008 1412729158.7
19.7854990166 1412729159.34
19.8227113238 1412729160.05
19.8318356094 1412729160.73
19.8592536039 1412729161.44
19.8888851904 1412729162.11
19.9263104608 1412729162.78
19.9575910796 1412729163.45
19.9832784578 1412729164.11
19.9387927033 1412729164.79
19.9231235218 1412729165.48
19.9028372715 1412729166.14
19.7727810172 1412729166.82
19.8075347641 1412729167.51
19.85857475 1412729168.17
19.9364570103 1412729168.81
19.6961833355 1412729169.47
19.7444717414 1412729170.14
19.977836323 1412729170.84
20.0823326551 1412729171.53
20.1987085194 1412729172.18
20.6019407568 1412729172.87
20.6914512686 1412729173.57
20.9315857275 1412729174.26
20.5842227114 1412729174.9
20.4738626599 1412729175.59
20.2502909933 1412729176.26
20.2039475204 1412729176.96
20.1019110811 1412729177.62
19.890823799 1412729178.28
19.711769451 1412729178.95
19.3006734521 1412729179.65
19.0694179161 1412729180.32
18.8027340136 1412729180.99
18.5817583655 1412729181.66
18.5914957496 1412729182.3
18.2919749613 1412729182.96
18.3155315173 1412729183.62
18.2143623003 1412729184.24
18.0103215418 1412729184.89
17.8716091415 1412729185.57
17.1732398235 1412729186.24
16.802608491 1412729186.95
16.2919749928 1412729187.65
15.6801663017 1412729188.32
14.9592331138 1412729188.98
14.4832912259 1412729189.68
14.169555692 1412729190.38
13.3745323872 1412729191.04
13.4015274008 1412729191.69
13.1641647888 1412729192.41
13.0204723925 1412729193.12
12.4094601341 1412729193.85
12.4691661211 1412729194.57
12.4425094498 1412729195.34
12.395563329 1412729196.04
12.3992686179 1412729196.81
12.2098542929 1412729197.61
11.9821799344 1412729198.35
11.9506299959 1412729199.09
11.9439610941 1412729199.79
11.9721329546 1412729200.55
12.0897917607 1412729201.35
11.9072166937 1412729202.11
11.8996774633 1412729202.85
11.9243291464 1412729203.59
11.7537664573 1412729204.33
11.7621938936 1412729205.09
11.7869113631 1412729205.85
11.7777066704 1412729206.59
11.7860657028 1412729207.34
11.7954977264 1412729208.1
11.9008436464 1412729208.88
11.9026161145 1412729209.64
11.9173701265 1412729210.39
11.9215579441 1412729211.16
11.8996948544 1412729211.9
11.8276523628 1412729212.65
11.8217519882 1412729213.4
11.850821362 1412729214.18
11.8434307688 1412729214.92
11.8259064099 1412729215.73
11.7225713792 1412729216.52
11.5103504882 1412729217.28
11.4582910529 1412729218.06
11.465806346 1412729218.84
11.4057966853 1412729219.6
11.34680474 1412729220.38
11.3216926724 1412729221.16
11.3323932778 1412729221.96
11.1631444587 1412729222.78
11.1652259804 1412729223.6
11.1522994818 1412729224.38
11.1182189532 1412729225.16
11.0855272262 1412729225.91
11.0828271528 1412729226.72
11.0709721317 1412729227.5
11.2172992761 1412729228.23
11.2079069716 1412729229.02
11.216903807 1412729229.82
11.2273757729 1412729230.61
11.1702243699 1412729231.42
11.0459862003 1412729232.23
10.7083213862 1412729232.99
10.5142685671 1412729233.76
10.4728327612 1412729234.57
10.4625501927 1412729235.37
10.1995752048 1412729236.2
10.1569823247 1412729237.03
10.1561662193 1412729237.86
10.1634362553 1412729238.71
10.1494065947 1412729239.55
10.2108863588 1412729240.37
10.1921857716 1412729241.19
10.1433800461 1412729241.99
10.1278732241 1412729242.8
10.0211390048 1412729243.6
10.0517233341 1412729244.43
10.1036070361 1412729245.22
10.0854107823 1412729246.01
10.1795759579 1412729246.78
10.2012417464 1412729247.57
10.2792511251 1412729248.35
10.4381712382 1412729249.11
10.5638404214 1412729249.93
10.6071878576 1412729250.72
10.6248015606 1412729251.54
11.1232691488 1412729252.35
11.1701299773 1412729253.11
11.2186109157 1412729253.9
12.0559825953 1412729254.7
12.0912806263 1412729255.5
12.273716547 1412729256.31
12.228727217 1412729257.11
12.2675280513 1412729257.88
12.729440943 1412729258.65
13.3022013839 1412729259.47
13.3609193452 1412729260.23
13.4209529564 1412729261.02
13.4810073311 1412729261.83
13.3980560516 1412729262.58
13.7731483247 1412729263.34
13.6753138759 1412729264.06
13.7537129172 1412729264.81
13.2940107135 1412729265.57
13.3120421531 1412729266.36
13.3542996494 1412729267.17
13.3891950379 1412729267.97
13.7786940312 1412729268.79
13.820043374 1412729269.6
13.7143900006 1412729270.43
13.7483107009 1412729271.24
13.8015469394 1412729272.06
13.8380906042 1412729272.84
13.875100806 1412729273.67
13.9129709638 1412729274.49
13.958955652 1412729275.28
13.9980204298 1412729276.1
14.4060874465 1412729276.94
14.427637593 1412729277.76
14.2037051658 1412729278.59
14.2119351338 1412729279.4
14.2202157154 1412729280.22
14.2137717787 1412729281.04
14.2230968865 1412729281.84
14.2090966335 1412729282.62
14.2242433114 1412729283.46
14.2391260395 1412729284.27
14.2543230302 1412729285.1
14.2697532463 1412729285.91
14.2855161618 1412729286.72
14.3016671235 1412729287.53
14.3180090335 1412729288.33
