6.84499813497 1412722255.71
6.59038385364 1412722255.84
6.454244722 1412722255.98
6.55931985524 1412722256.1
6.51550222759 1412722256.2
6.26403735816 1412722256.3
6.18778429463 1412722256.49
6.25326416904 1412722256.65
6.230328601 1412722256.78
6.19160685676 1412722256.87
5.78821523909 1412722256.99
5.77698165337 1412722257.11
5.6450579695 1412722257.3
5.56087777057 1412722257.45
5.13748474682 1412722257.54
5.1658050729 1412722257.64
5.35864070087 1412722257.74
5.09439629102 1412722257.88
5.14784714655 1412722258.01
5.19474811073 1412722258.17
5.15358614507 1412722258.34
4.99841006898 1412722258.47
4.63854163366 1412722258.59
4.6513497933 1412722258.69
4.54523405374 1412722258.83
4.57745162352 1412722258.94
4.54798789295 1412722259.04
4.46617587126 1412722259.14
4.31746764824 1412722259.24
4.35349354603 1412722259.34
4.33331966516 1412722259.44
4.17090129723 1412722259.56
4.25075488748 1412722259.68
4.29470652973 1412722259.79
4.203648226 1412722259.89
4.17744335983 1412722259.97
3.94929295782 1412722260.07
3.92710164824 1412722260.17
4.09223511454 1412722260.27
4.08214561685 1412722260.39
4.03425190781 1412722260.52
4.02756192364 1412722260.63
4.03592780475 1412722260.72
4.17498082804 1412722260.81
4.16158248817 1412722260.9
4.15460375754 1412722261.01
4.14777905351 1412722261.12
4.14254418505 1412722261.22
4.12698918211 1412722261.32
4.1049012388 1412722261.43
3.97718459491 1412722261.54
3.98684306111 1412722261.63
3.97787521638 1412722261.74
4.15697027568 1412722261.87
4.15917470145 1412722261.98
4.2108530318 1412722262.09
4.16012314412 1412722262.19
4.21329746506 1412722262.29
4.21793592942 1412722262.41
4.23863556362 1412722262.52
4.12676941157 1412722262.62
4.12998729083 1412722262.73
4.12334818214 1412722262.83
4.12112586281 1412722262.94
4.11907924784 1412722263.04
4.16868918447 1412722263.22
4.17280815689 1412722263.34
4.1738958256 1412722263.46
4.19241253029 1412722263.61
4.19263796059 1412722263.71
4.19493687573 1412722263.88
4.20567528246 1412722264.07
4.16593674533 1412722264.18
4.1667646799 1412722264.34
4.19716715385 1412722264.48
4.19857817048 1412722264.61
4.20017286593 1412722264.73
4.21274027555 1412722264.85
4.22548936464 1412722264.99
4.22648204573 1412722265.1
4.23759084917 1412722265.2
4.35739252806 1412722265.34
4.35668640058 1412722265.46
4.3714843859 1412722265.59
4.37072453334 1412722265.72
4.30511955476 1412722265.84
4.37497989894 1412722265.94
4.36166486536 1412722266.05
4.29701808591 1412722266.17
4.37677346395 1412722266.28
4.37594476994 1412722266.4
4.38164952742 1412722266.5
4.37941160812 1412722266.59
4.38030644492 1412722266.7
4.39891121252 1412722266.8
4.45980199797 1412722266.92
4.4582119579 1412722267.03
4.45662931077 1412722267.14
4.41888757766 1412722267.25
4.56034415386 1412722267.34
4.55651485703 1412722267.45
4.56263674901 1412722267.54
4.70655300896 1412722267.64
4.72493244079 1412722267.75
4.74364526781 1412722267.86
4.75312169416 1412722267.97
4.75374021727 1412722268.07
4.73821226828 1412722268.19
4.757285805 1412722268.32
4.75767312814 1412722268.43
4.72196098662 1412722268.54
4.73985922699 1412722268.64
4.73525777693 1412722268.77
4.77782741269 1412722268.93
4.781763071 1412722269.03
4.79059089636 1412722269.16
4.82926006887 1412722269.27
4.87002060549 1412722269.39
5.11330062974 1412722269.5
5.13950230123 1412722269.68
4.9837642975 1412722269.8
4.96904917684 1412722269.93
4.98377391376 1412722270.04
4.9890039855 1412722270.17
4.99722392439 1412722270.31
5.00451014217 1412722270.44
5.04322839941 1412722270.63
5.02995105565 1412722270.8
5.12790667324 1412722270.93
5.11564917894 1412722271.05
5.12345011527 1412722271.17
5.14126386578 1412722271.29
5.14929960089 1412722271.4
5.19064594094 1412722271.54
5.15748030867 1412722271.65
5.09326467852 1412722271.76
5.10493344333 1412722271.88
5.10755232502 1412722272.0
5.11898084356 1412722272.13
5.12152890029 1412722272.28
5.1240805574 1412722272.38
5.13512318282 1412722272.67
5.13760172771 1412722272.86
5.14008279695 1412722273.09
5.15070364955 1412722273.42
5.15311683113 1412722273.73
5.11737538076 1412722273.89
5.12022308359 1412722274.05
5.12312725571 1412722274.16
5.13381313504 1412722274.27
5.06444292997 1412722274.39
5.06469839437 1412722274.52
5.06493926449 1412722274.63
5.07223495431 1412722274.73
5.07233796638 1412722274.84
5.07241272553 1412722274.95
5.07457636041 1412722275.05
5.07671212756 1412722275.17
5.07883913361 1412722275.28
4.98198874319 1412722275.4
5.01620603202 1412722275.5
5.02101330278 1412722275.61
5.02588394344 1412722275.73
5.030787689 1412722275.84
5.0328833755 1412722275.96
5.03486921668 1412722276.06
5.03685947273 1412722276.17
5.02573367458 1412722276.28
5.0246882957 1412722276.4
5.02361110408 1412722276.51
5.02728329815 1412722276.63
5.0261051511 1412722276.76
5.025542759 1412722276.87
5.02501003382 1412722276.97
5.0244086814 1412722277.09
5.02382048112 1412722277.21
5.0231756535 1412722277.33
5.02250992297 1412722277.45
5.02182249397 1412722277.56
4.96177192475 1412722277.66
4.96767306399 1412722277.77
4.97356754163 1412722277.88
4.97951581065 1412722278.02
4.98239366398 1412722278.14
4.98201707966 1412722278.25
4.98160708544 1412722278.35
4.98649432114 1412722278.46
4.98590825726 1412722278.57
4.98533858963 1412722278.68
4.98992421701 1412722278.8
4.98914628829 1412722278.92
4.98843203243 1412722279.05
4.99256089099 1412722279.15
4.99164857994 1412722279.26
4.99077307595 1412722279.39
4.98982966527 1412722279.52
5.16113861669 1412722279.63
5.16879588741 1412722279.73
5.17659542847 1412722279.84
5.18993760602 1412722279.96
