9.51089340195 1412737287.29
9.52259774003 1412737288.3
9.53868114888 1412737289.33
9.45113513937 1412737290.35
9.64125540258 1412737291.36
9.76382080471 1412737292.33
9.83135082471 1412737293.31
9.96477573685 1412737294.31
10.2021083508 1412737295.27
10.4158463398 1412737296.26
10.5341298611 1412737297.22
10.7024057243 1412737298.18
10.8365370042 1412737299.12
10.8918904167 1412737300.05
10.9779629316 1412737301.04
11.0222902036 1412737301.99
11.0449561363 1412737302.98
11.0658448552 1412737303.91
11.1551180426 1412737304.85
11.1085847056 1412737305.83
11.1342454272 1412737306.82
11.106795663 1412737307.77
11.0781203325 1412737308.71
10.987867133 1412737309.61
10.901652611 1412737310.55
10.7477526781 1412737311.49
10.6997940926 1412737312.42
10.6074859542 1412737313.46
10.5078250232 1412737314.45
10.401674035 1412737315.4
10.3936993454 1412737316.32
10.3069891057 1412737317.26
10.0981782685 1412737318.19
10.0171498071 1412737319.1
9.90465711853 1412737320.02
9.96194440785 1412737321.0
9.78904410605 1412737321.94
9.74834824066 1412737322.85
9.63343013492 1412737323.88
9.58136367418 1412737324.94
9.54571342935 1412737325.97
9.43622067273 1412737326.9
9.42400700477 1412737327.85
9.41169375767 1412737328.81
9.3566284778 1412737329.75
9.14304593849 1412737330.7
8.95716144466 1412737331.65
8.45302424409 1412737332.58
8.4479510733 1412737333.48
8.40616473694 1412737334.38
8.32547036366 1412737335.29
8.3635096658 1412737336.24
8.1826619796 1412737337.15
7.90304132003 1412737338.07
7.37873965645 1412737338.97
7.10088907143 1412737339.87
6.93672602017 1412737340.82
6.8208299663 1412737341.76
6.72385113389 1412737342.73
6.65464117943 1412737343.67
6.57082320111 1412737344.56
6.48740076776 1412737345.48
6.32584928587 1412737346.43
6.25547737125 1412737347.38
6.06467170268 1412737348.32
5.88357438562 1412737349.26
5.84283369945 1412737350.19
5.77343089731 1412737351.17
5.73208561642 1412737352.12
5.73920345681 1412737353.05
5.67812151789 1412737354.04
5.5985060702 1412737354.99
5.59580989893 1412737355.97
5.55773992245 1412737356.96
5.54493577622 1412737357.99
5.45212777146 1412737359.03
5.41500694203 1412737360.08
5.39208199199 1412737361.08
5.33660849032 1412737362.06
5.36292998754 1412737363.07
5.30382513644 1412737364.1
5.31778564186 1412737365.13
5.2560830195 1412737366.12
5.22109182637 1412737367.17
5.18262274665 1412737368.2
5.0571510366 1412737369.24
5.01571691671 1412737370.31
4.96993090909 1412737371.43
4.9574854165 1412737372.49
4.97038044713 1412737373.56
4.92996578192 1412737374.62
4.89029299095 1412737375.69
4.95862311429 1412737376.77
4.94049458384 1412737377.88
4.77973603456 1412737378.97
4.75320735459 1412737380.03
4.72446473492 1412737381.09
4.66982685452 1412737382.15
4.76058646696 1412737383.26
4.77514967289 1412737384.36
4.79326414423 1412737385.45
4.79559315 1412737386.54
4.76169215064 1412737387.63
4.76583320214 1412737388.74
4.73388371835 1412737389.82
4.74204328165 1412737390.93
4.69936065444 1412737392.11
4.67253657007 1412737393.22
4.69500912076 1412737394.31
4.69171973505 1412737395.4
4.64938486585 1412737396.51
4.64642137002 1412737397.61
4.66601826817 1412737398.67
4.67535460762 1412737399.71
4.6887312058 1412737400.81
4.71851992179 1412737401.94
4.7303705934 1412737403.07
4.7198500781 1412737404.17
4.64596289655 1412737405.32
4.63662408976 1412737406.54
4.6268072164 1412737407.76
4.5761084207 1412737408.95
4.54262377757 1412737410.16
4.6282833841 1412737411.33
4.56651939864 1412737412.48
4.56687930308 1412737413.68
4.50267914584 1412737414.85
4.46091726883 1412737416.0
4.40353568074 1412737417.18
4.37850556679 1412737418.4
4.39819447192 1412737419.59
4.40637434221 1412737420.78
4.36280995616 1412737422.38
4.31482872094 1412737423.58
4.29497447417 1412737424.77
4.24480600567 1412737425.95
4.19824640787 1412737427.1
4.17793215306 1412737428.29
4.17992081108 1412737429.47
4.12960726857 1412737430.68
4.0861445109 1412737431.87
4.08290437099 1412737433.09
4.07390032376 1412737434.3
4.03768057225 1412737435.51
3.93750033772 1412737436.68
3.93900436794 1412737437.8
3.8810372848 1412737438.92
3.8931367266 1412737440.07
3.86794236509 1412737441.24
3.79335297561 1412737442.36
3.80034217833 1412737443.53
3.75694172557 1412737444.66
3.74266073691 1412737445.72
3.72289612126 1412737446.89
3.69060731338 1412737447.97
3.73747108373 1412737449.06
3.69951156324 1412737450.17
3.65208868715 1412737451.26
3.64793053514 1412737452.4
3.61206290297 1412737453.52
3.62691441258 1412737454.63
3.64347494174 1412737455.78
3.6290373481 1412737456.87
3.62913944733 1412737457.99
3.5526495036 1412737459.12
3.57621494001 1412737460.24
3.6108074476 1412737461.35
3.55079032229 1412737462.47
3.5527289211 1412737463.58
3.53650352639 1412737464.72
3.54257188335 1412737465.87
3.55416020184 1412737466.94
3.5580452636 1412737468.0
3.5222424125 1412737469.1
3.52523969412 1412737470.23
3.50265908348 1412737471.36
3.46594109311 1412737472.48
3.47468320924 1412737473.63
3.46994189763 1412737474.75
3.47210309611 1412737475.89
3.51866293428 1412737477.03
3.52128845912 1412737478.17
3.50728711962 1412737479.31
3.45370437039 1412737480.44
3.43782560083 1412737481.57
3.42609773092 1412737482.73
3.39442687795 1412737483.84
3.41591334255 1412737484.99
3.34889242436 1412737486.08
3.37051014521 1412737487.17
3.34981651837 1412737488.3
3.34819239674 1412737489.48
3.35845238182 1412737490.64
3.36079127691 1412737491.86
3.33133998721 1412737492.99
3.33088925347 1412737494.15
3.33018930345 1412737495.33
3.33075605989 1412737496.47
3.32114139898 1412737497.61
3.31758085352 1412737498.74
