30.330788303 1412721846.85
29.9510272949 1412721846.99
29.5189553365 1412721847.13
29.4204770913 1412721847.28
28.9785471299 1412721847.42
29.0194405881 1412721847.53
28.6846716233 1412721847.65
28.5198695895 1412721847.77
28.359623534 1412721847.9
27.9428364304 1412721848.01
27.6738661446 1412721848.12
27.3738953551 1412721848.22
27.0683812344 1412721848.35
26.9871794182 1412721848.45
27.0208075062 1412721848.54
26.7766004884 1412721848.63
26.6890465181 1412721848.73
26.4308024822 1412721848.84
26.2829993953 1412721848.94
26.3830431018 1412721849.02
26.1707490011 1412721849.13
25.9319372349 1412721849.23
25.9355197104 1412721849.36
25.9437245225 1412721849.45
25.7612391057 1412721849.55
25.80069929 1412721849.65
25.7074783859 1412721849.76
25.7602502856 1412721849.86
25.769045893 1412721849.96
25.5662099202 1412721850.05
25.6099119813 1412721850.16
25.6494538209 1412721850.25
25.6960730367 1412721850.38
25.7037604772 1412721850.49
25.7340897511 1412721850.6
25.7630902345 1412721850.72
25.7907451369 1412721850.82
25.8171986235 1412721850.93
25.8634343324 1412721851.03
25.8608740564 1412721851.13
25.9094924629 1412721851.23
25.9599657439 1412721851.35
26.0122850036 1412721851.44
26.0201230088 1412721851.53
26.0997579031 1412721851.62
26.213117597 1412721851.73
26.265978813 1412721851.82
26.3338351309 1412721851.93
26.4395982925 1412721852.04
26.5085569269 1412721852.13
26.5762872854 1412721852.25
26.5984642709 1412721852.37
26.553467767 1412721852.46
26.5942787337 1412721852.55
26.6513933464 1412721852.65
26.7257119858 1412721852.76
26.8446640848 1412721852.87
26.9290828641 1412721852.98
26.9528037237 1412721853.13
27.0170621964 1412721853.29
27.2920883963 1412721853.4
27.2309352813 1412721853.53
27.259713171 1412721853.66
27.1726237733 1412721853.75
27.4347875385 1412721853.87
27.9030305925 1412721853.98
27.9530535353 1412721854.09
28.337503155 1412721854.19
6.38935779131 1412721854.33
6.39570426364 1412721854.45
5.98967597907 1412721854.58
5.99606746493 1412721854.67
6.0094238099 1412721854.77
5.83479111239 1412721854.89
5.52208818769 1412721854.99
5.52433940796 1412721855.09
5.52644091505 1412721855.18
5.04915246211 1412721855.3
5.0317489534 1412721855.41
5.01430288118 1412721855.52
4.99701542797 1412721855.62
4.7992615234 1412721855.73
4.78697659547 1412721855.83
4.94117278964 1412721855.93
4.92978768575 1412721856.02
4.91841063475 1412721856.16
4.9169021334 1412721856.26
4.90599642355 1412721856.37
4.64332812888 1412721856.48
4.62891862318 1412721856.57
4.35687561409 1412721856.71
3.95923936108 1412721856.82
4.01344698121 1412721856.94
4.01486977475 1412721857.07
4.16650890158 1412721857.18
4.17515815466 1412721857.29
4.05762248236 1412721857.42
4.11015153305 1412721857.52
4.24314083512 1412721857.62
4.14257765565 1412721857.73
4.15423475453 1412721857.83
4.1220261674 1412721857.93
4.13315677192 1412721858.02
4.14464687723 1412721858.13
4.19965846445 1412721858.25
4.16996024386 1412721858.38
4.19525584831 1412721858.48
4.24204592395 1412721858.59
4.26666187801 1412721858.71
4.28168441494 1412721858.81
4.24162226596 1412721858.92
4.25607203946 1412721859.06
4.2710249374 1412721859.15
4.29646317074 1412721859.27
4.31245809381 1412721859.4
4.33655291428 1412721859.5
4.20300635749 1412721859.61
4.21900809974 1412721859.72
4.24250091184 1412721859.83
4.24789705586 1412721859.95
4.24934431637 1412721860.05
4.22190739308 1412721860.17
4.23839132044 1412721860.29
4.12073654713 1412721860.38
4.1096939962 1412721860.48
4.14492054464 1412721860.59
4.16459632634 1412721860.68
4.2557519978 1412721860.78
4.28845313571 1412721860.87
4.39079393637 1412721860.99
4.39106284473 1412721861.13
4.42502260657 1412721861.22
4.48922275727 1412721861.4
4.69825597847 1412721861.5
4.7251541917 1412721861.63
4.69623873852 1412721861.74
4.8378385827 1412721861.88
4.71800338494 1412721862.01
4.78144830402 1412721862.14
4.8478256647 1412721862.3
4.94296103465 1412721862.43
5.03369263692 1412721862.55
5.09715686514 1412721862.67
4.66046185347 1412721862.82
4.69809086624 1412721862.94
4.85048590879 1412721863.06
4.90247500021 1412721863.18
5.12434868887 1412721863.3
5.17804240483 1412721863.43
5.01878536855 1412721863.55
4.72596299109 1412721863.65
4.69768667689 1412721863.76
4.76833746918 1412721863.89
4.80735984442 1412721864.01
4.89049623253 1412721864.15
4.84882802627 1412721864.27
4.77884217793 1412721864.42
5.06621189408 1412721864.57
5.01311886295 1412721864.69
5.01681147588 1412721864.85
5.0558449107 1412721864.98
5.0959670469 1412721865.11
5.02266600131 1412721865.22
5.04601978032 1412721865.37
5.07891758979 1412721865.47
5.11255647922 1412721865.57
5.17921392071 1412721865.73
5.29505029719 1412721865.89
5.06988604568 1412721866.03
5.23220164513 1412721866.16
5.26902343148 1412721866.3
5.31848069913 1412721866.44
5.21932493198 1412721866.54
5.24957563186 1412721866.66
5.2810491684 1412721866.79
5.27516171704 1412721866.92
5.30656697199 1412721867.03
5.42882795499 1412721867.19
5.52794335744 1412721867.38
5.63576387649 1412721867.52
5.90700692053 1412721867.67
5.9692698707 1412721867.82
5.9945146511 1412721867.97
6.05497109888 1412721868.14
6.18066347125 1412721868.3
6.01873407818 1412721868.45
6.61207081453 1412721868.61
6.71409697343 1412721868.75
6.76169532062 1412721868.92
6.92342869088 1412721869.05
6.88164812038 1412721869.2
6.95334596386 1412721869.43
7.1351193927 1412721869.56
7.3259578274 1412721869.72
7.4639945242 1412721869.85
7.55545601446 1412721869.98
7.64618680396 1412721870.11
7.3937071727 1412721870.28
7.44379845437 1412721870.42
7.6610409897 1412721870.55
