20.3209326175 1412754181.24
20.0703832326 1412754183.0
19.4938643069 1412754184.57
19.551226739 1412754186.19
19.262918205 1412754187.79
19.0077250116 1412754189.48
18.5588047268 1412754191.1
18.155033205 1412754192.67
17.3261324915 1412754194.33
16.80846298 1412754195.98
17.0982926915 1412754197.64
16.8673219573 1412754199.33
16.7451137595 1412754201.01
16.7971866951 1412754202.74
17.018885552 1412754204.59
16.9087489024 1412754206.61
17.1282867636 1412754208.62
16.8062640617 1412754210.71
16.966809748 1412754212.71
16.7155578414 1412754214.76
16.6801568591 1412754216.82
16.9813564081 1412754218.89
16.8161627518 1412754220.86
16.4789499676 1412754222.84
17.0274017769 1412754224.94
17.3155262567 1412754226.97
17.6590720404 1412754229.04
17.9264358348 1412754231.12
18.2480197313 1412754233.25
18.0701724198 1412754235.45
18.5056239327 1412754237.64
18.781598788 1412754239.45
19.1120688191 1412754241.22
19.0921799729 1412754243.11
19.1830643893 1412754245.22
20.1323307333 1412754247.29
20.3359164653 1412754249.32
20.6958541104 1412754251.36
21.0854786394 1412754253.36
20.9912723079 1412754255.44
21.0796176239 1412754257.51
21.8208938502 1412754259.59
22.0663400734 1412754261.69
22.1331855578 1412754263.78
22.4869860037 1412754265.9
22.4675592526 1412754268.02
22.4781132045 1412754270.19
22.3414016923 1412754272.32
22.1621495864 1412754274.65
21.9383191165 1412754276.96
22.08934285 1412754279.23
21.6156912661 1412754281.43
21.7363512917 1412754283.66
21.6050188412 1412754285.88
21.2538023547 1412754288.1
21.2047799358 1412754290.28
21.7774816154 1412754292.57
21.1571305636 1412754294.89
21.197642747 1412754297.13
21.0174913326 1412754299.42
20.9887785006 1412754301.63
21.4226575033 1412754303.84
21.1711052437 1412754306.05
21.3101597419 1412754308.19
21.303557858 1412754310.38
21.307745863 1412754312.61
21.4670362888 1412754314.82
21.4965482983 1412754316.99
21.1750839532 1412754319.19
21.3200254665 1412754321.38
21.4089001137 1412754323.59
21.8446331766 1412754325.78
21.9356549295 1412754328.0
22.0776858373 1412754330.21
22.0260206739 1412754332.41
21.6143865104 1412754334.64
21.3556727055 1412754336.92
21.6476492136 1412754339.2
21.4740220937 1412754341.54
21.5170385529 1412754343.81
20.9491271106 1412754346.1
21.0245346016 1412754348.38
21.1358202559 1412754350.71
21.7128947007 1412754352.98
21.7376985376 1412754355.31
21.6544325514 1412754357.61
21.7453566932 1412754359.95
21.6184588089 1412754362.28
21.6247417647 1412754364.62
21.953995525 1412754366.91
21.2352555119 1412754369.2
21.6136396032 1412754371.56
21.961387082 1412754373.94
21.916868106 1412754376.24
22.0563127977 1412754378.63
21.9837340109 1412754380.93
22.08657049 1412754383.25
22.3050457518 1412754385.58
22.0388582619 1412754387.88
22.2263274184 1412754390.15
22.2091746884 1412754392.41
22.3510733964 1412754394.81
22.3074179126 1412754397.09
22.4852262078 1412754399.39
22.4063318994 1412754401.72
22.5188848582 1412754404.07
22.2834728071 1412754406.44
22.2048010131 1412754408.84
21.8129265368 1412754411.24
21.5756176086 1412754413.63
21.6069358227 1412754416.06
21.5031470855 1412754418.43
21.7517124935 1412754420.8
21.5386058587 1412754423.27
21.6016056935 1412754425.66
21.380198558 1412754428.04
21.7767065899 1412754430.45
22.1053724028 1412754432.89
22.2342784503 1412754435.35
22.3097683608 1412754437.86
22.3863095812 1412754440.39
22.8955294299 1412754443.06
22.9575160394 1412754445.57
22.5410250251 1412754448.06
22.5979575532 1412754450.54
23.4964804981 1412754453.02
23.223487467 1412754455.55
23.7417180971 1412754458.11
24.1350222541 1412754460.61
24.0438198066 1412754463.15
24.277626825 1412754465.72
23.962782657 1412754468.19
23.1983726089 1412754470.7
23.265723453 1412754473.29
23.3530481443 1412754475.8
23.917238956 1412754478.43
23.7348206346 1412754481.07
22.9443752199 1412754483.68
22.9101630129 1412754486.34
22.9980812566 1412754489.05
23.209466438 1412754491.69
23.2269077246 1412754494.41
23.266701016 1412754497.19
23.1992264128 1412754499.95
23.2322720056 1412754502.7
23.3220414866 1412754505.44
23.2435598484 1412754508.16
23.2785526843 1412754510.84
23.2719819008 1412754513.49
23.5917239739 1412754516.13
23.881331274 1412754518.81
23.7138843487 1412754521.54
23.7928530176 1412754524.28
23.8684102662 1412754526.99
24.0902447764 1412754529.71
24.1596048611 1412754532.42
24.2209853494 1412754535.08
24.5132836962 1412754537.91
24.7567370511 1412754540.7
24.7956781357 1412754543.37
25.0537121776 1412754546.04
24.7725863374 1412754548.83
25.4648321213 1412754551.47
25.4929655443 1412754554.19
24.8751486289 1412754556.92
24.6136652137 1412754559.63
24.7133417987 1412754562.34
24.6241709454 1412754565.0
24.3643514148 1412754567.81
24.4219286425 1412754570.56
24.4493328724 1412754573.36
24.4615875354 1412754576.14
24.3684006451 1412754578.87
25.2840340384 1412754581.6
25.385649149 1412754584.5
25.3606759738 1412754587.33
25.3808203031 1412754590.27
25.4007160482 1412754593.06
25.4599283168 1412754595.88
25.4696854356 1412754598.78
25.7194838641 1412754601.68
25.9007626062 1412754604.64
26.3269591107 1412754607.51
26.3312197205 1412754610.38
26.3568001756 1412754613.34
26.371757681 1412754616.29
26.390546542 1412754619.28
26.0481546209 1412754622.29
26.0683311561 1412754625.27
26.0775289166 1412754628.32
26.0642359313 1412754631.4
26.1010625224 1412754634.35
26.1510539224 1412754637.48
26.1970164715 1412754640.52
26.2456198129 1412754643.52
26.2817310638 1412754646.55
26.4952683673 1412754649.67
26.5229531872 1412754652.71
26.5487261794 1412754655.75
26.5707515898 1412754658.83
