6.01919485354 1412724020.28
6.12159003206 1412724020.56
6.38227667172 1412724020.85
6.59228162765 1412724021.14
6.67996571001 1412724021.43
6.73164802188 1412724021.73
6.89069276653 1412724022.01
7.00025223063 1412724022.37
7.11567423983 1412724022.73
7.14351045889 1412724023.0
7.13488744594 1412724023.31
7.14698110526 1412724023.63
7.22308167046 1412724023.9
7.25226552333 1412724024.19
7.26545938533 1412724024.48
7.32782713276 1412724024.79
7.37206462166 1412724025.06
7.35392823582 1412724025.36
7.35998061707 1412724025.63
7.39640988508 1412724025.94
7.32897263903 1412724026.22
7.37992838397 1412724026.51
7.34157315176 1412724026.78
7.56079138363 1412724027.07
7.54062704956 1412724027.37
7.59709057238 1412724027.67
7.47448809999 1412724027.98
7.43173828072 1412724028.25
7.28479351274 1412724028.54
7.18681252651 1412724028.82
7.15734042578 1412724029.11
7.13778795749 1412724029.39
7.17072873475 1412724029.69
7.07628468976 1412724029.97
6.83220299391 1412724030.24
6.79991077896 1412724030.51
6.68269954636 1412724030.78
6.61335523898 1412724031.04
6.5650037258 1412724031.33
6.49120913395 1412724031.62
6.38953259146 1412724031.88
6.3850596615 1412724032.16
6.44408584051 1412724032.44
6.24995507378 1412724032.73
6.23072385531 1412724033.0
6.23916205676 1412724033.26
6.16135915655 1412724033.54
6.15894900023 1412724033.8
6.13187750404 1412724034.07
6.08381828735 1412724034.34
6.04742237692 1412724034.59
5.96171567881 1412724034.86
5.82357762765 1412724035.13
5.79757882044 1412724035.39
5.64651802433 1412724035.65
5.60284477552 1412724035.93
5.77528704295 1412724036.2
5.57065886715 1412724036.48
5.47469463861 1412724036.79
5.41242427068 1412724037.07
5.44380418501 1412724037.35
5.34608612474 1412724037.62
5.2992123488 1412724037.89
5.27508728242 1412724038.12
5.33716396883 1412724038.39
5.25566906984 1412724038.66
5.10375185131 1412724039.06
5.07353500696 1412724039.48
5.02340333963 1412724040.3
4.92447124625 1412724040.6
4.92360999389 1412724041.18
4.91207909917 1412724041.64
4.89814381559 1412724042.04
4.90024839992 1412724042.43
4.89444601975 1412724042.71
4.89967909239 1412724042.99
4.87740373349 1412724043.3
4.78390862305 1412724043.59
4.73585458539 1412724043.87
4.72600244367 1412724044.15
4.68596630011 1412724044.45
4.64799763475 1412724044.78
4.64999801719 1412724045.07
4.63171673268 1412724045.52
4.64315931251 1412724045.85
4.6530460468 1412724046.34
4.59159624312 1412724046.75
4.57639145406 1412724047.11
4.53370591724 1412724047.5
4.48133534669 1412724047.86
4.52043333263 1412724048.16
4.48014510799 1412724048.48
4.40452249163 1412724048.8
4.31629691795 1412724049.11
4.20551959553 1412724049.43
4.13876046414 1412724049.7
4.08675465437 1412724049.98
4.04854645054 1412724050.25
4.00181277113 1412724050.5
3.96954480698 1412724050.78
3.96903600212 1412724051.03
3.98737284237 1412724051.27
3.98826811363 1412724051.53
3.92841123713 1412724051.8
3.91691668181 1412724052.15
3.95876248344 1412724052.45
3.93640955145 1412724052.7
3.95334691721 1412724052.97
3.91745189275 1412724053.22
3.82296830426 1412724053.45
3.78976756775 1412724053.7
3.74562362796 1412724053.93
3.68018028032 1412724054.18
3.64120815471 1412724054.43
3.68241517648 1412724054.7
3.66924483564 1412724054.94
3.63670447925 1412724055.2
3.61457230338 1412724055.45
3.56088062985 1412724055.66
3.47151192829 1412724055.89
3.42290119144 1412724056.16
3.37445976383 1412724056.41
3.35321884543 1412724056.65
3.30606324545 1412724056.87
3.26063162253 1412724057.11
3.26441415849 1412724057.35
3.22073101556 1412724057.6
3.24447618369 1412724057.84
3.12566164619 1412724058.07
3.07784755214 1412724058.33
3.06632236906 1412724058.58
3.04916700883 1412724058.81
3.01887043675 1412724059.05
2.99436394728 1412724059.32
2.9565893657 1412724059.57
2.95989422364 1412724059.82
2.93938570682 1412724060.08
2.83511702679 1412724060.32
2.81361598533 1412724060.61
2.8052420046 1412724060.89
2.77953359412 1412724061.17
2.76341821211 1412724061.44
2.74030000431 1412724061.71
2.73241566428 1412724061.97
2.68632689744 1412724062.24
2.72519195075 1412724062.52
2.70106932558 1412724062.86
2.71689529991 1412724063.14
2.69770288804 1412724063.54
2.68630618042 1412724063.84
2.66011051527 1412724064.11
2.64777342177 1412724064.37
2.64182383818 1412724064.64
2.61972762108 1412724064.89
2.62889274607 1412724065.16
2.63237400836 1412724065.44
2.67489695707 1412724065.69
2.65408508018 1412724065.95
2.63701827634 1412724066.2
2.62628852299 1412724066.49
2.60524666091 1412724066.79
2.53244209121 1412724067.08
2.51781076145 1412724067.35
2.53114063266 1412724067.62
2.52019909921 1412724067.87
2.50745238143 1412724068.17
2.49308484302 1412724068.44
2.47955540503 1412724068.71
2.46792297624 1412724068.96
2.51080567949 1412724069.22
2.50137856332 1412724069.48
2.49208246978 1412724069.74
2.48293524424 1412724070.0
2.46880866755 1412724070.4
2.4473361822 1412724070.68
2.43308677033 1412724070.94
2.39788645397 1412724071.25
2.33009222791 1412724071.53
2.32518103731 1412724071.8
2.31915364965 1412724072.07
2.33834769831 1412724072.33
2.3317360361 1412724072.59
2.31754224647 1412724072.87
2.30525586466 1412724073.13
2.30081978171 1412724073.39
2.26895109811 1412724073.65
2.26505058189 1412724073.9
2.24564766526 1412724074.16
2.2469681339 1412724074.42
2.2345833666 1412724074.68
2.19433025542 1412724074.94
2.19633383898 1412724075.19
2.1716924943 1412724075.45
2.1726287194 1412724075.71
2.1549733068 1412724076.0
2.15779006836 1412724076.46
2.14858813547 1412724076.72
2.14795915048 1412724076.99
2.12816117088 1412724077.29
2.09746180371 1412724077.86
