27.3677683293 1412722150.65
27.2047398158 1412722150.74
27.2154622861 1412722150.84
27.2146005852 1412722150.93
27.2198146914 1412722151.03
27.2316256017 1412722151.12
27.299258499 1412722151.24
27.3709290489 1412722151.39
27.3464623061 1412722151.48
27.3367778364 1412722151.57
26.8003886522 1412722151.68
26.4713839638 1412722151.79
26.4146808386 1412722151.88
25.6360263772 1412722151.99
25.5415729176 1412722152.14
25.3973764849 1412722152.35
24.6979078261 1412722152.48
24.4375631045 1412722152.6
24.2184204469 1412722152.71
23.6319614358 1412722152.82
23.4011935914 1412722152.92
23.2781970758 1412722153.04
22.3385130613 1412722153.16
23.560561591 1412722153.29
23.1563379821 1412722153.39
23.1098951168 1412722153.51
22.9299249347 1412722153.62
21.5670785182 1412722153.73
21.2734188447 1412722153.85
21.1065471254 1412722153.96
20.9826806927 1412722154.09
20.7962952618 1412722154.19
20.7810773636 1412722154.34
20.690673274 1412722154.45
20.5824808215 1412722154.55
20.4848773332 1412722154.66
19.7351165871 1412722154.77
19.5924616683 1412722154.89
19.4984835389 1412722154.99
19.4079103974 1412722155.09
19.3495724441 1412722155.19
19.3030751308 1412722155.3
19.255844533 1412722155.41
19.4570289034 1412722155.57
19.4083305624 1412722155.7
19.3642979852 1412722155.81
19.3376618218 1412722155.91
19.3015746457 1412722156.03
19.2646569358 1412722156.14
19.2301203386 1412722156.27
19.1974046939 1412722156.43
19.1383000384 1412722156.56
19.1419025692 1412722156.67
19.1350645566 1412722156.78
19.1538697091 1412722156.9
19.1562027766 1412722157.01
19.1579611962 1412722157.13
19.180387398 1412722157.26
19.1969585938 1412722157.38
19.1965930454 1412722157.5
19.1957482283 1412722157.68
19.1944618058 1412722157.85
21.4792959325 1412722157.98
21.4897139276 1412722158.11
21.7668009851 1412722158.27
21.777754875 1412722158.5
21.8403143173 1412722158.63
21.8516355296 1412722158.77
21.9195947609 1412722158.89
21.8009358122 1412722159.02
21.8089735779 1412722159.16
21.8886952963 1412722159.3
22.0000523911 1412722159.44
21.8673906289 1412722159.59
21.8673094724 1412722159.71
21.8662374333 1412722159.83
21.9054007671 1412722159.97
21.9241581609 1412722160.13
21.9195176069 1412722160.38
21.8589115793 1412722160.52
21.86000975 1412722160.65
21.8450014497 1412722160.78
21.8270166179 1412722160.92
21.9200012468 1412722161.12
21.8031254529 1412722161.25
21.7794468014 1412722161.41
21.6856508048 1412722161.55
21.673711435 1412722161.7
21.0968088868 1412722161.9
21.0132328801 1412722162.06
21.0993247224 1412722162.23
21.0994341769 1412722162.46
21.3395081708 1412722162.62
21.0984857984 1412722162.77
21.2368260857 1412722162.94
21.4532810473 1412722163.09
21.1902875423 1412722163.22
21.1986036631 1412722163.35
21.2024531823 1412722163.5
21.2021769874 1412722163.69
21.2304129924 1412722163.86
21.2094066815 1412722164.03
21.3093653424 1412722164.19
21.2861872157 1412722164.39
21.2976586534 1412722164.53
21.2897410967 1412722164.66
21.2804687628 1412722164.78
21.2892764244 1412722164.92
21.2967029869 1412722165.03
21.2740241193 1412722165.2
21.3059140392 1412722165.36
21.4877700457 1412722165.49
21.2912343396 1412722165.61
21.4704405774 1412722165.76
21.4696975445 1412722165.89
21.330918244 1412722166.02
21.4096677319 1412722166.15
21.389433165 1412722166.29
21.4004908148 1412722166.44
21.3770215368 1412722166.55
21.3808501584 1412722166.78
21.3569339026 1412722166.91
21.3672406554 1412722167.04
21.3870095196 1412722167.2
21.3879133251 1412722167.34
21.3986131913 1412722167.47
21.3755450919 1412722167.6
21.3866030166 1412722167.72
21.3966471028 1412722167.83
21.3474922388 1412722167.95
21.3585557345 1412722168.06
21.3689626006 1412722168.18
21.3786109982 1412722168.33
21.3150701871 1412722168.47
21.2528453968 1412722168.59
21.2654138694 1412722168.71
21.2882609119 1412722168.83
22.5727198468 1412722168.94
22.5412319284 1412722169.06
22.4433838938 1412722169.19
22.4575398125 1412722169.3
22.4712823043 1412722169.41
22.4848077821 1412722169.54
22.4979414893 1412722169.67
22.1640513292 1412722169.78
22.189432447 1412722169.89
22.2146035567 1412722169.99
22.2395827743 1412722170.08
22.2645836189 1412722170.2
22.2894356506 1412722170.33
22.2235907585 1412722170.45
22.2471051248 1412722170.57
22.2707541473 1412722170.69
22.2684657013 1412722170.79
22.2913127385 1412722170.9
22.31405708 1412722171.03
23.0112848756 1412722171.13
22.8208776534 1412722171.23
22.8516594987 1412722171.35
22.7456440959 1412722171.46
22.771212643 1412722171.55
22.796914563 1412722171.66
22.7036532354 1412722171.78
22.7309079863 1412722171.89
22.7582357059 1412722172.04
22.6971225172 1412722172.15
22.7200723446 1412722172.29
22.3657301219 1412722172.42
22.3797998482 1412722172.54
22.3937397789 1412722172.65
22.4076966716 1412722172.74
22.1515702539 1412722172.86
22.1718101106 1412722172.99
22.1919815623 1412722173.11
22.2122408385 1412722173.23
22.232483894 1412722173.35
22.1577202781 1412722173.47
22.1730460787 1412722173.59
22.1882512345 1412722173.71
22.2032177031 1412722173.83
22.21801434 1412722173.98
21.8701581539 1412722174.1
21.8796418036 1412722174.22
21.8891603176 1412722174.37
21.898575394 1412722174.49
21.9079822268 1412722174.65
21.9174237402 1412722174.76
21.9781858427 1412722174.88
22.0817870894 1412722175.01
22.0899038636 1412722175.17
22.098182101 1412722175.31
22.1062851745 1412722175.43
22.1143378212 1412722175.53
22.1223965716 1412722175.67
22.130355942 1412722175.79
21.5354563347 1412722175.91
21.550498594 1412722176.04
21.5654048006 1412722176.2
21.2242339178 1412722176.32
21.3090478362 1412722176.45
