19.4446502318 1412736064.58
19.5536328954 1412736065.56
19.2671606399 1412736066.56
19.2143111048 1412736067.51
19.261817152 1412736068.5
18.9608259207 1412736069.5
18.9521050026 1412736070.5
18.8396576843 1412736071.54
18.9958370967 1412736072.6
18.3412941172 1412736073.59
17.7997323571 1412736074.6
17.6492001014 1412736075.61
17.4249835994 1412736076.59
17.4046364162 1412736077.56
17.3476622422 1412736078.51
17.1296077876 1412736079.47
16.7393304875 1412736080.4
16.518813554 1412736081.45
16.411036673 1412736082.43
16.2220751129 1412736083.37
16.0232542571 1412736084.34
16.0544707943 1412736085.3
15.4955999747 1412736086.25
15.2919611007 1412736087.24
15.379982216 1412736088.2
15.2709933543 1412736089.14
15.1794709374 1412736090.13
15.074823707 1412736091.06
14.506114693 1412736092.02
14.3474863508 1412736093.02
14.346502711 1412736093.97
14.2504585105 1412736094.91
13.9170772786 1412736095.84
13.8257574267 1412736096.82
13.8024322267 1412736097.79
13.560525315 1412736098.8
13.3724793018 1412736099.75
12.9605092351 1412736100.71
12.5881463084 1412736101.72
13.0724711172 1412736102.73
12.3673806676 1412736103.66
12.7160089647 1412736104.66
12.9821962687 1412736105.65
12.3554832447 1412736106.62
12.4676390191 1412736107.62
12.5033783351 1412736108.62
12.3893186819 1412736109.58
12.3617881834 1412736110.61
12.4364123095 1412736111.67
12.4326956876 1412736112.73
12.1457954682 1412736113.8
12.0781104903 1412736114.85
11.9927598119 1412736115.91
12.0938232132 1412736116.94
12.025793936 1412736117.96
12.0158839772 1412736118.99
11.8371754122 1412736120.0
11.6818424173 1412736120.97
11.6367557425 1412736122.0
11.5504253088 1412736123.03
11.4484176891 1412736124.04
11.5373374003 1412736125.08
11.4962892319 1412736126.12
11.5758904789 1412736127.16
11.5413663249 1412736128.22
11.6705635211 1412736129.27
11.4357371866 1412736130.34
11.4631595423 1412736131.41
11.2386065008 1412736132.5
11.1549466409 1412736133.61
11.1400183801 1412736134.74
10.9683094027 1412736135.93
10.8731264392 1412736137.15
10.7546220776 1412736138.3
10.8659791686 1412736139.34
10.8636404289 1412736140.31
10.8735467287 1412736141.35
10.7413383185 1412736142.34
10.7524874588 1412736143.34
10.7958942625 1412736144.32
11.0328518172 1412736145.28
10.8635003635 1412736146.29
10.8820432414 1412736147.3
10.9749645171 1412736148.26
10.8505045733 1412736149.23
10.8571798444 1412736150.19
10.7604820582 1412736151.16
10.4965616759 1412736152.15
10.6469498206 1412736153.13
10.6975684211 1412736154.11
10.6469005925 1412736155.08
10.7080470252 1412736156.06
10.6705906422 1412736157.06
10.6708376568 1412736158.06
10.5058794316 1412736159.06
10.4553069079 1412736160.04
10.3564992415 1412736161.07
10.4321046432 1412736162.05
10.5679328771 1412736163.05
10.5624457178 1412736164.05
10.5670518775 1412736165.06
10.6061174283 1412736166.06
10.5943825142 1412736167.06
10.3777807483 1412736168.07
10.382232242 1412736169.07
10.3496663217 1412736170.09
10.3736067833 1412736171.11
10.3921702286 1412736172.15
10.3919905741 1412736173.15
10.3978651192 1412736174.14
10.4328968424 1412736175.15
10.3960487517 1412736176.12
10.4110763097 1412736177.12
10.3652567427 1412736178.12
10.3663609023 1412736179.15
10.384655111 1412736180.17
10.3725700563 1412736181.21
10.3433734882 1412736182.22
10.4087790894 1412736183.23
10.4265277653 1412736184.16
10.4055119349 1412736185.14
10.4738834036 1412736186.15
10.3831913938 1412736187.17
10.4042628182 1412736188.21
10.4279448665 1412736189.19
10.4566848352 1412736190.19
10.3407878577 1412736191.16
10.3750904992 1412736192.19
10.3554406167 1412736193.2
10.3323943897 1412736194.17
10.3321793503 1412736195.21
10.3234270915 1412736196.22
10.3347654111 1412736197.26
10.3269004043 1412736198.27
10.3170549894 1412736199.28
10.2787890467 1412736200.32
10.2759849973 1412736201.36
10.2673434238 1412736202.39
10.206689446 1412736203.36
10.1915482249 1412736204.36
10.1858288139 1412736205.37
10.1531776805 1412736206.35
10.1155485267 1412736207.4
10.0973982263 1412736208.44
10.083593154 1412736209.46
10.0730404904 1412736210.48
9.96963041998 1412736211.5
9.95536550247 1412736212.5
9.94705581842 1412736213.52
9.78822354677 1412736214.51
9.770791783 1412736215.56
9.79821271555 1412736216.55
9.71807160168 1412736217.58
9.73204673241 1412736218.58
9.62644769063 1412736219.59
9.25353696935 1412736220.63
9.23497506464 1412736221.61
9.22743629683 1412736222.58
9.17112918901 1412736223.56
9.1578456221 1412736224.57
9.07303451455 1412736225.55
8.99335294882 1412736226.57
8.98293534774 1412736227.61
8.83947537277 1412736228.61
8.80212622415 1412736229.62
8.70441957018 1412736230.59
8.70573323046 1412736231.61
8.64296365052 1412736232.65
8.68065632306 1412736233.7
8.6745811881 1412736234.72
8.66446258977 1412736235.71
8.35718440344 1412736236.74
8.50351293396 1412736237.79
8.53962406266 1412736238.87
8.51530665591 1412736239.9
8.55768720088 1412736240.92
8.45336969868 1412736241.95
8.31040135274 1412736243.03
8.28520567172 1412736244.15
8.23726002322 1412736245.38
8.39922382519 1412736246.42
8.56428203677 1412736247.49
8.55459436989 1412736248.54
8.50052132487 1412736249.63
8.58638003581 1412736250.71
8.58541505522 1412736251.77
8.52809363683 1412736252.85
8.60154525286 1412736253.87
8.49259686677 1412736254.95
8.44952797026 1412736255.98
8.4792666683 1412736257.03
8.49155923728 1412736258.07
8.55872370149 1412736259.1
8.4621529657 1412736260.08
8.33319340913 1412736261.09
8.18225546142 1412736262.13
8.14922432399 1412736263.14
8.0938594253 1412736264.15
7.94521680053 1412736265.17
8.13382425347 1412736266.2
