8.30903473237 1412738337.88
8.28250759611 1412738338.85
8.201281742 1412738339.81
8.22268824041 1412738340.79
8.18586624262 1412738341.76
8.31307314773 1412738342.76
8.22223083767 1412738343.68
8.18070350191 1412738344.63
8.24661139186 1412738345.56
8.21273130125 1412738346.55
8.10177335636 1412738347.5
8.13125398331 1412738348.44
8.03170443289 1412738349.38
8.1123294096 1412738350.32
8.13479399072 1412738351.26
8.07368685901 1412738352.17
8.1429182643 1412738353.1
8.19651015132 1412738354.05
8.31473284391 1412738354.96
8.31376562534 1412738355.91
8.31508519308 1412738356.84
8.38105234087 1412738357.75
8.42754110787 1412738358.75
8.49284412593 1412738359.69
8.39335012749 1412738360.59
8.2638649634 1412738361.49
8.22456800991 1412738362.4
8.15692357185 1412738363.3
8.07141995622 1412738364.22
8.05839204263 1412738365.09
7.84927285253 1412738366.03
7.73988391477 1412738366.89
7.50599350286 1412738367.79
7.33962096416 1412738368.7
7.18495332288 1412738369.6
7.25928474093 1412738370.49
7.18232979326 1412738371.37
7.15265693454 1412738372.27
7.27408907675 1412738373.16
7.18589836146 1412738374.04
7.19505167283 1412738374.94
7.06434291748 1412738375.88
7.02776686321 1412738376.79
6.95612044046 1412738377.72
6.96754737457 1412738378.62
6.99435926603 1412738379.52
6.96461326975 1412738380.44
6.93105326366 1412738381.35
6.91523760935 1412738382.24
6.83997192361 1412738383.18
6.7951380955 1412738384.08
6.71514840469 1412738384.99
6.54088407663 1412738385.9
6.35169149861 1412738386.81
6.25194656959 1412738387.71
6.36811084882 1412738388.6
6.56532962409 1412738389.55
6.39043753778 1412738390.46
6.29737709797 1412738391.41
6.37316414259 1412738392.3
6.437583131 1412738393.26
6.54768379128 1412738394.19
6.41686364026 1412738395.07
6.48907865855 1412738396.02
6.41456218025 1412738396.88
6.43298594294 1412738397.82
6.52090567246 1412738398.69
6.38356133163 1412738399.6
6.5552339126 1412738400.5
6.45901846019 1412738401.4
6.3707806003 1412738402.32
6.37710727953 1412738403.22
6.33162745725 1412738404.2
6.29497182292 1412738405.22
6.23565062045 1412738406.13
6.25414660662 1412738407.03
6.22393745525 1412738407.93
6.26871757042 1412738408.84
6.19990153684 1412738409.72
6.29176830748 1412738410.68
6.24489585977 1412738411.62
6.13716526564 1412738412.49
6.22108444189 1412738413.4
6.16458577459 1412738414.3
6.11925052165 1412738415.21
6.14131461187 1412738416.11
6.12509675335 1412738417.01
6.16968587382 1412738417.88
6.18053848678 1412738418.75
6.15519189923 1412738419.63
6.14250215122 1412738420.53
6.11471117329 1412738421.39
6.12321131144 1412738422.3
6.07810703094 1412738423.2
6.10381763272 1412738424.09
6.12220491706 1412738425.02
6.08602552828 1412738425.91
6.11053508637 1412738426.81
6.14545204022 1412738427.71
6.17487070988 1412738428.59
6.13782506886 1412738429.48
6.16841748263 1412738430.34
6.18968422255 1412738431.23
6.2112259878 1412738432.09
6.2302974182 1412738432.99
6.27368030547 1412738433.89
6.24093945753 1412738434.79
6.25579213834 1412738435.67
6.2659352992 1412738436.57
6.25336030445 1412738437.45
6.22897194578 1412738438.35
6.23108181335 1412738439.26
6.24047287773 1412738440.11
6.2414729936 1412738441.01
6.26344517205 1412738441.87
6.25625932216 1412738442.76
6.24815060868 1412738443.66
6.28739338902 1412738444.55
6.27545063593 1412738445.46
6.25550708475 1412738446.35
6.26050604516 1412738447.23
6.24895207084 1412738448.15
6.19332525613 1412738449.04
6.1805123266 1412738449.93
6.17327459936 1412738450.83
6.13666984262 1412738451.73
6.13331880654 1412738452.63
6.15991958334 1412738453.55
6.1390671928 1412738454.43
6.179982907 1412738455.3
6.16730317188 1412738456.18
6.12129627977 1412738457.07
6.0767270842 1412738457.94
6.03648335463 1412738458.87
5.99844346661 1412738459.78
5.95065253697 1412738460.69
5.96204881597 1412738461.61
6.00649989322 1412738462.49
5.93168540816 1412738463.41
5.94466018116 1412738464.29
5.90998547767 1412738465.2
5.897648647 1412738466.09
5.91012871332 1412738467.01
5.88904150921 1412738467.88
5.84957088607 1412738468.79
5.80555530446 1412738469.72
5.81624150326 1412738470.63
5.82075460049 1412738471.54
5.80896045317 1412738472.41
5.80476680179 1412738473.28
5.7737131993 1412738474.16
5.7331115414 1412738475.05
5.70932607517 1412738475.94
5.67588483637 1412738476.87
5.66271385683 1412738477.77
5.61996788319 1412738478.67
5.5945602143 1412738479.54
5.53021494623 1412738480.45
5.52856187208 1412738481.36
5.55033180903 1412738482.29
5.5635691285 1412738483.2
5.50191491264 1412738484.11
5.48757015402 1412738484.99
5.45572322065 1412738485.93
5.44427551145 1412738486.87
5.4402399098 1412738487.8
5.45158337933 1412738488.7
5.46760120324 1412738489.64
5.53394832058 1412738490.56
5.53932817218 1412738491.46
5.55756185601 1412738492.39
5.55621084172 1412738493.32
5.53052868268 1412738494.21
5.49925288415 1412738495.15
5.52041292718 1412738496.09
5.49079149991 1412738497.01
5.51553409415 1412738497.91
5.4908485243 1412738498.86
5.51331510443 1412738499.79
5.48470993391 1412738500.71
5.51004157333 1412738501.64
5.48230650404 1412738502.54
5.45423140893 1412738503.49
5.47986900951 1412738504.45
5.50545372456 1412738505.35
5.47627253631 1412738506.3
5.4977427385 1412738507.26
5.4700223655 1412738508.21
5.4841299587 1412738509.13
5.51151259467 1412738510.03
5.47346436502 1412738510.97
5.45334494071 1412738511.9
5.47714031759 1412738512.84
5.45637192406 1412738513.84
5.49242379966 1412738514.79
5.48027635827 1412738515.74
5.45532580703 1412738516.65
5.47887136958 1412738517.54
5.45935869841 1412738518.48
5.47947229082 1412738519.37
