15.65192061 1412722071.52
15.4585411342 1412722071.64
15.2029671611 1412722071.75
14.6554567623 1412722071.89
14.2180684609 1412722072.03
13.918221148 1412722072.15
13.6325001953 1412722072.31
13.8468255092 1412722072.48
14.0451468833 1412722072.61
13.5875685094 1412722072.74
13.4818131601 1412722072.87
13.2745784743 1412722073.0
13.1648856512 1412722073.13
13.2755759069 1412722073.27
13.021133145 1412722073.4
12.8274821186 1412722073.51
12.9434689749 1412722073.62
12.6967584861 1412722073.72
12.6561613812 1412722073.82
12.5532737276 1412722073.94
12.3837052882 1412722074.05
12.1152024679 1412722074.16
12.0163313867 1412722074.3
11.8587562616 1412722074.44
11.7290567935 1412722074.54
11.638292875 1412722074.65
11.5812920109 1412722074.77
11.5037314401 1412722074.89
11.6681118182 1412722075.0
11.5839068588 1412722075.1
11.5007031791 1412722075.21
11.4823072499 1412722075.35
11.372859227 1412722075.46
11.3689433749 1412722075.56
11.2372282993 1412722075.67
11.0311992409 1412722075.78
10.9191096342 1412722075.88
11.0770823762 1412722075.98
11.0356772777 1412722076.09
10.8326461538 1412722076.19
10.9580123169 1412722076.31
10.9498202445 1412722076.43
10.8128105459 1412722076.53
10.6639512509 1412722076.62
10.6170908719 1412722076.72
10.5907458859 1412722076.86
10.4508154535 1412722076.95
10.4505781975 1412722077.05
10.4171965434 1412722077.15
10.286767454 1412722077.25
10.3579274396 1412722077.48
10.1970176855 1412722077.58
10.1476696827 1412722077.68
10.2476335791 1412722077.8
10.085449331 1412722077.9
10.0453665182 1412722078.02
10.0051078026 1412722078.12
10.0389091146 1412722078.23
9.94386822944 1412722078.35
9.91292000887 1412722078.46
9.96177310893 1412722078.57
9.99816049439 1412722078.68
9.89071899427 1412722078.82
9.88073343973 1412722078.94
9.8580819277 1412722079.19
9.74680638757 1412722079.34
9.85164321372 1412722079.5
9.83229292544 1412722079.64
9.89380939814 1412722079.77
9.86499736538 1412722079.93
9.99746066346 1412722080.04
9.97659465629 1412722080.16
9.95549039248 1412722080.29
9.93986943682 1412722080.44
9.90269017192 1412722080.59
9.89153966787 1412722080.75
9.87051561516 1412722080.85
9.85874529622 1412722080.96
9.8372110462 1412722081.05
9.8154696565 1412722081.15
9.93688960293 1412722081.25
9.87539203062 1412722081.35
9.73064607892 1412722081.44
9.70982547702 1412722081.55
9.70308414832 1412722081.65
9.69674124684 1412722081.74
9.69073784005 1412722081.85
9.68506958316 1412722081.96
9.67972447761 1412722082.08
9.60545551677 1412722082.18
9.58959329218 1412722082.29
9.57351144221 1412722082.42
9.55720669412 1412722082.56
9.55424644164 1412722082.71
9.53830652483 1412722082.86
9.52203851703 1412722083.0
9.51127336286 1412722083.11
9.49449404466 1412722083.21
9.47750337126 1412722083.38
9.46034056141 1412722083.54
9.42244469629 1412722083.65
9.35448295931 1412722083.8
9.34214477011 1412722083.99
9.32986382771 1412722084.18
9.31775320083 1412722084.34
9.30565226758 1412722084.46
9.29381401275 1412722084.59
9.28202468293 1412722084.72
9.2405184129 1412722084.84
9.23087578836 1412722084.96
9.22125761246 1412722085.07
9.30311630502 1412722085.18
9.2941022439 1412722085.29
9.28518218575 1412722085.4
9.32117115537 1412722085.52
9.31313551469 1412722085.63
9.30500630799 1412722085.73
9.29695670885 1412722085.83
9.28886198822 1412722085.93
9.28083142341 1412722086.03
9.27284749328 1412722086.12
9.17968615623 1412722086.22
9.17543628448 1412722086.35
9.16325892541 1412722086.46
9.15908959845 1412722086.56
9.15496556676 1412722086.67
9.15091937075 1412722086.78
9.19579514172 1412722086.89
60.8865167678 1412722087.01
9.05176331632 1412722087.11
9.04747905061 1412722087.21
60.868900353 1412722087.3
61.0820325496 1412722087.41
60.9917398089 1412722087.52
61.1567768925 1412722087.62
61.2489292883 1412722087.72
61.2680147638 1412722087.82
61.3832841286 1412722087.97
61.4809443209 1412722088.07
61.5097192022 1412722088.16
61.5511886518 1412722088.27
61.5982430534 1412722088.41
61.6519875199 1412722088.52
61.6972946923 1412722088.61
61.8008405338 1412722088.7
61.5763379949 1412722088.89
61.5583768195 1412722089.04
61.6359562035 1412722089.14
61.4515792447 1412722089.24
61.4935899505 1412722089.36
61.2798406375 1412722089.47
61.2859842683 1412722089.58
7.978036916 1412722089.75
61.4729843787 1412722089.91
8.05798983174 1412722090.03
8.06515700213 1412722090.14
8.08028499763 1412722090.26
8.09555893888 1412722090.41
8.11082457223 1412722090.53
8.07945788967 1412722090.64
8.08781446155 1412722090.77
8.10374386592 1412722090.88
8.05401390991 1412722091.0
8.06825827941 1412722091.14
8.01006200272 1412722091.27
8.02771617791 1412722091.45
7.86938919185 1412722091.6
7.88805512087 1412722091.73
7.90689733077 1412722091.85
7.92592984578 1412722091.97
7.94498800881 1412722092.08
7.87714619376 1412722092.2
7.8943096555 1412722092.43
7.92085195382 1412722092.6
7.93594772474 1412722092.73
7.89594686534 1412722092.86
7.90739169534 1412722093.0
7.91889291996 1412722093.14
7.92627583536 1412722093.27
7.9377756144 1412722093.44
7.94926666595 1412722093.64
7.95675550342 1412722093.78
7.96826941371 1412722093.91
7.97976951681 1412722094.03
7.98737462556 1412722094.18
7.99891373536 1412722094.41
7.91985165252 1412722094.55
7.93218048147 1412722094.68
7.9439171111 1412722094.81
8.02230326125 1412722094.94
8.03972808533 1412722095.06
8.05074675902 1412722095.21
8.10566140873 1412722095.4
8.11725829112 1412722095.52
7.99883806604 1412722095.63
8.00861924332 1412722095.74
8.01840878706 1412722095.87
8.02834233941 1412722095.98
8.0382901344 1412722096.1
8.0161402817 1412722096.34
