11.1711671581 1412731529.75
11.2779301365 1412731530.34
11.4261711248 1412731530.9
11.7381355896 1412731531.46
12.0865018125 1412731532.02
12.2817268814 1412731532.57
12.38444838 1412731533.13
12.5207487908 1412731533.72
12.580819756 1412731534.3
12.7921723529 1412731534.87
12.5970533777 1412731535.42
12.5636065868 1412731536.02
12.6596842342 1412731536.6
12.6758844334 1412731537.14
12.7332239577 1412731537.69
12.6208662477 1412731538.27
12.5533647922 1412731538.81
12.4729041247 1412731539.36
12.3312615391 1412731539.91
12.2218098115 1412731540.46
12.0505112816 1412731541.0
12.0143657572 1412731541.51
12.0063538521 1412731542.08
12.0249272295 1412731542.61
12.0476801148 1412731543.16
12.0294967301 1412731543.7
12.0359329669 1412731544.22
11.9689069967 1412731544.79
12.0052757304 1412731545.35
11.5046677612 1412731545.9
10.5435594657 1412731546.47
11.0911618363 1412731547.01
12.7288156296 1412731547.58
10.5286303822 1412731548.11
11.2223772127 1412731548.64
10.6206545194 1412731549.19
11.1200181075 1412731549.72
10.7263576608 1412731550.26
11.1861851309 1412731550.79
10.9109941522 1412731551.31
11.2819762474 1412731551.87
10.8609939257 1412731552.39
11.2473673548 1412731552.91
10.9444614008 1412731553.45
11.3799631471 1412731554.04
11.0311788855 1412731554.58
11.4024085756 1412731555.1
10.9617997368 1412731555.64
10.5419428818 1412731556.15
11.1700218694 1412731556.68
10.6468548336 1412731557.22
10.0479566345 1412731557.76
9.81149418169 1412731558.31
10.0941081944 1412731558.88
9.53572030442 1412731559.42
10.0334220234 1412731559.99
10.8253042179 1412731560.51
9.97966513185 1412731561.08
10.5115381565 1412731561.62
10.038661572 1412731562.15
10.442016826 1412731562.67
10.6463243738 1412731563.21
10.333535848 1412731563.76
10.2323417943 1412731564.29
10.3700838863 1412731564.82
10.1922707766 1412731565.37
10.0843861342 1412731565.89
9.88561067358 1412731566.42
10.1357291321 1412731566.94
9.68178774937 1412731567.48
9.84498398373 1412731568.02
9.62277668709 1412731568.56
9.69971691056 1412731569.1
9.57815157049 1412731569.63
9.53233009801 1412731570.17
9.42558881386 1412731570.71
9.32171420313 1412731571.24
9.14396059015 1412731571.78
8.92971550667 1412731572.29
8.9220216467 1412731572.84
8.76649468657 1412731573.36
8.60361484878 1412731573.91
8.46363233602 1412731574.44
8.27043226755 1412731574.99
8.1375534713 1412731575.54
8.01377928495 1412731576.11
7.86949605216 1412731576.65
7.70098688216 1412731577.2
7.58906976816 1412731577.74
7.48037201677 1412731578.28
7.17288950499 1412731578.83
7.14515740439 1412731579.37
7.06875956065 1412731579.91
6.91880204612 1412731580.48
6.79125067604 1412731581.06
6.72638570171 1412731581.6
6.5967732686 1412731582.14
6.58173164607 1412731582.69
6.39203773957 1412731583.23
6.27601016186 1412731583.79
6.18740759654 1412731584.36
5.94605331964 1412731584.9
5.87313440264 1412731585.42
5.83158371495 1412731585.96
5.61188117514 1412731586.5
5.42487222083 1412731587.03
5.35937590795 1412731587.56
5.26409147692 1412731588.1
5.13257071704 1412731588.62
5.07140577478 1412731589.17
4.98482787963 1412731589.69
4.92380488847 1412731590.2
4.82516728597 1412731590.74
4.82850784881 1412731591.28
4.80191310585 1412731591.84
4.75782216328 1412731592.38
4.67662419741 1412731592.93
4.59920832565 1412731593.5
4.56128483836 1412731594.06
4.51361244032 1412731594.6
4.46271751946 1412731595.14
4.41237819202 1412731595.69
4.34596238028 1412731596.26
4.29195878879 1412731596.84
4.23526259755 1412731597.38
4.19016379783 1412731597.9
4.13821218922 1412731598.48
4.12650633284 1412731599.05
4.10562278858 1412731599.64
4.08857949279 1412731600.21
4.0956238051 1412731600.76
3.97357637476 1412731601.32
3.96800487971 1412731601.83
3.92615204106 1412731602.42
3.91614812583 1412731602.96
3.90848398004 1412731603.51
3.91475877981 1412731604.06
3.91379049115 1412731604.6
3.89728571263 1412731605.13
3.92044019884 1412731605.65
3.87457243119 1412731606.17
3.86739810884 1412731606.7
3.86349937363 1412731607.24
3.86577245802 1412731607.76
3.80724644694 1412731608.28
3.83650395337 1412731608.79
3.84698060834 1412731609.33
3.8678895635 1412731609.86
3.85905330562 1412731610.4
3.8897248382 1412731610.92
3.89584933103 1412731611.41
3.89237730074 1412731611.96
3.76749513596 1412731612.47
3.78214983004 1412731613.0
3.75720647509 1412731613.52
3.76330049921 1412731614.03
3.76743133892 1412731614.56
3.7726090694 1412731615.08
3.75969953573 1412731615.61
3.74804955503 1412731616.13
3.71981870511 1412731616.66
3.67248286506 1412731617.2
3.6795088858 1412731617.76
3.72253598974 1412731618.29
3.72731852876 1412731618.84
3.47551527075 1412731619.38
3.75035518614 1412731619.94
3.78648814701 1412731620.5
3.79172733463 1412731621.08
3.78683877512 1412731621.65
3.80094955395 1412731622.22
3.88615475443 1412731622.79
3.86086911392 1412731623.34
3.86624020952 1412731623.92
3.8881778313 1412731624.47
3.96932691164 1412731625.02
3.9749542049 1412731625.57
4.01287153699 1412731626.11
3.99226335944 1412731626.65
3.99028741309 1412731627.22
3.97927189328 1412731627.79
3.91039788963 1412731628.34
3.90426159323 1412731628.89
3.92477350308 1412731629.43
3.91007874402 1412731629.99
3.9232404655 1412731630.5
3.92276735164 1412731631.06
3.89659647735 1412731631.58
3.81921180819 1412731632.12
3.82733064551 1412731632.67
3.81265324149 1412731633.23
3.8174105462 1412731633.79
3.94929603001 1412731634.37
3.95638259077 1412731634.94
3.96205274247 1412731635.52
3.99231601152 1412731636.08
4.02350361865 1412731636.64
4.02443403427 1412731637.19
4.03620264372 1412731637.75
4.03990726832 1412731638.29
