14.3724205081 1412723382.69
14.2807431953 1412723382.94
14.2659394285 1412723383.23
14.3739272162 1412723383.5
14.6126061229 1412723383.81
14.5962020555 1412723384.06
14.7958776845 1412723384.31
14.8598448301 1412723384.61
15.0398331066 1412723384.87
15.3792023079 1412723385.12
15.6357404104 1412723385.42
15.830055263 1412723385.67
15.8464797128 1412723385.93
15.990681427 1412723386.22
16.0635259526 1412723386.47
16.0501100395 1412723386.74
16.3062405858 1412723387.01
16.3035999399 1412723387.27
16.252549132 1412723387.54
16.0883053233 1412723387.82
15.9359278213 1412723388.11
15.9307662168 1412723388.41
15.7675901699 1412723388.73
15.1274743343 1412723389.02
15.1218041811 1412723389.33
15.1434172101 1412723389.62
15.089316723 1412723389.92
15.0143831723 1412723390.2
14.922328092 1412723390.51
14.442886132 1412723390.79
14.0137852988 1412723391.07
13.8350355499 1412723391.34
13.888578921 1412723391.6
13.4723053168 1412723391.89
13.3843202327 1412723392.18
13.0289889231 1412723392.5
12.8515925902 1412723392.78
12.8742915939 1412723393.05
12.7584364733 1412723393.34
12.6015785516 1412723393.61
12.2950775692 1412723393.9
12.2756344096 1412723394.17
12.1647797733 1412723394.44
11.736743187 1412723394.72
11.7376818313 1412723394.97
11.131110591 1412723395.24
11.059230358 1412723395.55
10.6740725546 1412723395.81
10.7085547126 1412723396.07
10.2244222151 1412723396.32
10.0818359067 1412723396.58
9.61433901605 1412723396.83
9.42367082073 1412723397.1
9.21545006189 1412723397.35
9.15710916842 1412723397.63
8.81315050726 1412723397.89
8.64007898018 1412723398.17
8.41205476303 1412723398.46
8.23892823513 1412723398.73
8.17220382947 1412723398.99
7.7467817885 1412723399.25
7.70563557465 1412723399.5
7.58476873436 1412723399.76
7.5147504454 1412723400.04
7.49007420733 1412723400.33
7.30302249004 1412723400.6
7.28361143825 1412723400.88
7.27797259724 1412723401.14
7.36340355144 1412723401.44
7.33569639784 1412723401.7
7.28799639777 1412723401.98
7.37720070728 1412723402.27
7.38624656003 1412723402.58
7.40897099789 1412723402.86
7.30888499384 1412723403.14
7.32330937067 1412723403.41
7.20897715061 1412723403.68
7.20897270557 1412723403.96
7.16873042421 1412723404.23
7.04055420319 1412723404.51
6.98731800476 1412723404.8
6.96828780204 1412723405.09
6.8127847736 1412723405.43
6.79773217833 1412723405.76
6.92805096176 1412723406.09
6.86466664809 1412723406.41
6.85182159175 1412723406.74
6.78317050248 1412723407.02
6.85893669846 1412723407.29
6.78214151566 1412723407.56
6.74496877404 1412723407.84
6.66012308866 1412723408.11
6.68335318523 1412723408.39
6.48208630524 1412723408.67
6.55450608832 1412723408.93
6.38389847482 1412723409.21
6.28664380388 1412723409.52
6.25707909372 1412723409.81
6.22142364218 1412723410.08
6.20361347443 1412723410.38
6.14348207071 1412723410.66
6.13229598256 1412723410.95
6.09730708247 1412723411.24
6.14909140525 1412723411.53
6.16548089569 1412723411.82
6.16868316816 1412723412.1
6.1762589433 1412723412.4
6.10999811414 1412723412.69
6.16128437491 1412723412.97
6.09900160767 1412723413.26
6.08707550689 1412723413.57
6.14131482072 1412723413.86
6.08066703383 1412723414.17
6.15980279613 1412723414.45
6.1312193541 1412723414.75
6.14324210119 1412723415.02
6.10507728611 1412723415.29
6.04811065664 1412723415.57
6.05090112737 1412723415.84
6.03448774874 1412723416.11
6.01836567152 1412723416.38
6.05765123395 1412723416.7
6.03270265556 1412723417.0
5.99005805374 1412723417.27
5.97383638793 1412723417.56
6.05435044873 1412723417.85
5.92354793782 1412723418.15
5.9230321041 1412723418.42
5.99476317448 1412723418.7
6.01419542757 1412723418.98
5.94089291342 1412723419.24
5.94306916187 1412723419.53
5.88838300392 1412723419.83
5.76146391101 1412723420.12
5.80144118474 1412723420.41
5.78404292186 1412723420.69
5.69725808228 1412723421.01
5.69611910258 1412723421.32
5.68133570906 1412723421.6
5.69413787399 1412723421.9
5.75081596621 1412723422.18
5.6804736393 1412723422.45
5.73679672032 1412723422.77
5.73349773044 1412723423.04
5.61168644806 1412723423.32
5.61029768105 1412723423.59
5.51725000668 1412723423.89
5.5010081086 1412723424.21
5.37488713433 1412723424.53
5.36076094477 1412723424.83
5.27409340866 1412723425.13
5.26242817475 1412723425.44
5.1908313133 1412723425.71
5.1579326146 1412723426.03
5.15117659994 1412723426.34
5.23208116686 1412723426.63
5.22055419597 1412723426.95
5.24238225253 1412723427.24
5.2117139672 1412723427.56
5.20030734038 1412723427.85
5.15439366448 1412723428.12
5.18762280376 1412723428.39
5.19179065298 1412723428.71
5.18507692098 1412723429.02
5.03788250035 1412723429.31
5.03248973946 1412723429.62
5.04933424913 1412723429.89
4.99752459759 1412723430.22
4.94421682718 1412723430.54
5.03696260849 1412723430.85
5.05655028994 1412723431.14
5.06460565045 1412723431.47
5.10280974123 1412723431.78
5.10412220894 1412723432.08
5.10416088518 1412723432.37
5.07986863263 1412723432.64
5.14304606316 1412723432.94
5.16628437119 1412723433.25
5.08439310275 1412723433.53
5.09423264265 1412723433.82
5.095584787 1412723434.12
5.09083991187 1412723434.4
5.07215260696 1412723434.78
5.07702155326 1412723435.07
5.08885165693 1412723435.45
5.07000860279 1412723435.77
5.07193868373 1412723436.1
5.01764607343 1412723436.39
5.06219900812 1412723436.7
5.11796637308 1412723437.02
5.06263998304 1412723437.31
5.10731181326 1412723437.62
5.10927690241 1412723437.92
4.97675325326 1412723438.23
5.07061659853 1412723438.51
5.08228045895 1412723438.82
4.97507205616 1412723439.16
5.05316469041 1412723439.47
5.00498398397 1412723439.78
5.08927783372 1412723440.08
