16.9332323731 1412734590.37
16.8411626613 1412734591.4
16.4348894567 1412734592.46
16.4958110618 1412734593.58
16.2853471438 1412734594.67
15.974984262 1412734595.78
15.9235760655 1412734596.9
15.904383645 1412734598.02
15.585246693 1412734599.12
15.7073393173 1412734600.23
15.4914989952 1412734601.32
15.0091766151 1412734602.42
14.6805226842 1412734603.53
14.8520757489 1412734604.61
14.7818064627 1412734605.73
14.6455286112 1412734606.85
14.4752626528 1412734607.95
14.1917949013 1412734609.02
14.0820571634 1412734610.13
14.068902462 1412734611.19
13.8870062191 1412734612.28
13.9235095023 1412734613.33
13.8273186551 1412734614.47
13.7578457229 1412734615.59
13.8019801296 1412734616.64
13.7660555207 1412734617.73
13.78949264 1412734618.87
13.7558145993 1412734619.98
13.8790136811 1412734621.09
13.7408570222 1412734622.19
13.7266532589 1412734623.27
13.858591575 1412734624.38
13.8526495907 1412734625.48
13.8787106211 1412734626.56
13.8330086232 1412734627.62
13.805145016 1412734628.73
13.858974858 1412734629.83
13.7886184854 1412734630.95
13.8234550531 1412734632.07
13.8358944005 1412734633.13
13.7217771518 1412734634.19
13.6474362246 1412734635.32
13.687874212 1412734636.44
13.6676902664 1412734637.6
13.6700810336 1412734638.67
13.7901475359 1412734639.77
13.5423394641 1412734640.89
13.5634127039 1412734642.01
13.6594518205 1412734643.15
13.6093635393 1412734644.31
13.5326049415 1412734645.45
13.6132743862 1412734646.56
13.3713255721 1412734647.69
13.5841253079 1412734648.85
13.4676212337 1412734650.04
13.4173399897 1412734651.18
13.2849557415 1412734652.34
13.4213773808 1412734653.52
13.3772528725 1412734654.67
13.4667689514 1412734655.82
13.6018741644 1412734656.92
13.5564296955 1412734658.06
13.4400818113 1412734659.25
13.5048621557 1412734660.44
13.6040174016 1412734661.6
13.6818361122 1412734662.75
13.651308107 1412734663.89
13.7752443625 1412734665.05
13.8359231166 1412734666.21
13.898831228 1412734667.36
13.9079223726 1412734668.51
13.8321502965 1412734669.73
13.9824787316 1412734670.9
14.0792956816 1412734672.06
14.0705903466 1412734673.23
14.1501199571 1412734674.45
14.1363842631 1412734675.6
14.1566858574 1412734676.82
14.1862630565 1412734677.99
14.2038863927 1412734679.19
14.5725742435 1412734680.34
14.4971502299 1412734681.51
14.5440304572 1412734682.7
14.5437147321 1412734683.88
14.6264205666 1412734685.04
14.7376879973 1412734686.19
14.7403808543 1412734687.38
14.741429724 1412734688.57
14.7735018535 1412734689.73
14.9917567899 1412734690.89
15.0889091443 1412734692.07
15.1210831436 1412734693.26
15.088356831 1412734694.43
14.9291121044 1412734695.66
15.1697480965 1412734696.82
15.3826174287 1412734698.01
15.2353363732 1412734699.17
15.4093062954 1412734700.32
15.2492476484 1412734701.52
15.1060586637 1412734702.71
15.1914546627 1412734703.93
15.2764769663 1412734705.1
15.4604936212 1412734706.26
15.5139728469 1412734707.46
15.4893384391 1412734708.67
15.5882907039 1412734709.87
15.5363491492 1412734711.15
15.5245552063 1412734712.36
15.5948533352 1412734713.6
15.6749710488 1412734714.86
15.7490616857 1412734716.12
15.7865423948 1412734717.36
15.8599961421 1412734718.6
15.9080891212 1412734719.89
16.0153935658 1412734721.17
16.118966662 1412734722.44
16.4537042193 1412734723.69
16.5105188935 1412734724.89
16.6837426534 1412734726.21
16.8365782805 1412734727.45
16.9132018553 1412734728.7
16.9624142204 1412734729.93
16.9921567282 1412734731.15
17.0825544516 1412734732.41
17.1381827913 1412734733.65
17.1031818353 1412734734.93
17.2628149417 1412734736.2
17.5031019881 1412734737.5
17.640140412 1412734738.78
17.5931969541 1412734740.05
17.6487403456 1412734741.32
17.717407721 1412734742.58
17.8704343485 1412734743.83
17.9226551045 1412734745.07
17.9596732487 1412734746.35
17.9772207097 1412734747.67
18.0851582627 1412734748.95
18.1797780893 1412734750.17
18.290641425 1412734751.42
18.2926878973 1412734752.68
18.3288887223 1412734753.9
18.2501549889 1412734755.12
18.3365843216 1412734756.43
18.4396004756 1412734757.75
18.4890787764 1412734758.96
18.5326532761 1412734760.22
18.5834351027 1412734761.51
18.7137952403 1412734762.83
18.8221160326 1412734764.12
18.9632719648 1412734765.42
19.1463826074 1412734766.73
19.184677004 1412734768.02
19.2762416212 1412734769.31
19.2814975084 1412734770.67
19.1246725052 1412734772.03
18.628510659 1412734773.4
18.6632046663 1412734774.85
18.8223125692 1412734776.21
18.8629375949 1412734777.62
18.8083091655 1412734779.11
18.7419130467 1412734780.99
18.7695498865 1412734782.9
18.8410152302 1412734784.89
18.845738447 1412734786.83
18.8694725623 1412734788.68
18.8913380991 1412734790.63
18.8944488276 1412734792.56
18.8699606124 1412734794.44
18.8890883028 1412734796.35
18.903342856 1412734798.18
18.9664314393 1412734800.01
18.899682244 1412734801.79
18.9419632156 1412734803.61
18.9662852188 1412734805.49
18.9297011961 1412734807.39
18.9139310887 1412734809.29
18.9271547915 1412734811.17
18.8989585109 1412734813.05
18.9108710761 1412734814.98
18.8804424994 1412734816.9
18.8902871729 1412734818.87
18.8997133572 1412734820.84
18.8991250879 1412734822.74
18.9077595097 1412734824.74
18.9345634591 1412734826.67
18.9609185265 1412734828.62
18.9510080904 1412734830.56
18.9589179293 1412734832.61
19.4203758278 1412734834.44
19.4177987823 1412734836.38
19.3958663414 1412734838.28
19.3938287161 1412734840.23
19.3917452815 1412734842.12
19.3973317115 1412734844.3
19.3948729317 1412734846.21
19.3923410148 1412734848.12
19.3898468109 1412734849.98
19.3945965495 1412734851.83
19.3916597365 1412734853.64
19.4012219649 1412734855.48
