8.06087197361 1412738139.67
8.14037312144 1412738140.73
8.2206785595 1412738141.8
8.25135953816 1412738142.82
8.13457346204 1412738143.83
8.05299907709 1412738144.82
7.91888702775 1412738145.79
7.80832966453 1412738146.76
7.79361466043 1412738147.81
7.61588163139 1412738148.78
7.54463066895 1412738149.75
7.48998852433 1412738150.76
7.51210696844 1412738151.73
7.51127836721 1412738152.69
7.5661752395 1412738153.66
7.80622562252 1412738154.65
7.73923398156 1412738155.66
7.73206977477 1412738156.63
7.84279247445 1412738157.58
7.97711674528 1412738158.53
8.09322550877 1412738159.52
8.25921694866 1412738160.5
8.45762003825 1412738161.5
8.60144132718 1412738162.49
8.55687001999 1412738163.49
8.57870086982 1412738164.47
8.64367231256 1412738165.47
8.65482421296 1412738166.45
8.63573244656 1412738167.45
8.47477975003 1412738168.44
8.53649370237 1412738169.43
8.6108391482 1412738170.39
8.63008857371 1412738171.4
8.682308767 1412738172.41
8.62307451222 1412738173.43
8.63076549626 1412738174.44
8.63314122324 1412738175.43
8.60205387635 1412738176.39
8.5964340504 1412738177.4
8.5698877195 1412738178.39
8.52314371708 1412738179.33
8.46761546461 1412738180.34
8.45704141771 1412738181.34
8.44079052561 1412738182.33
8.38493308478 1412738183.3
8.25189116495 1412738184.28
8.13438727691 1412738185.24
8.05172990455 1412738186.22
7.99686779406 1412738187.18
7.94894803834 1412738188.2
7.97675603356 1412738189.14
7.98092086023 1412738190.12
7.88024158617 1412738191.09
7.91969760035 1412738192.06
7.85751154333 1412738193.02
7.85750632964 1412738193.97
7.82396074682 1412738194.97
7.75334356623 1412738195.97
7.6074523983 1412738196.99
7.5294149553 1412738197.97
7.49854359815 1412738198.93
7.50296097768 1412738199.9
7.43766183165 1412738200.84
7.33461766283 1412738201.84
7.39766409861 1412738202.8
7.29194589149 1412738203.79
7.29599277764 1412738204.76
7.28808960631 1412738205.72
7.24069827965 1412738206.71
7.19662706379 1412738207.7
7.03956469009 1412738208.68
7.05898352559 1412738209.65
7.08130784699 1412738210.59
7.07663241836 1412738211.59
7.06285049767 1412738212.56
6.98451535447 1412738213.53
6.79851918805 1412738214.53
6.81824296544 1412738215.49
6.85147417756 1412738216.48
6.86173319474 1412738217.46
6.88435446885 1412738218.47
6.98211976664 1412738219.44
6.85060797631 1412738220.4
6.83317177167 1412738221.4
6.75390388583 1412738222.39
6.72508306824 1412738223.37
6.69970382179 1412738224.32
6.62121282526 1412738225.32
6.58037582392 1412738226.3
6.55798434314 1412738227.21
6.49963524177 1412738228.2
6.53350626365 1412738229.15
6.54368127238 1412738230.12
6.48435606877 1412738231.09
6.43786172542 1412738232.04
6.37144885511 1412738233.02
6.3093455314 1412738233.97
6.31846166147 1412738234.93
6.22740683636 1412738235.89
6.21316419415 1412738236.86
6.1266336078 1412738237.87
6.14739359695 1412738238.83
6.14374317125 1412738239.82
6.18373520618 1412738240.84
6.2029303424 1412738241.83
6.05263077242 1412738242.83
6.0370956155 1412738243.77
6.15304262329 1412738244.71
6.25922585 1412738245.73
6.27893132013 1412738246.74
6.29557814066 1412738247.76
6.20837531775 1412738248.8
6.22752995587 1412738249.83
6.24152246271 1412738250.86
6.21160364354 1412738251.85
6.10785802969 1412738252.84
6.18381406277 1412738253.82
6.24866248659 1412738254.83
6.09228507448 1412738255.85
6.1555414981 1412738256.88
6.09862414807 1412738257.95
6.08111124693 1412738258.97
6.10289579116 1412738260.0
6.03955266719 1412738261.01
6.03079829658 1412738262.04
6.05474996327 1412738263.05
6.05253034805 1412738264.06
6.11022495124 1412738265.03
6.05173797666 1412738266.06
6.04110452791 1412738267.03
6.16843774106 1412738267.99
6.02546295019 1412738269.04
6.00513471342 1412738270.08
5.86846509735 1412738271.09
5.91461357302 1412738272.1
5.9359601458 1412738273.08
5.95413131744 1412738274.13
5.92938628433 1412738275.21
5.878472218 1412738276.28
5.86359015407 1412738277.24
5.96805787795 1412738278.26
5.94784746573 1412738279.23
5.93049841963 1412738280.24
5.91412033987 1412738281.25
5.91845474316 1412738282.27
6.01502881751 1412738283.26
5.98746091435 1412738284.22
5.86776081308 1412738285.21
5.90948233027 1412738286.21
5.81408215854 1412738287.17
5.84696682411 1412738288.17
5.87735244813 1412738289.16
5.87950608937 1412738290.12
5.76871670787 1412738291.1
5.80995522642 1412738292.06
5.82913210774 1412738293.04
5.83832635996 1412738293.99
5.82727745886 1412738294.96
5.8611280834 1412738295.92
5.87051556102 1412738296.86
5.86958642457 1412738297.86
5.87110541456 1412738298.84
5.60518728998 1412738299.78
5.64093949243 1412738300.76
5.65165423567 1412738301.73
5.5853189711 1412738302.74
5.57056813972 1412738303.7
5.57460441165 1412738304.7
5.58239680898 1412738305.67
5.59204503866 1412738306.68
5.62662139637 1412738307.66
5.63405470607 1412738308.68
5.65090240469 1412738309.71
5.65681707773 1412738310.72
5.66462417549 1412738311.69
5.65987633857 1412738312.75
5.52032870876 1412738313.78
5.53679869989 1412738314.78
5.68723844247 1412738315.8
5.58481530941 1412738316.82
5.60765124914 1412738317.83
5.60255380248 1412738318.83
5.41775620332 1412738319.81
5.41806762715 1412738320.87
5.43085452644 1412738321.87
5.42445645488 1412738322.89
5.42195122011 1412738323.91
5.40680607132 1412738324.9
5.40439775179 1412738325.91
5.40572041984 1412738326.92
5.42020898883 1412738327.94
5.43469334642 1412738328.89
5.43240027886 1412738329.89
5.42949140799 1412738330.86
5.42274021223 1412738331.85
5.41988460486 1412738332.84
5.42290761406 1412738333.84
5.41646372647 1412738334.85
5.41506165796 1412738335.87
5.4278453825 1412738336.91
