19.1521839399 1412722226.93
18.6274449598 1412722227.04
18.2853427389 1412722227.18
17.7410986868 1412722227.37
18.5070758713 1412722227.47
17.6926332133 1412722227.59
18.1567860947 1412722227.72
17.3230311241 1412722227.82
17.0502558332 1412722227.92
16.2084019458 1412722228.05
16.7902777394 1412722228.17
15.9346563729 1412722228.32
16.0801323978 1412722228.42
15.2414834638 1412722228.57
16.0738221716 1412722228.71
15.2996599129 1412722228.89
14.9235611412 1412722229.01
14.5639973088 1412722229.13
14.4657235006 1412722229.24
14.1807206646 1412722229.38
14.3928399465 1412722229.5
14.0148559964 1412722229.61
13.7107154527 1412722229.72
13.3554997163 1412722229.83
12.8908777234 1412722229.93
12.8018526726 1412722230.03
12.4293923355 1412722230.18
12.13290341 1412722230.34
12.2137401134 1412722230.53
11.7430090631 1412722230.66
11.6999111188 1412722230.77
11.7148552508 1412722230.88
11.9871879663 1412722230.99
11.889015713 1412722231.1
11.8036811272 1412722231.21
11.5040873975 1412722231.37
11.4204796288 1412722231.49
11.7095121049 1412722231.57
11.3340806394 1412722231.67
11.0850536359 1412722231.76
11.019093105 1412722231.85
10.7785704697 1412722231.97
11.0002571365 1412722232.06
10.8781391265 1412722232.15
10.7504552109 1412722232.25
10.9369410405 1412722232.34
10.646214741 1412722232.47
10.5843774064 1412722232.62
11.032627742 1412722232.74
10.6635913109 1412722232.83
10.7030502199 1412722232.96
10.6592688767 1412722233.12
10.3084077676 1412722233.21
10.4067473714 1412722233.32
10.3987481425 1412722233.46
10.521477536 1412722233.58
10.5164251696 1412722233.69
10.5448499238 1412722233.8
10.4020135133 1412722233.99
10.3770113277 1412722234.1
10.3245086771 1412722234.2
10.2613408485 1412722234.29
10.1274452501 1412722234.4
10.4928344438 1412722234.5
10.4796650586 1412722234.62
10.1087937018 1412722234.73
10.0241294441 1412722234.83
10.0007407316 1412722234.94
9.88901112949 1412722235.06
9.84225455134 1412722235.15
9.68564575378 1412722235.26
9.7694670505 1412722235.38
10.4993834033 1412722235.5
10.424030727 1412722235.63
10.4120105756 1412722235.74
10.3044097277 1412722235.85
10.2182493308 1412722235.96
10.0738405119 1412722236.06
9.96204874275 1412722236.21
9.92438527996 1412722236.46
10.2466558144 1412722236.61
10.3921328993 1412722236.8
10.4836988196 1412722237.12
10.1372621248 1412722237.33
10.1683575477 1412722237.5
10.1216640789 1412722237.66
10.1902854527 1412722237.92
10.1262561774 1412722238.08
9.94891701627 1412722238.23
9.49311896761 1412722238.37
10.1835155154 1412722238.51
10.2061201933 1412722238.74
9.75965155002 1412722238.96
9.76679020154 1412722239.08
9.77432572728 1412722239.27
9.61382315396 1412722239.45
9.53425954539 1412722239.58
9.64923874144 1412722239.7
10.1116407757 1412722239.84
10.1188699565 1412722239.97
10.1894628383 1412722240.1
10.1258330173 1412722240.23
9.49171600739 1412722240.41
9.73877001442 1412722240.54
9.73153154626 1412722240.65
9.72426707337 1412722240.78
9.52384828208 1412722240.88
9.53101825786 1412722241.02
9.52101179708 1412722241.29
9.51111551226 1412722241.5
9.50129015151 1412722241.68
9.27581737807 1412722241.96
9.50625981076 1412722242.36
9.5743825253 1412722242.61
9.45930757006 1412722242.82
9.30269058088 1412722243.0
8.67800814666 1412722243.14
8.6617117722 1412722243.28
8.52025074753 1412722243.41
8.51647031678 1412722243.53
8.51770940392 1412722243.66
8.78996101959 1412722243.8
8.79040644295 1412722243.94
8.73775762244 1412722244.06
8.7413317482 1412722244.19
8.63275190046 1412722244.3
8.55617869485 1412722244.44
8.56685286008 1412722244.56
8.29836445276 1412722244.67
8.26228944574 1412722244.8
8.11297373936 1412722244.93
8.05136325904 1412722245.05
8.14790767304 1412722245.16
8.08714682158 1412722245.27
8.08467131576 1412722245.42
8.08211765293 1412722245.54
8.09563714432 1412722245.66
7.74659402056 1412722245.78
7.75094841958 1412722245.89
7.80319618068 1412722246.02
7.87348036396 1412722246.16
8.54206146282 1412722246.29
8.54357513221 1412722246.43
8.37744187407 1412722246.55
8.37497080618 1412722246.67
8.37246997882 1412722246.81
8.21452180871 1412722246.95
8.2103370846 1412722247.09
8.19861065984 1412722247.22
8.19763608297 1412722247.34
7.95236820495 1412722247.44
7.94471563001 1412722247.55
7.94751418428 1412722247.72
8.34995830554 1412722247.96
8.22849410852 1412722248.14
8.22239118413 1412722248.34
8.15115827653 1412722248.59
8.23351976972 1412722248.8
8.04157658672 1412722248.95
8.05400257431 1412722249.08
7.43994838091 1412722249.23
7.43289357415 1412722249.35
7.4436539783 1412722249.47
7.41524222785 1412722249.62
7.41872837696 1412722249.76
7.13352837575 1412722249.88
7.49426202198 1412722250.01
7.32755659356 1412722250.14
6.52211314624 1412722250.27
6.53706847467 1412722250.4
6.55333171617 1412722250.53
6.7098250787 1412722250.66
6.86545075744 1412722250.81
6.86500603997 1412722250.93
6.86509493879 1412722251.05
6.81771488811 1412722251.16
6.77127658139 1412722251.29
6.80141173062 1412722251.41
6.7479248505 1412722251.53
6.37003845259 1412722251.74
6.33556416037 1412722251.99
6.68237762072 1412722252.17
6.73435431852 1412722252.42
6.83324841033 1412722252.65
6.84883948359 1412722252.84
6.86534500895 1412722253.03
6.88275377574 1412722253.21
6.83160868547 1412722253.48
6.93449581657 1412722253.67
6.95272960296 1412722253.88
7.0750479025 1412722254.11
6.89319421818 1412722254.3
7.01484163025 1412722254.52
7.16627403887 1412722254.69
7.18405714821 1412722254.84
7.29751021891 1412722254.95
7.23127337978 1412722255.09
7.2109201476 1412722255.22
7.18937494777 1412722255.35
7.16433266957 1412722255.54
