12.4284778954 1412755217.39
12.2807491999 1412755218.8
12.0378266282 1412755220.2
11.5595617822 1412755221.54
11.0152942583 1412755222.96
10.8943828141 1412755224.33
10.9612126046 1412755225.72
11.0953694943 1412755227.09
10.8233499155 1412755228.49
10.5931488367 1412755229.82
10.7464679687 1412755231.2
10.86737064 1412755232.56
10.7598573597 1412755233.94
10.8247362487 1412755235.29
10.9537293869 1412755236.64
10.689468116 1412755238.0
10.6474849115 1412755239.38
10.6553541577 1412755240.75
10.636769623 1412755242.1
10.6071223075 1412755243.45
10.3268012227 1412755244.81
10.2443928932 1412755246.14
10.1321213953 1412755247.54
9.97619654003 1412755248.91
9.55251286418 1412755250.26
9.36109526877 1412755251.59
9.26062231373 1412755252.94
8.94722745697 1412755254.3
8.57288798584 1412755255.68
8.4197903479 1412755257.01
8.0190882074 1412755258.34
7.88228144054 1412755259.71
7.66164136304 1412755261.09
7.57593763727 1412755262.43
7.58128787553 1412755263.76
7.58967168349 1412755265.15
7.53102409461 1412755266.49
7.38808014825 1412755267.85
7.3862054186 1412755269.19
7.19995370311 1412755270.58
7.16702785263 1412755271.9
6.94629878714 1412755273.22
6.82814197166 1412755274.49
6.53534422869 1412755275.82
6.52001252172 1412755277.17
6.37317466602 1412755278.45
6.22474589631 1412755279.79
6.31009281489 1412755281.14
6.25115553289 1412755282.45
6.15560327149 1412755283.72
6.07621401131 1412755285.0
6.17457711135 1412755286.35
5.99422234539 1412755287.69
6.06342923666 1412755288.97
5.9863853002 1412755290.26
5.64407123619 1412755291.53
5.72857238568 1412755292.84
5.7109709265 1412755294.14
5.55349746684 1412755295.42
5.60548778984 1412755296.71
5.52362526358 1412755298.02
5.40627749061 1412755299.31
5.49341705781 1412755300.58
5.32385881519 1412755301.84
5.24787877284 1412755303.18
5.24900911807 1412755304.46
5.24923717617 1412755305.77
5.12879247581 1412755307.08
5.19526262395 1412755308.36
5.18723887221 1412755309.64
5.06466124838 1412755310.92
5.02528969566 1412755312.19
5.12315536935 1412755313.46
5.09803871415 1412755314.77
5.13859293887 1412755316.05
5.08774714585 1412755317.34
5.06913345427 1412755318.64
4.97324154179 1412755319.95
4.88007472473 1412755321.22
4.92070131146 1412755322.54
4.81591407937 1412755323.85
4.76890916531 1412755325.18
4.70534657825 1412755326.47
4.65602740417 1412755327.75
4.60573545859 1412755329.04
4.60544602342 1412755330.34
4.5032334118 1412755331.66
4.4397560451 1412755332.95
4.33939792994 1412755334.2
4.30059877476 1412755335.51
4.35111636482 1412755336.8
4.28693947975 1412755338.1
4.16955945521 1412755339.36
4.15971355637 1412755340.63
4.17409472658 1412755341.92
4.2029623137 1412755343.21
4.25196863794 1412755344.5
4.18157049129 1412755345.79
4.15291544707 1412755347.1
4.19293755588 1412755348.38
4.22487292309 1412755349.71
4.18179317326 1412755351.02
4.13995815516 1412755352.32
4.18881515126 1412755353.6
4.21078932212 1412755354.86
4.12462376584 1412755356.16
4.19358492971 1412755357.44
4.21186365015 1412755358.78
4.1772310702 1412755360.1
4.1908804001 1412755361.43
4.11483718723 1412755362.7
4.16958972968 1412755364.0
4.13619607171 1412755365.29
4.09139530879 1412755366.58
4.10270743457 1412755367.9
4.07182214185 1412755369.2
4.07003755764 1412755370.5
4.08680671592 1412755371.83
4.06794263748 1412755373.13
4.00132253016 1412755374.45
3.95232867233 1412755375.75
3.95713152908 1412755377.05
3.95071624887 1412755378.37
3.96000693384 1412755379.67
3.96635053346 1412755380.96
3.95362159759 1412755382.33
3.94823762029 1412755383.66
3.96594756397 1412755384.97
3.91248705915 1412755386.33
3.91370924852 1412755387.61
3.882206822 1412755388.93
3.88121885745 1412755390.25
3.91144664461 1412755391.57
3.90722725374 1412755392.91
3.91527067743 1412755394.21
3.89976691065 1412755395.52
3.85717643213 1412755396.87
3.82565772792 1412755398.24
3.7904623195 1412755399.62
3.79211133662 1412755400.96
3.80937939471 1412755402.28
3.83991014148 1412755403.62
3.78590387936 1412755404.91
3.79530501205 1412755406.24
3.80316080889 1412755407.58
3.81265609199 1412755408.94
3.78102880005 1412755410.28
3.7907535752 1412755411.66
3.78573734033 1412755413.01
3.76322936545 1412755414.34
3.74567343838 1412755415.71
3.76869366649 1412755417.02
3.79012687334 1412755418.38
3.78158731289 1412755419.77
3.76590529143 1412755421.07
3.7425289929 1412755422.41
3.75819951327 1412755423.73
3.75985995962 1412755425.1
3.75996041509 1412755426.45
3.64807614976 1412755427.79
3.67142294968 1412755429.15
3.67704944892 1412755430.49
3.69763708525 1412755431.84
3.67627474327 1412755433.17
3.68451008402 1412755434.54
3.67365296468 1412755435.88
3.64904125095 1412755437.24
3.62401809946 1412755438.56
3.62919729308 1412755439.89
3.60263686276 1412755441.22
3.57932907026 1412755442.57
3.57070313995 1412755443.9
3.57299493443 1412755445.25
3.56431652939 1412755446.57
3.58928715317 1412755447.96
3.59958706582 1412755449.3
3.60139111548 1412755450.68
3.56280857445 1412755452.05
3.56978931743 1412755453.41
3.56092191816 1412755454.75
3.56399881222 1412755456.11
3.50201438208 1412755457.44
3.50176004034 1412755458.83
3.48601863512 1412755460.19
3.49845717415 1412755461.56
3.43703436451 1412755462.92
3.41444037702 1412755464.29
3.41472014864 1412755465.69
3.42995133061 1412755467.03
3.41303636361 1412755468.37
3.42515176826 1412755469.69
3.44382322234 1412755471.03
3.43538737828 1412755472.38
3.48408863543 1412755473.73
3.47358072878 1412755475.11
3.51304217947 1412755476.46
3.45776986454 1412755477.81
3.43223899073 1412755479.18
3.41676030844 1412755480.51
3.43213041938 1412755481.87
