16.6484031337 1412728870.18
16.781767853 1412728870.85
17.2985374557 1412728871.49
17.4957562121 1412728872.14
17.8237116341 1412728872.77
18.1669555273 1412728873.43
18.211404731 1412728874.05
18.498373238 1412728874.69
18.3506373855 1412728875.3
17.9334787301 1412728875.88
17.6881804857 1412728876.49
17.5110895876 1412728877.11
17.0410556562 1412728877.74
16.7327964115 1412728878.38
16.5711200506 1412728878.99
16.2052213653 1412728879.66
16.1657990898 1412728880.28
15.8683516468 1412728880.89
15.8367753019 1412728881.52
15.4012197055 1412728882.13
15.2697493395 1412728882.72
15.9323306596 1412728883.33
16.0742317891 1412728883.97
15.7757317198 1412728884.61
15.2147551461 1412728885.22
16.4617907229 1412728885.89
15.6358478636 1412728886.49
15.627334 1412728887.11
15.758804852 1412728887.75
15.9644360671 1412728888.38
15.9871251168 1412728889.03
15.9868230735 1412728889.66
15.9541992327 1412728890.27
15.8293269474 1412728890.87
15.8548364669 1412728891.5
15.9516161386 1412728892.15
16.1626527851 1412728892.75
16.5086035828 1412728893.37
16.3000360703 1412728893.98
16.0037434355 1412728894.62
16.2492967606 1412728895.25
15.844993265 1412728895.84
15.505932755 1412728896.45
14.5464081376 1412728897.05
13.5763205022 1412728897.67
12.6064185307 1412728898.28
11.7348746674 1412728898.84
11.1167309564 1412728899.39
11.9174659084 1412728899.97
12.7910324013 1412728900.56
13.7668937418 1412728901.14
13.5656772447 1412728901.75
13.3629928882 1412728902.31
14.4795296555 1412728902.9
14.2566873772 1412728903.48
14.3491161737 1412728904.05
14.0991206795 1412728904.63
13.6098508806 1412728905.22
13.9343470855 1412728905.83
13.8126963118 1412728906.48
13.4277814702 1412728907.2
14.0038267006 1412728907.97
14.4475918752 1412728908.68
14.9223696177 1412728909.4
14.7141510773 1412728910.05
14.4625723327 1412728910.73
14.2227027692 1412728911.4
14.4020583014 1412728912.05
14.2842247353 1412728912.76
13.9522915145 1412728913.66
14.034130034 1412728914.76
14.3463703009 1412728916.11
14.3862185622 1412728917.4
14.2546725483 1412728918.84
14.5012190527 1412728919.84
14.3675239341 1412728920.9
14.2239318791 1412728921.82
14.2122013958 1412728922.68
14.4865350472 1412728923.63
14.2779959309 1412728924.39
14.2901235268 1412728925.04
13.9560415102 1412728925.8
13.7451605513 1412728926.62
13.8110699507 1412728927.46
13.7126913124 1412728928.19
13.7724926936 1412728928.89
13.7627775323 1412728929.59
13.8055391409 1412728930.21
13.8529490716 1412728930.89
13.9363829281 1412728931.81
13.9096921944 1412728932.78
13.9340217789 1412728933.88
13.9215819683 1412728934.87
13.8855310972 1412728935.81
13.8089746434 1412728936.93
13.7297691342 1412728937.83
13.7568301683 1412728938.9
13.755916638 1412728939.74
13.761490384 1412728940.57
13.8011359398 1412728941.25
13.6924462929 1412728941.93
13.7795547792 1412728942.54
13.7542866855 1412728943.14
13.7684452431 1412728943.75
13.8310115285 1412728944.37
13.959441068 1412728944.99
13.7189942075 1412728945.61
13.8297462023 1412728946.22
13.7956150847 1412728946.83
14.0064881474 1412728947.48
14.0156809692 1412728948.11
14.0460260689 1412728948.76
14.2515984535 1412728949.46
14.4309212986 1412728950.18
14.3980963515 1412728950.81
14.4788224333 1412728951.45
14.5567444985 1412728952.09
14.2108441332 1412728952.82
14.1885964236 1412728953.5
14.1196819844 1412728954.26
14.0664948507 1412728954.94
13.9950226159 1412728955.68
13.7713416402 1412728956.38
13.609818652 1412728957.09
13.6328430656 1412728957.77
13.663832024 1412728958.47
13.4679245284 1412728959.12
13.5162978482 1412728959.84
13.546740256 1412728960.52
13.5513285602 1412728961.17
13.653507079 1412728961.81
13.6663799674 1412728962.46
13.6088472907 1412728963.08
13.4584320722 1412728963.73
13.4986632475 1412728964.4
13.3943910131 1412728965.05
13.4183864075 1412728965.8
13.5360396297 1412728966.53
13.5600385461 1412728967.2
13.5461311049 1412728967.96
13.1511265293 1412728968.64
13.0547614434 1412728969.28
13.0426774186 1412728969.94
13.001284258 1412728970.61
12.9655065056 1412728971.32
12.9642793795 1412728971.99
12.8760115626 1412728972.7
12.8950902964 1412728973.41
12.8939872884 1412728974.18
12.8891750378 1412728975.02
12.7058853974 1412728975.81
12.7479535885 1412728976.61
12.6392760657 1412728977.48
12.6471180619 1412728978.21
12.6547444018 1412728979.0
12.623610703 1412728979.81
12.6423003972 1412728980.61
12.4388415801 1412728981.31
12.4412915385 1412728982.15
12.564812302 1412728982.9
12.5896961795 1412728983.64
12.4851216094 1412728984.36
12.4873493726 1412728985.09
12.433389179 1412728985.79
12.4556308458 1412728986.54
12.4941767347 1412728987.29
12.4919415398 1412728988.01
12.4861275281 1412728988.74
12.4833232899 1412728989.47
12.4805712823 1412728990.22
12.1877000125 1412728991.0
12.2115553571 1412728991.73
12.3609804822 1412728992.47
12.3993749979 1412728993.48
12.3989214432 1412728994.74
12.3984550115 1412728995.99
12.3979451113 1412728997.22
12.3974943044 1412728998.11
12.4044370427 1412728998.87
12.4088344078 1412728999.59
12.4059152799 1412729000.28
12.1270956769 1412729001.03
12.1268867738 1412729001.94
12.2081481453 1412729002.79
11.9517983678 1412729003.64
11.9456309146 1412729004.47
11.8796329841 1412729005.29
11.7276524986 1412729006.13
11.7177439239 1412729006.95
11.1240573147 1412729007.69
10.6121272483 1412729008.54
11.058114726 1412729009.29
10.9836646796 1412729010.05
11.1647223414 1412729010.8
11.1525495377 1412729011.51
11.1403109021 1412729012.25
11.1281922737 1412729013.16
11.1161334619 1412729014.03
11.07722846 1412729014.95
10.8005581411 1412729015.88
