16.5075366025 1412748743.53
16.2108253281 1412748745.04
15.8824670664 1412748746.59
15.5969036921 1412748748.09
15.2959152582 1412748749.58
15.0031469268 1412748751.07
14.9989982617 1412748752.56
14.6031584524 1412748754.03
14.4002372437 1412748755.51
14.2279760093 1412748756.96
14.1663366699 1412748758.43
14.0281925318 1412748759.88
13.9209842568 1412748761.4
13.7322632957 1412748762.89
13.5005270106 1412748764.43
13.4595686671 1412748765.97
13.3563738159 1412748767.49
13.1800144384 1412748769.04
13.099521647 1412748770.53
12.9581783757 1412748772.07
12.8258516711 1412748773.59
12.6931896699 1412748775.16
12.5770433021 1412748776.69
12.3795579511 1412748778.25
12.2798776437 1412748779.89
12.1887796679 1412748781.47
12.0678918643 1412748783.02
12.0086574675 1412748784.58
11.961208632 1412748786.2
11.7351917284 1412748787.8
11.7361137126 1412748789.39
11.5157691272 1412748790.98
11.5412249066 1412748792.62
11.247620881 1412748794.23
11.1157172339 1412748795.75
10.8940091067 1412748797.34
10.6618569077 1412748798.94
10.409175736 1412748800.5
10.3687413791 1412748802.05
10.1830311933 1412748803.58
10.1289542954 1412748805.1
9.99629271675 1412748806.59
9.84255882104 1412748808.12
9.64407738363 1412748809.61
9.63766501727 1412748811.16
9.60344406373 1412748812.67
9.53821338217 1412748814.14
9.50732050405 1412748815.62
9.30319137046 1412748817.13
9.22491763385 1412748818.6
9.1028720523 1412748820.05
9.03978271923 1412748821.54
9.05881815307 1412748823.06
9.05242893407 1412748824.55
8.97976619233 1412748826.04
8.86391185146 1412748827.65
8.83300051596 1412748829.19
8.74999895727 1412748830.68
8.64397363762 1412748832.16
8.54519371845 1412748833.63
8.43173404099 1412748835.14
8.3728837815 1412748836.6
8.28225333244 1412748838.06
8.24526144796 1412748839.51
8.17357895387 1412748840.96
8.08511938524 1412748842.4
7.9584987362 1412748843.88
7.97148892677 1412748845.32
7.96534471268 1412748846.78
7.96839201433 1412748848.29
7.92505775737 1412748849.74
7.92494867956 1412748851.19
7.99931465163 1412748852.65
7.9506331551 1412748854.12
7.9379942548 1412748855.66
7.92009548966 1412748857.21
7.85954160917 1412748858.75
7.93642516583 1412748860.27
7.89536216523 1412748861.84
7.92822502326 1412748863.43
7.93521866666 1412748864.94
7.95240325529 1412748866.49
7.98745177345 1412748868.13
7.92678584651 1412748869.74
7.96492930027 1412748871.33
7.9946344133 1412748872.83
7.95335612157 1412748874.39
7.91994867837 1412748875.99
7.89824314557 1412748877.57
7.86303942741 1412748879.17
7.80422905891 1412748880.75
7.72145637353 1412748882.3
7.68662198724 1412748883.88
7.66376692593 1412748885.41
7.60501945579 1412748887.02
7.59879633656 1412748888.58
7.55736841817 1412748890.17
7.53208545316 1412748891.75
7.54194174075 1412748893.29
7.60010496724 1412748894.85
7.63918444847 1412748896.46
7.58158348074 1412748898.05
7.54280530358 1412748899.66
7.51037417361 1412748901.29
7.44328920165 1412748902.87
7.45044767793 1412748904.42
7.42897704719 1412748905.99
7.34638596747 1412748907.58
7.28986938825 1412748909.1
7.29173871533 1412748910.63
7.22516710135 1412748912.17
7.18156712298 1412748913.69
7.15327184756 1412748915.2
7.08088282934 1412748916.72
7.03983859873 1412748918.31
7.04773449337 1412748919.77
7.02346260203 1412748921.31
6.97945881191 1412748922.86
6.97112015343 1412748924.41
6.95920334898 1412748925.93
6.95420463941 1412748927.46
6.90481615849 1412748928.95
6.7835935421 1412748930.44
6.78642793844 1412748932.01
6.84986382972 1412748933.53
6.8682267999 1412748935.05
6.81083922098 1412748936.55
6.78604358723 1412748938.09
6.77782067179 1412748939.63
6.73230181606 1412748941.14
6.7247110799 1412748942.65
6.71737387392 1412748944.15
6.71921234358 1412748945.62
6.71086899039 1412748947.15
6.67864764524 1412748948.63
6.58178390213 1412748950.08
6.5999924658 1412748951.64
6.55541705563 1412748953.14
6.54106044795 1412748954.61
6.56145374675 1412748956.13
6.5079545822 1412748957.62
6.5116614696 1412748959.13
6.5059692975 1412748960.64
6.56107156058 1412748962.16
6.45498134344 1412748963.69
6.41649815881 1412748965.21
6.45400545466 1412748966.77
6.37980241417 1412748968.28
6.37158899465 1412748969.83
6.36436751693 1412748971.38
6.31220868361 1412748972.91
6.26626771042 1412748974.48
6.2082748622 1412748976.03
6.26681648727 1412748977.59
6.19438257353 1412748979.17
6.25690646037 1412748980.77
6.26465259052 1412748982.34
6.26617919078 1412748983.89
6.2339624319 1412748985.49
6.1952661408 1412748987.16
6.22509915844 1412748988.76
6.24142255686 1412748990.37
6.23384669314 1412748991.98
6.22785999041 1412748993.61
6.21623445615 1412748995.21
6.16692490098 1412748996.81
6.15812012061 1412748998.41
6.14394543638 1412749000.01
6.23050944311 1412749001.6
6.21965353969 1412749003.16
6.25795878797 1412749004.71
6.23396665199 1412749006.27
6.29552164953 1412749007.85
6.26825731514 1412749009.43
6.24038402392 1412749011.03
6.26572589685 1412749012.65
6.24669882045 1412749014.28
6.21661127705 1412749015.86
6.21947524336 1412749017.41
6.22632710861 1412749019.0
6.18171784368 1412749020.62
6.17041167839 1412749022.24
6.18080411397 1412749023.81
6.18820901992 1412749025.42
6.17113311425 1412749027.02
6.16814941208 1412749028.65
6.19688094482 1412749030.21
6.18007965111 1412749031.77
6.10961616787 1412749033.35
6.09588011877 1412749034.9
6.0628413908 1412749036.48
6.04994866861 1412749038.05
6.02294962667 1412749039.6
5.93795272797 1412749041.19
5.93156401249 1412749042.77
5.99024751721 1412749044.41
6.0247012484 1412749046.03
6.07067336859 1412749047.65
6.0969021109 1412749049.28
6.14280569236 1412749050.95
