4.92525725466 1412758189.41
5.0980744902 1412758190.91
5.29319880574 1412758192.34
5.42236753201 1412758193.79
5.3607605688 1412758195.27
5.36196245973 1412758196.72
5.36923702744 1412758198.21
5.55029315455 1412758199.66
5.72817346218 1412758201.09
5.88728519154 1412758202.56
5.98810775109 1412758203.95
6.01524998226 1412758205.36
6.05443452743 1412758206.79
6.21385912719 1412758208.2
6.32626285668 1412758209.6
6.51607868346 1412758211.06
6.7523026488 1412758212.44
6.91430224857 1412758213.91
6.95348127048 1412758215.35
6.94369150074 1412758216.75
6.807676466 1412758218.19
6.77549403079 1412758219.64
6.67109841862 1412758221.13
6.68984397524 1412758222.54
6.64214452501 1412758223.97
6.51175918087 1412758225.4
6.39629228416 1412758226.82
6.29698380761 1412758228.26
6.29166209086 1412758229.66
6.33178176638 1412758231.02
6.23472826358 1412758232.42
6.24847464372 1412758233.82
6.1765510357 1412758235.26
6.09446864842 1412758236.67
6.02910035263 1412758238.03
5.93002831017 1412758239.36
5.8063194114 1412758240.75
5.79933894746 1412758242.14
5.76816586081 1412758243.49
5.70325429676 1412758244.87
5.75036101688 1412758246.24
5.72787476731 1412758247.61
5.72243157906 1412758248.98
5.56476469788 1412758250.33
5.3596390114 1412758251.73
5.18832199379 1412758253.13
5.10453002237 1412758254.46
4.91185972681 1412758255.75
4.83317299561 1412758257.09
4.80692976692 1412758258.48
4.76495434408 1412758259.87
4.64453636148 1412758261.21
4.65157240365 1412758262.56
4.46868611784 1412758263.92
4.47724752846 1412758265.24
4.47666574305 1412758266.61
4.41172809028 1412758268.02
4.37455127274 1412758269.38
4.36117062849 1412758270.73
4.33347832165 1412758272.07
4.34657112523 1412758273.45
4.37186400927 1412758274.86
4.29234944837 1412758276.24
4.28082825615 1412758277.64
4.16680875614 1412758278.94
4.10820006902 1412758280.33
4.09609697371 1412758281.69
4.03903268716 1412758283.03
3.9652320419 1412758284.36
3.98496946812 1412758285.7
4.04354040347 1412758287.09
4.01591458806 1412758288.42
3.91936227646 1412758289.8
3.83338314994 1412758291.16
3.86896599056 1412758292.5
3.83045781751 1412758293.87
3.80711911358 1412758295.22
3.76026269852 1412758296.6
3.80069125073 1412758298.07
3.8199028873 1412758299.44
3.7964529058 1412758300.8
3.7394111842 1412758302.18
3.72261062184 1412758303.55
3.7274947829 1412758304.89
3.66200583528 1412758306.23
3.67015165883 1412758307.6
3.65599905425 1412758308.96
3.57410313559 1412758310.34
3.5887069515 1412758311.72
3.5461706979 1412758313.05
3.54941444625 1412758314.42
3.53219580458 1412758315.77
3.53817070612 1412758317.13
3.53335065961 1412758318.47
3.60505340997 1412758319.81
3.61478362211 1412758321.18
3.61016146949 1412758322.56
3.60879404682 1412758323.9
3.61745428664 1412758325.21
3.60781368305 1412758326.58
3.5880481268 1412758327.94
3.49925852819 1412758329.3
3.44742692335 1412758330.7
3.46014859559 1412758332.09
3.45277024118 1412758333.46
3.41337097333 1412758334.82
3.37560691141 1412758336.18
3.40246676706 1412758337.57
3.38394555274 1412758338.9
3.29585992338 1412758340.28
3.27839322026 1412758341.67
3.20823619908 1412758343.07
3.22806118517 1412758344.48
3.21371467659 1412758345.89
3.17040589058 1412758347.32
3.17202266548 1412758348.73
3.18686483983 1412758350.16
3.18085556096 1412758351.57
3.16015547329 1412758353.01
3.12484024535 1412758354.4
3.13364495327 1412758355.77
3.13676860464 1412758357.16
3.14873722767 1412758358.57
3.12043934404 1412758359.97
3.08828478783 1412758361.34
3.09338107394 1412758362.77
3.09564879019 1412758364.17
3.07986887159 1412758365.57
3.05629375068 1412758366.96
3.01868446377 1412758368.36
3.01144215439 1412758369.78
3.01417309836 1412758371.2
3.02102374104 1412758372.62
3.0202101977 1412758374.03
3.01438612305 1412758375.47
3.0383105634 1412758376.93
2.94739674048 1412758378.34
2.9496772015 1412758379.74
2.96627883901 1412758381.19
3.03338160589 1412758382.62
2.98740988484 1412758384.06
2.96780821031 1412758385.51
2.96526283254 1412758386.95
2.9891130527 1412758388.37
2.96500384731 1412758389.76
2.95717590612 1412758391.23
2.9674599965 1412758392.69
2.95253996241 1412758394.11
2.93233338858 1412758395.53
2.90617081634 1412758396.99
2.90116179953 1412758398.42
2.87716166931 1412758399.88
2.86330424417 1412758401.35
2.86405997407 1412758402.85
2.8766331553 1412758404.28
2.89889792625 1412758405.75
2.89402508676 1412758407.21
2.91238508145 1412758408.62
2.91179435433 1412758410.02
2.86625130666 1412758411.45
2.86450363557 1412758412.86
2.82147109028 1412758414.35
2.83519166995 1412758415.76
2.84283937514 1412758417.2
2.82681492982 1412758418.64
2.84394157686 1412758420.06
2.81346714281 1412758421.54
2.86021506014 1412758422.96
2.83962797684 1412758424.43
2.83123382462 1412758425.89
2.82521586549 1412758427.34
2.81465108766 1412758428.82
2.85282812599 1412758430.32
2.83906340415 1412758431.75
2.82349198752 1412758433.19
2.81594185592 1412758434.66
2.81147995762 1412758436.13
2.84185891086 1412758437.56
2.82595671131 1412758439.02
2.8093150243 1412758440.47
2.8127737983 1412758441.93
2.79470228824 1412758443.4
2.78145469487 1412758444.8
2.80297842298 1412758446.29
2.78016879947 1412758447.77
2.70991866398 1412758449.22
2.66081841216 1412758450.7
2.66309734252 1412758452.17
2.68945906701 1412758453.61
2.70011348008 1412758455.08
2.714892795 1412758456.61
2.70512180338 1412758458.15
2.68074731181 1412758459.62
2.6625187015 1412758461.13
2.73677711143 1412758462.66
2.70892728388 1412758464.21
2.702083591 1412758465.7
2.6593757992 1412758467.27
2.66985350535 1412758468.74
2.69179692792 1412758470.28
