12.8240540932 1412744945.42
12.0684793295 1412744946.85
11.6365380907 1412744948.29
11.4221269749 1412744949.7
11.2760010892 1412744951.1
11.0061627839 1412744952.5
10.8691854169 1412744953.87
10.7558327292 1412744955.28
10.569190103 1412744956.65
10.3976607792 1412744957.99
10.2810829843 1412744959.42
10.1180019896 1412744960.78
10.0023630555 1412744962.16
9.8245643225 1412744963.54
9.60275840965 1412744964.9
9.35782829644 1412744966.27
9.2291488721 1412744967.63
9.17200184776 1412744969.01
9.05133514846 1412744970.34
8.88121694917 1412744971.7
8.75606330718 1412744973.03
8.59665165891 1412744974.37
8.5224137346 1412744975.72
8.44088169258 1412744977.03
8.38178687093 1412744978.35
8.38393138341 1412744979.71
8.26732759323 1412744981.08
8.22823687339 1412744982.47
8.0927287871 1412744983.81
7.95197432479 1412744985.13
7.8226450436 1412744986.45
7.72809766033 1412744987.78
7.70464954053 1412744989.08
7.53502612625 1412744990.4
7.47923691046 1412744991.72
7.4554862214 1412744993.03
7.45225405038 1412744994.34
7.48103879192 1412744995.67
7.52906041821 1412744997.0
7.5871560528 1412744998.37
7.0327687424 1412744999.69
6.73684864496 1412745001.03
6.72267691002 1412745002.37
6.73425663303 1412745003.71
6.56713008987 1412745005.07
6.56349113015 1412745006.41
6.58815285369 1412745007.77
6.61492405836 1412745009.1
6.52774699156 1412745010.41
6.43578319586 1412745011.72
6.3574566699 1412745013.07
6.26570426434 1412745014.35
6.1830996394 1412745015.68
6.15370173831 1412745016.98
6.13968814497 1412745018.28
6.13336508249 1412745019.58
6.01996129057 1412745020.89
6.0039060974 1412745022.19
6.04233914852 1412745023.46
5.94292398236 1412745024.75
5.93354391495 1412745026.04
5.89145650081 1412745027.31
5.84268442636 1412745028.62
5.87156915848 1412745029.95
5.88152160552 1412745031.25
5.82796392443 1412745032.55
5.8840692123 1412745033.86
5.85613837675 1412745035.18
5.82298764936 1412745036.51
5.78807448836 1412745037.81
5.72902638349 1412745039.13
5.70822353907 1412745040.45
5.66104090068 1412745041.78
5.65988799617 1412745043.11
5.61773201042 1412745044.46
5.63951190387 1412745045.78
5.60620429689 1412745047.04
5.57767659919 1412745048.4
5.56059971128 1412745049.72
5.5773338424 1412745051.06
5.5218586842 1412745052.37
5.51485508219 1412745053.73
5.4980301992 1412745055.08
5.54148793759 1412745056.45
5.50941813114 1412745057.74
5.50075956679 1412745059.07
5.49059220865 1412745060.39
5.51067063692 1412745061.77
5.45644831576 1412745063.11
5.41792955319 1412745064.49
5.46183351282 1412745065.84
5.37631939884 1412745067.2
5.37798948469 1412745068.55
5.35305751701 1412745069.88
5.35592633522 1412745071.42
5.34712453646 1412745072.78
5.34170914208 1412745074.16
5.31390407217 1412745075.52
5.35039986985 1412745076.87
5.32358755371 1412745078.23
5.3339552017 1412745079.61
5.38125016772 1412745080.95
5.37144244674 1412745082.32
5.35842183645 1412745083.77
5.35166223882 1412745085.11
5.35506422075 1412745086.47
5.33689442333 1412745087.75
5.34200564994 1412745089.05
5.32645219071 1412745090.33
5.31381736836 1412745091.66
5.3157086929 1412745092.95
5.30126949279 1412745094.24
5.29331751866 1412745095.54
5.2899901423 1412745096.89
5.3205786073 1412745098.22
5.33832526589 1412745099.55
5.30238434189 1412745100.82
5.30578624386 1412745102.08
5.28751180003 1412745103.41
5.23365969386 1412745104.69
5.25439842267 1412745105.92
5.26093218664 1412745107.22
5.25361242701 1412745108.52
5.29386709367 1412745109.81
5.32637994865 1412745111.07
5.30887554068 1412745112.36
5.29477484131 1412745113.68
5.28974636672 1412745114.99
5.24194813638 1412745116.27
5.22860939645 1412745117.56
5.22862262799 1412745118.86
5.21127060252 1412745120.19
5.20960896321 1412745121.48
5.17590928393 1412745122.75
5.16712624982 1412745124.03
5.17377582548 1412745125.34
5.19815796193 1412745126.66
5.14997903207 1412745127.98
5.15666126338 1412745129.31
5.14651026091 1412745130.65
5.14106343751 1412745131.97
5.06472495429 1412745133.24
5.07502367178 1412745134.54
5.07365599613 1412745135.83
5.05071963717 1412745137.16
5.02872330083 1412745138.39
5.020741542 1412745139.67
5.01699173121 1412745140.98
5.01675246296 1412745142.25
5.00789497426 1412745143.57
4.9697121196 1412745144.87
4.97526835702 1412745146.17
4.97223591177 1412745147.43
4.94939639566 1412745148.77
4.9402730976 1412745150.08
4.92975060596 1412745151.36
4.91016457085 1412745152.65
4.91656374597 1412745153.91
4.90955612554 1412745155.27
4.93596771719 1412745156.59
4.91727600069 1412745157.91
4.92677210189 1412745159.22
4.92129868021 1412745160.51
4.93890565288 1412745161.78
4.93178872103 1412745163.02
4.91719014957 1412745164.33
4.92200838417 1412745165.63
4.9245460639 1412745166.92
4.92367720911 1412745168.2
4.91684209059 1412745169.51
4.91222828472 1412745170.79
4.9428864611 1412745172.09
4.91065628181 1412745173.37
4.92060671551 1412745174.73
4.94526490407 1412745176.05
4.95078456423 1412745177.38
4.95553499231 1412745178.68
4.99139318424 1412745180.01
4.96279158118 1412745181.35
4.97240508648 1412745182.65
4.94265756968 1412745183.99
4.95374704688 1412745185.34
4.94187154807 1412745186.67
4.94680862944 1412745187.97
4.97422104413 1412745189.25
4.95432822273 1412745190.56
4.97131066168 1412745191.88
4.94882325427 1412745193.18
4.94618526674 1412745194.5
4.96498160973 1412745195.8
4.93637920523 1412745197.11
4.94432508963 1412745198.44
4.95860153569 1412745199.73
4.96712384553 1412745201.04
4.94360211774 1412745202.41
4.94746151922 1412745203.74
4.93742006337 1412745205.06
4.94443821423 1412745206.53
4.94787538202 1412745207.9
4.9502432611 1412745209.23
