23.134749061 1412722520.07
23.2998155178 1412722520.22
23.1716533855 1412722520.36
23.0493152644 1412722520.52
22.8973707316 1412722520.66
22.7749111363 1412722520.77
22.1488854481 1412722520.91
21.9853787918 1412722521.19
21.0975708205 1412722521.42
21.1828185925 1412722521.66
20.936609606 1412722521.83
20.560436234 1412722522.0
21.3997638593 1412722522.12
20.6682761508 1412722522.23
19.9257182288 1412722522.35
19.3596802566 1412722522.47
18.9322626521 1412722522.69
18.8372707352 1412722522.82
18.5929648533 1412722522.93
18.6639678442 1412722523.04
18.055552947 1412722523.14
17.1143346816 1412722523.25
16.6273798943 1412722523.36
15.7144098137 1412722523.55
15.3009170294 1412722523.72
14.8853038553 1412722523.84
14.6983784507 1412722523.95
14.4414035768 1412722524.1
14.2390879984 1412722524.23
14.3214286306 1412722524.34
14.2407806284 1412722524.45
13.8076549447 1412722524.55
13.4495449559 1412722524.72
13.2272797736 1412722524.83
13.0301831424 1412722524.93
13.1086145853 1412722525.02
13.0088687751 1412722525.11
13.2207044117 1412722525.21
13.1531141337 1412722525.31
13.2271524365 1412722525.41
13.104683777 1412722525.5
12.8961290809 1412722525.63
12.9254033369 1412722525.77
12.9026098077 1412722525.9
12.7295322058 1412722526.02
12.7072145172 1412722526.16
12.5680800041 1412722526.28
12.3411824317 1412722526.4
12.1477129138 1412722526.53
12.2418667165 1412722526.67
12.1109089752 1412722526.81
11.8040211809 1412722526.93
11.8354769221 1412722527.06
11.8940901136 1412722527.19
11.6173958436 1412722527.33
11.5621204845 1412722527.45
11.8525597985 1412722527.57
11.772705934 1412722527.69
11.814614695 1412722527.83
11.9835448048 1412722527.95
11.8056100183 1412722528.08
11.8108077288 1412722528.21
11.8604304823 1412722528.32
11.7137183709 1412722528.45
11.6951768553 1412722528.56
11.6208774847 1412722528.7
11.6177505335 1412722528.83
11.64971828 1412722528.95
11.6435878616 1412722529.08
11.6816772167 1412722529.2
11.718491158 1412722529.33
11.7258753207 1412722529.45
11.7391631686 1412722529.58
11.8471989352 1412722529.69
11.8371179141 1412722529.81
11.8071311413 1412722529.94
11.7774300767 1412722530.08
11.7478397769 1412722530.21
11.6166737158 1412722530.34
11.0206116397 1412722530.44
11.1118632257 1412722530.59
11.0789713727 1412722530.72
11.0414341062 1412722530.85
10.9641286667 1412722530.96
10.8513490779 1412722531.08
10.9467427687 1412722531.18
10.9089754974 1412722531.29
10.8703708799 1412722531.41
11.1650308095 1412722531.56
11.0865495926 1412722531.7
11.0115580336 1412722531.82
11.1407407276 1412722531.95
11.0773364415 1412722532.07
10.9602448403 1412722532.2
11.0842695804 1412722532.32
11.0215343337 1412722532.45
10.9017955532 1412722532.58
10.921918535 1412722532.72
10.9412172306 1412722532.83
10.9064954462 1412722532.97
10.9267050127 1412722533.11
10.946173904 1412722533.25
10.9489083394 1412722533.39
10.8712773441 1412722533.52
10.7663227164 1412722533.62
10.7406978441 1412722533.73
10.731369873 1412722533.88
10.5885241161 1412722534.01
10.724668312 1412722534.14
10.7010492261 1412722534.26
10.6733083567 1412722534.39
10.6715052191 1412722534.53
10.5882515626 1412722534.64
10.460282819 1412722534.8
10.4654037093 1412722534.93
10.4489684269 1412722535.05
10.4405567326 1412722535.17
10.4242764163 1412722535.3
10.5106781012 1412722535.43
10.4946716202 1412722535.56
10.5010711229 1412722535.69
10.5283587832 1412722535.83
10.498280324 1412722535.95
10.4784228888 1412722536.09
10.4841232091 1412722536.19
10.5292699422 1412722536.33
10.5613492059 1412722536.46
10.403113737 1412722536.59
10.4041316138 1412722536.72
10.4351950598 1412722536.86
10.4473460777 1412722536.99
10.4484268786 1412722537.1
10.4495519972 1412722537.21
10.4506675348 1412722537.35
10.4517306731 1412722537.51
10.4527892679 1412722537.64
10.45389261 1412722537.77
10.4549333178 1412722537.88
10.4559536577 1412722538.01
10.4861890533 1412722538.14
10.4899903162 1412722538.3
10.54049967 1412722538.41
10.5999943477 1412722538.51
10.538880998 1412722538.62
10.5982897348 1412722538.8
10.6058180088 1412722538.93
10.5441713697 1412722539.06
10.6036598843 1412722539.18
10.6999939814 1412722539.33
10.759491896 1412722539.49
10.7491870557 1412722539.61
10.6985440697 1412722539.76
10.6852557913 1412722539.91
10.7644514497 1412722540.01
10.7559561568 1412722540.13
10.7475263238 1412722540.34
10.7391845467 1412722540.47
10.7308356551 1412722540.59
10.7220060477 1412722540.72
10.7133176941 1412722540.88
10.7178894648 1412722541.02
10.6983658001 1412722541.17
10.6880515321 1412722541.32
10.6510615489 1412722541.46
10.6406729191 1412722541.59
10.6299415082 1412722541.71
10.5944465905 1412722541.84
10.5817121828 1412722541.97
10.5965930056 1412722542.1
10.5830050203 1412722542.23
10.533049921 1412722542.36
10.5163353575 1412722542.49
10.499143086 1412722542.64
10.4816038165 1412722542.77
10.4636643501 1412722542.88
10.4946288908 1412722543.01
10.6001730505 1412722543.12
10.5200038435 1412722543.25
10.5943508026 1412722543.39
10.5723518195 1412722543.53
10.5498090045 1412722543.66
10.5268586091 1412722543.8
10.4451158291 1412722543.92
10.5195049277 1412722544.05
10.4965824199 1412722544.18
10.5169238417 1412722544.3
10.401425458 1412722544.41
10.324256878 1412722544.53
10.380782362 1412722544.65
10.3743838334 1412722544.78
10.6246873859 1412722544.89
10.6001499549 1412722545.03
10.5211917724 1412722545.16
10.5980490206 1412722545.31
10.5747747387 1412722545.43
10.4036441486 1412722545.55
10.3832557615 1412722545.67
10.3038842466 1412722545.81
10.3749222353 1412722545.93
10.3658710997 1412722546.07
