13.0765045062 1412732013.8
12.7266433482 1412732014.41
12.7436347365 1412732015.02
12.7904143742 1412732015.62
12.8010323899 1412732016.24
12.3183249732 1412732016.85
11.9839473119 1412732017.45
12.0258911941 1412732018.08
11.6969974248 1412732018.66
11.4087080752 1412732019.25
11.4607850283 1412732019.85
11.2835228563 1412732020.45
11.2532464147 1412732021.01
11.141325921 1412732021.6
10.9000314419 1412732022.2
10.9127312239 1412732022.79
10.7493684617 1412732023.38
10.6454776202 1412732023.96
10.5174721605 1412732024.65
10.442077871 1412732025.28
10.3428857836 1412732025.89
10.4289522 1412732026.47
10.5206404812 1412732027.07
10.2981138711 1412732027.73
10.3224359067 1412732028.32
10.3642099897 1412732028.91
10.061923251 1412732029.52
10.1510271207 1412732030.14
10.0700379606 1412732030.77
10.1773240788 1412732031.41
9.88590614997 1412732032.04
9.90630282692 1412732032.69
9.83697330102 1412732033.3
9.85025598877 1412732033.93
9.64761069148 1412732034.53
9.62729630231 1412732035.12
9.63542567447 1412732035.8
9.57964867556 1412732036.45
9.5053564422 1412732037.14
9.47113412822 1412732037.81
9.30113761444 1412732038.43
9.32049885211 1412732039.09
9.27306975485 1412732039.73
9.25214969872 1412732040.4
9.20169338446 1412732041.04
9.21647162912 1412732041.7
9.11167693213 1412732042.33
9.16422935145 1412732042.97
9.06105153614 1412732043.62
8.92496033436 1412732044.23
8.85291234178 1412732044.89
8.91016619122 1412732045.52
8.85800645181 1412732046.16
8.87578221181 1412732046.81
8.80772650095 1412732047.52
8.87577503908 1412732048.21
8.85044605646 1412732048.88
8.87484433874 1412732049.54
8.87908185391 1412732050.18
8.910067359 1412732050.83
8.7833837818 1412732051.48
8.7111563202 1412732052.12
8.65106913617 1412732052.8
8.68605890416 1412732053.5
8.66223213838 1412732054.18
8.65416303292 1412732054.87
8.64648310527 1412732055.59
8.60914512993 1412732056.28
8.53959919537 1412732056.99
8.51511282882 1412732057.64
8.49303243184 1412732058.34
8.34878123084 1412732059.04
8.35503598907 1412732059.72
8.30196996499 1412732060.39
8.35777819493 1412732061.1
8.38964230347 1412732061.8
8.40198418619 1412732062.49
8.3989678617 1412732063.18
8.43879131617 1412732063.93
8.45452143567 1412732064.64
8.42851999667 1412732065.36
8.43998783835 1412732066.07
8.45011221719 1412732066.86
8.47198024701 1412732067.57
8.49526987511 1412732068.3
8.45539917271 1412732069.06
8.52001564981 1412732069.76
8.5026249613 1412732070.5
8.53588760708 1412732071.26
8.48251740704 1412732071.96
8.50566179148 1412732072.66
8.51631856332 1412732073.33
8.50467268029 1412732074.13
8.48598203476 1412732074.84
8.53532466945 1412732075.6
8.49478741506 1412732076.34
8.46102908855 1412732077.02
8.41082561059 1412732077.78
8.39619627431 1412732078.51
8.33523339051 1412732079.23
8.30423599232 1412732079.95
8.34115848776 1412732080.68
8.38003417183 1412732081.42
8.36092826213 1412732082.14
8.3531104278 1412732082.88
8.36096436772 1412732083.6
8.35785689774 1412732084.29
8.36544305832 1412732085.01
8.35949731541 1412732085.68
8.30911977094 1412732086.37
8.31594064075 1412732087.03
8.29884786225 1412732087.72
8.30084143492 1412732088.39
8.35454598903 1412732089.02
8.35774771962 1412732089.67
8.36088720475 1412732090.34
8.34793500933 1412732090.99
8.35107198918 1412732091.65
8.35419698485 1412732092.27
8.35730527945 1412732092.94
8.38279152844 1412732093.57
8.38567606205 1412732094.23
8.50040591304 1412732094.89
8.50114733916 1412732095.57
8.51030252952 1412732096.22
8.44946676136 1412732096.89
8.50371624338 1412732097.57
8.50529508725 1412732098.25
8.49500487115 1412732098.9
8.51649778487 1412732099.56
8.51491212112 1412732100.24
8.5210940803 1412732100.93
8.44393878832 1412732101.61
8.45492130549 1412732102.25
8.46602596922 1412732102.87
8.56146591314 1412732103.52
8.48607216645 1412732104.18
8.5003618951 1412732104.83
8.51479220821 1412732105.5
8.53110123492 1412732106.15
8.54727534135 1412732106.81
8.56385092608 1412732107.62
8.58062223181 1412732108.28
8.67331098831 1412732109.0
8.60339966142 1412732109.68
8.62110286117 1412732110.35
8.63981921928 1412732111.02
8.64163474946 1412732111.67
8.66670801596 1412732112.33
8.69272553625 1412732112.98
8.72522438731 1412732113.65
8.74294308938 1412732114.32
8.77097937015 1412732114.98
8.78788097556 1412732115.65
8.69321526668 1412732116.32
8.63370411171 1412732116.98
8.63225297319 1412732117.63
8.62595604448 1412732118.28
8.61961403287 1412732118.96
8.61334198266 1412732119.61
8.60711719969 1412732120.27
8.61422386981 1412732120.92
8.62144478351 1412732121.58
8.59322574274 1412732122.22
8.60050471076 1412732122.89
8.63182066322 1412732123.56
8.54853133882 1412732124.21
8.55410816804 1412732124.88
8.578006475 1412732125.58
8.58601668897 1412732126.25
8.59480595505 1412732126.9
8.60409776863 1412732127.58
8.57208761805 1412732128.24
8.56877416565 1412732128.88
8.57692399087 1412732129.56
8.59397649747 1412732130.26
8.60305260632 1412732130.94
8.61999534253 1412732131.61
8.63015123503 1412732132.25
8.56852924398 1412732132.92
8.57637590082 1412732133.58
8.58420601281 1412732134.25
8.62413967363 1412732134.95
8.54556374156 1412732135.63
8.55535630841 1412732136.29
8.56561794728 1412732136.97
8.53908146119 1412732137.65
8.3831490139 1412732138.31
8.37938115075 1412732138.98
8.3965082453 1412732139.67
8.36841542014 1412732140.31
8.36461258479 1412732140.99
8.39804116202 1412732141.69
8.19801848837 1412732142.38
8.26852468453 1412732143.03
8.17668869704 1412732143.73
8.32046444365 1412732144.43
8.24514901332 1412732145.11
8.13199144776 1412732145.79
8.43707208157 1412732146.48
