18.3318576917 1412752258.76
18.2067368941 1412752260.21
17.7070602847 1412752261.64
17.3201625378 1412752263.06
16.8202603579 1412752264.54
16.5013961711 1412752266.02
16.4712503144 1412752267.5
16.3041961199 1412752269.02
16.1905602337 1412752270.52
16.1384130859 1412752272.06
15.5472981354 1412752273.58
15.2659365878 1412752275.09
15.0342155652 1412752276.59
14.8829383414 1412752278.13
14.6943498222 1412752279.61
14.5466191257 1412752281.13
14.2163467649 1412752282.65
13.9769976839 1412752284.13
13.8454027326 1412752285.55
13.5267672304 1412752286.98
13.5334965499 1412752288.51
13.1495203547 1412752289.98
12.6762155852 1412752291.45
12.3862545425 1412752292.92
12.2041755274 1412752294.39
12.0486213312 1412752295.86
12.0126613464 1412752297.3
11.5531387642 1412752298.73
11.256551232 1412752300.16
11.0295925563 1412752301.65
10.7185084843 1412752303.14
10.5845575848 1412752304.7
10.5847311967 1412752306.26
10.3589771522 1412752307.77
10.3309256513 1412752309.36
10.2637339379 1412752311.0
10.260641074 1412752312.64
10.2205724637 1412752314.38
10.2015407784 1412752316.06
10.1791054561 1412752317.75
10.0712103216 1412752319.51
10.0364973645 1412752321.31
9.83584088723 1412752323.13
9.87492601835 1412752324.96
9.90488907906 1412752326.71
9.87381763394 1412752328.45
9.92295694205 1412752330.24
9.84336230079 1412752332.05
9.82241161207 1412752333.88
9.84378924403 1412752335.72
9.79765399904 1412752337.55
9.80945217189 1412752339.38
9.8606617077 1412752341.23
9.92501292152 1412752343.3
9.93601067982 1412752345.23
9.97156148951 1412752347.09
10.0349749838 1412752349.05
10.1004852519 1412752350.87
10.1630208256 1412752352.71
10.1183656845 1412752354.51
10.1737379399 1412752356.38
10.2132947088 1412752358.23
10.2629246007 1412752360.11
10.3247500545 1412752362.03
10.2910980185 1412752363.87
10.3180012247 1412752365.84
10.3064804373 1412752367.79
10.358652715 1412752369.69
10.4495447379 1412752371.64
10.5005285641 1412752373.54
10.3704200435 1412752375.49
10.3582376814 1412752377.37
10.2681229513 1412752379.24
10.2684184121 1412752381.14
10.2157491794 1412752383.08
10.1531250411 1412752385.06
10.040156508 1412752387.02
10.0847099724 1412752388.98
10.0542039047 1412752390.9
10.0572824447 1412752392.87
10.0551460932 1412752394.82
9.94177406253 1412752396.82
9.90524823636 1412752398.78
9.88838469549 1412752400.75
9.93588460518 1412752402.76
9.94667561688 1412752404.76
9.94257643284 1412752406.87
9.92738947331 1412752408.88
9.93175953564 1412752410.93
9.86961596154 1412752412.94
9.8542632138 1412752414.97
9.88547787327 1412752417.11
9.93389872319 1412752419.16
9.88437688185 1412752421.22
9.8959282427 1412752423.29
9.87264896868 1412752425.28
9.87250865053 1412752427.29
9.89536147583 1412752429.33
9.99235891694 1412752431.39
9.96037455256 1412752433.55
9.99752386796 1412752435.65
9.99459756502 1412752437.75
9.99139400563 1412752439.8
9.87587833617 1412752441.87
9.86773366516 1412752444.06
9.8447242714 1412752446.19
9.86787357892 1412752448.29
9.8806409402 1412752450.46
9.90239579217 1412752452.53
9.92084363271 1412752454.66
9.92627863714 1412752456.82
9.7879452285 1412752458.88
9.82275219376 1412752461.02
9.82884910882 1412752463.18
9.92586808301 1412752465.24
9.97272958687 1412752467.33
9.91871248318 1412752469.47
9.90550726788 1412752471.61
9.97581778553 1412752473.78
9.97556707685 1412752475.93
10.091241115 1412752478.02
10.0198753965 1412752480.22
10.0222647799 1412752482.39
10.0488672626 1412752484.55
10.0320077935 1412752486.75
10.0671180395 1412752488.95
10.0503987501 1412752491.14
10.1063253331 1412752493.28
10.1562406058 1412752495.45
10.156743521 1412752497.68
10.1706562712 1412752499.9
10.1849472922 1412752502.17
10.1604391041 1412752504.4
10.1733051086 1412752506.68
10.1256195182 1412752508.94
10.1376939902 1412752511.17
10.0362913861 1412752513.41
10.0515534236 1412752515.67
10.0596633889 1412752517.89
10.0814110122 1412752520.12
10.1331484088 1412752522.29
10.167054791 1412752524.52
10.1763099891 1412752526.66
10.1430765646 1412752528.88
10.1115463953 1412752531.08
10.1025879354 1412752533.48
10.1064056946 1412752535.67
10.1896039287 1412752537.89
10.2693776204 1412752540.08
10.2533758489 1412752542.29
10.1716897878 1412752544.46
10.1568786747 1412752546.61
10.267627429 1412752548.82
10.2216417761 1412752551.02
10.3495528231 1412752553.25
10.3414832596 1412752555.47
10.265961874 1412752557.7
10.3503465136 1412752559.87
10.2688839802 1412752562.06
10.1335322997 1412752564.32
10.2128390241 1412752566.58
10.0944458068 1412752568.8
10.0873197593 1412752571.02
10.0904398332 1412752573.28
10.0942610472 1412752575.46
10.1035892614 1412752577.63
10.1365548599 1412752579.89
10.1746004259 1412752582.13
10.1757880377 1412752584.35
10.211211928 1412752586.6
10.1520427182 1412752588.95
10.171371079 1412752591.26
10.2576936217 1412752593.51
10.2784295713 1412752595.79
10.369593627 1412752598.06
10.3827166819 1412752600.28
10.3626884189 1412752602.49
10.3997319331 1412752604.71
10.3969572105 1412752607.06
10.5687478871 1412752609.28
10.5171333552 1412752611.49
10.5797704619 1412752613.76
10.5806693865 1412752616.08
10.6042916421 1412752618.31
10.5986564799 1412752620.54
10.612608172 1412752622.77
10.5047191398 1412752625.07
10.4569280594 1412752627.4
10.4484685113 1412752629.68
10.5443987073 1412752632.0
10.5473023386 1412752634.27
10.4941830588 1412752636.52
10.4515326181 1412752638.87
10.4544100316 1412752641.16
10.457061747 1412752643.39
10.5467256918 1412752645.69
10.4881462288 1412752648.03
10.3006804103 1412752650.28
10.3110893096 1412752652.59
10.321528898 1412752654.88
