15.6064735743 1412751982.96
15.3149544448 1412751984.43
14.9059616385 1412751985.89
14.3252494409 1412751987.33
13.8892171935 1412751988.71
13.4901482834 1412751990.18
13.2136392955 1412751991.63
12.7720616555 1412751993.06
12.8641135172 1412751994.48
12.9426429033 1412751995.87
12.9503519066 1412751997.29
13.0307627035 1412751998.61
13.0577449904 1412751999.98
13.0407527106 1412752001.32
13.0021664971 1412752002.66
13.0011604842 1412752004.0
12.95524317 1412752005.37
12.6264052607 1412752006.72
12.4539513623 1412752008.03
12.2211673144 1412752009.36
12.0492647898 1412752010.69
11.7225151669 1412752012.06
11.4952038288 1412752013.41
11.3967495971 1412752014.8
11.1183637914 1412752016.16
11.0107620639 1412752017.55
10.7304779254 1412752018.88
10.4909467122 1412752020.22
10.3185693906 1412752021.57
10.2306401029 1412752022.91
9.96832319358 1412752024.29
9.80302882213 1412752025.61
9.83933140516 1412752026.98
9.8514017515 1412752028.34
9.61312079988 1412752029.7
9.67758567187 1412752031.05
9.49445438435 1412752032.41
9.24810425509 1412752033.79
9.31800841951 1412752035.18
8.90730447255 1412752036.55
8.97727182972 1412752037.91
8.98925829098 1412752039.31
8.91940533876 1412752040.66
8.92072657893 1412752042.03
8.8256212949 1412752043.41
8.80098876023 1412752044.75
8.70164545613 1412752046.07
8.59129352596 1412752047.41
8.53126243376 1412752048.75
8.54854055546 1412752050.06
8.42135958369 1412752051.41
8.28834975552 1412752052.81
7.95865478498 1412752054.15
7.87469207959 1412752055.49
7.91320493109 1412752056.81
7.92316648697 1412752058.14
7.89273860662 1412752059.46
7.91559721691 1412752060.79
7.89504568417 1412752062.14
7.77354309115 1412752063.49
7.77577081704 1412752064.84
7.78328850379 1412752066.18
7.74172740416 1412752067.5
7.75135335033 1412752068.82
7.71990097349 1412752070.14
7.72527629308 1412752071.47
7.66640324159 1412752072.82
7.66616937833 1412752074.18
7.60054153942 1412752075.5
7.5895617824 1412752076.83
7.55704867009 1412752078.11
7.51325771741 1412752079.48
7.44433896749 1412752080.78
7.32514706634 1412752082.16
7.28469114102 1412752083.55
7.27710841805 1412752084.9
7.17252267209 1412752086.22
7.08107965045 1412752087.58
7.10220150192 1412752088.96
7.07322699303 1412752090.33
7.03266072496 1412752091.67
6.9072691903 1412752093.08
6.7785413563 1412752094.41
6.6977809302 1412752095.77
6.6880353759 1412752097.13
6.57125314816 1412752098.5
6.55027376624 1412752099.93
6.59709262369 1412752101.31
6.54977882756 1412752102.7
6.37001474286 1412752104.06
6.37305196839 1412752105.41
6.31950525044 1412752106.78
6.2392993947 1412752108.12
6.06903476032 1412752109.46
5.98903202868 1412752110.86
5.96899702743 1412752112.22
5.96041356844 1412752113.55
5.91139920455 1412752114.92
5.96584102667 1412752116.27
5.9085366796 1412752117.64
5.86949264493 1412752119.0
5.94738082701 1412752120.35
5.87829888702 1412752121.68
5.86491160479 1412752123.06
5.88530364633 1412752124.45
5.90415300868 1412752125.8
5.74531493511 1412752127.16
5.74658245762 1412752128.47
5.75233441028 1412752129.82
5.74130423188 1412752131.19
5.74118533232 1412752132.54
5.6212925636 1412752133.88
5.67580407182 1412752135.29
5.63000085762 1412752136.65
5.61418978875 1412752138.03
5.49750737958 1412752139.41
5.51783991441 1412752140.77
5.52187361151 1412752142.18
5.53474243766 1412752143.56
5.45409730031 1412752144.91
5.50493339055 1412752146.29
5.49873674158 1412752147.69
5.40945846655 1412752149.07
5.36733250058 1412752150.44
5.33915413934 1412752151.8
5.28017537728 1412752153.17
5.26422503365 1412752154.54
5.22900870639 1412752155.91
5.20047931341 1412752157.22
4.9319847025 1412752158.67
4.84011857142 1412752160.05
4.84901564262 1412752161.42
4.78449044829 1412752162.82
4.78461627797 1412752164.21
4.77899142927 1412752165.6
4.73769026239 1412752167.04
4.71638494317 1412752168.46
4.87863588694 1412752169.84
4.68531433852 1412752171.26
4.82744046486 1412752172.68
4.84235645081 1412752174.07
4.68593846304 1412752175.45
4.74132559875 1412752176.82
4.67650987465 1412752178.24
4.67369713103 1412752179.67
4.65789983706 1412752181.07
4.66141539766 1412752182.44
4.62654127537 1412752183.85
4.64777082663 1412752185.25
4.65102926728 1412752186.65
4.66829838252 1412752188.07
4.67389397957 1412752189.44
4.66862171081 1412752190.84
4.5131936829 1412752192.28
4.45094197122 1412752193.71
4.44461500129 1412752195.14
4.41788759918 1412752196.55
4.4386110849 1412752197.96
4.40335066099 1412752199.38
4.39302833146 1412752200.8
4.40936429547 1412752202.21
4.39550699282 1412752203.65
4.31356791902 1412752205.09
4.30156415183 1412752206.52
4.30303390906 1412752207.97
4.28481987293 1412752209.39
4.29385020676 1412752210.81
4.32735510516 1412752212.2
4.31746804421 1412752213.62
4.32574962461 1412752215.06
4.31460971995 1412752216.48
4.38723696314 1412752217.91
4.39745672698 1412752219.34
4.3705170732 1412752220.72
4.43873795018 1412752222.17
4.39512118044 1412752223.6
4.32596810178 1412752225.0
4.34763632327 1412752226.43
4.35654781329 1412752227.85
4.27642705988 1412752229.29
4.26265684336 1412752230.71
4.33708512156 1412752232.12
4.2751323084 1412752233.51
4.29693528064 1412752234.91
4.29930582017 1412752236.29
4.32360551743 1412752237.7
4.33969815304 1412752239.11
4.27247302231 1412752240.49
4.28902472701 1412752241.89
4.30540635372 1412752243.31
4.31576593081 1412752244.71
4.31939756958 1412752246.11
4.32313350078 1412752247.52
4.29139150306 1412752248.93
4.29472629655 1412752250.35
4.26252734714 1412752251.73
4.27289357919 1412752253.14
4.27649365796 1412752254.52
4.34909749251 1412752255.91
4.3046253981 1412752257.33
