24.0986298471 1412727294.75
23.3845317211 1412727295.43
23.3067023402 1412727296.13
23.4224436188 1412727296.89
22.8123350367 1412727297.67
22.831479065 1412727298.39
22.5390678985 1412727299.13
22.1915454717 1412727299.86
22.1414178902 1412727300.59
21.8054473995 1412727301.32
21.3697914134 1412727302.03
21.0978964695 1412727302.7
20.7227373044 1412727303.43
20.4511060127 1412727304.09
20.4519119756 1412727304.75
20.3805535987 1412727305.41
20.5278756366 1412727305.99
20.6330279815 1412727306.62
21.0615829193 1412727307.25
21.3364980391 1412727307.9
20.7084870381 1412727308.56
19.6717714344 1412727309.18
18.9862103284 1412727309.88
19.1893587712 1412727310.53
18.8453550579 1412727311.14
19.0900211753 1412727311.8
18.9316309238 1412727312.44
19.2917815313 1412727313.21
19.0797935517 1412727313.86
19.2610511273 1412727314.54
19.1753082257 1412727315.18
19.1950459176 1412727315.94
19.0911156413 1412727316.72
19.0807166532 1412727317.57
19.1562575869 1412727318.57
19.340359713 1412727319.71
19.362947937 1412727320.68
19.3086911567 1412727321.56
19.4173668411 1412727322.34
19.4726954019 1412727323.09
19.3625637027 1412727323.98
19.4631437673 1412727324.79
19.285841836 1412727325.74
19.2803997469 1412727326.51
19.2529260355 1412727327.36
19.198375826 1412727328.07
19.1918077288 1412727328.83
19.1252856702 1412727329.56
19.0515037982 1412727330.32
18.9970444139 1412727331.03
18.9665859073 1412727331.86
19.1044352049 1412727332.66
19.0806137927 1412727333.49
19.1405187957 1412727334.35
19.1903044298 1412727335.13
19.2147848355 1412727336.09
19.1949222237 1412727336.82
19.3074601238 1412727337.55
19.3272951407 1412727338.4
19.2879236358 1412727339.31
19.2896873317 1412727340.12
19.3107843109 1412727340.92
19.3531143247 1412727341.69
19.3163820757 1412727342.45
19.3062955678 1412727343.27
19.3008739301 1412727344.04
19.3585896315 1412727344.8
19.3828132297 1412727345.6
19.3931216864 1412727346.34
19.3659984354 1412727347.18
19.3589088368 1412727348.06
19.3164350438 1412727348.9
19.3155810767 1412727349.66
19.2592357309 1412727350.41
19.3037845353 1412727351.16
19.3705464094 1412727351.94
19.3607797386 1412727352.72
19.3592226439 1412727353.52
19.3578160904 1412727354.3
19.3486827142 1412727355.07
19.3232745333 1412727355.82
19.3481301445 1412727356.68
19.3180534395 1412727357.51
19.3133353127 1412727358.43
19.3160877917 1412727359.26
19.3423887874 1412727360.0
19.3909068973 1412727360.74
19.3699287095 1412727361.52
19.3223582001 1412727362.41
19.326183026 1412727363.24
19.325999473 1412727364.06
19.2899167028 1412727364.8
19.3234369159 1412727365.55
19.2869727314 1412727366.27
19.3204393647 1412727367.02
19.3209051763 1412727367.95
19.2844175329 1412727368.99
19.3181211194 1412727369.84
19.281969407 1412727370.65
19.3156231074 1412727371.47
19.3129788128 1412727372.25
19.3104739129 1412727372.99
19.3330219687 1412727373.83
19.3392081508 1412727374.71
19.3376240914 1412727375.56
19.3393819062 1412727376.36
19.3042960043 1412727377.19
19.2993310981 1412727378.03
19.2953709332 1412727378.91
19.2924756282 1412727379.65
19.289154002 1412727380.41
19.3460692755 1412727381.14
19.3153491501 1412727381.89
19.3524417705 1412727382.63
19.3613958822 1412727383.5
19.3683407999 1412727384.3
19.3810180916 1412727385.15
19.3914752407 1412727386.01
19.4583223273 1412727386.97
19.4666001993 1412727387.88
19.4762932495 1412727388.82
19.5133888237 1412727389.74
19.5224802777 1412727390.52
19.762653806 1412727391.3
19.7707670885 1412727392.14
19.8314024152 1412727392.97
19.8612742823 1412727393.78
19.8812096325 1412727394.64
20.0276923455 1412727395.49
19.9374541219 1412727396.29
19.942863253 1412727397.16
19.9631993061 1412727397.94
19.9841585372 1412727398.78
19.9263029168 1412727399.68
19.865731485 1412727400.54
19.8890447766 1412727401.37
19.8858043686 1412727402.26
19.8829152547 1412727403.0
19.8901371226 1412727403.78
19.8995607945 1412727404.54
19.9147151528 1412727405.32
20.0404631311 1412727406.07
20.1191946542 1412727406.81
20.0785999791 1412727407.58
20.1173805756 1412727408.31
20.2562484705 1412727409.05
20.3031875178 1412727409.8
20.272424119 1412727410.57
20.2822625966 1412727411.3
20.2938494241 1412727412.04
20.5804310811 1412727412.8
20.6172686681 1412727413.55
20.6550165302 1412727414.27
20.5584854675 1412727415.05
20.6041807488 1412727415.91
20.6850188835 1412727416.73
20.9257876876 1412727417.54
20.9594815994 1412727418.28
21.0780280907 1412727419.01
21.0321539136 1412727419.76
20.9661282497 1412727420.54
21.0972740739 1412727421.31
21.0819910774 1412727422.02
21.0485940212 1412727422.8
21.0963845244 1412727423.62
21.1640256813 1412727424.52
21.2063364195 1412727425.37
21.1770101523 1412727426.19
21.2165010899 1412727426.93
21.0736968712 1412727427.69
21.0337086079 1412727428.45
20.8372924695 1412727429.34
20.8732291821 1412727430.13
20.9503586924 1412727430.94
20.7827441647 1412727431.69
20.759857347 1412727432.49
20.7871200564 1412727433.3
21.3276611625 1412727434.17
21.3530332876 1412727434.94
21.36731365 1412727435.7
21.3642525392 1412727436.46
21.3380833318 1412727437.2
21.3466609592 1412727437.94
21.346852864 1412727438.66
21.3416491571 1412727439.44
21.4152501836 1412727440.22
21.4312868102 1412727441.05
21.4489950248 1412727441.85
21.4739116124 1412727442.64
21.4936045485 1412727443.45
21.5654579112 1412727444.4
21.5854747709 1412727445.23
21.6122992848 1412727446.03
21.6832461553 1412727447.1
21.7888174266 1412727447.96
21.6411549009 1412727448.87
21.7085668544 1412727449.63
21.7913506329 1412727450.37
21.295325982 1412727451.25
21.2648670206 1412727452.04
