16.6126684746 1412734856.49
15.5848210842 1412734857.49
15.877975325 1412734858.46
16.2129865708 1412734859.45
17.204805754 1412734860.42
16.3844323756 1412734861.39
17.3814077391 1412734862.41
15.7382369998 1412734863.42
14.3948893277 1412734864.4
14.8335607917 1412734865.39
14.1780385795 1412734866.42
14.5462838957 1412734867.38
13.931985404 1412734868.45
14.343997676 1412734869.39
15.4896894693 1412734870.39
16.5875774567 1412734871.35
13.9563415464 1412734872.37
13.7918523443 1412734873.35
13.4670950293 1412734874.27
13.0532783355 1412734875.28
12.5531673769 1412734876.22
12.2744864079 1412734877.21
11.7003557725 1412734878.15
11.5548971935 1412734879.11
11.139101369 1412734880.05
10.776474429 1412734881.03
10.4343213186 1412734881.99
10.3287288853 1412734882.9
10.2230807442 1412734883.85
10.2864560221 1412734884.8
10.0513164338 1412734885.71
10.0031414817 1412734886.68
9.90836296104 1412734887.64
9.87441768884 1412734888.58
9.32702062434 1412734889.52
9.10739311241 1412734890.47
9.13996898529 1412734891.42
8.9364650747 1412734892.41
8.86533691653 1412734893.41
8.79119918897 1412734894.35
8.66336237085 1412734895.34
8.56041914898 1412734896.27
8.49905269017 1412734897.25
8.22644708562 1412734898.19
8.20438710414 1412734899.15
8.19037730751 1412734900.08
8.13461927 1412734901.03
7.9918400358 1412734902.03
8.02725163154 1412734903.03
7.97074429465 1412734904.01
7.85828231709 1412734905.0
7.75884544978 1412734905.97
7.62453401767 1412734906.95
7.3410019283 1412734907.91
7.14163398557 1412734908.87
7.12803518582 1412734909.85
7.11911263775 1412734910.85
7.01807405208 1412734911.86
6.86964587642 1412734912.84
6.89514442788 1412734913.77
6.78382385666 1412734914.71
6.54874140154 1412734915.73
6.53621908093 1412734916.7
6.5057610375 1412734917.68
6.43798921819 1412734918.65
6.53900099539 1412734919.6
6.48602105123 1412734920.56
6.4410433446 1412734921.51
6.35408578486 1412734922.51
6.34462937944 1412734923.52
6.26230341429 1412734924.52
6.26886446415 1412734925.53
6.21313878978 1412734926.49
6.18813389044 1412734927.93
6.13903322277 1412734929.07
6.11098067935 1412734930.1
6.02873272241 1412734931.08
5.96421814093 1412734932.12
5.96977440562 1412734933.11
5.89870310433 1412734934.09
5.925832418 1412734935.01
5.90263206282 1412734936.0
5.84834030726 1412734936.97
5.80630362434 1412734937.93
5.78472165313 1412734938.86
5.77643020791 1412734939.79
5.73006775069 1412734940.75
5.70576255079 1412734941.76
5.71245538847 1412734942.71
5.54497512654 1412734943.66
5.5314791212 1412734944.64
5.46954393194 1412734945.61
5.39453446567 1412734946.56
5.34811128796 1412734947.56
5.31974603798 1412734948.54
5.28518555033 1412734949.52
5.2184879103 1412734950.49
5.18732779742 1412734951.44
5.13527683233 1412734952.4
5.11153419354 1412734953.4
5.14452150323 1412734954.44
5.19346374583 1412734955.42
5.19273600936 1412734956.4
5.1755832529 1412734957.38
5.07429234505 1412734958.36
5.02236095503 1412734959.35
4.99786755743 1412734960.34
5.09362934035 1412734961.38
5.00689711801 1412734962.34
4.97360190533 1412734963.37
5.02497031573 1412734964.37
4.97682766528 1412734965.33
4.99746749517 1412734966.28
4.95512038799 1412734967.26
5.01253075224 1412734968.2
4.93096130874 1412734969.19
4.90956514321 1412734970.24
4.90831420411 1412734971.26
4.8932073869 1412734972.3
4.85737499594 1412734973.35
4.90087852302 1412734974.36
4.85592871355 1412734975.4
4.8213890133 1412734976.45
4.80164139276 1412734977.5
4.78050716601 1412734978.52
4.777997565 1412734979.48
4.76065165314 1412734980.51
4.66120957709 1412734981.56
4.67675532555 1412734982.65
4.77056337439 1412734983.71
4.7187948614 1412734984.75
4.72247830356 1412734985.81
4.7416183004 1412734986.85
4.74286343463 1412734987.88
4.7340746147 1412734988.93
4.72192208167 1412734989.97
4.71376573309 1412734991.01
4.71146772585 1412734992.04
4.68077177804 1412734993.06
4.64157513742 1412734994.12
4.67490457026 1412734995.19
4.66561420627 1412734996.27
4.65165103307 1412734997.29
4.63927379541 1412734998.32
4.64051734759 1412734999.39
4.62435326768 1412735000.4
4.5847544568 1412735001.44
4.62583918903 1412735002.52
4.67252307203 1412735003.59
4.71049287884 1412735004.64
4.71205955109 1412735005.71
4.66359043193 1412735006.76
4.7239535959 1412735007.82
4.66288885871 1412735008.9
4.66140746068 1412735010.0
4.65603792499 1412735011.09
4.65312320404 1412735012.17
4.72106303521 1412735013.27
4.7179200488 1412735014.3
4.7181266179 1412735015.37
4.66361570939 1412735016.44
4.7274794636 1412735017.55
4.68520590007 1412735018.61
4.67728883247 1412735019.66
4.65772965566 1412735020.73
4.6469312486 1412735021.8
4.66277893261 1412735022.98
4.60878428184 1412735024.05
4.6001597085 1412735025.13
4.55799235276 1412735026.18
4.54315220086 1412735027.26
4.57320002414 1412735028.35
4.59807805057 1412735029.42
4.64207084797 1412735030.49
4.62946480348 1412735031.55
4.6314671538 1412735032.63
4.62551201147 1412735033.77
4.63021414812 1412735034.83
4.62045814404 1412735035.97
4.63301160076 1412735037.07
4.65942812897 1412735038.19
4.6562969903 1412735039.27
4.67699794766 1412735040.37
4.68398240437 1412735041.53
4.68194725386 1412735042.65
4.63217120636 1412735043.78
4.62919467792 1412735044.84
4.61397067691 1412735045.98
4.57743308332 1412735047.05
4.57981091699 1412735048.17
4.60473632986 1412735049.26
4.60050733707 1412735050.36
4.56970884095 1412735051.43
4.559590756 1412735052.49
4.55361832321 1412735053.55
4.54659000347 1412735054.62
4.50069932088 1412735055.76
4.53874435799 1412735056.83
4.55974879032 1412735057.95
4.55874933172 1412735059.05
