6.5624538025 1412732147.07
6.39779490598 1412732147.68
6.33859330961 1412732148.24
6.29502518617 1412732148.8
6.23260809706 1412732149.41
6.25134900627 1412732150.0
6.26100705571 1412732150.56
6.31507398461 1412732151.14
6.40878019907 1412732151.77
6.50821699735 1412732152.37
6.68203859956 1412732152.93
6.71976356815 1412732153.5
6.68102146319 1412732154.05
6.6959844369 1412732154.57
6.65118010027 1412732155.13
6.60731078935 1412732155.67
6.50467419649 1412732156.21
6.51425746549 1412732156.75
6.42722690006 1412732157.26
6.47423093215 1412732157.78
6.37183720309 1412732158.32
6.24036313554 1412732158.86
6.18457543383 1412732159.4
6.20092656804 1412732159.95
6.19139801715 1412732160.48
6.32415137339 1412732161.02
6.42609012177 1412732161.55
6.48122400902 1412732162.08
6.62151451602 1412732162.63
6.75844041436 1412732163.16
6.84275373418 1412732163.69
6.90888383486 1412732164.21
6.93363959038 1412732164.71
6.96117540538 1412732165.25
6.96556298341 1412732165.78
6.95991450168 1412732166.32
6.96280090948 1412732166.83
7.00010761266 1412732167.36
7.02273933793 1412732167.86
7.04745883852 1412732168.38
7.05525709178 1412732168.89
7.06710846792 1412732169.43
7.07514292519 1412732169.98
7.05968627048 1412732170.5
7.05805772456 1412732171.03
7.05388342043 1412732171.56
7.05315168019 1412732172.07
7.04675216405 1412732172.61
7.04823198521 1412732173.16
7.03825560289 1412732173.69
7.01479030043 1412732174.22
6.98681968545 1412732174.77
6.98294414988 1412732175.31
6.96826853965 1412732175.82
7.00062414072 1412732176.35
6.99321305157 1412732176.85
6.98215593623 1412732177.4
6.95400956052 1412732177.9
6.94967880711 1412732178.45
6.94949330327 1412732178.96
6.94432135601 1412732179.53
6.92631069958 1412732180.05
6.87548036383 1412732180.57
6.83256325154 1412732181.13
6.83354723848 1412732181.66
6.83839737943 1412732182.19
6.84118889201 1412732182.73
6.81603646083 1412732183.25
6.83067696753 1412732183.8
6.79096217414 1412732184.32
6.82128761723 1412732184.86
6.79119279786 1412732185.39
6.71857348058 1412732185.91
6.66084095112 1412732186.4
6.72363020797 1412732186.92
6.64071831745 1412732187.45
6.60535880326 1412732187.96
6.70779749894 1412732188.49
6.62264855067 1412732189.04
6.59642433245 1412732189.57
6.544914317 1412732190.1
6.50917500833 1412732190.63
6.47622273984 1412732191.17
6.42065981994 1412732191.69
6.33094340059 1412732192.2
6.24531631113 1412732192.7
6.18962263774 1412732193.22
6.10782295909 1412732193.76
6.03536476875 1412732194.27
5.9350235912 1412732194.78
6.01370828431 1412732195.32
5.92019269007 1412732195.83
5.97580107495 1412732196.36
5.88581389538 1412732196.89
5.95280890913 1412732197.44
5.87348933742 1412732197.95
5.90920012191 1412732198.49
5.82627119381 1412732199.01
5.7421147106 1412732199.55
5.79950952454 1412732200.05
5.76005451617 1412732200.57
5.6711279699 1412732201.08
5.76345888156 1412732201.6
5.69017479221 1412732202.11
5.59714673786 1412732202.61
5.68579185354 1412732203.15
5.63317876527 1412732203.63
5.6584170922 1412732204.14
5.9210430246 1412732204.72
6.34095316329 1412732205.55
6.55265611524 1412732206.17
6.388638832 1412732206.69
6.50436810586 1412732207.18
6.56047025516 1412732207.69
6.50382892462 1412732208.2
6.54128535901 1412732208.73
6.53056773846 1412732209.25
6.51977238968 1412732209.75
6.55454537343 1412732210.28
6.51158598973 1412732210.79
6.51705075866 1412732211.31
6.47137718832 1412732211.84
6.47137294691 1412732212.38
6.4417341125 1412732212.96
6.4356468966 1412732213.51
6.46066126774 1412732214.08
6.50235648889 1412732214.63
6.46718246179 1412732215.17
6.44478299817 1412732215.69
6.32820864518 1412732216.24
6.26631348026 1412732216.76
6.27071061152 1412732217.3
6.20886128327 1412732217.83
6.18321817822 1412732218.34
6.22796696271 1412732218.9
6.14485732043 1412732219.44
6.08515117303 1412732220.0
5.81888474943 1412732220.57
5.788954576 1412732221.17
5.78390798113 1412732221.74
5.70166301093 1412732222.31
5.6842024655 1412732222.87
5.64090830314 1412732223.45
5.56824464405 1412732223.98
5.49385933914 1412732224.57
5.38629249202 1412732225.18
5.35036284917 1412732225.83
5.24896676118 1412732226.41
5.15935693336 1412732226.92
5.13304974767 1412732227.42
5.20568975632 1412732227.92
5.37923080385 1412732228.42
5.64961886175 1412732228.93
5.94417244047 1412732229.39
6.06148085 1412732229.91
6.0275581489 1412732230.43
6.11874400092 1412732230.91
6.08799194562 1412732231.42
6.0445066545 1412732231.94
6.15576354491 1412732232.43
6.20776938341 1412732232.97
6.20551337208 1412732233.53
6.18674546206 1412732234.03
6.25114432343 1412732234.53
6.30928086587 1412732235.06
6.30861014787 1412732235.56
6.35457796386 1412732236.06
6.36039217853 1412732236.56
6.39592455536 1412732237.06
6.42858171066 1412732237.57
6.43629736322 1412732238.06
6.44246177829 1412732238.53
6.4434320135 1412732239.04
6.44033265005 1412732239.56
6.44059632062 1412732240.08
6.44377733954 1412732240.57
6.43106998347 1412732241.07
6.41621956092 1412732241.57
6.46732486458 1412732242.06
6.45628008296 1412732242.57
6.43701043737 1412732243.06
6.48741638506 1412732243.57
6.47596241127 1412732244.09
6.46083346453 1412732244.6
6.45525800619 1412732245.1
6.43406669247 1412732245.64
6.46540273507 1412732246.19
6.48733126528 1412732246.69
6.52030068517 1412732247.21
6.50439139163 1412732247.7
6.48608159701 1412732248.23
6.52267747009 1412732248.72
6.50530658025 1412732249.21
6.54839153257 1412732249.75
6.5326252634 1412732250.28
6.46762674313 1412732250.81
6.44899769914 1412732251.32
6.42869047741 1412732251.81
6.41517329931 1412732252.29
6.34838834045 1412732252.83
