11.2671431473 1412727452.64
11.3006447567 1412727453.2
11.3661590205 1412727453.79
11.2866637658 1412727454.39
11.3174232578 1412727455.01
11.6001976611 1412727455.58
11.6791781828 1412727456.19
11.7847458808 1412727456.86
11.9340289055 1412727457.5
12.1177426906 1412727458.05
12.2344966182 1412727458.62
12.4053841277 1412727459.24
12.3763364152 1412727459.83
12.4041509876 1412727460.41
12.4575352348 1412727461.0
12.4690435495 1412727461.75
12.5445085172 1412727462.36
12.5512997853 1412727462.97
12.5922993525 1412727463.55
12.705380186 1412727464.17
12.5243589012 1412727464.8
12.5836707127 1412727465.41
12.2529628145 1412727466.1
12.231130484 1412727466.69
12.3186380471 1412727467.24
12.4448747612 1412727467.83
12.3802203425 1412727468.4
12.4235293475 1412727468.97
12.2101100471 1412727469.56
12.1604954603 1412727470.13
12.0557010305 1412727470.71
12.0299685365 1412727471.29
12.073308639 1412727471.86
12.0402143188 1412727472.45
11.9675775988 1412727473.06
11.8402041713 1412727473.68
11.7290839048 1412727474.28
11.5682697175 1412727474.93
11.4905350406 1412727475.48
11.1301603685 1412727476.03
10.770881947 1412727476.6
10.2886412914 1412727477.17
10.4592014608 1412727477.76
10.3315173404 1412727478.36
9.69421126582 1412727479.01
9.16902754567 1412727479.87
8.62198491626 1412727480.52
8.74640965536 1412727481.17
9.08906272697 1412727481.79
8.19084365939 1412727482.57
8.49407315736 1412727483.17
8.17417036391 1412727483.74
8.3316294241 1412727484.31
7.8585218281 1412727484.87
7.75945720908 1412727485.46
7.65111375672 1412727486.02
7.48637904446 1412727486.58
7.40092457101 1412727487.18
7.28304068334 1412727487.75
6.81669143228 1412727488.27
6.79591693279 1412727488.79
6.71796441415 1412727489.34
6.57683609638 1412727489.96
6.45387042566 1412727490.51
6.31202143814 1412727491.07
6.26970528136 1412727491.6
6.18709664166 1412727492.15
5.94108532799 1412727492.68
5.95040232847 1412727493.29
5.93026776409 1412727493.91
5.92649040455 1412727494.46
5.76713759715 1412727495.01
5.76815319595 1412727495.53
5.77398744962 1412727496.07
5.74353395457 1412727496.61
5.77621385188 1412727497.19
5.82253557602 1412727497.78
5.79090014493 1412727498.37
5.64303889379 1412727498.94
5.58616746965 1412727499.57
5.59623530303 1412727500.29
5.43206172997 1412727500.8
5.32433227101 1412727501.31
5.32501091613 1412727501.87
5.2535704475 1412727502.42
5.26673992713 1412727502.98
5.28386340427 1412727503.54
5.27568966624 1412727504.07
5.2678403537 1412727504.63
5.29235145486 1412727505.22
5.08344955868 1412727505.81
5.09168424568 1412727506.38
5.04248825906 1412727506.95
5.03881520818 1412727507.55
5.06571245664 1412727508.18
4.94708014908 1412727508.76
4.94550286328 1412727509.33
4.9136850008 1412727509.91
4.88859593528 1412727510.51
4.85164038553 1412727511.13
4.80298350289 1412727511.71
4.82581216684 1412727512.44
4.73944951704 1412727513.18
4.74670215474 1412727513.78
4.7215105299 1412727514.32
4.7006762651 1412727514.93
4.68697957388 1412727515.49
4.67627322626 1412727516.04
4.66392709646 1412727516.61
4.65693875268 1412727517.18
4.69931485167 1412727517.74
4.64278782792 1412727518.33
4.6850919227 1412727518.9
4.55049006108 1412727519.47
4.53679650008 1412727520.03
4.53449347635 1412727520.62
4.49631477214 1412727521.18
4.43389388435 1412727521.77
4.42831783119 1412727522.43
4.45270406135 1412727523.06
4.44242766544 1412727523.66
4.47230448299 1412727524.26
4.42164272109 1412727524.87
4.39957227182 1412727525.6
4.35621324253 1412727526.25
4.36593782634 1412727526.95
4.39978075553 1412727527.57
4.46614831608 1412727528.18
4.52148258301 1412727528.96
4.5093633924 1412727529.6
4.48830631092 1412727530.36
4.48133136711 1412727531.09
4.35849308775 1412727531.85
4.32858006762 1412727532.64
4.29667735593 1412727533.4
4.30959715934 1412727534.15
4.29227153945 1412727534.82
4.31456382274 1412727535.52
4.30918497434 1412727536.26
4.30627896153 1412727537.02
4.25071539619 1412727537.79
4.27146067044 1412727538.51
4.25316372148 1412727539.23
4.25983685401 1412727539.98
4.24875134632 1412727540.68
4.29364682911 1412727541.38
4.27401703328 1412727542.07
4.26983305117 1412727542.8
4.26597539501 1412727543.51
4.26167742184 1412727544.25
4.24219351825 1412727544.95
4.28405668711 1412727545.68
4.26770253222 1412727546.38
4.26190905197 1412727547.0
4.26782425253 1412727547.64
4.27169730989 1412727548.3
4.2266832102 1412727548.95
4.24204382763 1412727549.65
4.24043345276 1412727550.38
4.24179213634 1412727551.1
4.23827183094 1412727551.81
4.23687991671 1412727552.54
4.22065249052 1412727553.25
4.22919325317 1412727553.98
4.22925257182 1412727554.72
4.1870848352 1412727555.42
4.18643401688 1412727556.16
4.17303092907 1412727556.93
4.17310772917 1412727557.65
4.1603872013 1412727558.37
4.15989760352 1412727559.07
4.16159920833 1412727559.8
4.15668599284 1412727560.53
4.15610436903 1412727561.29
4.15520585282 1412727562.04
4.1551652134 1412727562.78
4.14571504483 1412727563.53
4.12758751933 1412727564.25
4.1291820208 1412727564.98
4.1300648562 1412727565.7
4.12833842505 1412727566.45
4.12681143385 1412727567.16
4.0935764229 1412727567.91
4.16177319194 1412727568.63
4.16440951232 1412727569.35
4.18856215686 1412727570.09
4.17106122942 1412727570.83
4.18893078501 1412727571.56
4.17395156727 1412727572.27
4.13161057324 1412727573.01
4.1385286744 1412727573.72
4.13598891366 1412727574.47
4.21692385898 1412727575.25
4.22565332584 1412727575.99
4.22208779019 1412727576.72
4.12936236465 1412727577.46
4.13155982587 1412727578.2
4.16171959472 1412727578.96
4.10860050132 1412727579.71
4.11432421281 1412727580.39
