1.52875144325 1412726140.4
1.53516721143 1412726140.69
1.5149691035 1412726141.06
1.55360948315 1412726141.43
1.53794306468 1412726141.85
1.61926361196 1412726142.18
1.66966120622 1412726142.49
1.66040095379 1412726142.86
1.71080816294 1412726143.26
1.70441532706 1412726143.66
1.62217871383 1412726144.12
1.61250229762 1412726144.5
1.71449098784 1412726144.86
1.718082415 1412726145.19
1.74935970089 1412726145.54
1.72373056883 1412726145.95
1.79340227142 1412726146.3
1.82200623716 1412726146.64
1.87963324484 1412726146.98
1.90280731334 1412726147.37
1.86652472359 1412726147.79
1.92904600741 1412726148.08
1.86231715068 1412726148.33
1.8937421826 1412726148.59
1.89026280472 1412726148.85
1.90356240163 1412726149.07
1.93722994431 1412726149.3
1.95747839843 1412726149.58
1.90120632968 1412726149.82
1.89418405098 1412726150.08
1.90770819857 1412726150.34
1.94220832026 1412726150.58
1.96322099157 1412726150.85
1.94668120774 1412726151.11
1.98467068263 1412726151.42
2.00407862555 1412726151.72
1.99699002635 1412726152.02
2.00125349608 1412726152.33
2.025144136 1412726152.62
2.01545791278 1412726152.9
2.03166684874 1412726153.19
2.05264887246 1412726153.48
2.06609403942 1412726153.77
2.08015401462 1412726154.05
2.09832691939 1412726154.34
2.11247292025 1412726154.64
2.13156080509 1412726154.94
2.14340597341 1412726155.27
1.99351285956 1412726155.59
2.00461008793 1412726155.89
2.01518119397 1412726156.31
2.02841621546 1412726156.69
2.03274637122 1412726156.99
2.05920220547 1412726157.32
2.08772960088 1412726157.64
2.11521540701 1412726157.93
2.12934169897 1412726158.24
2.14667995788 1412726158.55
2.16238610412 1412726158.83
2.1761644641 1412726159.17
2.17700133779 1412726159.47
2.19446252409 1412726159.78
2.2031633777 1412726160.08
2.20490751712 1412726160.37
2.21094121479 1412726160.68
2.21812512663 1412726160.97
2.2225663036 1412726161.28
2.22757983715 1412726161.54
2.23971535817 1412726161.8
2.24438381087 1412726162.07
2.24788995991 1412726162.33
2.25039163697 1412726162.59
2.25147746583 1412726162.85
2.25128281944 1412726163.11
2.26699818447 1412726163.36
2.26499949853 1412726163.65
2.26329705579 1412726163.87
2.25587409529 1412726164.15
2.26177493154 1412726164.44
2.25843732931 1412726164.69
2.25004593097 1412726164.94
2.25577983887 1412726165.2
2.2465189652 1412726165.48
2.2396672061 1412726165.74
2.24282969992 1412726166.02
2.23532912793 1412726166.28
2.23848372193 1412726166.56
2.22200447808 1412726166.86
2.22548376929 1412726167.11
2.24461500356 1412726167.38
2.22086255453 1412726167.63
2.25108136979 1412726167.89
2.2271406889 1412726168.18
2.24617723783 1412726168.43
2.22188760991 1412726168.67
2.23816779004 1412726168.93
2.21365444173 1412726169.2
2.23281571329 1412726169.47
2.20352995755 1412726169.72
2.22304528049 1412726170.0
2.19800024357 1412726170.26
2.22501251861 1412726170.53
2.19984720044 1412726170.81
2.21958548599 1412726171.08
2.18396586812 1412726171.34
2.17653557454 1412726171.62
2.15403617287 1412726171.86
2.14587404643 1412726172.12
2.13761646786 1412726172.43
2.12919635203 1412726172.69
2.12078528082 1412726172.95
2.12441881606 1412726173.19
2.11612858188 1412726173.44
2.11969962575 1412726173.72
2.12315292915 1412726173.98
2.11510981785 1412726174.25
2.11858818448 1412726174.51
2.11066485668 1412726174.77
2.11407676046 1412726175.01
2.1062847089 1412726175.27
2.10969745681 1412726175.54
2.11299321517 1412726175.83
2.10070452572 1412726176.09
2.10380776943 1412726176.37
2.10688274459 1412726176.65
2.0784333575 1412726176.9
2.07077930927 1412726177.15
2.07405236249 1412726177.4
2.08258428978 1412726177.65
2.05508406923 1412726177.92
2.07981697731 1412726178.19
2.05232028694 1412726178.45
2.07713542273 1412726178.73
2.04963736122 1412726179.01
2.07457293067 1412726179.29
2.04707517418 1412726179.57
2.07204457127 1412726179.84
2.04407401859 1412726180.08
2.06903683877 1412726180.34
2.07137632329 1412726180.61
2.06623742915 1412726180.91
2.06851134988 1412726181.21
2.06344423678 1412726181.47
2.0657727323 1412726181.74
2.0607663178 1412726182.0
2.06303150563 1412726182.26
2.06526028099 1412726182.56
2.03163275019 1412726182.82
2.03373270323 1412726183.09
2.03575063057 1412726183.39
2.02601170605 1412726183.66
2.02825194461 1412726183.93
2.02455765952 1412726184.17
2.02655517799 1412726184.45
2.02851107264 1412726184.72
2.03035387743 1412726184.98
2.03215838723 1412726185.25
2.03749200171 1412726185.5
2.02999318558 1412726185.77
2.0353510777 1412726186.05
2.02791355447 1412726186.32
2.0332783814 1412726186.6
2.02586459122 1412726186.87
2.03129872212 1412726187.15
2.02394596552 1412726187.42
2.02932773767 1412726187.69
2.02196119296 1412726187.97
2.0276369715 1412726188.24
2.02927657639 1412726188.5
2.02544079355 1412726188.77
2.01900167172 1412726189.06
2.01603053345 1412726189.33
2.01782825902 1412726189.58
2.04355182386 1412726189.87
2.04033693754 1412726190.14
2.03715049779 1412726190.4
2.03382590256 1412726190.67
2.03048158261 1412726190.93
2.03823699746 1412726191.2
2.03516454638 1412726191.47
2.03198672928 1412726191.73
2.02877540698 1412726191.99
2.02548554325 1412726192.27
2.02219846901 1412726192.54
2.01875948565 1412726192.82
2.01530272549 1412726193.09
2.01139273623 1412726193.36
2.01339548556 1412726193.61
2.0067109281 1412726193.88
2.0028319518 1412726194.14
1.97859813146 1412726194.4
2.00183282571 1412726194.67
1.99790128959 1412726194.94
1.98861775152 1412726195.2
1.98436075334 1412726195.47
1.94192187263 1412726195.81
1.94959373705 1412726196.13
1.925200339 1412726196.38
1.94787113237 1412726196.64
1.92345622834 1412726196.91
