11.1483240443 1412723189.55
11.1279461893 1412723189.85
11.0305679995 1412723190.13
11.3758335601 1412723190.44
11.3977409375 1412723190.76
11.4583276765 1412723191.06
11.5631101909 1412723191.37
11.6768712784 1412723191.69
11.6207541597 1412723192.06
11.3897102847 1412723192.37
11.3266350106 1412723192.66
11.1473795706 1412723192.93
11.0999962515 1412723193.21
11.2525251431 1412723193.51
11.2943339794 1412723193.79
11.1499818476 1412723194.07
11.0666056063 1412723194.37
11.1612411406 1412723194.69
11.0901333204 1412723194.97
11.106047116 1412723195.26
11.1409473017 1412723195.57
11.0882241644 1412723195.88
11.0333160532 1412723196.14
11.0086524853 1412723196.42
10.910540317 1412723196.71
10.9706384698 1412723196.98
10.7953745198 1412723197.26
10.7591540575 1412723197.56
10.7155485371 1412723197.87
10.8148384223 1412723198.13
10.7319475184 1412723198.46
10.8111840115 1412723198.76
10.7641006754 1412723199.06
10.7909622038 1412723199.39
10.7383729303 1412723199.68
10.5206292934 1412723199.96
10.6325386898 1412723200.27
10.5513237989 1412723200.59
10.4197512053 1412723200.87
10.1778817239 1412723201.17
10.0994017845 1412723201.48
9.97309206559 1412723201.77
9.89277319895 1412723202.08
9.76240309227 1412723202.38
9.82206472299 1412723202.68
9.77338463694 1412723202.95
9.74223390093 1412723203.21
9.47130200948 1412723203.45
9.58952794314 1412723203.71
9.56605065362 1412723204.03
9.59266919504 1412723204.32
9.52383419524 1412723204.6
9.50410805977 1412723204.85
9.33736520166 1412723205.14
9.24253666127 1412723205.42
9.18185480144 1412723205.73
9.07262003202 1412723206.0
8.95941388042 1412723206.27
8.8594995621 1412723206.54
8.85140809096 1412723206.82
8.49150980249 1412723207.11
8.36180595018 1412723207.48
8.384142784 1412723207.82
8.32062507404 1412723208.15
8.25370877756 1412723208.44
8.33826202104 1412723208.74
8.09237952898 1412723209.01
8.0703330542 1412723209.38
8.05234478632 1412723209.72
8.02065496889 1412723210.02
7.98633513243 1412723210.32
7.68592328209 1412723210.63
7.71114137528 1412723210.97
7.72476569379 1412723211.25
7.58526628978 1412723211.57
7.53407412544 1412723212.09
7.5444862282 1412723212.44
7.44678137526 1412723212.73
7.45701766774 1412723212.99
7.45753537591 1412723213.26
7.20275074756 1412723213.53
7.26634436406 1412723213.79
7.16077258208 1412723214.16
7.09651956012 1412723214.56
6.99934908854 1412723214.9
7.22527051065 1412723215.16
6.86727720423 1412723215.44
6.88975190106 1412723215.77
7.2386985049 1412723216.12
6.90831425277 1412723216.39
7.00233409846 1412723216.67
6.90425225883 1412723216.98
6.70818101873 1412723217.29
6.71096964602 1412723217.55
6.60305631679 1412723217.8
6.62492870263 1412723218.07
6.63023289327 1412723218.32
6.71618735741 1412723218.67
6.704861392 1412723218.98
6.56531514656 1412723219.24
6.4971952774 1412723219.51
6.49265064745 1412723219.82
6.51532318749 1412723220.16
6.60557358778 1412723220.41
6.45787099914 1412723220.77
6.43509113002 1412723221.09
6.29796610809 1412723221.38
6.32587337214 1412723221.67
6.1906081893 1412723221.93
6.24941673946 1412723222.22
6.41351646013 1412723222.49
6.55347850386 1412723222.76
6.52819172117 1412723223.01
6.61227585626 1412723223.26
6.58495659473 1412723223.5
6.57905147106 1412723223.76
6.59978350121 1412723224.03
6.57428835395 1412723224.3
6.54785088031 1412723224.55
6.48518323227 1412723224.81
6.52201434923 1412723225.06
6.49052910406 1412723225.3
6.49152050621 1412723225.56
6.45792868529 1412723225.82
6.34952008775 1412723226.08
6.31777022613 1412723226.33
6.27601097527 1412723226.59
6.13993371728 1412723226.85
6.09808303525 1412723227.1
6.04112527472 1412723227.37
6.05237467578 1412723227.61
5.91197189236 1412723227.87
5.81989658657 1412723228.15
5.76561442508 1412723228.42
5.69503071226 1412723228.68
5.61205200942 1412723228.99
5.45140647168 1412723229.33
5.17476316726 1412723229.63
5.20023837154 1412723229.91
5.11737798648 1412723230.17
5.04441441426 1412723230.44
5.24908475388 1412723230.71
5.0324841665 1412723231.03
5.04485925416 1412723231.3
4.97978294314 1412723231.58
5.00497774855 1412723231.84
4.94337998865 1412723232.13
4.94604224365 1412723232.4
4.90772516736 1412723232.63
4.91183051331 1412723232.89
4.87571099708 1412723233.16
4.77673139905 1412723233.41
4.7877837583 1412723233.65
4.72390406575 1412723233.94
4.7785054836 1412723234.19
4.74770685204 1412723234.43
4.64023032338 1412723234.7
4.6607366869 1412723234.97
4.60834224787 1412723235.22
4.62398913148 1412723235.5
4.57296960285 1412723235.78
4.5926503052 1412723236.04
4.52497747757 1412723236.27
4.55690826132 1412723236.52
4.5837311924 1412723236.8
4.57613414236 1412723237.07
4.56839923148 1412723237.35
4.56526930087 1412723237.67
4.54271094104 1412723237.92
4.56132130895 1412723238.16
4.55073295001 1412723238.6
4.54616111657 1412723238.97
4.5498174077 1412723239.32
4.5365793314 1412723239.68
4.53995892581 1412723240.02
4.54172488105 1412723240.35
4.53694788971 1412723240.72
4.49640366695 1412723241.06
4.49884227345 1412723241.49
4.50294581627 1412723241.89
4.484813106 1412723242.3
4.58709461837 1412723242.63
4.52019864634 1412723242.99
4.51822320229 1412723243.39
4.51815036355 1412723243.73
4.49027515557 1412723244.34
4.47503977071 1412723244.7
4.50911320165 1412723245.01
4.48883523041 1412723245.34
4.47211570245 1412723245.63
4.45275694712 1412723245.95
4.48572876838 1412723246.27
4.47809317849 1412723246.54
4.45127206117 1412723246.85
4.49065525937 1412723247.13
4.4671085373 1412723247.41
4.43793095664 1412723247.69
4.41071068517 1412723248.08
4.41617068057 1412723248.45
4.34505963709 1412723248.81
