19.1782776591 1412733189.01
19.4451616558 1412733190.17
19.3628052348 1412733191.27
18.8727023053 1412733192.34
18.6608709421 1412733193.52
17.9737136675 1412733194.63
17.5251633938 1412733195.76
16.5115131182 1412733196.94
16.8206424263 1412733198.05
16.1334467891 1412733199.19
16.1835268075 1412733200.27
15.7372606412 1412733201.4
15.9206059047 1412733202.54
15.4715622293 1412733203.65
15.734050962 1412733204.78
14.8457341395 1412733205.92
14.8400580909 1412733207.17
14.5403804255 1412733208.31
14.4120564393 1412733209.41
13.9697768019 1412733210.45
13.9936950129 1412733211.46
13.8371475361 1412733212.48
13.7004140479 1412733213.52
13.3465624135 1412733214.56
13.180212855 1412733215.63
12.9919329756 1412733216.69
12.4829850513 1412733217.72
12.6461124156 1412733218.76
12.2429245707 1412733219.76
12.2873673958 1412733220.8
12.4169985408 1412733221.9
12.3146510546 1412733222.97
12.3816677447 1412733224.04
12.1285185598 1412733225.12
11.7030431321 1412733226.2
11.537942242 1412733227.28
11.4362580865 1412733228.31
11.5698540916 1412733229.4
11.5039816719 1412733230.47
11.4596368191 1412733231.53
11.4252440624 1412733232.59
11.2286413786 1412733233.62
11.3329396861 1412733234.69
11.4288121737 1412733235.77
11.4266457067 1412733236.88
11.2813977616 1412733237.98
11.3554204287 1412733239.08
11.3193614825 1412733240.15
11.373588465 1412733241.31
11.3230760138 1412733242.43
11.3138114176 1412733243.55
11.3064877506 1412733244.62
11.3219428658 1412733245.71
11.1755907847 1412733246.84
11.2220426063 1412733247.88
11.322305795 1412733248.99
11.2112176338 1412733250.07
11.2058184634 1412733251.17
11.1843124526 1412733252.28
11.0510977693 1412733253.42
11.1554688611 1412733254.53
11.1614308849 1412733255.67
11.1232281387 1412733256.83
11.1266489271 1412733257.93
11.1650586078 1412733259.03
11.1900376124 1412733260.17
11.1687937666 1412733261.28
11.1552362485 1412733262.41
11.1125738807 1412733263.52
11.2225301959 1412733264.68
11.1778181441 1412733265.81
11.2104174079 1412733266.96
11.2072459339 1412733268.1
11.1941871548 1412733269.26
11.1944315071 1412733270.4
11.1729348175 1412733271.55
11.1737339115 1412733272.65
11.1920578408 1412733273.77
11.2187343388 1412733274.86
11.2067900454 1412733275.99
11.2065795939 1412733277.13
11.2216920384 1412733278.28
11.2390223634 1412733279.38
11.272601869 1412733280.49
11.2355211737 1412733281.64
11.2202127881 1412733282.82
11.1959153145 1412733283.91
11.1865471274 1412733285.1
11.1678021519 1412733286.22
11.1360206349 1412733287.35
11.105814477 1412733288.52
11.1418963259 1412733289.67
11.144973778 1412733290.84
11.1105871833 1412733292.0
11.1350140339 1412733293.11
11.1418281091 1412733294.26
11.2107829059 1412733295.43
11.1581636176 1412733296.59
11.1479642461 1412733297.73
11.1950575729 1412733298.92
11.2086250991 1412733300.04
11.1843536027 1412733301.18
11.1733579352 1412733302.31
11.2096275862 1412733303.46
11.1972617189 1412733304.64
11.1955024545 1412733305.84
11.1936390757 1412733306.96
11.1705112757 1412733308.13
11.1617141134 1412733309.31
11.1530141558 1412733310.48
11.1838925028 1412733311.62
11.2315717857 1412733312.82
11.0948509429 1412733313.97
11.0804188585 1412733315.12
11.0944812766 1412733316.31
11.073801806 1412733317.5
11.0859849817 1412733318.63
11.0907717157 1412733319.78
11.0912651563 1412733320.98
11.0870512106 1412733322.12
11.0955206666 1412733323.28
11.083555796 1412733324.45
11.1447908123 1412733325.63
11.215741892 1412733326.84
11.1741525601 1412733328.01
11.1895144382 1412733329.24
11.2240415599 1412733330.44
11.2291989073 1412733331.6
11.2684356936 1412733332.75
11.2418598042 1412733333.95
11.1784194742 1412733335.11
11.1143992367 1412733336.33
11.1965767051 1412733337.58
11.2185609754 1412733338.75
11.2133381346 1412733339.92
11.2310373688 1412733341.09
11.3990479856 1412733342.31
11.3529186511 1412733343.49
11.397410729 1412733344.63
11.393452037 1412733345.77
11.5203565657 1412733346.94
11.7772761465 1412733348.15
11.9965200937 1412733349.3
12.0636143873 1412733350.46
12.2268511282 1412733351.69
12.2613995208 1412733352.91
12.4166492831 1412733354.13
12.5743177964 1412733355.33
12.869023638 1412733356.53
12.8951065961 1412733357.71
13.1090129168 1412733358.91
13.1075295381 1412733360.1
13.373313862 1412733361.23
13.4844894803 1412733362.41
13.6624669511 1412733363.6
13.8528528574 1412733364.72
13.9905127552 1412733365.88
13.9754608442 1412733367.05
13.9003107953 1412733368.19
13.8237475681 1412733369.35
13.9569863011 1412733370.52
13.9725915557 1412733371.7
14.1993396234 1412733372.88
14.2275155248 1412733374.04
14.3592287825 1412733375.17
14.3839850654 1412733376.39
14.7314032099 1412733377.57
14.8584707664 1412733378.8
15.0376788344 1412733379.95
15.0788517973 1412733381.1
15.2692048444 1412733382.31
15.2750328828 1412733383.58
15.7727095927 1412733384.83
15.7673285412 1412733386.09
16.0381603265 1412733387.38
16.1529336873 1412733388.64
16.1054326651 1412733389.95
16.1984085153 1412733391.19
16.2805099372 1412733392.5
15.9528548249 1412733393.73
16.0385578364 1412733394.92
15.9329072846 1412733396.15
16.0771706756 1412733397.32
15.7536847163 1412733398.55
15.7674676338 1412733399.75
15.8907570438 1412733400.98
16.2230102693 1412733402.25
16.1159799537 1412733403.62
16.0369447548 1412733405.0
15.9867861495 1412733406.29
16.0782263688 1412733407.57
15.8600613952 1412733408.82
15.9300424916 1412733410.16
16.0363195339 1412733411.45
16.0434948065 1412733412.71
16.1038349891 1412733413.97
16.4300963569 1412733415.24
16.4959911574 1412733416.53
16.7413587548 1412733417.82
16.4247869136 1412733419.19
