11.5824690313 1412721901.19
12.0028786523 1412721901.28
11.7180608801 1412721901.38
11.6927061618 1412721901.46
11.4184251495 1412721901.54
11.1449343915 1412721901.63
10.9025039997 1412721901.72
10.6299757508 1412721901.85
10.3671394097 1412721901.97
10.2894041311 1412721902.07
10.2663712402 1412721902.16
10.3084699056 1412721902.25
10.137604807 1412721902.35
10.1756707597 1412721902.42
10.0051797386 1412721902.52
9.94469886281 1412721902.6
9.96777470242 1412721902.67
9.81078318408 1412721902.76
9.6360244141 1412721902.85
9.59629086002 1412721902.93
9.38543473698 1412721903.0
9.34736141181 1412721903.07
9.12552480662 1412721903.17
9.10808646546 1412721903.34
9.05400493062 1412721903.47
9.0445493462 1412721903.57
8.94597202333 1412721903.65
8.86199866827 1412721903.74
8.45604034433 1412721903.82
8.40899043453 1412721903.91
8.33805375042 1412721904.01
8.36044273358 1412721904.11
7.94143396245 1412721904.19
7.88450825995 1412721904.27
7.90386755722 1412721904.39
7.89446869677 1412721904.49
7.83980516875 1412721904.58
7.83739906462 1412721904.65
7.78260568864 1412721904.71
7.84464566009 1412721904.8
7.85301092297 1412721904.88
7.88604805129 1412721904.96
7.88956861041 1412721905.05
7.91553061682 1412721905.14
7.81253099771 1412721905.25
7.84803510798 1412721905.37
8.0526129361 1412721905.47
8.09485850999 1412721905.58
8.33266556631 1412721905.69
8.26660105822 1412721905.79
8.25468785778 1412721905.87
8.18495409305 1412721905.97
8.11118970358 1412721906.05
8.06794629878 1412721906.15
8.04127508505 1412721906.23
8.08573061166 1412721906.31
8.01353812054 1412721906.38
8.02956011151 1412721906.47
7.9976604253 1412721906.56
8.1761087242 1412721906.66
8.15117686105 1412721906.73
8.15431007787 1412721906.82
8.15467971389 1412721906.89
8.14497709903 1412721906.97
8.10008328298 1412721907.06
8.15083583364 1412721907.15
8.12761507699 1412721907.24
8.09623033418 1412721907.36
8.04989946911 1412721907.45
8.01028585062 1412721907.54
7.98812328997 1412721907.63
7.90191446833 1412721907.72
7.86415821525 1412721907.82
7.81657673913 1412721907.91
7.8596749867 1412721908.0
7.5701326328 1412721908.1
7.53581035837 1412721908.17
7.5570293264 1412721908.28
7.53278250927 1412721908.37
7.50436716924 1412721908.45
7.47667246657 1412721908.54
7.45103983203 1412721908.61
7.41922904857 1412721908.68
7.45376334318 1412721908.79
7.42516109879 1412721908.89
7.37410416157 1412721908.99
7.34828709656 1412721909.09
7.39264363716 1412721909.19
7.25963790131 1412721909.29
7.19797542803 1412721909.4
6.913052264 1412721909.49
6.89331063309 1412721909.58
6.73680806969 1412721909.66
6.63002646161 1412721909.75
6.30727517108 1412721909.85
6.29300321941 1412721909.94
6.27952428549 1412721910.03
6.26675343558 1412721910.12
6.08336555336 1412721910.21
5.9101125397 1412721910.32
5.90236946655 1412721910.4
5.95432013121 1412721910.5
5.94470356923 1412721910.61
5.93586344638 1412721910.69
5.67485890027 1412721910.77
5.58446582214 1412721910.89
5.37241874427 1412721910.99
5.36555753901 1412721911.09
5.26551011726 1412721911.26
5.14821482718 1412721911.49
5.24487829536 1412721911.62
5.24263084392 1412721911.75
5.07420061047 1412721911.89
5.09300587285 1412721912.05
5.09327229728 1412721912.16
4.54838397992 1412721912.26
4.53904362551 1412721912.37
4.5398416632 1412721912.48
4.54089216247 1412721912.62
4.5423726567 1412721912.72
4.54422561536 1412721912.81
4.35051771239 1412721912.93
4.16525872443 1412721913.06
4.16729301361 1412721913.17
4.16956256029 1412721913.27
4.18443913178 1412721913.4
4.18734327269 1412721913.53
4.20481117659 1412721913.64
4.20841590469 1412721913.75
4.23078506303 1412721913.89
4.23403050273 1412721914.0
3.96914963745 1412721914.09
4.04271721599 1412721914.19
4.04595616481 1412721914.32
4.05082109079 1412721914.47
4.05417629072 1412721914.59
4.01396357749 1412721914.7
4.07909309712 1412721914.81
3.96653931394 1412721914.92
3.96745947177 1412721915.02
3.9686446011 1412721915.12
3.96991908911 1412721915.24
3.97077485483 1412721915.37
3.97287185168 1412721915.47
3.597123128 1412721915.55
3.59745846593 1412721915.65
3.59783804401 1412721915.75
3.59887070934 1412721915.87
3.56219939665 1412721915.98
3.39638507311 1412721916.09
3.43088556214 1412721916.19
3.43533018661 1412721916.31
3.43980951075 1412721916.42
3.4442768143 1412721916.54
3.44886190178 1412721916.65
3.45347216396 1412721916.75
3.4581689395 1412721916.85
3.4627724963 1412721916.95
3.35162139157 1412721917.06
3.35242570115 1412721917.19
3.35322488506 1412721917.31
3.35402397196 1412721917.42
3.35486250574 1412721917.52
3.35573273921 1412721917.63
3.37650461755 1412721917.73
3.37902766657 1412721917.84
3.38179056166 1412721917.92
3.35101288968 1412721918.0
3.35368907578 1412721918.09
3.35638209116 1412721918.19
3.3591807955 1412721918.3
3.36202047383 1412721918.43
3.36489930184 1412721918.54
3.36789101903 1412721918.64
3.37085741002 1412721918.73
3.37393418902 1412721918.83
3.37707103975 1412721918.94
3.38033497702 1412721919.04
3.3835231088 1412721919.15
3.30741656074 1412721919.26
3.31099880669 1412721919.39
3.31455564422 1412721919.5
3.31830377777 1412721919.6
3.32208169075 1412721919.69
3.32593547321 1412721919.79
3.32978894346 1412721919.9
3.33380994978 1412721920.01
3.33795763564 1412721920.1
3.38383345797 1412721920.22
3.38864867448 1412721920.38
3.39334293213 1412721920.5
3.39824409785 1412721920.64
3.40312373607 1412721920.75
3.40825014821 1412721920.85
3.41323497566 1412721920.94
3.26760272778 1412721921.05
3.27131589854 1412721921.15
3.2825485397 1412721921.26
3.28643567351 1412721921.36
3.2902652672 1412721921.46
