17.9739799817 1412730828.02
17.4328319952 1412730828.79
16.9506071491 1412730829.54
16.1896220107 1412730830.28
15.7822245366 1412730831.01
15.8770698648 1412730831.76
15.258145056 1412730832.5
14.8472572754 1412730833.21
14.6658850313 1412730833.93
14.1722145848 1412730834.68
14.0360733982 1412730835.4
13.6819677047 1412730836.11
13.2667213557 1412730836.85
12.9578222153 1412730837.6
12.6982874637 1412730838.37
12.4683281901 1412730839.13
12.0096621877 1412730839.9
11.8884062343 1412730840.7
11.4316218281 1412730841.41
10.9636208831 1412730842.18
10.8347858308 1412730842.93
10.6570993598 1412730843.72
10.8443586879 1412730844.47
10.6415071872 1412730845.25
10.1615525541 1412730846.03
9.99761722565 1412730846.8
9.84406049728 1412730847.58
9.65893424471 1412730848.34
9.40655744681 1412730849.14
9.17118840051 1412730849.97
9.28759920468 1412730850.79
9.01917789722 1412730851.62
8.95790485519 1412730852.49
8.7825742429 1412730853.26
8.73360106994 1412730854.11
8.66864404237 1412730854.91
8.40699121402 1412730855.74
8.32305541271 1412730856.57
8.24500190008 1412730857.4
7.99677921509 1412730858.22
7.83952055399 1412730859.09
7.82722911904 1412730859.9
7.90831285973 1412730860.77
7.89266666257 1412730861.63
7.68896535701 1412730862.5
7.73915033966 1412730863.41
7.83294433299 1412730864.31
7.50045082624 1412730865.14
7.59324804011 1412730866.01
7.04950388309 1412730866.89
7.24466950142 1412730867.8
7.48547540304 1412730868.74
7.89523390406 1412730869.62
8.04791298127 1412730870.52
7.92867222996 1412730871.34
8.18369791634 1412730872.22
8.05998230935 1412730873.11
7.98045700722 1412730874.02
8.18583682079 1412730874.91
8.60131977482 1412730875.74
8.53118362258 1412730876.63
8.67230693545 1412730877.54
8.34622099329 1412730878.49
8.40567579038 1412730879.39
8.61333436674 1412730880.3
8.35627505729 1412730881.21
8.19707165887 1412730882.14
8.16624684793 1412730883.08
7.9647911011 1412730883.96
7.66974977912 1412730884.91
7.59571110349 1412730885.86
7.48990947445 1412730886.82
6.65880245367 1412730887.74
6.77198912699 1412730888.67
6.07616405697 1412730889.61
5.969637309 1412730890.56
5.96349955987 1412730891.58
6.01475153143 1412730892.5
5.8576950721 1412730893.45
5.24276439501 1412730894.39
4.71943889789 1412730895.36
4.51670842757 1412730896.29
4.60624199251 1412730897.24
4.72048490471 1412730898.22
4.73132066825 1412730899.14
4.8837263334 1412730900.1
5.01660917703 1412730901.04
5.19081230987 1412730901.97
5.53170771357 1412730902.92
5.53541785422 1412730903.87
5.45352816044 1412730904.8
6.19463235684 1412730905.78
5.83006334514 1412730906.78
5.92268696808 1412730907.75
5.95363516188 1412730908.75
5.97530399298 1412730909.72
5.97396638257 1412730910.71
6.02221002169 1412730911.7
5.9669457351 1412730912.68
5.97842926991 1412730913.67
5.85086978384 1412730914.66
5.85403543689 1412730915.62
5.90103102504 1412730916.58
6.11752170197 1412730917.56
6.21888118178 1412730918.55
6.46945163533 1412730919.51
6.48981451467 1412730920.49
6.49202578575 1412730921.49
6.78177997304 1412730922.48
6.76501903503 1412730923.44
6.38583257265 1412730924.48
6.29126639757 1412730925.46
6.29456400063 1412730926.44
6.31812088471 1412730927.41
6.33486135044 1412730928.39
6.35131810357 1412730929.4
6.44666908471 1412730930.38
6.46328289685 1412730931.37
6.53988163086 1412730932.44
6.73719045317 1412730933.45
6.77569513552 1412730934.46
6.13569835659 1412730935.44
6.01112832116 1412730936.43
5.95536882033 1412730937.43
6.16984810269 1412730938.38
6.06616307606 1412730939.39
6.27366226895 1412730940.4
6.25290909732 1412730941.4
6.22053028766 1412730942.4
6.24576723066 1412730943.44
6.28743509654 1412730944.5
6.95132000066 1412730945.53
6.70548113191 1412730946.57
6.73286980123 1412730947.58
7.20111602582 1412730948.59
7.73517501439 1412730949.61
7.71067688975 1412730950.62
7.10378264852 1412730951.62
6.85677115592 1412730952.65
6.54161639634 1412730953.67
6.54709896041 1412730954.7
6.53359757557 1412730955.73
6.47965382722 1412730956.77
6.23750429072 1412730957.75
6.22368499075 1412730958.76
5.97963494763 1412730959.75
6.22597041666 1412730960.75
5.9789340656 1412730961.73
6.51616387723 1412730962.76
6.71414976804 1412730963.83
7.03114332465 1412730964.91
6.88595626302 1412730965.91
6.84294397546 1412730967.14
7.89169602335 1412730968.27
7.88521891532 1412730969.37
8.30083015973 1412730970.66
8.33066306029 1412730972.0
8.42707745321 1412730973.26
8.47642424111 1412730974.36
7.39715788306 1412730975.93
8.39326992508 1412730977.43
8.95505718834 1412730978.66
8.8921722632 1412730980.04
8.58407060996 1412730981.75
7.23147349699 1412730982.94
7.31356143364 1412730984.05
8.64798497424 1412730985.3
7.55263151694 1412730986.42
8.11614615433 1412730987.52
6.77137386175 1412730988.66
6.89942305298 1412730989.83
7.13844155124 1412730990.97
7.21127421577 1412730992.13
6.45759387119 1412730993.31
6.028585973 1412730994.43
6.30828495895 1412730995.58
6.63953542207 1412730996.72
6.84452843714 1412730997.88
7.05533356697 1412730999.08
7.00023370416 1412731000.27
7.37495270394 1412731001.36
6.27290283944 1412731002.45
6.55640578836 1412731003.66
4.93514170687 1412731004.76
4.21821994919 1412731005.88
3.82068585968 1412731007.13
4.88325169296 1412731008.43
4.44293686771 1412731009.62
3.8851172641 1412731010.83
4.47754133045 1412731011.98
3.66938802105 1412731013.19
3.72715491265 1412731014.33
4.59392952688 1412731015.5
4.22205131273 1412731016.81
4.27732098914 1412731017.97
4.43415192048 1412731019.16
4.49780212723 1412731020.34
4.35857492029 1412731021.49
4.6024125177 1412731022.68
5.48180855263 1412731024.03
