10.5596058312 1412722408.9
10.6415460675 1412722409.03
10.6141407139 1412722409.17
10.3390576047 1412722409.31
10.4309850179 1412722409.44
10.7551490973 1412722409.57
10.8712785538 1412722409.69
11.0351715685 1412722409.87
10.8006957004 1412722410.01
10.5798699457 1412722410.14
10.2573970126 1412722410.28
9.91899138695 1412722410.43
9.6198776366 1412722410.56
9.50752190099 1412722410.68
9.38477591902 1412722410.81
9.26251150845 1412722410.93
9.1853455906 1412722411.05
8.89124166654 1412722411.19
8.73834015674 1412722411.32
8.69244979777 1412722411.46
8.58682679072 1412722411.59
8.65985212301 1412722411.71
8.20346954967 1412722411.82
8.19617388386 1412722411.96
8.19438300244 1412722412.1
8.07158798431 1412722412.25
7.93375796065 1412722412.38
7.90334577372 1412722412.49
8.01053127669 1412722412.63
7.98455728598 1412722412.77
8.00893096058 1412722412.91
7.79858433363 1412722413.04
7.79702576643 1412722413.17
7.79548504488 1412722413.28
7.6597206471 1412722413.41
7.65789925679 1412722413.56
7.65621825689 1412722413.7
7.50950003994 1412722413.83
7.51590474214 1412722413.97
7.50181995503 1412722414.09
7.48778075084 1412722414.22
7.5441929713 1412722414.35
7.66376023667 1412722414.5
7.66313924292 1412722414.64
7.52809863413 1412722414.76
7.646858716 1412722414.9
7.64617696227 1412722415.04
7.51176166962 1412722415.19
7.62971700101 1412722415.3
7.62901632495 1412722415.44
7.49534930299 1412722415.56
7.6123872473 1412722415.68
7.61169180536 1412722415.83
7.42174904071 1412722415.97
7.61115265261 1412722416.09
7.61062606726 1412722416.21
7.40007576941 1412722416.34
7.5878285948 1412722416.47
7.58724191408 1412722416.61
7.37827027699 1412722416.75
7.56430626706 1412722416.87
7.56357478089 1412722417.0
7.55274864686 1412722417.12
7.54151352665 1412722417.26
7.53010306571 1412722417.42
7.51855006059 1412722417.54
7.42070118577 1412722417.68
7.40434370537 1412722417.81
7.1592204321 1412722417.96
7.18110588197 1412722418.09
7.17542701529 1412722418.23
7.06010193196 1412722418.38
7.05671574621 1412722418.5
7.13794270156 1412722418.63
7.13298183802 1412722418.78
7.07684884635 1412722418.93
7.07257815218 1412722419.07
7.06818573146 1412722419.2
7.06370087657 1412722419.34
7.05657364051 1412722419.48
7.04952824325 1412722419.6
7.04245568203 1412722419.75
7.03548181556 1412722419.9
7.02850516129 1412722420.03
7.02163070466 1412722420.17
7.01478154942 1412722420.31
7.00800082092 1412722420.45
7.00124381082 1412722420.58
6.99457186072 1412722420.73
6.9047181246 1412722420.85
6.89577867251 1412722420.99
6.88693673112 1412722421.13
6.87808741625 1412722421.26
6.86931983061 1412722421.42
6.8605529198 1412722421.55
6.90656015844 1412722421.69
6.86903780166 1412722421.82
6.7917321888 1412722421.94
6.79019652765 1412722422.06
6.78871425676 1412722422.19
6.78721220732 1412722422.32
6.78574735049 1412722422.44
6.78429219999 1412722422.56
6.78289691068 1412722422.67
6.78155270725 1412722422.8
6.78017695259 1412722422.92
6.77878488425 1412722423.06
6.77752698978 1412722423.18
6.77619891102 1412722423.28
6.77496863741 1412722423.41
6.77370384548 1412722423.52
6.77368355101 1412722423.65
6.77361576937 1412722423.78
6.77358059847 1412722423.9
6.77354778282 1412722424.01
6.77353855784 1412722424.14
6.77350823443 1412722424.26
6.77349512206 1412722424.4
6.77347676063 1412722424.55
6.77341446576 1412722424.67
6.77336865035 1412722424.77
6.77342123271 1412722424.89
6.77332245744 1412722425.01
6.77336521341 1412722425.15
6.772076206 1412722425.29
6.77207643002 1412722425.41
6.77205827146 1412722425.52
6.7720189106 1412722425.63
6.71782760104 1412722425.76
6.76811106678 1412722425.88
6.76810952243 1412722426.0
6.7680165081 1412722426.12
6.7679768462 1412722426.25
6.71386575862 1412722426.35
6.76405582555 1412722426.47
6.76397924535 1412722426.59
6.76394122551 1412722426.73
6.70990499567 1412722426.86
6.7599743592 1412722426.98
6.67014411449 1412722427.09
6.66698479701 1412722427.21
6.6638031034 1412722427.32
6.6606039195 1412722427.47
6.65732606023 1412722427.6
6.65402887815 1412722427.73
6.6506457813 1412722427.85
6.6472508959 1412722428.09
6.64383275679 1412722428.26
6.64029786471 1412722428.49
6.76267160269 1412722428.64
6.63637668388 1412722428.81
6.6328183027 1412722428.93
6.62916224273 1412722429.05
6.62553283212 1412722429.17
6.74729107462 1412722429.32
6.53256766825 1412722429.45
6.52778672827 1412722429.58
6.5230870485 1412722429.69
6.7179039087 1412722429.82
6.51812712113 1412722429.97
6.51344131437 1412722430.11
6.70769173646 1412722430.23
6.50851159756 1412722430.34
6.50391621732 1412722430.47
6.49925059601 1412722430.59
6.69275042988 1412722430.71
6.49438647822 1412722430.83
6.48982014484 1412722430.97
6.68278264296 1412722431.1
6.484968501 1412722431.22
6.48041826693 1412722431.32
6.4758535104 1412722431.44
6.66805484068 1412722431.56
6.6611023097 1412722431.69
6.66081248689 1412722431.82
6.46438797477 1412722431.94
6.45971892529 1412722432.06
6.65075030685 1412722432.17
6.45492258155 1412722432.29
6.45031100406 1412722432.42
6.64087881993 1412722432.56
6.45807804186 1412722432.69
6.64888003605 1412722432.83
6.64286750804 1412722432.95
6.63670525133 1412722433.06
6.63077063584 1412722433.18
6.54377744917 1412722433.33
6.54016421277 1412722433.44
6.53651373601 1412722433.56
6.53291072248 1412722433.68
6.52916714608 1412722433.8
6.33405337823 1412722433.92
6.32615684563 1412722434.02
6.31823346459 1412722434.14
6.31042135584 1412722434.27
6.310064514 1412722434.41
6.30245132588 1412722434.51
6.30207101507 1412722434.63
6.29461093095 1412722434.75
6.29417654943 1412722434.88
