21.6268248189 1412722096.54
22.3736767942 1412722096.67
22.2259413461 1412722096.81
22.4332756445 1412722096.99
22.2911537112 1412722097.11
22.5913232369 1412722097.23
22.6301227343 1412722097.34
23.3396176473 1412722097.46
25.0541770397 1412722097.58
24.7494284569 1412722097.76
24.2658756645 1412722097.9
25.2064656187 1412722098.05
24.7977383866 1412722098.31
24.8172035894 1412722098.46
25.3057659707 1412722098.63
25.5053542176 1412722098.76
25.7909815154 1412722098.89
25.6589471348 1412722099.03
25.8423433527 1412722099.18
25.8082576621 1412722099.36
25.9952150865 1412722099.5
25.8997337464 1412722099.64
25.6848702923 1412722099.77
25.7267411206 1412722099.91
26.2169850779 1412722100.05
26.2698387671 1412722100.33
26.2700040772 1412722100.5
26.6639980787 1412722100.67
26.4217899222 1412722100.82
26.7505369569 1412722100.94
26.6207435107 1412722101.09
26.777113283 1412722101.27
26.7549268549 1412722101.45
26.7784878465 1412722101.66
26.6610522402 1412722101.82
26.64438065 1412722101.99
26.6152355047 1412722102.12
26.7452147056 1412722102.29
26.638714966 1412722102.46
26.6321453208 1412722102.58
26.6583414007 1412722102.72
26.6367081073 1412722102.84
26.6589214439 1412722102.96
26.6518593596 1412722103.07
26.6705645445 1412722103.19
26.6628303509 1412722103.33
26.6793641439 1412722103.46
26.6830125654 1412722103.59
26.6335603708 1412722103.73
26.6517409404 1412722103.86
26.8899511843 1412722104.0
26.8374065173 1412722104.13
26.8037206168 1412722104.23
26.7901327496 1412722104.39
26.7772886152 1412722104.55
26.7650655966 1412722104.66
26.5255603982 1412722104.79
26.6126550981 1412722104.92
26.5670174698 1412722105.15
26.5423852307 1412722105.32
26.5185482874 1412722105.45
26.691804293 1412722105.59
26.9354162381 1412722105.72
26.9136226201 1412722105.86
26.8729239375 1412722106.01
26.8533722958 1412722106.2
26.7083222244 1412722106.45
26.69959866 1412722106.64
27.0792340942 1412722106.77
27.0365030386 1412722106.92
26.984478766 1412722107.04
27.4293617371 1412722107.18
27.4308275373 1412722107.32
27.0964891712 1412722107.51
27.1028850758 1412722107.67
27.1103922816 1412722107.81
27.0638528397 1412722107.95
26.9929469142 1412722108.14
26.9438349407 1412722108.41
26.9466045397 1412722108.55
26.9250472794 1412722108.68
26.878694953 1412722108.8
27.4084185441 1412722108.92
27.368381993 1412722109.04
27.3824917494 1412722109.2
27.3426326904 1412722109.34
27.160336134 1412722109.49
27.1671205088 1412722109.63
27.121719409 1412722109.77
27.1278618121 1412722109.89
27.0829651971 1412722110.02
27.088485047 1412722110.14
26.8259420219 1412722110.28
26.8379454121 1412722110.42
26.7710478775 1412722110.54
26.7594044992 1412722110.64
26.6589913984 1412722110.76
26.4032411068 1412722110.89
26.4049105725 1412722111.02
26.3687891758 1412722111.15
26.3717749257 1412722111.28
26.3376769655 1412722111.45
26.289530838 1412722111.58
26.2816268395 1412722111.68
26.2724087573 1412722111.79
26.2619029677 1412722111.91
26.2035131661 1412722112.02
26.8517020564 1412722112.14
26.877297356 1412722112.28
26.9020553911 1412722112.44
26.927176949 1412722112.57
26.6075049244 1412722112.69
26.6149477233 1412722112.85
26.6229192873 1412722113.06
26.6313017051 1412722113.23
26.6401225382 1412722113.38
26.6116809852 1412722113.52
26.62317879 1412722113.68
26.6353076478 1412722113.82
26.635467321 1412722113.96
26.649360544 1412722114.09
26.6640226792 1412722114.23
26.6793184646 1412722114.42
26.6815636106 1412722114.56
26.698927197 1412722114.69
26.5804637899 1412722114.83
26.5813801509 1412722114.96
26.1769083997 1412722115.09
26.1645596475 1412722115.21
26.1521681199 1412722115.34
26.1294225208 1412722115.46
25.8916724384 1412722115.59
25.883221332 1412722115.73
25.8650469412 1412722115.85
25.8572488399 1412722115.96
25.8392486289 1412722116.09
25.8319746377 1412722116.22
25.7944507615 1412722116.39
25.890143701 1412722116.52
25.8832750624 1412722116.65
25.8684603489 1412722116.77
25.8619579671 1412722116.89
25.8472389796 1412722117.01
25.8411303445 1412722117.14
25.8351118882 1412722117.27
25.8208071287 1412722117.39
26.0007492879 1412722117.51
25.9835705032 1412722117.65
25.9757779013 1412722117.78
25.9679573988 1412722117.91
25.9511239306 1412722118.04
25.8883541169 1412722118.16
25.8793008783 1412722118.3
25.8606134011 1412722118.44
25.8519339038 1412722118.56
25.8432768008 1412722118.69
25.8248744619 1412722118.81
25.8166203066 1412722118.94
25.8559901599 1412722119.06
25.1097624076 1412722119.18
25.1130599323 1412722119.33
25.1081685916 1412722119.46
25.11149694 1412722119.59
25.1002152974 1412722119.72
25.1034679594 1412722119.84
25.0989009803 1412722119.99
25.055064495 1412722120.12
25.0489092723 1412722120.24
25.0446748828 1412722120.42
25.0384137764 1412722120.55
25.0340344326 1412722120.69
25.0356095034 1412722120.81
25.0237842865 1412722120.94
25.0251462109 1412722121.07
25.0133715471 1412722121.2
25.014649987 1412722121.33
25.0085920506 1412722121.47
25.0042805394 1412722121.59
24.9981122821 1412722121.71
24.9938760358 1412722121.85
24.987532796 1412722121.98
24.9832073392 1412722122.1
24.9768141144 1412722122.23
24.9781847552 1412722122.39
24.9664249415 1412722122.52
24.9676313971 1412722122.63
24.9560206852 1412722122.76
24.957047017 1412722122.88
24.9454099163 1412722123.01
24.9463529069 1412722123.14
24.9347300753 1412722123.27
24.9356212329 1412722123.39
24.9313343366 1412722123.51
24.924882871 1412722123.63
24.9257434627 1412722123.76
24.914559966 1412722123.88
24.9151704739 1412722124.0
24.9040605794 1412722124.12
24.7401448112 1412722124.23
24.7241782753 1412722124.38
