8.09793444358 1412735247.69
8.01260986859 1412735248.68
7.82766923591 1412735249.64
7.78623535124 1412735250.59
7.53908460605 1412735251.59
7.2949277385 1412735252.52
6.9434353617 1412735253.49
6.96470669741 1412735254.45
6.61585882916 1412735255.38
6.55833134023 1412735256.36
6.19650382682 1412735257.3
6.03052261495 1412735258.24
5.92205117735 1412735259.18
5.87567009121 1412735260.12
5.82699632738 1412735261.01
5.72644203595 1412735261.97
5.73060964961 1412735262.89
5.73195680814 1412735263.84
5.6145423698 1412735264.75
5.63314844623 1412735265.68
5.50211094747 1412735266.62
5.48267467129 1412735267.57
5.58564838774 1412735268.52
5.55896430653 1412735269.47
5.57165801569 1412735270.41
5.58930046564 1412735271.36
5.57546533362 1412735272.3
5.67183758692 1412735273.25
5.67995713862 1412735274.19
5.77896806889 1412735275.15
5.55537052907 1412735276.1
5.58684924202 1412735277.03
5.79012762325 1412735277.97
5.50992100689 1412735278.94
5.49323066479 1412735279.83
5.51260495589 1412735280.79
5.51420914833 1412735281.69
5.55619983591 1412735282.61
5.53458162314 1412735283.57
5.6833414511 1412735284.53
5.60096007309 1412735285.46
5.56582617576 1412735286.36
5.34392611473 1412735287.24
5.29600638517 1412735288.22
5.29760613104 1412735289.13
5.26495819321 1412735290.04
5.25050673407 1412735290.92
5.22804603077 1412735291.86
5.2620105137 1412735292.81
5.20990568479 1412735293.77
5.22300801395 1412735294.69
5.22894476644 1412735295.62
5.24116958271 1412735296.57
5.27232870127 1412735297.5
5.24522091119 1412735298.43
5.22280867999 1412735299.4
5.24357959954 1412735300.34
5.21238764157 1412735301.27
5.21943300579 1412735302.24
5.19787921548 1412735303.2
5.1911114525 1412735304.17
5.17859325157 1412735305.07
5.19509820761 1412735306.03
5.18444672284 1412735306.98
5.1858147079 1412735307.95
5.08198909254 1412735308.93
5.08619971235 1412735309.86
5.07580487946 1412735310.83
5.04188771329 1412735311.78
5.04946417939 1412735312.74
5.0429580461 1412735313.68
5.0468642907 1412735314.64
5.05593241498 1412735315.64
5.11093999726 1412735316.65
5.14027763673 1412735317.57
5.12502061573 1412735318.52
5.0918735613 1412735319.48
5.14630165609 1412735320.45
5.12378827993 1412735321.39
5.09493092682 1412735322.3
5.10970590535 1412735323.26
5.09427148632 1412735324.22
5.09581176273 1412735325.18
5.04889901974 1412735326.09
5.0578429753 1412735327.09
5.10297914432 1412735327.99
5.07561198488 1412735328.96
5.01856053613 1412735329.96
4.98841317631 1412735330.91
4.99472418921 1412735331.84
4.99600199242 1412735332.77
4.99986225985 1412735333.7
4.93276364714 1412735334.66
4.93037657422 1412735335.6
4.94698615303 1412735336.54
4.93094097355 1412735337.46
4.9242713934 1412735338.39
4.90534663257 1412735339.3
4.88994758848 1412735340.27
4.83398600451 1412735341.2
4.81450242501 1412735342.16
4.79536064898 1412735343.16
4.74662392327 1412735344.14
4.71879955962 1412735345.11
4.74508188163 1412735346.06
4.72605613842 1412735347.01
4.72517627158 1412735347.99
4.75134178931 1412735348.95
4.72023486547 1412735349.91
4.74118067676 1412735350.88
4.74338281034 1412735351.84
4.72493837867 1412735352.76
4.70386368054 1412735353.74
4.60453940199 1412735354.7
4.59139236115 1412735355.62
4.55160887148 1412735356.58
4.52443390683 1412735357.53
4.50946253317 1412735358.5
4.46433064318 1412735359.49
4.42722543679 1412735360.43
4.38313997128 1412735361.4
4.36781910077 1412735362.37
4.34839402487 1412735363.33
4.31302460493 1412735364.29
4.31855388507 1412735365.24
4.30944709456 1412735366.17
4.22918737883 1412735367.19
4.27870076708 1412735368.15
4.2965453624 1412735369.12
4.28923771671 1412735370.05
4.29572026831 1412735371.02
4.28102653755 1412735371.97
4.28667785031 1412735372.92
4.22155053698 1412735373.88
4.2293529635 1412735374.83
4.1748050759 1412735375.82
4.1826446728 1412735376.76
4.18869245751 1412735377.72
4.21157378621 1412735378.68
4.18878913601 1412735379.61
4.1820138103 1412735380.55
4.24469848292 1412735381.49
4.27370626106 1412735382.47
4.23552915189 1412735383.42
4.22045496035 1412735384.39
4.22956361204 1412735385.34
4.24302917541 1412735386.32
4.30520290187 1412735387.28
4.26862509963 1412735388.3
4.28849648672 1412735389.22
4.30586059514 1412735390.15
4.31357730686 1412735391.15
4.32463934245 1412735392.13
4.26479799919 1412735393.11
4.21998057183 1412735394.09
4.23346707767 1412735395.06
4.26470651357 1412735396.01
4.29044594572 1412735397.01
4.34339672402 1412735398.0
4.29037052626 1412735399.0
4.29708427873 1412735399.99
4.29007428803 1412735401.01
4.30060998875 1412735402.01
4.31933104218 1412735403.03
4.29461659038 1412735404.06
4.30149225986 1412735405.07
4.27257287834 1412735406.1
4.18955416109 1412735407.11
4.19481093401 1412735408.1
4.27067623531 1412735409.09
4.28441558323 1412735410.1
4.22973088766 1412735411.12
4.23214939135 1412735412.16
4.185569478 1412735413.16
4.18755460875 1412735414.21
4.19166293954 1412735415.21
4.20642529874 1412735416.2
4.18940270037 1412735417.18
4.19135152963 1412735418.23
4.1831913458 1412735419.25
4.18187657223 1412735420.23
4.22855005722 1412735421.26
4.22905373098 1412735422.26
4.2294147017 1412735423.23
4.22431904471 1412735424.23
4.2404373046 1412735425.31
4.22368605178 1412735426.36
4.20333597519 1412735427.37
4.22965072868 1412735428.39
4.24559552974 1412735429.42
4.24691987786 1412735430.44
4.24052954615 1412735431.46
4.2335854525 1412735432.53
4.22417603727 1412735433.55
4.16579656303 1412735434.6
4.16692235909 1412735435.65
4.12729535238 1412735436.68
4.12902455303 1412735437.69
4.12865230231 1412735438.73
4.12834617241 1412735439.78
