13.7098312363 1412725682.19
13.8368469055 1412725682.49
14.2910210273 1412725682.78
14.7203276048 1412725683.06
15.0840778149 1412725683.37
15.5115171112 1412725683.67
15.5973914593 1412725683.99
15.7054992344 1412725684.28
15.890819482 1412725684.59
15.9175881989 1412725684.89
15.8049155599 1412725685.17
15.5436323074 1412725685.48
15.3288308981 1412725685.8
15.4166388709 1412725686.12
15.2949926832 1412725686.45
15.2122599595 1412725686.74
15.1242891848 1412725687.04
14.9663198889 1412725687.34
14.9140910989 1412725687.7
14.5099608005 1412725688.06
14.2068404272 1412725688.38
14.2965073451 1412725688.68
14.3906203279 1412725689.01
13.8451862216 1412725689.33
14.1559603327 1412725689.64
12.958823955 1412725689.94
13.4808433333 1412725690.22
14.8262816266 1412725690.52
12.3288717386 1412725690.79
12.0102988659 1412725691.1
15.6042438526 1412725691.39
10.4472543228 1412725691.7
12.2309830698 1412725691.99
10.1882176876 1412725692.26
10.8432150682 1412725692.54
12.149313179 1412725692.84
11.0197095146 1412725693.12
11.4916261802 1412725693.39
10.5364254443 1412725693.68
9.87118435718 1412725693.97
10.5323492938 1412725694.26
9.69001048799 1412725694.55
10.10150345 1412725694.83
9.66646521262 1412725695.13
10.0085595907 1412725695.43
9.50883769896 1412725695.73
9.47903483748 1412725696.02
9.18605507317 1412725696.31
9.36013233557 1412725696.59
9.08870512963 1412725696.87
9.25906659175 1412725697.15
9.0022689171 1412725697.43
9.18192553003 1412725697.72
9.02388872901 1412725698.01
9.15936007211 1412725698.3
8.91920004115 1412725698.6
9.00130189225 1412725698.87
8.55576951936 1412725699.15
8.70994850629 1412725699.46
8.57570384467 1412725699.74
8.67320023835 1412725700.02
8.58615189615 1412725700.28
8.72274295794 1412725700.56
8.6047866271 1412725700.84
8.71307792976 1412725701.11
8.41218386306 1412725701.39
8.34272415258 1412725701.68
8.48927376507 1412725701.99
8.37722322645 1412725702.29
8.3032463148 1412725702.6
8.29783264814 1412725702.92
8.35083360859 1412725703.23
8.41224654089 1412725703.53
8.35425230317 1412725703.82
8.29287255267 1412725704.1
8.32036604354 1412725704.43
8.42115550157 1412725704.74
8.32187244141 1412725705.02
8.26266641711 1412725705.33
8.34945600727 1412725705.64
8.34561363744 1412725705.93
8.29327716669 1412725706.22
8.2314102459 1412725706.52
8.20698508014 1412725706.83
8.25924707194 1412725707.15
8.23231823239 1412725707.44
8.25234088252 1412725707.74
8.19578371771 1412725708.04
8.14077810566 1412725708.35
8.19034466173 1412725708.67
8.13559016299 1412725708.99
8.20628235724 1412725709.3
8.18219034047 1412725709.63
8.12580533086 1412725709.98
8.0925720365 1412725710.29
8.1383479102 1412725710.6
8.07474859993 1412725710.9
8.12105761341 1412725711.23
8.14488301596 1412725711.57
8.13534433352 1412725711.88
8.22734310873 1412725712.2
8.29632632768 1412725712.53
8.32340136642 1412725712.84
8.35906114361 1412725713.17
8.33058002084 1412725713.5
8.3565882608 1412725713.85
8.33932570933 1412725714.17
8.30658188427 1412725714.48
8.34536038875 1412725714.77
8.31432611233 1412725715.05
8.34532844915 1412725715.39
8.31634494074 1412725715.72
8.33462870879 1412725716.02
8.59917402108 1412725716.35
8.44300374598 1412725716.68
8.41254414065 1412725716.97
8.5591332155 1412725717.33
8.58866514233 1412725717.68
8.63046772506 1412725718.01
8.68136412365 1412725718.34
8.71514477861 1412725718.69
8.7510274964 1412725719.04
8.73591582249 1412725719.38
8.8125198604 1412725719.73
8.75816019719 1412725720.08
8.72054649874 1412725720.43
8.91514793553 1412725720.79
8.93179053552 1412725721.13
8.93832825585 1412725721.48
8.95222176276 1412725721.85
8.91278893087 1412725722.21
8.9003553994 1412725722.56
8.95503289019 1412725722.9
8.90771207064 1412725723.26
8.84023953074 1412725723.62
8.90016268036 1412725723.97
8.91388801337 1412725724.3
9.03703323729 1412725724.66
9.02929675572 1412725725.01
9.13455922778 1412725725.35
9.16115339371 1412725725.68
9.16112840566 1412725726.01
9.19126004562 1412725726.35
9.21955571146 1412725726.69
9.24939300245 1412725727.03
9.28824810736 1412725727.37
9.30547156339 1412725727.72
9.32061423218 1412725728.09
9.33625908528 1412725728.47
9.3751462518 1412725728.84
9.39387846742 1412725729.25
9.37148743934 1412725729.61
9.39045173229 1412725729.96
9.39255295282 1412725730.3
9.38615849334 1412725730.8
9.37470602487 1412725731.47
9.1278194919 1412725732.27
9.1481062652 1412725733.07
9.16861543232 1412725733.78
9.41922858332 1412725734.18
9.43316121118 1412725734.58
9.47444437273 1412725734.97
9.48663861777 1412725735.38
9.38293026243 1412725735.75
9.37738050994 1412725736.23
9.3887678541 1412725736.59
9.39968235481 1412725736.91
9.37465177107 1412725737.27
9.46946296462 1412725737.64
9.48373109767 1412725737.98
9.54846933191 1412725738.32
9.5628148591 1412725738.68
9.57073699332 1412725739.03
9.62958676143 1412725739.37
9.59834969273 1412725739.71
9.30323418606 1412725740.05
9.29872659702 1412725740.41
9.3450805541 1412725740.74
9.30165091478 1412725741.08
9.468520012 1412725741.42
9.45918061985 1412725741.76
9.47788167719 1412725742.12
9.3976148135 1412725742.45
9.46969350011 1412725742.79
9.42098473718 1412725743.12
9.49731784398 1412725743.45
9.44687881833 1412725743.82
9.45255874788 1412725744.17
9.53277947951 1412725744.51
9.46773381556 1412725744.87
9.47360645236 1412725745.22
9.47924749099 1412725745.58
9.45198667889 1412725745.92
9.47033812866 1412725746.25
9.50331884995 1412725746.61
9.51600694237 1412725746.96
9.51322965202 1412725747.33
9.52771452599 1412725747.68
9.46451593669 1412725748.03
9.58609708515 1412725748.43
