12.5578121106 1412723742.53
12.4677291907 1412723742.99
12.3808943918 1412723743.44
12.3095130347 1412723743.88
12.2847017322 1412723744.27
12.2561796837 1412723744.64
12.2579120826 1412723745.01
12.2126170747 1412723745.39
12.1859176816 1412723745.77
12.0044320493 1412723746.11
12.0701163582 1412723746.5
11.936803441 1412723746.85
11.9458640715 1412723747.23
11.8734371234 1412723747.61
11.7811284922 1412723747.98
11.6238099477 1412723748.39
11.574869571 1412723748.8
11.5343255797 1412723749.18
11.3941411664 1412723749.59
11.4081375441 1412723749.96
11.121520488 1412723750.29
11.3434478502 1412723750.69
11.0223903732 1412723751.11
10.9444225328 1412723751.49
10.8489980429 1412723751.81
10.760493357 1412723752.42
10.5522939259 1412723752.93
10.3338721789 1412723753.37
10.0962349708 1412723754.03
10.2306556979 1412723754.73
10.0506662312 1412723755.3
9.84878539569 1412723755.77
9.76057565439 1412723756.24
9.89779285454 1412723756.72
9.76182815665 1412723757.07
10.1860386811 1412723757.54
10.1027905796 1412723758.11
10.1801468067 1412723758.49
10.1797495496 1412723758.87
9.74528735783 1412723759.24
9.90319654341 1412723759.54
9.92259215737 1412723760.04
9.85943716533 1412723760.48
9.86111952292 1412723760.86
9.73957886471 1412723761.27
9.65727323163 1412723761.71
9.56369393112 1412723762.17
9.39338899615 1412723762.68
9.12181261071 1412723763.2
9.15246905358 1412723763.69
9.11954160991 1412723764.15
9.13790658041 1412723764.54
9.1335958209 1412723764.91
8.75506637049 1412723765.37
8.57815796422 1412723765.73
8.57041194808 1412723766.1
8.62390598642 1412723766.49
8.67383196944 1412723766.88
8.59692914394 1412723767.24
8.94936613537 1412723767.62
8.97766308136 1412723768.0
9.06651391127 1412723768.39
9.07464534787 1412723768.81
9.10695972688 1412723769.19
9.17434404244 1412723769.56
8.98933176057 1412723770.0
9.04045516471 1412723770.46
9.04919210193 1412723770.87
8.7948644104 1412723771.28
8.78700477537 1412723771.66
8.84609935918 1412723772.01
8.85379703343 1412723772.37
8.908947031 1412723772.71
8.86957859198 1412723773.08
8.73737590642 1412723773.44
8.87227821512 1412723773.83
8.94244776478 1412723774.19
8.99174730627 1412723774.6
9.04123886641 1412723774.98
9.12965574185 1412723775.33
9.29396123406 1412723775.69
9.38442752637 1412723776.03
9.80423710959 1412723776.4
9.83960459707 1412723776.75
9.75336204067 1412723777.13
9.71524771142 1412723777.65
9.74240033313 1412723778.0
9.78757447453 1412723778.37
9.86377891154 1412723778.72
9.67274444908 1412723779.08
9.57340919525 1412723779.44
9.38494342114 1412723779.81
9.54043462749 1412723780.21
9.56229067971 1412723780.6
9.61897684643 1412723780.98
9.72482872119 1412723781.45
9.74549387998 1412723781.87
9.69103076869 1412723782.26
9.94956660379 1412723782.71
10.2068044506 1412723783.11
9.99308736179 1412723783.5
10.0307859808 1412723783.9
10.1031318012 1412723784.32
10.0141143478 1412723784.7
10.0072016321 1412723785.12
9.94179198162 1412723785.56
9.96557657606 1412723785.98
9.92294993655 1412723786.42
9.66362158912 1412723786.83
9.64538262447 1412723787.24
9.8027942018 1412723787.66
9.88449700808 1412723788.09
9.90227869579 1412723788.49
10.204927527 1412723788.91
9.82181177813 1412723789.31
10.2744937379 1412723789.74
10.0836902459 1412723790.14
10.4703170034 1412723790.57
10.235829978 1412723790.99
10.3295222249 1412723791.4
10.2307005966 1412723791.83
9.94896854581 1412723792.26
10.0084391786 1412723792.7
10.0673926082 1412723793.12
10.1213397949 1412723793.56
10.1758715271 1412723793.98
10.2340867513 1412723794.39
47.0700222063 1412723794.81
10.1835588181 1412723795.21
10.4680588566 1412723795.62
10.4445665101 1412723796.05
10.6802898883 1412723796.5
10.6024630176 1412723796.98
10.6496742195 1412723797.45
10.7141435814 1412723797.94
10.8785997706 1412723798.39
10.913859586 1412723798.87
10.6166459369 1412723799.42
10.6890544528 1412723799.91
10.7284634425 1412723800.33
10.7675301843 1412723800.78
11.012222156 1412723801.22
11.033304287 1412723801.69
11.0541420591 1412723802.17
11.0746739742 1412723802.67
11.0864068859 1412723803.21
11.0880642677 1412723803.65
11.3107856445 1412723804.11
11.316052913 1412723804.62
11.3212091152 1412723805.05
11.3475937449 1412723805.54
11.3482643325 1412723805.97
11.3489109464 1412723806.5
11.3495287377 1412723806.92
11.3501872962 1412723807.35
11.3507779827 1412723807.84
11.351419627 1412723808.26
11.3520936305 1412723808.75
11.352709983 1412723809.18
11.3532732514 1412723809.69
11.353912227 1412723810.19
11.3545649965 1412723810.68
11.3551560194 1412723811.19
11.3557505857 1412723811.7
11.3562975876 1412723812.21
11.3568869224 1412723812.71
11.3574852394 1412723813.23
11.3627871907 1412723813.74
11.4837876145 1412723814.19
11.4830615571 1412723814.81
11.4823027688 1412723815.28
11.4815848165 1412723815.69
11.480886943 1412723816.14
11.480118952 1412723816.68
11.4802005153 1412723817.22
11.4802470649 1412723817.77
11.4803318438 1412723818.27
11.4804489425 1412723818.91
11.4805782329 1412723819.58
11.4807250197 1412723820.07
11.4809337489 1412723820.55
11.4810713772 1412723821.37
11.4813290796 1412723822.31
11.4815502748 1412723822.82
11.4817808007 1412723823.52
11.4820848948 1412723824.3
11.4823563062 1412723824.9
11.4826990448 1412723825.46
11.4830420371 1412723826.08
11.4834055708 1412723826.75
11.4837843363 1412723827.35
11.5901372307 1412723827.99
11.4854470679 1412723828.62
11.5458556812 1412723829.19
11.5469184907 1412723829.94
11.5479727601 1412723830.51
11.5320450076 1412723831.13
11.5307652672 1412723832.08
11.529497481 1412723833.16
11.5282628691 1412723834.04
