13.9464452877 1412726669.3
13.7443372442 1412726670.23
13.4046571614 1412726671.13
12.9703889064 1412726671.91
12.5392183469 1412726672.68
12.1155021504 1412726673.35
11.8690822933 1412726673.97
12.0003440465 1412726674.54
11.8473998092 1412726675.29
11.5446668561 1412726676.03
10.9876966222 1412726676.68
10.5798733012 1412726677.3
10.4437852696 1412726678.03
9.97346626199 1412726678.82
9.77650442034 1412726679.51
9.40586691946 1412726680.35
9.00064524067 1412726681.25
8.71934282198 1412726682.12
8.67683891355 1412726683.07
8.39568541359 1412726683.92
8.42369038598 1412726684.58
8.10248737361 1412726685.32
7.87223317658 1412726685.92
7.69488534675 1412726686.66
7.51036352186 1412726687.27
7.4949622851 1412726687.98
7.41965055317 1412726688.72
7.28543274535 1412726689.48
7.23989180142 1412726690.33
7.0615099142 1412726691.15
6.95614076371 1412726691.95
6.86229772513 1412726692.72
6.69315501219 1412726693.43
6.7016418895 1412726694.11
6.61749989828 1412726694.73
6.59475118516 1412726695.38
6.43734607335 1412726695.97
6.42247476685 1412726696.71
6.4326767944 1412726697.47
6.40952441428 1412726698.1
6.41300881023 1412726698.87
6.43466460159 1412726699.66
6.43409517068 1412726700.48
6.41050349738 1412726701.27
6.32654438404 1412726702.05
6.32075915493 1412726702.7
6.24033378686 1412726703.39
6.21346623024 1412726704.04
6.18648775477 1412726704.64
6.2139917413 1412726705.33
6.18805775294 1412726705.88
6.1772409542 1412726706.48
6.20893307997 1412726707.22
6.12793164895 1412726707.99
6.12995056361 1412726708.71
6.11445751348 1412726709.39
6.12425551672 1412726710.2
6.13281562405 1412726711.06
6.09805944615 1412726711.82
6.09513946536 1412726712.43
6.10219723257 1412726713.03
6.11263860579 1412726713.61
6.03672030318 1412726714.2
6.06228351033 1412726714.8
6.06966237038 1412726715.37
5.99799392487 1412726715.94
6.05043847087 1412726716.5
6.01985105446 1412726717.04
6.01869378441 1412726717.59
5.84618325668 1412726718.17
5.8528186572 1412726718.73
5.84363634861 1412726719.26
5.69844368802 1412726719.8
5.68078004643 1412726720.36
5.54296993295 1412726720.95
5.52728616103 1412726721.49
5.53496097867 1412726722.02
5.55019116177 1412726722.57
5.47504602993 1412726723.14
5.44976385759 1412726723.72
5.3726926875 1412726724.26
5.29457982357 1412726724.91
5.31243537412 1412726725.6
5.29538776961 1412726726.28
5.19133410303 1412726727.0
5.20306508628 1412726727.57
5.19953449577 1412726728.26
5.38624588402 1412726729.01
5.29341777155 1412726729.68
5.25790164882 1412726730.31
5.14987676307 1412726731.12
5.17474003999 1412726731.95
5.22683611301 1412726732.77
5.21350191445 1412726733.39
5.22685956667 1412726734.18
5.25678622496 1412726734.86
5.23345146588 1412726735.51
5.26538624521 1412726736.11
5.19744950231 1412726736.77
5.16511363591 1412726737.44
5.14537049091 1412726738.03
5.17071734165 1412726738.93
5.18172355187 1412726740.03
5.10352713721 1412726740.74
5.07009840039 1412726741.32
5.04990252987 1412726741.88
5.03304221503 1412726742.42
4.99251011392 1412726743.04
5.04733168929 1412726743.56
5.08707928242 1412726744.1
5.02350474893 1412726744.63
5.04345759611 1412726745.24
5.05545889274 1412726745.83
5.05306279582 1412726746.4
5.06588537105 1412726746.92
5.05741239227 1412726747.51
5.04387547292 1412726748.06
5.04335110081 1412726748.64
5.00119545337 1412726749.21
5.01096768866 1412726749.73
5.00734794558 1412726750.29
5.04259769647 1412726750.83
5.03661406689 1412726751.39
5.02585578478 1412726751.96
5.03206242672 1412726752.51
4.99487591847 1412726753.28
4.98154833209 1412726754.06
5.00049217297 1412726754.92
5.00040456175 1412726755.91
5.03686260651 1412726756.75
5.04608995566 1412726757.58
5.03913957757 1412726758.39
5.03211146227 1412726759.11
5.02076281644 1412726759.84
5.01049609102 1412726760.5
5.03550296377 1412726761.13
5.00949264654 1412726761.78
4.9992796448 1412726762.32
5.01595849737 1412726763.02
5.01368618971 1412726763.73
5.0219544161 1412726764.51
5.01246045383 1412726765.11
5.04377297933 1412726765.77
5.01360151902 1412726766.39
4.96197290417 1412726767.17
4.99300102481 1412726767.92
4.999672205 1412726768.54
4.99314752273 1412726769.3
4.99264918877 1412726770.07
4.93563441423 1412726770.85
4.90238488176 1412726771.57
4.86232556274 1412726772.28
4.90012819778 1412726772.96
4.86859537587 1412726773.66
4.87945901556 1412726774.37
4.87280316518 1412726775.09
4.87820251978 1412726775.88
4.92708805282 1412726776.68
4.91863519116 1412726777.46
4.94408334118 1412726778.13
4.99554077145 1412726778.89
4.98921909929 1412726779.64
5.02902038304 1412726780.19
5.01332340702 1412726780.89
5.00244860108 1412726781.61
5.00051017486 1412726782.39
4.97201759356 1412726783.13
4.99336280246 1412726783.93
5.00436152087 1412726784.68
5.0175064096 1412726785.45
5.03207927758 1412726786.1
5.07820379681 1412726786.77
5.06142062555 1412726787.32
5.05493736457 1412726787.99
5.08445692415 1412726788.65
5.07616050088 1412726789.37
5.06533631256 1412726790.09
5.04854983408 1412726790.87
5.04590481713 1412726791.64
5.04120410996 1412726792.37
5.02410153775 1412726793.11
5.0380453039 1412726793.88
5.02639431333 1412726794.61
5.00342565196 1412726795.22
5.04288631071 1412726795.77
5.03434797018 1412726796.35
5.024975372 1412726796.98
5.01963104458 1412726797.56
5.00807799645 1412726798.2
5.01242031716 1412726798.77
5.0422591232 1412726799.32
5.03456567532 1412726800.04
5.0263786358 1412726800.57
5.06536568969 1412726801.11
5.04564808237 1412726801.97
5.07499210942 1412726802.83
5.00610456886 1412726803.63
4.95418416904 1412726804.29
4.94154167365 1412726804.86
4.94234456983 1412726805.42
