16.6001006221 1412721586.59
16.0582445221 1412721586.71
15.5646018687 1412721586.84
14.6370029176 1412721586.97
14.8284443419 1412721587.09
15.6843536827 1412721587.21
15.7076260566 1412721587.36
16.6228575176 1412721587.49
16.6932919389 1412721587.63
17.380024485 1412721587.75
17.9521578976 1412721587.88
19.3034660804 1412721588.01
20.3356148433 1412721588.13
21.5516500171 1412721588.27
22.5230143548 1412721588.4
23.8824212466 1412721588.54
24.893553287 1412721588.67
26.1464925147 1412721588.8
26.9123737136 1412721588.97
27.7846957896 1412721589.07
30.0520166522 1412721589.2
31.1899942982 1412721589.34
31.9050147687 1412721589.61
33.5150085081 1412721589.83
34.0587860826 1412721590.02
34.3769980821 1412721590.21
34.7689686751 1412721590.35
35.1684002332 1412721590.49
35.4473526485 1412721590.62
35.9334762057 1412721590.8
36.185501513 1412721590.92
36.7196909908 1412721591.07
37.846875071 1412721591.2
38.1621606471 1412721591.36
38.5876165203 1412721591.51
38.7605803067 1412721591.63
38.8798489259 1412721591.78
38.999819994 1412721591.91
38.8543598521 1412721592.04
38.994706856 1412721592.19
38.7225575645 1412721592.33
38.8963045083 1412721592.47
38.9856468475 1412721592.61
38.8077660386 1412721592.75
38.9177436068 1412721592.89
39.022209196 1412721593.04
38.7358833577 1412721593.22
38.8899541241 1412721593.38
39.0350054364 1412721593.51
39.1712290137 1412721593.65
38.9904700253 1412721593.8
39.1489898009 1412721593.95
39.2963639646 1412721594.11
39.4328779773 1412721594.26
39.2380535022 1412721594.43
38.7898371071 1412721594.58
38.9248039982 1412721594.72
39.0541100712 1412721594.86
38.9382473683 1412721595.01
39.0679392072 1412721595.14
39.1918813017 1412721595.29
39.3099216355 1412721595.42
39.4215926389 1412721595.57
39.1199312682 1412721595.72
39.296144433 1412721595.86
39.6090777229 1412721595.99
39.7988451645 1412721596.14
39.8430521857 1412721596.29
40.2164072507 1412721596.46
39.0391703814 1412721596.6
38.9915208452 1412721596.73
39.1084003441 1412721596.92
39.0623773542 1412721597.06
38.5207655449 1412721597.21
38.4215105548 1412721597.37
38.8987679938 1412721597.5
38.9191310487 1412721597.69
38.9329099359 1412721597.85
38.9415540357 1412721597.99
38.9460909432 1412721598.14
38.9835445908 1412721598.28
38.9648134216 1412721598.43
39.0021062627 1412721598.59
38.9836083158 1412721598.75
39.020714698 1412721598.91
39.0580839554 1412721599.06
39.0402624512 1412721599.23
39.0773659679 1412721599.4
39.0598244565 1412721599.53
39.0966747922 1412721599.66
39.0793379093 1412721599.8
39.1161169045 1412721599.95
39.1222325832 1412721600.1
39.1569457247 1412721600.24
39.1402584947 1412721600.4
39.174703219 1412721600.56
39.2093387426 1412721600.7
39.1931432957 1412721600.86
39.227671208 1412721601.01
39.2117241522 1412721601.15
39.2460442373 1412721601.3
39.2303444125 1412721601.43
39.2645149816 1412721601.57
39.248874433 1412721601.7
36.7076770414 1412721601.85
36.7413975395 1412721601.98
36.5195424695 1412721602.13
36.7884621153 1412721602.27
36.8240119151 1412721602.41
36.858792948 1412721602.57
36.6324304294 1412721602.72
36.9050191059 1412721602.85
36.941625776 1412721602.98
36.7102227815 1412721603.13
36.7742246411 1412721603.26
36.7825555113 1412721603.41
36.8493271104 1412721603.55
36.8628380525 1412721603.71
36.6629255411 1412721603.84
36.719850628 1412721603.99
36.7207737168 1412721604.13
36.7234040838 1412721604.26
36.7722830518 1412721604.44
36.7789943196 1412721604.58
36.8303856265 1412721604.73
37.17644858 1412721604.87
36.94731762 1412721605.03
36.9569665989 1412721605.16
36.9674265674 1412721605.33
37.0177709375 1412721605.47
37.0320449208 1412721605.64
37.085855673 1412721605.8
37.4113447501 1412721605.94
37.176837343 1412721606.11
37.1941606722 1412721606.23
37.2518886504 1412721606.42
37.2727083333 1412721606.56
37.3344356632 1412721606.7
36.5970847234 1412721606.84
36.6392221453 1412721606.98
36.6817555846 1412721607.1
36.7246294978 1412721607.24
36.7678477629 1412721607.37
36.811416374 1412721607.55
36.855201398 1412721607.71
36.8994401343 1412721607.84
37.1444708153 1412721607.99
37.0060716299 1412721608.13
37.067042615 1412721608.28
37.1310828932 1412721608.43
37.1984101097 1412721608.56
122.388793386 1412721608.68
122.383094537 1412721608.82
36.8741133544 1412721608.94
36.9195741145 1412721609.1
36.9596600949 1412721609.25
36.9975274549 1412721609.38
37.0357011103 1412721609.5
37.074342041 1412721609.62
37.1134286463 1412721609.76
37.1530299556 1412721609.89
37.1474236039 1412721610.05
37.1857517138 1412721610.18
37.1790168751 1412721610.36
37.216127087 1412721610.51
37.2083697356 1412721610.64
37.2443114511 1412721610.78
37.2356735458 1412721610.91
37.2706432554 1412721611.05
37.2612104944 1412721611.17
37.2951096398 1412721611.3
37.2849829181 1412721611.43
37.3178784745 1412721611.58
37.3071518527 1412721611.72
37.3391995732 1412721611.86
37.3279454363 1412721611.99
37.3592024208 1412721612.13
37.3474136149 1412721612.29
37.37780868 1412721612.44
37.3657223016 1412721612.57
37.3952995827 1412721612.7
37.3828323838 1412721612.84
37.411738252 1412721612.97
37.3989077719 1412721613.14
37.4271791846 1412721613.28
37.41410266 1412721613.42
37.4417554978 1412721613.57
37.4284983843 1412721613.7
37.4554771638 1412721613.84
37.4419721665 1412721613.99
37.4684246409 1412721614.12
37.4547907249 1412721614.25
37.4806679044 1412721614.41
37.4668746976 1412721614.54
37.4922191666 1412721614.67
37.2866891568 1412721614.8
37.3290647899 1412721614.95
37.3720475727 1412721615.1
37.4156693177 1412721615.25
37.4258613868 1412721615.41
