16.6277587767 1412730644.92
16.0806789433 1412730645.63
15.6477590353 1412730646.28
14.93934934 1412730647.06
14.2918904395 1412730647.81
13.3429884408 1412730648.44
12.8624416611 1412730649.06
12.5842113407 1412730649.72
11.9681991735 1412730650.35
11.4928821944 1412730651.04
11.2767975931 1412730651.72
10.7707101937 1412730652.44
10.4431720731 1412730653.14
10.4106287102 1412730653.84
10.2231923084 1412730654.57
9.80674322493 1412730655.3
9.68543769141 1412730656.01
9.74618429812 1412730656.75
9.58331902774 1412730657.51
9.64904313309 1412730658.19
9.5297973858 1412730658.93
9.49413077661 1412730659.66
9.32739978182 1412730660.35
9.29727121607 1412730661.13
9.16852462089 1412730661.88
9.18928106121 1412730662.59
9.02071476196 1412730663.31
9.03569795693 1412730664.04
9.03837752207 1412730664.78
8.87558371789 1412730665.56
8.92186898689 1412730666.31
8.80783640111 1412730667.05
8.94607143358 1412730667.79
8.82738131742 1412730668.54
8.73592506585 1412730669.32
8.7639609884 1412730670.07
8.6956021016 1412730670.88
8.61711434107 1412730671.67
8.64775909093 1412730672.45
8.5526716496 1412730673.2
8.51796030439 1412730673.95
8.46391590696 1412730674.71
8.48238014317 1412730675.5
8.58239047608 1412730676.31
8.54058607559 1412730677.15
8.57399170456 1412730677.95
8.48810371499 1412730678.75
8.45378827428 1412730679.55
8.55410793695 1412730680.38
8.50425050302 1412730681.21
8.49964413054 1412730682.0
8.61841128648 1412730682.83
8.61143148254 1412730683.62
8.5371185454 1412730684.41
8.49211178448 1412730685.22
8.55342976917 1412730686.02
8.5451576408 1412730686.87
8.55027757076 1412730687.68
8.52141822047 1412730688.47
8.42399498383 1412730689.27
8.40829547436 1412730690.06
8.42000950458 1412730690.89
8.390154875 1412730691.7
8.53612030606 1412730692.52
8.53111092508 1412730693.3
8.62143875289 1412730694.12
8.56811197 1412730694.9
8.77952517197 1412730695.72
8.886694873 1412730696.55
9.01270150927 1412730697.37
9.01030954369 1412730698.22
8.99578454291 1412730699.07
9.16181678129 1412730699.93
9.11647372951 1412730700.77
9.28253025305 1412730701.61
9.53755349128 1412730702.47
9.67371381735 1412730703.34
9.78967374848 1412730704.17
10.1468484133 1412730705.03
10.127095176 1412730705.89
10.0296170872 1412730706.72
10.0241774125 1412730707.58
10.0383494688 1412730708.4
10.1406218889 1412730709.25
10.7964346296 1412730710.09
10.8621984621 1412730710.95
10.8415624665 1412730711.79
10.787915439 1412730712.63
10.7919523054 1412730713.5
11.3331201529 1412730714.33
11.4063059941 1412730715.25
11.5016174546 1412730716.1
11.51061881 1412730716.98
12.0044695416 1412730717.85
12.0454544212 1412730718.68
11.9752197429 1412730719.52
12.062698658 1412730720.39
12.0996391825 1412730721.24
12.2088514223 1412730722.05
11.9881292804 1412730722.93
12.0112424911 1412730723.78
12.1355487129 1412730724.67
12.3744850713 1412730725.53
12.4238456039 1412730726.42
12.215533559 1412730727.27
12.2564489112 1412730728.16
12.1867508345 1412730729.0
12.1111516483 1412730729.84
12.1563970159 1412730730.68
12.2025039182 1412730731.55
12.9525458169 1412730732.4
12.9182850703 1412730733.23
12.8540852951 1412730734.13
12.9007206493 1412730735.03
12.8600875787 1412730735.92
13.4166789214 1412730736.8
13.5069239802 1412730737.66
13.6036811646 1412730738.51
13.6994884451 1412730739.38
13.8818654445 1412730740.27
14.0184443941 1412730741.17
14.1374463031 1412730742.05
15.1261043155 1412730742.94
15.131581137 1412730743.86
15.3153512317 1412730744.75
14.9395486892 1412730745.63
15.3819923277 1412730746.51
15.4605589123 1412730747.46
15.2559905082 1412730748.56
15.0601779795 1412730749.54
15.3900736261 1412730750.66
15.0327296958 1412730752.01
15.3270310124 1412730753.55
15.4287575053 1412730754.88
14.9817268784 1412730755.84
15.7288826664 1412730757.87
15.6409640679 1412730759.04
15.6902428652 1412730760.19
15.7372544258 1412730761.73
15.7825304682 1412730763.05
15.9840339229 1412730764.5
16.1868169738 1412730765.88
16.4933131079 1412730767.26
16.4273213425 1412730768.7
16.6646774006 1412730770.02
16.7630313183 1412730771.38
16.6726072532 1412730772.79
16.7756093172 1412730774.19
16.8815718038 1412730775.69
16.7982531888 1412730777.24
16.8927033285 1412730778.65
17.0127835339 1412730779.81
16.9677898584 1412730781.12
17.0730076888 1412730782.46
17.1819471323 1412730783.46
17.2712531675 1412730784.43
17.3124622421 1412730785.53
17.4247212121 1412730786.57
17.5413066212 1412730787.58
17.4828414629 1412730788.77
17.5199987576 1412730789.93
17.6095677834 1412730790.91
17.7176773316 1412730791.85
17.5082213944 1412730792.76
17.6790616401 1412730793.68
17.8437604065 1412730794.7
17.8911363342 1412730795.67
18.1966703547 1412730796.6
18.2536169899 1412730797.57
18.2990749221 1412730798.51
18.1183742476 1412730799.45
18.1757112245 1412730800.46
18.4106829035 1412730801.37
18.7744610853 1412730802.31
18.8343289672 1412730803.21
18.8955492957 1412730804.14
18.9425210763 1412730805.14
18.8783124717 1412730806.07
18.9259005734 1412730807.0
19.1115991919 1412730808.04
19.0309266251 1412730809.07
19.0966045316 1412730810.06
19.1379377475 1412730811.07
19.1015402647 1412730812.1
19.2495936918 1412730813.05
19.1803135724 1412730813.99
18.846544939 1412730814.98
19.2394639496 1412730815.96
18.8011825974 1412730816.86
19.3059894504 1412730817.77
19.3917516119 1412730818.71
19.4790428184 1412730819.66
19.5657703576 1412730820.61
19.6542703087 1412730821.63
19.7790466491 1412730822.63
19.8767745141 1412730823.53
19.9559604709 1412730824.43
19.7956584617 1412730825.37
19.7408705654 1412730826.34
20.1304766552 1412730827.24
