14.7176957112 1412757304.55
13.832210777 1412757305.95
13.2529895511 1412757307.31
13.1045451621 1412757308.69
13.1118187814 1412757310.08
12.9931910975 1412757311.43
12.9371210078 1412757312.86
12.9238637161 1412757314.24
13.1003323141 1412757315.64
13.132780638 1412757317.11
13.0989086292 1412757318.56
12.8941611746 1412757320.03
12.968691112 1412757321.53
12.9522627813 1412757323.02
12.8462565558 1412757324.51
12.7022296036 1412757326.0
12.6221117937 1412757327.59
12.5404129337 1412757329.09
12.4010731509 1412757330.69
12.3800313741 1412757332.32
12.1661177227 1412757333.92
12.2403140214 1412757335.53
12.2159734876 1412757337.14
12.2058564235 1412757338.71
12.2215686718 1412757340.24
12.1190580146 1412757341.89
12.0315655516 1412757343.5
11.8518444905 1412757345.11
11.708859363 1412757346.74
11.7050471879 1412757348.34
11.6460383676 1412757349.95
11.5265728266 1412757351.61
11.5970402493 1412757353.29
11.5289504382 1412757354.92
11.5229762309 1412757356.46
11.4222015227 1412757358.01
11.2484071295 1412757359.62
11.0969106599 1412757361.3
10.9875795393 1412757362.97
10.8841096867 1412757364.62
10.7837689228 1412757366.29
10.5341720813 1412757367.95
10.488673539 1412757369.62
10.4850253849 1412757371.24
10.4921177767 1412757372.88
10.4699553556 1412757374.5
10.3849343307 1412757376.17
10.3102709978 1412757377.84
10.0990841214 1412757379.48
9.97744625341 1412757381.17
9.94254182503 1412757382.8
10.0733471237 1412757384.5
10.087220001 1412757386.15
10.1025797713 1412757387.78
10.0165622894 1412757389.44
10.0193615211 1412757391.08
10.0060943627 1412757392.72
9.82191788223 1412757394.39
9.83859450591 1412757396.07
9.83937668374 1412757397.77
9.81463495586 1412757399.49
9.84735686097 1412757401.17
9.81762028718 1412757402.83
9.74616623593 1412757404.44
9.72121396593 1412757406.06
9.73829949731 1412757407.7
9.7163572661 1412757409.32
9.70551716616 1412757410.98
9.64263372135 1412757412.66
9.68945277421 1412757414.41
9.64364619796 1412757416.07
9.57687576608 1412757417.74
9.56900054838 1412757419.42
9.46886072914 1412757421.14
9.41024288351 1412757422.82
9.40682359535 1412757424.7
9.44988359693 1412757426.31
9.46465389093 1412757427.97
9.46366210165 1412757429.66
9.47330330938 1412757431.34
9.50752775888 1412757432.97
9.39165638395 1412757434.62
9.44116274715 1412757436.25
9.39584591177 1412757437.91
9.38763715166 1412757439.59
9.30848541573 1412757441.26
9.30386033329 1412757442.93
9.2601048811 1412757444.59
9.16531270699 1412757446.21
9.1145151443 1412757447.85
9.00994360116 1412757449.47
8.93111804534 1412757451.1
8.91351294945 1412757452.78
8.80831911874 1412757454.45
8.75702658846 1412757456.04
8.79245004594 1412757457.69
8.78099977951 1412757459.35
8.79126405094 1412757461.02
8.8087237241 1412757462.72
8.79999374726 1412757464.33
8.7955651932 1412757465.97
8.82256914144 1412757467.59
8.80442183842 1412757469.19
8.81458915725 1412757470.85
8.81460741477 1412757472.52
8.81803413918 1412757474.17
8.78218740943 1412757475.82
8.82418799872 1412757477.42
8.77837609291 1412757479.08
8.78103662954 1412757480.74
8.76079150143 1412757482.41
8.70414525996 1412757484.07
8.7158176591 1412757485.76
8.72091660979 1412757487.51
8.71737435214 1412757489.17
8.70002765384 1412757490.83
8.71608860572 1412757492.54
8.64878130748 1412757494.22
8.61250250177 1412757495.91
8.61295212623 1412757497.58
8.61670441343 1412757499.29
8.61643168702 1412757500.98
8.62823607853 1412757502.66
8.59246836114 1412757504.36
8.59526071276 1412757506.07
8.55732078304 1412757507.84
8.56617927412 1412757509.6
8.50983920586 1412757511.35
8.50623663609 1412757513.07
8.53135290511 1412757514.95
8.5057770106 1412757516.71
8.52177779976 1412757518.57
8.59218229416 1412757520.35
8.60512717025 1412757522.1
8.55142325493 1412757523.82
8.6051378976 1412757525.53
8.58310299431 1412757527.27
8.58471207632 1412757529.01
8.57126773289 1412757530.74
8.54251639469 1412757532.45
8.54109249825 1412757534.21
8.5402494481 1412757535.99
8.54674046686 1412757537.76
8.53780718238 1412757539.46
8.51844339513 1412757541.18
8.49473974252 1412757542.92
8.47249719623 1412757544.65
8.49148053023 1412757546.41
8.51277155623 1412757548.17
8.48044258534 1412757549.92
8.44604342263 1412757551.64
8.43354187096 1412757553.4
8.39403542303 1412757555.17
8.3846046204 1412757556.93
8.34055767813 1412757558.65
8.33542120717 1412757560.37
8.30381536164 1412757562.11
8.33261222175 1412757563.82
8.31915813176 1412757565.61
8.33543403819 1412757567.36
8.30971904593 1412757569.15
8.32282977836 1412757570.94
8.31116536012 1412757572.74
8.26833950951 1412757574.52
8.25064671476 1412757576.25
8.25142367416 1412757578.01
8.23685688344 1412757579.77
8.19001469459 1412757581.53
8.13767609381 1412757583.31
8.09584045795 1412757585.11
8.06771442512 1412757586.9
8.05067319129 1412757588.74
8.05866473746 1412757590.53
8.05064947133 1412757592.28
8.06857189401 1412757594.04
8.03555830994 1412757595.77
8.03398070727 1412757597.57
8.0197647328 1412757599.37
8.01923499152 1412757601.13
8.00492882684 1412757602.94
7.98095659179 1412757604.73
7.97103058771 1412757606.55
7.94946960859 1412757608.34
7.94203101898 1412757610.16
7.93341211824 1412757611.98
7.92950132628 1412757613.77
7.92094761361 1412757615.62
7.88895212653 1412757617.41
7.86286097061 1412757619.21
7.84044716376 1412757621.1
7.86651126645 1412757622.89
7.82023313812 1412757624.69
7.80227346032 1412757626.51
7.79556029679 1412757628.34
7.78213624369 1412757630.25
7.7639103461 1412757632.11
7.76553054472 1412757634.0
7.74730495274 1412757635.82
7.7406202276 1412757637.64
7.77691150733 1412757639.52
