14.579313748 1412749661.32
14.8043697784 1412749662.78
14.7591591961 1412749664.12
14.8088676314 1412749665.43
15.1217277883 1412749666.88
15.0159101224 1412749668.32
14.9506348381 1412749669.72
15.0706921055 1412749671.22
15.0538893194 1412749672.67
15.0774523641 1412749674.15
15.0465953271 1412749675.6
15.0420284346 1412749677.07
15.1116284364 1412749678.61
15.1894518416 1412749680.12
15.1361782165 1412749681.69
15.0467533218 1412749683.25
14.986034947 1412749684.85
14.8085063565 1412749686.48
14.7020185618 1412749688.09
14.6255213958 1412749689.68
14.372187844 1412749691.26
14.325625365 1412749692.9
14.1179848657 1412749694.48
14.009111905 1412749696.08
13.8660968166 1412749697.68
13.7288902813 1412749699.32
13.5322961887 1412749700.86
13.6136232808 1412749702.48
13.3920907057 1412749704.09
13.3428783211 1412749705.71
13.335313438 1412749707.28
13.2389907763 1412749708.86
13.2672432325 1412749710.49
13.3347773519 1412749712.1
13.3915398164 1412749713.73
13.234411182 1412749715.33
13.2607749857 1412749716.96
13.2884732795 1412749718.64
13.4221797773 1412749720.27
13.5555167292 1412749721.94
13.4470896022 1412749723.62
13.3387958095 1412749725.29
13.1455683101 1412749726.96
13.0994134241 1412749728.6
12.8962781183 1412749730.29
12.7759740428 1412749731.93
12.8037951682 1412749733.57
12.8674499918 1412749735.17
12.7648613412 1412749736.82
12.6271238368 1412749738.44
12.4414679496 1412749740.07
12.3086958254 1412749741.66
12.2347767934 1412749743.25
12.1359440205 1412749744.88
12.0803120048 1412749746.44
11.9610838881 1412749748.04
11.7860364248 1412749749.58
11.7607979234 1412749751.17
11.7822572656 1412749752.73
11.7120976332 1412749754.3
11.5919147989 1412749755.86
11.5744942202 1412749757.38
11.5924723927 1412749758.92
11.6218271614 1412749760.48
11.6468761692 1412749762.07
11.6226788189 1412749763.65
11.640718725 1412749765.21
11.6849794819 1412749766.78
11.7238077803 1412749768.39
11.8108723329 1412749770.01
11.7563865552 1412749771.6
11.8819674437 1412749773.2
11.7416346281 1412749774.8
11.9059487716 1412749776.4
11.8410977646 1412749778.03
11.7948365711 1412749779.65
11.8619895468 1412749781.22
11.958621582 1412749782.82
11.9562364294 1412749784.52
12.0269662136 1412749786.14
11.9691220919 1412749787.76
11.9782735607 1412749789.45
11.973937778 1412749791.05
12.0270068131 1412749792.69
11.9991868689 1412749794.36
12.0151737057 1412749796.01
12.0755778871 1412749797.65
12.0551044856 1412749799.32
12.0187456659 1412749801.01
11.9452665496 1412749802.69
12.0021375578 1412749804.37
11.925746036 1412749806.06
11.9855741477 1412749807.78
11.9974578496 1412749809.5
11.998747207 1412749811.2
11.9273223342 1412749812.87
11.8384120357 1412749814.56
11.8384748327 1412749816.24
11.8406232531 1412749817.89
11.8608105886 1412749819.6
11.9190711818 1412749821.32
11.8608156091 1412749822.99
11.8629703196 1412749824.66
11.8609787916 1412749826.33
11.9081124246 1412749828.04
12.0746582835 1412749829.75
12.0811659177 1412749831.45
11.9891948074 1412749833.14
11.9326147204 1412749834.84
11.8324266601 1412749836.53
11.8492633585 1412749838.16
11.8237216695 1412749839.87
11.8134381136 1412749841.52
11.8618754583 1412749843.26
11.9072010149 1412749844.95
11.9676253298 1412749846.66
11.9344137972 1412749848.34
11.8432836591 1412749850.03
11.8218885349 1412749851.74
11.758703794 1412749853.45
11.7194453817 1412749855.16
11.7155230575 1412749856.86
11.6685803799 1412749858.57
11.6238894386 1412749860.28
11.5177944634 1412749861.99
11.44553261 1412749863.72
11.4983866842 1412749865.49
11.5303459074 1412749867.24
11.4319509905 1412749869.0
11.4134140809 1412749870.79
11.4083537277 1412749872.53
11.36819003 1412749874.31
11.3364562471 1412749876.12
11.3094294157 1412749877.9
11.2827540069 1412749879.83
11.245512459 1412749881.72
11.1793021638 1412749883.55
11.2863017428 1412749885.33
11.2470543563 1412749887.12
11.2856003699 1412749888.92
11.2174481332 1412749890.66
11.2255440118 1412749892.41
11.1892534717 1412749894.2
11.1641299768 1412749895.97
11.205817516 1412749897.76
11.1039673036 1412749899.57
11.1900890697 1412749901.33
11.2085195268 1412749903.15
11.2919948636 1412749904.9
11.2705348758 1412749906.7
11.2726812021 1412749908.48
11.2934097559 1412749910.35
11.2970319717 1412749912.24
11.3334704541 1412749914.13
11.3072929733 1412749915.95
11.2832156986 1412749917.85
11.3338910006 1412749919.66
11.2642031621 1412749921.48
11.2691419161 1412749923.3
11.2658399958 1412749925.18
11.2467441603 1412749927.04
11.2745041013 1412749928.89
11.3084598884 1412749930.77
11.2640098738 1412749932.66
11.2363637108 1412749934.54
11.223043033 1412749936.4
11.1978251074 1412749938.29
11.0776664804 1412749940.15
11.1213672176 1412749942.08
11.0977381185 1412749943.96
11.0595909825 1412749945.83
11.0559167485 1412749947.72
11.0851880415 1412749949.56
11.034218432 1412749951.5
11.0250080642 1412749953.38
10.9642276275 1412749955.22
10.9926439701 1412749957.15
10.883176763 1412749959.05
10.8800444659 1412749960.98
10.8459395634 1412749962.89
10.768679858 1412749964.83
10.8164534695 1412749966.74
10.7312063956 1412749968.62
10.7627895535 1412749970.47
10.8057977619 1412749972.4
10.7685971372 1412749974.33
10.777826571 1412749976.26
10.8133781045 1412749978.16
10.8086534428 1412749980.13
10.7859342364 1412749982.07
10.8078342011 1412749984.02
10.6494129424 1412749985.92
10.5949482501 1412749987.86
10.5738387264 1412749989.79
10.5472709965 1412749991.76
10.5954718123 1412749993.76
10.5729666836 1412749995.65
10.5318945211 1412749997.61
10.5360531321 1412749999.54
10.5126337404 1412750001.52
