10.083528492 1412729412.06
10.2291762838 1412729412.67
10.3323697035 1412729413.32
10.6325254298 1412729413.92
10.8945207153 1412729414.56
11.0928870239 1412729415.22
11.4546569863 1412729415.8
11.7157704923 1412729416.44
12.0214976207 1412729417.08
12.1884605577 1412729417.69
12.2742887174 1412729418.32
12.1689769386 1412729418.94
12.1880318167 1412729419.56
12.1191336975 1412729420.19
12.2218351781 1412729420.82
12.1127928583 1412729421.46
11.9535021387 1412729422.07
11.9137705056 1412729422.65
11.7211699924 1412729423.26
11.6844293985 1412729423.87
11.4989085249 1412729424.48
11.5272184402 1412729425.14
11.4433249555 1412729425.76
11.3585380819 1412729426.36
11.3636536921 1412729426.98
11.1748785761 1412729427.56
11.1501761033 1412729428.16
11.0949761302 1412729428.75
11.1068098067 1412729429.35
11.2561843461 1412729429.96
11.4234122243 1412729430.54
11.5311909118 1412729431.16
10.308710568 1412729431.76
9.67499106407 1412729432.36
9.59837755244 1412729432.94
10.6056883854 1412729433.52
10.7781332662 1412729434.11
10.8812375555 1412729434.69
10.9805942699 1412729435.29
10.6999196516 1412729435.89
10.7997526714 1412729436.47
10.5884473138 1412729437.04
10.3277667815 1412729437.62
10.1015553481 1412729438.2
10.1667103829 1412729438.78
10.0383584125 1412729439.37
9.70925272629 1412729439.98
9.60452570663 1412729440.6
9.03333873458 1412729441.21
8.04622685988 1412729441.79
7.84052676025 1412729442.41
8.10294669688 1412729443.04
7.84367866062 1412729443.64
7.91230124288 1412729444.24
7.74564952688 1412729444.94
7.83654336918 1412729445.6
7.85689455736 1412729446.25
7.46368283846 1412729446.83
7.300288657 1412729447.41
7.91294749366 1412729448.03
8.16379634528 1412729448.63
7.59304685306 1412729449.22
7.60739664971 1412729449.79
7.64502951212 1412729450.37
7.54533752111 1412729450.95
7.41667795794 1412729451.54
7.46886413801 1412729452.15
7.46996655785 1412729452.76
7.51983549575 1412729453.37
7.54081381193 1412729453.98
7.4231408101 1412729454.62
7.41616617005 1412729455.27
7.46701045522 1412729455.91
7.45820519633 1412729456.56
7.53869269807 1412729457.18
7.56457558806 1412729457.81
7.55417811564 1412729458.45
7.53772703441 1412729459.1
7.50616964257 1412729459.74
7.5454861956 1412729460.4
7.55272433719 1412729461.07
7.5354876774 1412729461.71
7.54274966967 1412729462.32
7.51840339703 1412729462.95
7.5146911914 1412729463.6
7.51147101631 1412729464.27
7.5103038683 1412729464.9
7.51628167894 1412729465.53
7.39945544578 1412729466.16
7.40952945636 1412729466.82
7.37625359232 1412729467.45
7.36438713524 1412729468.09
7.37339182068 1412729468.71
7.37171587263 1412729469.31
7.3267988786 1412729469.97
7.3765144046 1412729470.64
7.3632166754 1412729471.28
7.35406462937 1412729471.9
7.31705723931 1412729472.51
7.28206063553 1412729473.12
7.25418067786 1412729473.77
7.18698561835 1412729474.4
7.14050589165 1412729475.05
7.15068604129 1412729475.66
7.04653028086 1412729476.28
6.98003344115 1412729476.89
6.86349923006 1412729477.52
6.7387154145 1412729478.11
6.6351614722 1412729478.71
6.571956408 1412729479.3
6.44487352656 1412729479.87
6.3733198702 1412729480.49
6.27858606464 1412729481.08
6.13848669541 1412729481.64
6.2072340584 1412729482.22
6.14322976451 1412729482.8
5.99146497537 1412729483.4
6.16132862136 1412729483.96
5.99149318644 1412729484.53
6.05771077863 1412729485.09
5.92007776006 1412729485.67
5.98339621606 1412729486.25
6.03136625708 1412729486.83
5.89699189327 1412729487.38
6.03067249757 1412729487.93
5.93611798276 1412729488.51
5.88423296614 1412729489.12
5.84533839276 1412729489.74
5.93153089385 1412729490.32
5.91428012132 1412729490.9
5.88734024074 1412729491.5
5.79624729726 1412729492.1
5.78047082157 1412729492.71
5.78965429101 1412729493.33
5.7981614058 1412729493.93
5.72241812242 1412729494.56
5.73556095993 1412729495.15
5.74467830596 1412729495.72
5.75847034417 1412729496.35
5.74440811102 1412729496.99
5.73513369101 1412729497.6
5.72803946877 1412729498.2
5.71087454435 1412729498.82
5.75727576597 1412729499.51
5.76921209677 1412729500.18
5.79024207748 1412729500.77
5.7529686204 1412729501.4
5.66268115301 1412729501.99
5.67544544112 1412729502.62
5.67729581342 1412729503.2
5.71630942342 1412729503.8
5.74432260107 1412729504.37
5.70649333974 1412729504.98
5.65874692608 1412729505.56
5.74039750013 1412729506.17
5.68449387851 1412729506.75
5.74248834611 1412729507.33
5.75879255239 1412729507.89
5.7266619282 1412729508.5
5.66576770239 1412729509.09
5.59266337178 1412729509.68
5.53715863482 1412729510.28
5.46153243024 1412729510.88
5.5238831099 1412729511.47
5.56216355228 1412729512.03
5.59792471825 1412729512.62
5.62848659898 1412729513.19
5.58763999979 1412729513.74
5.62607638519 1412729514.34
5.66372333571 1412729514.95
5.66347067663 1412729515.53
5.62665344551 1412729516.11
5.57209941369 1412729516.71
5.50801662867 1412729517.31
5.44122332655 1412729517.89
5.37134342992 1412729518.48
5.38149158537 1412729519.08
5.38570692587 1412729519.66
5.38239398561 1412729520.24
5.38201240171 1412729520.86
5.34922073287 1412729521.48
5.30333889683 1412729522.11
5.32131681679 1412729522.7
5.31371613924 1412729523.27
5.25965018641 1412729523.88
5.26109558623 1412729524.45
5.27389787967 1412729525.04
5.28476864917 1412729525.71
5.29356339726 1412729526.4
5.26001612876 1412729527.1
5.26596982298 1412729527.71
5.2395871713 1412729528.33
5.22900836528 1412729528.94
5.23243806206 1412729529.57
5.23500788527 1412729530.16
5.07261879173 1412729530.76
5.07373221407 1412729531.36
4.91070238007 1412729531.92
4.90743693216 1412729532.51
4.90493284553 1412729533.1
