10.7398448565 1412743078.79
10.8690614972 1412743079.77
10.8516781255 1412743080.74
10.7415492742 1412743081.7
10.7023091903 1412743082.63
10.4806385998 1412743083.58
10.337182832 1412743084.51
10.2359527265 1412743085.46
10.098204658 1412743086.39
9.80844698317 1412743087.34
9.39906336363 1412743088.29
9.26318875613 1412743089.29
9.0668113893 1412743090.22
8.92800585899 1412743091.15
8.91022271054 1412743092.17
8.89721952277 1412743093.38
9.00768470335 1412743094.6
8.84661011269 1412743095.53
8.76604659785 1412743096.48
8.65281211674 1412743097.46
8.54547365555 1412743098.43
8.4298815649 1412743099.36
8.31956000408 1412743100.3
8.14951170966 1412743101.46
8.18133306137 1412743102.43
8.1599811743 1412743103.41
8.06656055904 1412743104.38
7.82294431753 1412743105.32
7.72523685746 1412743106.28
7.56042300157 1412743107.21
7.55430891652 1412743108.15
7.48750555936 1412743109.14
7.42716110631 1412743110.07
7.46099635758 1412743111.02
7.26843565974 1412743111.95
7.0940852678 1412743112.89
6.97591148193 1412743113.89
6.57700135813 1412743114.98
6.47693728875 1412743115.96
6.27447859482 1412743116.93
6.34295540811 1412743117.96
6.33244391424 1412743118.95
6.19670192465 1412743119.96
6.02863171863 1412743120.95
5.928356068 1412743121.94
5.94401556505 1412743122.95
5.88765871035 1412743123.91
5.92689911316 1412743124.95
5.91122544711 1412743125.93
5.89819395853 1412743126.87
5.86671155655 1412743127.89
5.88378848956 1412743128.91
5.9264751951 1412743129.93
5.93571639184 1412743130.93
5.85244643828 1412743131.93
5.81864761813 1412743132.93
5.75398427012 1412743133.95
5.72600067182 1412743134.99
5.67265870136 1412743135.98
5.71233783415 1412743136.97
5.64289648981 1412743137.96
5.59045742709 1412743138.92
5.56536279222 1412743139.96
5.57681144382 1412743140.99
5.49177014131 1412743142.02
5.45902430268 1412743143.06
5.37307418393 1412743144.09
5.36464115875 1412743145.14
5.32305100302 1412743146.22
5.2288758031 1412743147.3
5.19324163888 1412743148.36
5.18084150625 1412743149.41
5.16758391198 1412743150.46
5.09503925606 1412743151.51
5.08130400086 1412743152.56
5.03030092354 1412743153.6
5.00857200225 1412743154.66
4.95812411102 1412743155.69
4.98813134985 1412743156.75
4.988093706 1412743157.79
4.99873439673 1412743158.84
5.00619336472 1412743159.88
4.99668806254 1412743160.93
4.93211343252 1412743161.98
4.93288137273 1412743163.03
4.82334363292 1412743164.1
4.88130329685 1412743165.15
4.9317158378 1412743166.24
4.8658145395 1412743167.3
4.8811915906 1412743168.31
4.88885011341 1412743169.34
4.85363207018 1412743170.4
4.83681934507 1412743171.44
4.86341697337 1412743172.49
4.8328161863 1412743173.55
4.87199528599 1412743174.65
4.88147978317 1412743175.71
4.86468964837 1412743176.78
4.83381737923 1412743177.82
4.94559920926 1412743178.89
4.89000805739 1412743179.97
4.91010113695 1412743181.03
4.91846920942 1412743182.09
4.94019412073 1412743183.2
4.87031058867 1412743184.27
4.87351870235 1412743185.33
4.87074765591 1412743186.39
4.82429986031 1412743187.49
4.82072369062 1412743188.61
4.83755930138 1412743189.67
4.81560952049 1412743190.74
4.81085336675 1412743191.85
4.82986334412 1412743192.9
4.86873569465 1412743193.97
4.8254996994 1412743195.0
4.85338770915 1412743196.04
4.80189233976 1412743197.11
4.79808900545 1412743198.19
4.78511768376 1412743199.24
4.78246929237 1412743200.33
4.75363097495 1412743201.42
4.75292908937 1412743202.5
4.79163539754 1412743203.54
4.78180070128 1412743204.58
4.83213154222 1412743205.64
4.78460276316 1412743206.7
4.72008806105 1412743207.71
4.77451985186 1412743208.76
4.7733682967 1412743209.82
4.77842318136 1412743210.88
4.77018170559 1412743211.94
4.77310135457 1412743212.99
4.73984131068 1412743214.02
4.74124015693 1412743215.04
4.72635870937 1412743216.13
4.76644467922 1412743217.26
4.73090219344 1412743218.3
4.71712097054 1412743219.33
4.71723293503 1412743220.4
4.70961632102 1412743221.48
4.70974692825 1412743222.51
4.71197137184 1412743223.56
4.71067523088 1412743224.65
4.71351845785 1412743225.73
4.70157869814 1412743226.78
4.70163012677 1412743227.85
4.70181530078 1412743228.87
4.63701371132 1412743229.94
4.6279512372 1412743230.98
4.61304565793 1412743232.04
4.62612948919 1412743233.05
4.61753379099 1412743234.12
4.627916117 1412743235.16
4.64935756304 1412743236.23
4.60639361973 1412743237.26
4.58484071904 1412743238.31
4.58728590381 1412743239.39
4.60140269835 1412743240.47
4.57346418968 1412743241.53
4.55297183005 1412743242.61
4.53252742249 1412743243.66
4.53137420056 1412743244.73
4.42968739497 1412743245.78
4.42064034286 1412743246.87
4.50329041594 1412743247.94
4.52835575792 1412743249.03
4.48053991523 1412743250.12
4.51902907252 1412743251.21
4.44936983893 1412743252.29
4.48656453084 1412743253.35
4.53038972961 1412743254.42
4.48127857594 1412743255.48
4.53339682581 1412743256.56
4.48022153091 1412743257.6
4.48562060747 1412743258.66
4.47993510946 1412743259.71
4.47831071208 1412743260.75
4.47422714094 1412743261.82
4.46791419582 1412743262.92
4.54204859821 1412743263.91
4.52263320515 1412743264.95
4.51717665748 1412743266.03
4.51748790719 1412743267.1
4.51614051046 1412743268.14
4.51562270468 1412743269.21
4.5142828082 1412743270.27
4.51845814944 1412743271.36
4.51876226801 1412743272.39
4.50393301092 1412743273.44
4.46798460552 1412743274.49
4.46232265232 1412743275.58
4.46085663691 1412743276.6
4.45488910954 1412743277.65
4.43579609608 1412743278.73
4.4454427208 1412743279.77
4.44222378754 1412743280.78
4.52740561264 1412743281.81
4.52901325632 1412743282.85
4.51417845767 1412743283.89
4.50740446213 1412743284.96
