12.2398532186 1412751707.13
12.0711367862 1412751708.53
11.912855082 1412751709.94
11.7064322402 1412751711.34
11.6884005976 1412751712.68
11.4507224128 1412751714.04
11.4108536261 1412751715.41
11.2998413221 1412751716.8
10.9802461906 1412751718.21
11.1121434218 1412751719.59
10.877967611 1412751720.96
10.8583266019 1412751722.33
10.8070050978 1412751723.66
10.8052146943 1412751725.06
10.6399743122 1412751726.44
10.2485369624 1412751727.79
10.1120973233 1412751729.19
10.0166521637 1412751730.6
10.0149762074 1412751731.98
9.86729636586 1412751733.34
9.78792641668 1412751734.74
9.74895265633 1412751736.13
9.72146027017 1412751737.5
9.59276398682 1412751738.83
9.59370973849 1412751740.19
9.44575660933 1412751741.54
9.36538731032 1412751742.87
9.35936342253 1412751744.16
9.35929194517 1412751745.48
9.27226548534 1412751746.86
9.2817378819 1412751748.19
9.20732637937 1412751749.61
8.920665398 1412751750.99
8.77889708748 1412751752.35
8.50365467305 1412751753.75
8.35173513614 1412751755.13
8.34917617922 1412751756.45
8.29223770781 1412751757.78
8.29027361423 1412751759.09
8.2390244724 1412751760.44
8.0364281275 1412751761.76
8.0610794562 1412751763.11
7.97619003431 1412751764.47
7.80315588963 1412751765.79
7.83261538863 1412751767.16
7.66560701692 1412751768.53
7.51257713668 1412751769.91
7.56318566387 1412751771.26
7.34061441092 1412751772.62
7.14997979196 1412751773.96
7.08806299392 1412751775.31
6.98086227241 1412751776.63
6.99142234911 1412751778.0
7.04588915784 1412751779.34
6.94646553824 1412751780.7
6.90157672274 1412751782.0
6.77918295916 1412751783.36
6.69930493415 1412751784.71
6.62332182803 1412751786.09
6.62875648562 1412751787.48
6.54986019187 1412751788.81
6.4411510915 1412751790.19
6.3692225195 1412751791.51
6.31117621426 1412751792.86
6.33208751936 1412751794.2
6.3214899907 1412751795.55
6.34448416252 1412751796.9
6.28632861707 1412751798.28
6.22584354959 1412751799.6
6.21966922074 1412751800.97
6.25121601317 1412751802.31
6.27851247139 1412751803.67
6.13110816119 1412751805.03
6.05604947215 1412751806.35
5.97229048807 1412751807.68
5.93959787334 1412751809.0
5.94446261282 1412751810.35
6.01435759053 1412751811.72
6.05241769345 1412751813.09
5.971326431 1412751814.45
5.96653797675 1412751815.78
5.98637009746 1412751817.15
5.93799715043 1412751818.51
5.89440664449 1412751819.9
5.9799841912 1412751821.25
5.88506849948 1412751822.63
5.87679548428 1412751823.99
5.82888352419 1412751825.33
5.78562690573 1412751826.72
5.77707177385 1412751828.07
5.68602321775 1412751829.46
5.59778753788 1412751830.83
5.55840190759 1412751832.16
5.61858389433 1412751833.46
5.6318005468 1412751834.82
5.5641411731 1412751836.2
5.6165266171 1412751837.59
5.59856301346 1412751838.99
5.53090195879 1412751840.37
5.57147949302 1412751841.71
5.53545720095 1412751843.06
5.49185448074 1412751844.41
5.47351598087 1412751845.77
5.47608590201 1412751847.17
5.42654711779 1412751848.55
5.43012422698 1412751849.94
5.39956281793 1412751851.31
5.38901187089 1412751852.64
5.43438924137 1412751854.01
5.41875068522 1412751855.39
5.37567086747 1412751856.78
5.34613712089 1412751858.16
5.34466335249 1412751859.57
5.34822481675 1412751860.93
5.27126743627 1412751862.31
5.32287087099 1412751863.75
5.33992586404 1412751865.14
5.27712383718 1412751866.5
5.30247510788 1412751867.87
5.23534555734 1412751869.28
5.26384828444 1412751870.65
5.22960838629 1412751871.99
5.26357092112 1412751873.34
5.24967076509 1412751874.71
5.22447283216 1412751876.08
5.20425672999 1412751877.5
5.18445096614 1412751878.9
5.16680008942 1412751880.26
5.1286980813 1412751881.65
5.11776269095 1412751883.01
5.15498759686 1412751884.35
5.14300090023 1412751885.75
5.14768427646 1412751887.15
5.12581182455 1412751888.51
5.09600589835 1412751889.85
5.13355811748 1412751891.26
5.13274276337 1412751892.64
5.15620491521 1412751894.05
5.15062133911 1412751895.42
5.16578726526 1412751896.85
5.14734074684 1412751898.17
5.10961939638 1412751899.53
5.10535097628 1412751900.96
5.13449939601 1412751902.34
5.11408520566 1412751903.72
5.13222256778 1412751905.09
5.14804383925 1412751906.44
5.17180649336 1412751907.87
5.14256021403 1412751909.27
5.1602707099 1412751910.7
5.08781677698 1412751912.13
5.0932953604 1412751913.52
5.09897718764 1412751914.88
5.05127714956 1412751916.25
5.03340814249 1412751917.66
5.02734519991 1412751919.09
5.03281736974 1412751920.47
5.03092073133 1412751921.89
5.03213550572 1412751923.29
5.02629630625 1412751924.66
5.04561529725 1412751926.05
5.04880638521 1412751927.44
5.02442494941 1412751928.8
5.03777940894 1412751930.19
5.05304677625 1412751931.55
5.02876747594 1412751932.95
5.0277345998 1412751934.32
5.01019214374 1412751935.68
4.98297413605 1412751937.07
4.98919716164 1412751938.47
4.97450205285 1412751939.88
4.97417111498 1412751941.31
4.96210249338 1412751942.71
4.96188585645 1412751944.12
4.96453791034 1412751945.51
4.95232657234 1412751946.93
4.95601043535 1412751948.34
4.95174495427 1412751949.76
4.93878201019 1412751951.19
4.95304986262 1412751952.62
4.93250499372 1412751954.08
4.93067533536 1412751955.52
4.91671353549 1412751956.99
4.9212189125 1412751958.47
4.92203526212 1412751959.95
4.89396889519 1412751961.43
4.91460732854 1412751962.91
4.93431626461 1412751964.39
4.93701626979 1412751965.81
4.89220374275 1412751967.21
4.88927480103 1412751968.67
4.85584881209 1412751970.11
4.9155620358 1412751971.52
4.94702258208 1412751972.95
4.97833255606 1412751974.4
4.96770920985 1412751975.85
4.96367463666 1412751977.23
4.96976207793 1412751978.69
4.96435031383 1412751980.11
4.97169595528 1412751981.54
