10.0409229091 1412735631.64
9.91863182895 1412735632.71
9.67152530519 1412735633.72
9.68878260032 1412735634.75
9.67738607411 1412735635.7
9.70947877512 1412735636.69
9.68494634481 1412735637.69
9.59664283179 1412735638.67
9.67297750559 1412735639.67
9.61727883383 1412735640.68
9.58561567331 1412735641.67
9.73239342938 1412735642.63
9.98239767252 1412735643.6
10.2213571916 1412735644.6
10.322779761 1412735645.55
10.3649659569 1412735646.53
10.359403424 1412735647.48
10.4039466405 1412735648.48
10.4498005079 1412735649.44
10.3468061921 1412735650.41
10.369393238 1412735651.38
10.2652980311 1412735652.31
10.3106678066 1412735653.21
10.3856770944 1412735654.19
10.328024452 1412735655.16
10.1756492048 1412735656.1
10.1029472298 1412735657.06
10.094308461 1412735658.03
10.2160146069 1412735658.99
10.0743026864 1412735659.96
9.90619020397 1412735660.94
9.78968107218 1412735661.92
9.71834379127 1412735662.89
9.60765484497 1412735663.85
9.52547232734 1412735664.79
9.40873109658 1412735665.74
9.32797549325 1412735666.72
9.23617628163 1412735667.67
9.12107591387 1412735668.63
9.15841692417 1412735669.56
9.07640701501 1412735670.46
9.06841196134 1412735671.39
9.01644292657 1412735672.3
8.98480592216 1412735673.21
8.96523916191 1412735674.14
8.94395764935 1412735675.11
8.88762712589 1412735676.04
8.85930406181 1412735676.94
8.7936434911 1412735677.86
8.75056299945 1412735678.81
8.78752943327 1412735679.74
8.83168527598 1412735680.67
8.7951979516 1412735681.58
8.81343798412 1412735682.53
8.76040542987 1412735683.47
8.75326188628 1412735684.39
8.75639191852 1412735685.31
8.54385273947 1412735686.28
7.47932364224 1412735687.2
7.2555515446 1412735688.14
7.30605193336 1412735689.11
7.07445808574 1412735689.98
7.18661237241 1412735690.95
6.93201071968 1412735691.9
7.05025448636 1412735692.81
6.8513433681 1412735693.75
6.92536224966 1412735694.71
6.84296225582 1412735695.63
7.03046614513 1412735696.55
6.7303032064 1412735697.5
6.69769797971 1412735698.43
6.63964947511 1412735699.35
6.72332959196 1412735700.31
6.61730375695 1412735701.27
6.7479536846 1412735702.19
6.57422369273 1412735703.16
6.51910986195 1412735704.09
6.44894809749 1412735705.05
6.38635431811 1412735705.96
6.29773000349 1412735706.91
6.26731571635 1412735707.84
6.24971167781 1412735708.73
6.25897586 1412735709.66
6.32085343249 1412735710.6
6.2116862604 1412735711.57
6.11474693501 1412735712.49
6.16514201105 1412735713.4
6.1070056149 1412735714.33
6.09750405477 1412735715.3
6.08464018712 1412735716.21
6.15627783678 1412735717.12
6.06192250892 1412735718.06
6.00756033281 1412735719.01
5.88929071781 1412735719.95
5.92122054248 1412735720.87
5.87280644957 1412735721.78
5.87947467026 1412735722.69
5.79473257703 1412735723.63
5.74581218873 1412735724.6
5.68451956047 1412735725.53
5.65968161409 1412735726.46
5.62234340961 1412735727.35
5.5849493038 1412735728.28
5.55219860252 1412735729.22
5.48726918698 1412735730.16
5.41445738048 1412735731.08
5.39099638638 1412735732.0
5.34211728831 1412735733.01
5.25755839093 1412735733.91
5.22716080081 1412735734.92
5.13435699216 1412735735.87
5.07777692481 1412735736.79
5.12605342769 1412735737.73
5.05116400238 1412735738.69
5.07715587828 1412735739.58
5.16577457153 1412735740.54
5.15331964499 1412735741.47
5.05974533624 1412735742.43
5.00114136287 1412735743.38
4.92808128269 1412735744.28
4.81548580891 1412735745.18
4.84296189575 1412735746.14
4.81461607999 1412735747.13
4.83554939444 1412735748.06
4.77470946323 1412735748.98
4.77829016415 1412735749.9
4.79139717631 1412735750.83
4.69994501901 1412735751.78
4.63564896833 1412735752.69
4.55185288662 1412735753.62
4.53295708881 1412735754.57
4.51647646972 1412735755.52
4.50809373067 1412735756.44
4.47630604637 1412735757.36
4.48495390927 1412735758.29
4.44135709848 1412735759.21
4.46425666437 1412735760.16
4.42025037149 1412735761.12
4.3923960785 1412735762.05
4.38496382483 1412735762.98
4.34591795316 1412735763.88
4.27206886341 1412735764.83
4.23506084996 1412735765.76
4.24025938577 1412735766.77
4.20828890832 1412735768.07
4.21045374169 1412735769.09
4.21197121481 1412735770.0
4.21598741291 1412735770.96
4.20268174054 1412735771.92
4.22008741703 1412735772.88
4.15588574891 1412735773.83
4.19384768392 1412735774.79
4.16776860051 1412735775.71
4.18764552195 1412735776.64
4.1454006411 1412735777.61
4.18051902252 1412735778.54
4.12815784869 1412735779.51
4.11245995421 1412735780.46
4.05094141717 1412735781.45
4.06677931502 1412735782.39
4.08864278734 1412735783.35
4.04392515057 1412735784.32
3.99178582874 1412735785.32
4.01716558464 1412735786.28
4.01850975593 1412735787.2
4.04095610688 1412735788.17
4.03203054196 1412735789.1
4.05539533055 1412735790.09
4.01138275873 1412735791.05
3.9467154074 1412735791.99
4.02362100096 1412735792.97
3.99004408409 1412735793.92
3.94035596932 1412735794.9
3.93916573193 1412735795.81
3.96907439086 1412735796.75
3.91993864861 1412735797.7
3.93955583327 1412735798.64
3.93690467693 1412735799.61
3.88699373652 1412735800.53
3.93047641577 1412735801.49
3.93818871438 1412735802.41
3.89212218237 1412735803.32
3.919792606 1412735804.25
3.94944149281 1412735805.22
3.88585574861 1412735806.15
3.85857129596 1412735807.05
3.80900708584 1412735807.97
3.79826803689 1412735808.89
3.83447731979 1412735809.77
3.79915923616 1412735810.69
3.82670072252 1412735811.59
3.78309834363 1412735812.49
3.81016069506 1412735813.42
3.76046815385 1412735814.31
3.78695934298 1412735815.24
3.80553097512 1412735816.16
3.77434869818 1412735817.09
3.79269049421 1412735818.03
3.76111979142 1412735818.95
3.77410176059 1412735819.85
