2.68839396209 1412723138.09
2.9389004249 1412723138.38
3.02916519474 1412723138.66
3.00798902794 1412723138.92
3.14755460137 1412723139.22
3.15351597321 1412723139.55
3.31276172055 1412723139.83
3.33531597774 1412723140.11
3.10902223347 1412723140.42
2.9458100347 1412723140.67
2.96251796327 1412723140.93
3.01188032913 1412723141.17
3.02044384137 1412723141.45
2.82396739428 1412723141.73
2.83801255358 1412723141.99
2.80212697482 1412723142.26
3.0025860442 1412723142.5
3.05160963914 1412723142.76
3.13564749776 1412723143.01
3.21788190367 1412723143.27
3.24072718383 1412723143.52
3.32232845559 1412723143.77
3.29313083082 1412723144.02
3.29807690201 1412723144.3
3.23540814352 1412723144.57
3.23648491775 1412723144.84
3.32005616666 1412723145.13
3.30430285243 1412723145.38
3.32277190126 1412723145.66
3.3716459847 1412723145.93
3.42976486226 1412723146.21
3.47508123401 1412723146.51
3.37829591942 1412723146.75
3.41646020463 1412723146.97
3.46768217955 1412723147.21
3.52740206031 1412723147.44
3.60293251479 1412723147.69
3.63248631681 1412723147.94
3.68529731259 1412723148.19
3.64709515464 1412723148.61
3.6242670641 1412723148.96
3.5910597785 1412723149.23
3.63713053098 1412723149.47
3.60754865631 1412723149.71
3.57295553018 1412723149.97
3.61348787954 1412723150.21
3.58446450824 1412723150.46
3.49367542893 1412723150.69
3.52668374048 1412723150.93
3.58702270185 1412723151.16
3.55961849868 1412723151.44
3.59043087443 1412723151.67
3.6159061277 1412723151.95
3.59889459892 1412723152.18
3.61917928244 1412723152.45
3.5915536113 1412723152.71
3.60792239878 1412723152.93
3.59707592346 1412723153.2
3.57470277358 1412723153.45
3.56154787724 1412723153.74
3.56636164197 1412723154.0
3.46885991017 1412723154.29
3.46987089079 1412723154.56
3.43893777117 1412723154.84
3.40653981684 1412723155.1
3.35024498243 1412723155.33
3.37265436621 1412723155.6
3.33085290941 1412723155.83
3.28241202684 1412723156.1
3.22228810338 1412723156.36
3.16213563894 1412723156.6
3.08828197542 1412723156.87
3.00584887827 1412723157.13
2.89034389972 1412723157.4
2.90227773257 1412723157.67
2.96329477024 1412723157.94
2.96314807627 1412723158.19
2.91248807059 1412723158.43
2.91784578599 1412723158.68
2.93538899858 1412723158.92
2.91285198621 1412723159.14
2.96050009193 1412723159.37
2.9357434311 1412723159.64
2.95336480898 1412723159.88
2.94112974897 1412723160.11
2.92372281303 1412723160.36
2.92171707526 1412723160.62
2.88815249953 1412723160.84
2.92625144189 1412723161.09
2.93363051344 1412723161.35
2.93381861029 1412723161.6
2.90977300315 1412723161.85
2.91065309999 1412723162.08
2.90705446268 1412723162.34
2.91997416833 1412723162.62
2.89473133348 1412723162.87
2.87368996678 1412723163.15
2.88211216751 1412723163.42
2.89086354749 1412723163.71
2.86685028608 1412723163.96
2.85918191902 1412723164.22
2.84432915103 1412723164.46
2.80263229315 1412723164.71
2.81232823217 1412723164.94
2.78250350509 1412723165.17
2.79273649457 1412723165.41
2.82920138981 1412723165.67
2.83774714854 1412723165.92
2.81171991431 1412723166.19
2.76787082842 1412723166.44
2.77759799605 1412723166.7
2.71707977878 1412723166.97
2.73374845159 1412723167.22
2.75262906139 1412723167.47
2.72358204866 1412723167.73
2.76144976821 1412723168.02
2.73211332265 1412723168.26
2.77346030782 1412723168.54
2.74544401722 1412723168.8
2.71720521852 1412723169.08
2.69172554382 1412723169.34
2.70199535572 1412723169.58
2.731267107 1412723169.84
2.70445353317 1412723170.07
2.71796532837 1412723170.34
2.73308528573 1412723170.61
2.60294714484 1412723170.86
2.61222801059 1412723171.13
2.66094614309 1412723171.39
2.67327540308 1412723171.65
2.64313793126 1412723171.92
2.65619178871 1412723172.2
2.62794896757 1412723172.45
2.52123937354 1412723172.71
2.52233896464 1412723172.97
2.52036022786 1412723173.23
2.46560552522 1412723173.47
2.44725874132 1412723173.7
2.51087965865 1412723173.94
2.49100908984 1412723174.19
2.47206386563 1412723174.44
2.45428347543 1412723174.67
2.4371497021 1412723174.9
2.39809078278 1412723175.13
2.31798244948 1412723175.37
2.31000060206 1412723175.62
2.31676650245 1412723175.84
2.29658715171 1412723176.08
2.29116440384 1412723176.31
2.30344558307 1412723176.57
2.22084572497 1412723176.83
2.22932096519 1412723177.08
2.22401188683 1412723177.35
2.19722875804 1412723177.59
2.31470226201 1412723177.84
2.29643037507 1412723178.09
2.30055592566 1412723178.34
2.32430208517 1412723178.61
2.32831742765 1412723178.86
2.33252877326 1412723179.1
2.4644868432 1412723179.33
2.43098734306 1412723179.59
2.41651656886 1412723180.02
2.40139872798 1412723180.34
2.38562159791 1412723180.59
2.37526489013 1412723180.84
2.36275040126 1412723181.07
2.34658888248 1412723181.31
2.38745468881 1412723181.56
2.40944615398 1412723181.8
2.39300029735 1412723182.06
2.38763334936 1412723182.28
2.37302012881 1412723182.56
2.36463552474 1412723182.77
2.36612076144 1412723183.01
2.35132057741 1412723183.26
2.35498964803 1412723183.52
2.34029789055 1412723183.77
2.34400950056 1412723184.03
2.3697582428 1412723184.3
2.35506349189 1412723184.58
2.34143093733 1412723184.82
2.34224903462 1412723185.08
2.34471241289 1412723185.31
2.33047406147 1412723185.54
2.33296242858 1412723185.8
2.3113025563 1412723186.04
2.34948680382 1412723186.29
2.33511528346 1412723186.56
2.32177981715 1412723186.78
2.32364316807 1412723187.03
2.31202927483 1412723187.27
2.31403368211 1412723187.52
2.3038542585 1412723187.76
2.26968374962 1412723188.01
2.24611024498 1412723188.23
2.2732754993 1412723188.5
2.28036338658 1412723188.75
2.26534066401 1412723188.98
2.27261124543 1412723189.24
