8.08800873952 1412725262.23
7.7260845725 1412725262.56
7.43301932957 1412725262.87
7.36559535229 1412725263.18
7.15471524675 1412725263.48
6.75123513062 1412725263.77
6.4903096836 1412725264.07
6.3301582417 1412725264.37
6.08239104397 1412725264.68
5.8797456369 1412725264.99
5.73226096138 1412725265.28
5.86286190954 1412725265.57
5.73524193799 1412725265.87
5.88664200829 1412725266.16
5.91969526733 1412725266.45
6.06623317708 1412725266.75
6.18522761398 1412725267.03
6.27355721515 1412725267.31
6.38021005629 1412725267.6
6.39259606975 1412725267.89
6.50089312759 1412725268.16
6.63815949261 1412725268.44
6.63688532478 1412725268.72
6.76282549828 1412725269.01
6.89994916726 1412725269.3
7.02313185762 1412725269.57
6.94188560247 1412725269.84
7.01612185225 1412725270.11
7.05873791767 1412725270.39
7.0219874642 1412725270.68
6.91644201604 1412725270.97
7.08079618834 1412725271.25
7.16555462197 1412725271.52
7.22485855918 1412725271.82
7.22811724059 1412725272.09
7.23108148717 1412725272.36
7.23489424529 1412725272.64
7.19667070423 1412725272.94
7.20930384237 1412725273.23
7.21343034748 1412725273.51
7.2000675932 1412725273.79
7.1710470613 1412725274.06
7.17255995809 1412725274.33
7.16017721799 1412725274.62
7.16617222511 1412725274.89
7.14454246666 1412725275.17
7.15044525158 1412725275.44
7.03525443491 1412725275.72
7.02085195992 1412725275.98
7.01134177265 1412725276.26
6.93523832894 1412725276.53
6.89260691523 1412725276.79
6.88658917595 1412725277.05
6.83942714084 1412725277.32
6.72723217283 1412725277.62
6.683768027 1412725277.88
6.65947701842 1412725278.16
6.66102078009 1412725278.43
6.48719863358 1412725278.71
6.48148599375 1412725278.97
6.383188762 1412725279.23
6.25385326252 1412725279.5
6.15964319511 1412725279.77
6.15545756926 1412725280.04
5.96800520481 1412725280.32
5.93328429921 1412725280.59
5.91103344176 1412725280.87
5.87140121365 1412725281.14
5.87133446775 1412725281.42
5.90073372626 1412725281.7
5.63235923459 1412725281.98
5.58968304922 1412725282.25
5.6005285833 1412725282.54
5.66517233821 1412725282.82
5.65614751991 1412725283.11
5.66212398297 1412725283.38
5.6904609482 1412725283.68
5.38252351508 1412725283.98
5.37783012214 1412725284.31
5.55590354809 1412725284.62
5.4041777797 1412725284.91
5.32688989597 1412725285.2
5.38784943599 1412725285.49
5.41639819377 1412725285.8
5.43144156311 1412725286.08
5.5362283955 1412725286.36
5.55820974319 1412725286.64
5.60141187951 1412725286.94
5.61395994164 1412725287.23
5.58764541718 1412725287.52
5.63450898503 1412725287.82
5.67214849779 1412725288.11
5.69491807853 1412725288.4
5.71467666175 1412725288.7
5.67166670411 1412725288.99
5.74415341366 1412725289.28
5.76598607386 1412725289.59
5.7817306308 1412725289.88
5.77198122424 1412725290.17
5.80531286311 1412725290.46
5.76092849429 1412725290.76
5.68371140989 1412725291.05
5.4754579784 1412725291.33
5.47601976269 1412725291.62
5.48594381015 1412725291.9
5.48211352478 1412725292.19
5.4196798247 1412725292.48
5.42818926848 1412725292.78
5.40127450415 1412725293.07
5.43290757886 1412725293.37
5.4385416207 1412725293.66
5.44634405976 1412725293.98
5.44066329487 1412725294.27
5.44699040619 1412725294.57
5.44948102179 1412725294.87
5.46713762414 1412725295.18
5.48808276617 1412725295.48
5.38976124201 1412725295.8
5.30673329862 1412725296.09
5.16911280038 1412725296.38
5.18365461465 1412725296.68
5.18476756908 1412725296.98
5.24376911655 1412725297.27
5.21440157705 1412725297.57
5.22251882624 1412725297.88
5.23400648419 1412725298.17
5.2451143511 1412725298.47
5.39400674339 1412725298.8
5.41456175721 1412725299.12
5.42739448444 1412725299.42
5.43956896999 1412725299.73
5.46212394886 1412725300.06
5.48466107779 1412725300.37
5.51266551261 1412725300.7
5.53500090231 1412725301.02
5.55669656014 1412725301.34
5.55307670439 1412725301.67
5.58074539895 1412725302.0
5.55261210558 1412725302.36
5.62217387876 1412725302.68
5.62399338576 1412725303.0
5.64002665853 1412725303.32
5.67902217761 1412725303.65
5.67935376909 1412725303.97
5.68287489438 1412725304.31
5.68263615775 1412725304.67
5.64124025816 1412725304.99
5.51032462648 1412725305.39
5.5098623359 1412725305.96
5.50915272231 1412725306.27
5.55312571519 1412725306.59
5.57047058859 1412725306.92
5.56995844234 1412725307.26
5.60536155995 1412725307.59
5.60553348781 1412725308.0
5.60054781359 1412725308.4
5.61605979945 1412725308.72
5.61604161617 1412725309.07
5.61687562228 1412725309.42
5.61666956502 1412725309.73
5.66068303589 1412725310.03
5.57193630455 1412725310.37
5.49903936904 1412725310.72
5.51440015885 1412725311.07
5.43939353708 1412725311.42
5.54518692321 1412725311.77
5.56204639604 1412725312.26
5.46864499385 1412725312.68
5.56848388722 1412725313.14
5.56837359314 1412725313.54
5.48405538211 1412725313.87
5.49139095224 1412725314.23
5.49874011408 1412725314.53
5.50600402513 1412725314.86
5.51325484991 1412725315.19
5.52052589557 1412725315.51
5.52781169804 1412725315.87
5.53512301942 1412725316.24
5.54243252928 1412725316.63
5.54989518095 1412725317.08
5.60719196484 1412725317.48
5.61259803719 1412725317.82
5.67363569922 1412725318.31
5.68086193596 1412725318.82
5.6881318458 1412725319.67
5.69544821314 1412725320.41
5.70249547923 1412725320.91
5.70945721589 1412725321.26
5.71671954506 1412725321.6
5.74019199145 1412725321.93
5.74804048156 1412725322.58
5.77829316077 1412725323.25
5.78025767473 1412725323.72
5.78670762864 1412725324.26
5.78821477993 1412725324.78
5.7942799291 1412725325.33
5.80006999753 1412725325.86
5.80584328665 1412725326.35
5.78460327275 1412725326.9
5.78925844252 1412725327.38
