8.97676476526 1412746024.05
8.88002474679 1412746025.5
8.57715349305 1412746026.91
8.37698046908 1412746028.32
8.25546287778 1412746029.69
8.21426945846 1412746031.08
8.16912779151 1412746032.5
8.07643011677 1412746033.9
8.02516595771 1412746035.31
7.91276523874 1412746036.72
7.92705363832 1412746038.12
7.90327728071 1412746039.49
7.93042041557 1412746040.82
7.94258618547 1412746042.2
7.95938679982 1412746043.57
7.84765466106 1412746044.87
7.75532490322 1412746046.17
7.66947414531 1412746047.51
7.64463778729 1412746048.86
7.58090997497 1412746050.22
7.56344909628 1412746051.61
7.51667255492 1412746052.96
7.54673733409 1412746054.35
7.40465060151 1412746055.71
7.47316045479 1412746057.07
7.32253497549 1412746058.46
7.48372296246 1412746059.81
7.392777811 1412746061.15
7.44189348358 1412746062.5
7.44694494869 1412746063.87
7.47836879453 1412746065.24
7.38456392469 1412746066.59
7.32897052751 1412746067.98
7.28255384862 1412746069.32
7.26755931565 1412746070.69
7.19026246388 1412746072.03
7.16515227848 1412746073.37
7.14330357957 1412746074.78
7.14269886968 1412746076.12
7.1674683637 1412746077.5
7.20970945383 1412746078.88
7.08863720221 1412746080.29
7.05400813828 1412746081.65
7.11533592648 1412746083.06
7.11633961794 1412746084.45
7.11567250971 1412746085.82
7.12273723357 1412746087.22
7.1170347151 1412746088.61
7.04474245588 1412746090.01
7.0179895044 1412746091.41
7.00781272862 1412746092.78
6.89539047243 1412746094.23
6.94778966208 1412746095.58
6.92916811987 1412746096.99
6.88706630083 1412746098.32
6.81614663114 1412746099.69
6.80929435185 1412746101.07
6.79261993138 1412746102.5
6.85130106755 1412746103.99
6.72896637812 1412746105.46
6.68977122683 1412746106.8
6.64826068809 1412746108.2
6.68075599141 1412746109.6
6.70263376434 1412746110.99
6.7001881836 1412746112.4
6.78533439912 1412746113.79
6.72786254239 1412746115.17
6.76696112148 1412746116.56
6.73319551826 1412746117.97
6.80982820159 1412746119.37
6.72369215392 1412746120.78
6.75000994005 1412746122.17
6.76091861577 1412746123.52
6.68531403336 1412746124.86
6.5827561277 1412746126.2
6.5916116185 1412746127.57
6.51934559713 1412746128.92
6.532987395 1412746130.29
6.53268280327 1412746131.65
6.48810507584 1412746133.02
6.44388700851 1412746134.41
6.50078577265 1412746135.77
6.4636072111 1412746137.17
6.43960865801 1412746138.55
6.40465322281 1412746139.95
6.36124679911 1412746141.34
6.2736592474 1412746142.69
6.2640224491 1412746144.03
6.24853076573 1412746145.4
6.25145763111 1412746146.75
6.23581440503 1412746148.12
6.29463998725 1412746149.55
6.27745517266 1412746150.91
6.27207359592 1412746152.31
6.24682759902 1412746153.67
6.21784021475 1412746155.05
6.19606308396 1412746156.47
6.15923137354 1412746157.83
6.12373144705 1412746159.22
6.01502951524 1412746160.61
5.95016120354 1412746162.02
5.91014987024 1412746163.34
5.89603457217 1412746164.73
5.84185664039 1412746166.13
5.79611826697 1412746167.53
5.74282735378 1412746168.92
5.66760986764 1412746170.28
5.61837412934 1412746171.66
5.5510591427 1412746173.05
5.51009977501 1412746174.4
5.47856067917 1412746175.8
5.43649724759 1412746177.2
5.38660290103 1412746178.61
5.37145442761 1412746180.05
5.34328796533 1412746181.38
5.30804925916 1412746182.73
5.29584426456 1412746184.09
5.22679738097 1412746185.43
5.21363847265 1412746186.8
5.17822509457 1412746188.18
5.14913586916 1412746189.53
5.14333275612 1412746190.84
5.12909924967 1412746192.17
5.13995311954 1412746193.52
5.09435717541 1412746194.84
5.04196519606 1412746196.19
4.98520107872 1412746197.54
4.98240774316 1412746198.9
4.93194245622 1412746200.21
4.90295112405 1412746201.54
4.89371410099 1412746202.83
4.86987930395 1412746204.15
4.87282052857 1412746205.49
4.85905642478 1412746206.81
4.85063684435 1412746208.14
4.82426216831 1412746209.47
4.81578030602 1412746210.78
4.73514103463 1412746212.13
4.74385868011 1412746213.44
4.72517351196 1412746214.78
4.73871712365 1412746216.1
4.76953333097 1412746217.37
4.73586484081 1412746218.73
4.6834646123 1412746220.02
4.67946926378 1412746221.36
4.61084723001 1412746222.67
4.535511706 1412746223.99
4.53621328881 1412746225.32
4.46543577384 1412746226.65
4.45781632454 1412746227.97
4.40638750051 1412746229.29
4.43470191499 1412746230.65
4.41908318334 1412746232.0
4.37600690028 1412746233.38
4.36745711246 1412746234.77
4.36529919264 1412746236.07
4.38680456409 1412746237.41
4.48632497093 1412746238.75
4.4244975624 1412746240.05
4.41572730793 1412746241.33
4.38316078811 1412746242.63
4.3576730464 1412746243.95
4.30067116192 1412746245.25
4.26875297229 1412746246.54
4.23249295588 1412746247.84
4.19852373264 1412746249.14
4.17395566154 1412746250.43
4.0989132049 1412746251.68
4.08581620873 1412746253.08
4.07907825564 1412746254.39
4.04631429458 1412746255.68
4.01801657662 1412746256.97
4.00330343292 1412746258.31
3.96875127708 1412746259.59
3.92638580745 1412746260.88
3.94652384229 1412746262.18
3.8630950217 1412746263.48
3.85792330353 1412746264.83
3.89124560515 1412746266.15
3.83086376107 1412746267.44
3.80832481774 1412746268.77
3.79734011941 1412746270.1
3.75572510079 1412746271.37
3.74994638202 1412746272.75
3.77018757247 1412746274.13
3.76851764972 1412746275.46
3.72644435459 1412746276.74
3.7497179135 1412746278.03
3.69729163407 1412746279.32
3.66101514116 1412746280.62
3.65778960119 1412746281.9
3.63011770626 1412746283.16
3.62416806182 1412746284.48
3.63223806291 1412746285.75
3.61602562706 1412746287.03
3.60472817677 1412746288.35
3.5980601517 1412746289.63
3.58421845374 1412746290.94
3.55648142523 1412746292.23
3.55176993523 1412746293.5
