13.1794372467 1412734352.02
12.9066129366 1412734353.1
12.6240528034 1412734354.15
12.4797690207 1412734355.2
12.2242101913 1412734356.2
12.0708229728 1412734357.23
11.9792836613 1412734358.24
12.1304356936 1412734359.27
11.8312027966 1412734360.28
11.8030983162 1412734361.29
11.5797793106 1412734362.28
11.3758268581 1412734363.29
11.288542041 1412734364.29
11.1350656 1412734365.27
10.8940792432 1412734366.32
10.6576893832 1412734367.34
10.5072392571 1412734368.34
10.2211041958 1412734369.3
9.83439385789 1412734370.29
9.73939248698 1412734371.27
9.37711849219 1412734372.32
9.19033692234 1412734373.35
9.00860581974 1412734374.4
8.86451697498 1412734375.4
8.6351749179 1412734376.42
8.53645744902 1412734377.44
8.48839292029 1412734378.5
8.37612915302 1412734379.53
8.29752300313 1412734380.61
8.09432075514 1412734381.62
7.99971687929 1412734382.68
7.9065617746 1412734383.71
7.96878445865 1412734384.73
7.94831164187 1412734385.8
7.95207153999 1412734386.85
7.84912374365 1412734387.95
7.69625285683 1412734388.97
7.66091576496 1412734390.04
7.64371873959 1412734391.06
7.66220736005 1412734392.14
7.62456762716 1412734393.25
7.61729851357 1412734394.31
7.48558798153 1412734395.43
7.42880302885 1412734396.48
7.40333126532 1412734397.5
7.48826320802 1412734398.57
7.33063923396 1412734399.63
7.28424408841 1412734400.76
7.23069080524 1412734401.85
7.19764248915 1412734402.95
7.08281902803 1412734404.09
7.09077833258 1412734405.19
7.14649689922 1412734406.3
7.05406431608 1412734407.42
7.06314900355 1412734408.55
7.07881299269 1412734409.68
7.03306545952 1412734410.85
7.03908938231 1412734412.02
6.93491159502 1412734413.17
6.94729498131 1412734414.32
6.81428745988 1412734415.44
6.78645995314 1412734416.59
6.71626369472 1412734417.74
6.83000494133 1412734418.93
6.74506090148 1412734420.14
6.74589466483 1412734421.37
6.74200050581 1412734422.55
6.71571864886 1412734423.79
6.6755941664 1412734424.97
6.71199376272 1412734426.1
6.66731425323 1412734427.32
6.66371078385 1412734428.49
6.55996572019 1412734429.69
6.53810449499 1412734430.9
6.54442564221 1412734432.1
6.61106513966 1412734433.3
6.52524976611 1412734434.53
6.4946827966 1412734435.73
6.39077137125 1412734436.9
6.41864426933 1412734438.11
6.340520851 1412734439.28
6.38293343614 1412734440.42
6.38154122783 1412734441.65
6.38582517895 1412734442.89
6.37463028719 1412734444.07
6.22006204131 1412734445.26
6.14983966201 1412734446.42
6.1557091185 1412734447.59
6.18295428933 1412734448.73
6.07526802461 1412734449.92
6.07693227667 1412734451.07
6.04519965659 1412734452.24
6.05605122852 1412734453.44
5.99324531111 1412734454.68
5.96737403406 1412734455.83
5.91861427141 1412734457.09
5.90651531565 1412734458.37
5.93040267156 1412734459.57
5.88592904942 1412734460.77
5.94426490817 1412734462.0
5.99122117799 1412734463.21
5.90628796945 1412734464.48
5.88147089058 1412734465.69
5.94097036677 1412734466.93
5.89228381133 1412734468.16
5.88093964032 1412734469.41
5.89188871846 1412734470.67
5.94312474439 1412734471.91
5.87693564529 1412734473.18
6.01505711431 1412734474.37
5.96169259658 1412734475.65
5.98242135473 1412734476.91
5.93249199043 1412734478.2
5.92028488253 1412734479.46
5.92392894536 1412734480.71
5.92704167507 1412734481.95
5.93015244618 1412734483.17
5.96018763522 1412734484.42
5.83855096653 1412734485.68
5.86979291372 1412734486.92
5.81835217181 1412734488.23
5.79535946509 1412734489.48
5.76946813562 1412734490.7
5.7630751233 1412734491.95
5.76680936209 1412734493.23
5.74597181391 1412734494.54
5.82361811693 1412734495.78
5.77510167838 1412734497.08
5.77673652556 1412734498.4
5.7496965386 1412734499.69
5.80513519548 1412734500.98
5.76466032313 1412734502.23
5.68572909743 1412734503.48
5.63177834088 1412734504.78
5.66964201509 1412734506.01
5.66616371886 1412734507.23
5.6106538316 1412734508.52
5.62096025687 1412734509.78
5.63033509851 1412734511.0
5.56326404806 1412734512.24
5.572339278 1412734513.66
5.60836256903 1412734514.98
5.48698129132 1412734516.23
5.50593505798 1412734517.48
5.58444563118 1412734518.77
5.45475276429 1412734520.05
5.45790242842 1412734521.33
5.52852380405 1412734522.56
5.53064880182 1412734523.81
5.47210291973 1412734525.12
5.47223247013 1412734526.34
5.46701774583 1412734527.63
5.49959539125 1412734528.88
5.51302087941 1412734530.08
5.46907585129 1412734531.34
5.46329965105 1412734532.61
5.51914857429 1412734533.87
5.49817787483 1412734535.14
5.49017129007 1412734536.41
5.44804654484 1412734537.7
5.43450448445 1412734538.99
5.4919826067 1412734540.29
5.46898768494 1412734541.59
5.44105951839 1412734542.87
5.4979310386 1412734544.16
5.47351307245 1412734545.44
5.4509458604 1412734546.76
5.40170570056 1412734548.0
5.4643749325 1412734549.31
5.47362362121 1412734550.6
5.46983964432 1412734551.92
5.41073774162 1412734553.18
5.37846863845 1412734554.49
5.39397500621 1412734555.72
5.38832402358 1412734557.0
5.44986694063 1412734558.34
5.40581077395 1412734559.64
5.42270695864 1412734560.94
5.44082992635 1412734562.24
5.43190973875 1412734563.52
5.45705452239 1412734564.81
5.46031660167 1412734566.1
5.48521880873 1412734567.35
5.49228066617 1412734568.63
5.53132652462 1412734569.91
5.52022687206 1412734571.13
5.46761041644 1412734572.41
5.44657761622 1412734573.7
5.40887741429 1412734575.02
5.40578616904 1412734576.34
5.37718311374 1412734577.65
5.39582130307 1412734578.95
5.39419889375 1412734580.22
5.3778670545 1412734581.55
5.38591404451 1412734582.83
5.37764607299 1412734584.14
5.36011079603 1412734585.43
5.33579842295 1412734586.75
5.33559007313 1412734588.05
5.33543919142 1412734589.34
