9.96699359431 1412728234.53
10.0376836968 1412728235.39
9.73013189689 1412728236.06
9.86991874376 1412728236.66
9.76101859781 1412728237.33
9.77350913742 1412728237.93
9.73438125198 1412728238.64
9.65007617385 1412728239.32
9.38342376964 1412728240.02
9.1481447267 1412728240.67
9.07127616021 1412728241.61
8.7777959508 1412728242.4
8.54745444735 1412728243.0
8.48110458576 1412728243.94
8.49646806379 1412728244.95
8.39166827498 1412728245.83
8.54439578582 1412728246.82
8.46969546388 1412728247.77
8.16952252845 1412728248.77
7.97833848674 1412728249.74
7.97931516408 1412728250.95
7.77769983942 1412728252.26
7.48914252503 1412728253.55
7.27162071408 1412728254.65
6.92674519767 1412728255.5
6.5760198678 1412728256.29
6.54957670615 1412728257.11
6.33983412575 1412728257.87
5.98451980736 1412728258.63
5.90410863045 1412728259.4
5.85304331762 1412728260.12
5.73260712679 1412728260.91
5.57408128585 1412728261.61
5.5825070534 1412728262.29
5.50076870206 1412728262.96
5.42614817486 1412728263.67
5.35257360231 1412728264.36
5.40344242045 1412728265.07
5.41552792947 1412728265.74
5.41574494541 1412728266.45
5.33690564672 1412728267.15
5.29619009907 1412728267.84
5.25182572189 1412728268.54
5.31197524829 1412728269.25
5.28173735632 1412728269.96
5.27409947617 1412728270.68
5.15451234627 1412728271.37
5.15585355197 1412728272.06
5.15957342949 1412728272.76
5.03282287505 1412728273.5
5.09382006299 1412728274.18
5.13735362778 1412728274.89
5.13889248155 1412728275.6
5.0899835924 1412728276.29
5.02271380345 1412728277.0
5.06803535973 1412728277.72
5.02667819322 1412728278.47
5.0487409173 1412728279.21
4.98687265298 1412728279.9
5.02282798048 1412728280.62
5.02477568672 1412728281.35
5.07499064501 1412728282.06
4.84924820885 1412728282.78
4.86966628701 1412728283.52
4.832911728 1412728284.23
4.86263916002 1412728284.98
4.88749551753 1412728285.68
4.85291756925 1412728286.39
4.86962608771 1412728287.08
4.813170109 1412728287.78
4.85809419569 1412728288.5
4.90579988511 1412728289.21
4.85630412264 1412728289.89
4.86244802631 1412728290.6
4.86403181743 1412728291.31
4.8257544055 1412728292.02
4.89595517625 1412728292.77
4.86398495216 1412728293.54
4.76703465626 1412728294.25
4.75652035001 1412728294.99
4.80322655877 1412728295.71
4.74930908622 1412728296.41
4.79271504267 1412728297.1
4.800039599 1412728297.8
4.87069232224 1412728298.54
4.79078652402 1412728299.22
4.83223138824 1412728299.88
4.80308459275 1412728300.58
4.85632746169 1412728301.28
4.84609409242 1412728301.96
4.8434236904 1412728302.71
4.82813487842 1412728303.47
4.83804493096 1412728304.2
4.88444956781 1412728304.88
4.86800483351 1412728305.62
4.87264915349 1412728306.33
4.86220528302 1412728307.07
4.8518463921 1412728307.77
4.88952709562 1412728308.53
4.87996535791 1412728309.23
4.89480576454 1412728309.88
4.92420863396 1412728310.58
4.85281634362 1412728311.28
4.84837487658 1412728312.01
4.84067885434 1412728312.75
4.83582917316 1412728313.47
4.88295704763 1412728314.16
4.88245682406 1412728314.85
4.8405696955 1412728315.58
4.84499577032 1412728316.29
4.847456395 1412728316.99
4.82689363398 1412728317.68
4.74392817241 1412728318.43
4.76387004965 1412728319.17
4.72690847951 1412728319.92
4.78197741682 1412728320.62
4.79717838556 1412728321.35
4.76418301621 1412728322.13
4.77165484566 1412728322.83
4.77075761948 1412728323.55
4.82721203659 1412728324.25
4.73759859566 1412728324.96
4.7182533903 1412728325.66
4.73381670582 1412728326.37
4.74020353468 1412728327.09
4.7396664261 1412728327.79
4.73702725362 1412728328.48
4.72829004651 1412728329.22
4.76871801376 1412728329.97
4.72629444653 1412728330.66
4.72870984838 1412728331.4
4.6773789913 1412728332.12
4.72783947104 1412728332.83
4.7565424332 1412728333.54
4.67682037815 1412728334.27
4.72343607694 1412728334.98
4.76054963843 1412728335.68
4.78734486415 1412728336.4
4.85883669258 1412728337.11
4.83509384864 1412728337.87
4.74120338654 1412728338.63
4.76748875536 1412728339.39
4.72986553405 1412728340.13
4.73209288706 1412728340.89
4.73721323359 1412728341.63
4.72710458216 1412728342.42
4.79088210385 1412728343.17
4.77108537883 1412728343.91
4.76447321031 1412728344.65
4.74278261269 1412728345.38
4.66674699005 1412728346.16
4.75867228028 1412728346.86
4.67970989987 1412728347.6
4.75410402476 1412728348.34
4.78845256377 1412728349.05
4.77726956938 1412728349.76
4.72494001995 1412728350.48
4.71603353591 1412728351.24
4.65427529106 1412728352.01
4.71523833652 1412728352.76
4.70261996492 1412728353.5
4.70878673982 1412728354.26
4.71359463834 1412728354.99
4.72258312918 1412728355.78
4.74244972113 1412728356.53
4.77189253222 1412728357.26
4.77386947017 1412728358.0
4.74162736253 1412728358.73
4.74997326568 1412728359.5
4.79619534544 1412728360.22
4.75482807698 1412728360.94
4.75948835868 1412728361.7
4.79197389767 1412728362.43
4.75724645769 1412728363.18
4.74979277662 1412728363.97
4.71420199426 1412728364.74
4.73524000067 1412728365.46
4.79408406494 1412728366.23
4.79615108937 1412728367.02
4.78847808055 1412728367.8
4.8165377301 1412728368.57
4.91149218412 1412728369.32
4.90382360479 1412728370.07
4.88129087497 1412728370.84
4.85417339195 1412728371.58
4.84623850351 1412728372.34
4.8508961632 1412728373.1
4.92899601117 1412728373.85
4.93171067569 1412728374.68
4.9223686268 1412728375.46
4.89506890811 1412728376.26
4.87310705297 1412728377.03
4.83008942216 1412728377.79
4.84508889569 1412728378.56
4.85525142267 1412728379.33
4.82507342749 1412728380.08
4.77344353593 1412728380.85
4.77472788389 1412728381.7
4.77379884402 1412728382.53
4.77502171359 1412728383.41
