7.57721188979 1412727981.77
7.54138570707 1412727982.39
7.48606492293 1412727982.98
7.67390609989 1412727983.59
7.75736864174 1412727984.2
7.80469422523 1412727984.8
7.54017877252 1412727985.38
7.91012970494 1412727985.97
7.67207342649 1412727986.58
7.46072938021 1412727987.15
6.95590640754 1412727987.73
6.8938992308 1412727988.32
6.97279140431 1412727988.89
6.8687445676 1412727989.47
6.82581075283 1412727990.04
6.61789009939 1412727990.61
6.67955202373 1412727991.19
6.70951991153 1412727991.75
7.12806876716 1412727992.35
6.7515159961 1412727992.92
6.86835906407 1412727993.5
7.40397087511 1412727994.08
6.85314031774 1412727994.65
7.33105914041 1412727995.23
6.85833027245 1412727995.79
7.09011240348 1412727996.37
7.2692247722 1412727996.98
6.93849001281 1412727997.55
7.09398297085 1412727998.12
7.28184520569 1412727998.66
7.48808024482 1412727999.23
7.28308327394 1412727999.78
7.08671043913 1412728000.34
6.88785349104 1412728000.86
6.56952231911 1412728001.42
5.98114374785 1412728001.97
5.46608567331 1412728002.54
5.23035820203 1412728003.08
5.30699796347 1412728003.62
5.21565615571 1412728004.2
5.17478436525 1412728004.76
5.09117237205 1412728005.31
5.01601670641 1412728005.88
5.03474899045 1412728006.46
4.93152832145 1412728006.97
4.92820159925 1412728007.52
5.02068817249 1412728008.06
4.88252537031 1412728008.61
5.00576552017 1412728009.15
4.75911756146 1412728009.7
4.7683217745 1412728010.25
4.68355901095 1412728010.79
4.53793474945 1412728011.35
4.47057273766 1412728011.9
4.40916856203 1412728012.46
4.36083537035 1412728012.98
4.25952881503 1412728013.54
4.21327311799 1412728014.09
4.17784495976 1412728014.67
4.17256805279 1412728015.24
4.17098456562 1412728015.8
4.11423671112 1412728016.36
4.13529032188 1412728016.91
4.0620373117 1412728017.47
4.07548256187 1412728018.02
4.05984193482 1412728018.57
4.04096357 1412728019.11
4.02280343233 1412728019.62
3.99446575364 1412728020.17
3.99021881674 1412728020.71
3.99892497644 1412728021.24
4.0047242511 1412728021.79
4.01959721014 1412728022.34
3.96383816974 1412728022.87
3.93783064985 1412728023.42
3.91953625196 1412728023.98
3.92131196927 1412728024.58
3.96084736654 1412728025.1
3.9381558804 1412728025.64
3.94690087786 1412728026.18
3.9414854237 1412728026.73
3.95281570932 1412728027.28
3.96360307313 1412728027.81
3.98648786649 1412728028.33
3.97326807754 1412728028.89
3.96168775969 1412728029.43
3.9728867414 1412728030.02
3.99324377454 1412728030.58
3.99605654435 1412728031.17
3.98247182134 1412728031.76
3.99062488501 1412728032.37
3.96172207994 1412728032.95
3.97350672476 1412728033.55
3.97061070952 1412728034.19
3.92085157151 1412728034.86
3.9367602709 1412728035.41
3.92971926602 1412728035.98
3.90302936343 1412728036.54
3.89957703287 1412728037.12
3.88281424944 1412728037.69
3.91608921607 1412728038.28
3.87528114962 1412728038.87
3.89033232359 1412728039.44
3.88324722148 1412728040.0
3.88399411462 1412728040.59
3.83328578477 1412728041.21
3.84910814987 1412728041.82
3.8577636638 1412728042.44
3.83426831856 1412728043.04
3.82608377787 1412728043.68
3.80304009071 1412728044.26
3.81137526061 1412728044.86
3.81965274876 1412728045.44
3.81372358934 1412728046.0
3.81819238544 1412728046.56
3.82749902618 1412728047.17
3.83171176027 1412728047.73
3.72999741927 1412728048.26
3.70913394213 1412728048.79
3.70906068374 1412728049.34
3.72889211027 1412728049.95
3.71728707954 1412728050.52
3.7056666656 1412728051.1
3.68239584747 1412728051.67
3.68579526577 1412728052.25
3.66457512707 1412728052.79
3.65489539636 1412728053.34
3.65842162497 1412728053.89
3.63514427125 1412728054.46
3.64012786763 1412728054.99
3.62505054295 1412728055.58
3.62137427056 1412728056.15
3.64167685491 1412728056.76
3.61812616137 1412728057.37
3.60876485095 1412728057.91
3.60603032873 1412728058.5
3.59790085728 1412728059.11
3.58130599349 1412728059.7
3.57150764392 1412728060.33
3.56343576094 1412728060.89
3.55450278976 1412728061.47
3.55947248086 1412728062.08
3.55557497439 1412728062.65
3.56019150705 1412728063.24
3.56316087295 1412728063.79
3.5660711878 1412728064.38
3.55491627479 1412728064.98
3.55799129056 1412728065.56
3.57383085125 1412728066.14
3.55179072246 1412728066.75
3.55971878056 1412728067.35
3.55402907945 1412728067.94
3.53613638166 1412728068.55
3.51512479749 1412728069.16
3.47433860051 1412728069.77
3.46628088753 1412728070.34
3.49780732224 1412728070.92
3.48787333806 1412728071.48
3.45229099126 1412728072.04
3.45277321139 1412728072.59
3.45746355539 1412728073.15
3.44476470653 1412728073.73
3.44813472172 1412728074.29
3.48564123461 1412728074.88
3.4809051571 1412728075.47
3.45857776417 1412728076.06
3.47337551863 1412728076.63
3.45052513269 1412728077.17
3.44323261548 1412728077.73
3.43443374572 1412728078.29
3.4252067016 1412728078.89
3.43450906451 1412728079.48
3.42564526712 1412728080.03
3.42798653314 1412728080.64
3.42438225297 1412728081.23
3.41450192433 1412728081.83
3.40488746064 1412728082.43
3.38221052787 1412728083.0
3.43521317602 1412728083.59
3.42560205695 1412728084.17
3.40188076888 1412728084.75
3.40597915164 1412728085.33
3.40359864272 1412728085.89
3.4170184464 1412728086.45
3.40629771731 1412728087.01
3.40188495884 1412728087.61
3.39501611926 1412728088.17
3.37517151668 1412728088.71
3.36019016674 1412728089.27
3.35839417212 1412728089.83
3.33873540623 1412728090.38
3.32750604294 1412728090.94
3.30104300177 1412728091.52
3.31281598535 1412728092.11
3.28602160542 1412728092.68
3.30527265928 1412728093.27
3.29849182682 1412728093.87
3.28443079799 1412728094.47
3.29925000211 1412728095.07
3.27160300645 1412728095.64
