17.7487532051 1412732497.17
17.6976978948 1412732497.8
17.7640710182 1412732498.44
17.6804047068 1412732499.08
17.7535727277 1412732499.7
17.3232595428 1412732500.28
17.184388317 1412732500.93
17.174032429 1412732501.57
17.0294174362 1412732502.23
16.9873201664 1412732502.89
16.9083999918 1412732503.51
16.7910841055 1412732504.14
16.8606927699 1412732504.77
16.6123653926 1412732505.43
16.7140856856 1412732506.07
16.7632617859 1412732506.74
16.6295020279 1412732507.46
16.2057632944 1412732508.16
15.7332422641 1412732508.85
15.4260824529 1412732509.54
15.0906538422 1412732510.21
14.9530454244 1412732510.85
14.8049838476 1412732511.5
14.7321168183 1412732512.16
14.4309286077 1412732512.87
14.3055201668 1412732513.57
14.4959261825 1412732514.27
14.5096528639 1412732514.93
14.1943196073 1412732515.63
14.1250889559 1412732516.33
13.7642183453 1412732517.0
13.4815323021 1412732517.68
13.6172386937 1412732518.4
13.6889077581 1412732519.09
13.7682920404 1412732519.8
13.6025109019 1412732520.48
13.6514421986 1412732521.22
13.6245682381 1412732521.92
13.6392461033 1412732522.64
13.5656687182 1412732523.36
13.6960222409 1412732524.11
13.8996047917 1412732524.84
13.8934751178 1412732525.53
13.8696031176 1412732526.25
13.7162021294 1412732526.99
13.7204691292 1412732527.72
13.6410481628 1412732528.43
13.4930244409 1412732529.21
13.3617560517 1412732529.99
13.3227580557 1412732530.7
13.2192079483 1412732531.4
13.1371491906 1412732532.15
13.014154817 1412732532.91
12.860607185 1412732533.65
12.610303553 1412732534.43
12.6765568508 1412732535.23
12.6441361119 1412732536.05
12.8226639539 1412732536.84
12.6369605424 1412732537.64
12.5417860465 1412732538.44
12.7632216816 1412732539.24
12.7268336138 1412732540.06
12.9285318641 1412732540.89
12.6713035622 1412732541.69
12.6748513596 1412732542.45
12.6552076708 1412732543.27
12.6152788118 1412732544.05
12.4172770235 1412732544.86
12.2632895101 1412732545.65
12.307567947 1412732546.45
12.2797605796 1412732547.24
12.1953453061 1412732548.04
12.2491166229 1412732548.89
12.2532341893 1412732549.72
12.1031946169 1412732550.55
12.0290129796 1412732551.37
12.1011741241 1412732552.24
12.1343659345 1412732553.12
12.134541619 1412732553.93
12.0204136425 1412732554.79
12.0231002756 1412732555.67
12.0587938943 1412732556.55
12.2165221395 1412732557.37
12.2263722625 1412732558.25
12.259975263 1412732559.12
12.2933414096 1412732559.98
12.2888158912 1412732560.85
12.3190928286 1412732561.75
12.164446956 1412732562.63
12.1523500525 1412732563.47
12.126187006 1412732564.31
12.1414175359 1412732565.14
12.1146512892 1412732565.99
12.07740774 1412732566.87
12.0524926179 1412732567.76
12.1748142344 1412732568.6
12.1396518807 1412732569.5
12.1649194313 1412732570.39
12.0983208031 1412732571.27
12.1741026906 1412732572.15
12.2149884013 1412732573.01
12.2012820312 1412732573.92
12.3753501181 1412732574.83
12.3244764307 1412732575.73
12.4082401508 1412732576.6
12.4485732354 1412732577.5
12.1818397026 1412732578.42
12.1716217092 1412732579.33
12.2276199744 1412732580.25
12.4497296574 1412732581.14
12.2314327067 1412732582.08
12.3612318238 1412732583.0
12.2581960081 1412732583.92
12.2083522879 1412732584.81
12.2042391898 1412732585.68
12.3278011153 1412732586.52
12.2195818659 1412732587.38
12.2135372329 1412732588.26
12.2694841409 1412732589.11
12.2174340743 1412732589.94
12.3117017374 1412732590.77
12.2426435031 1412732591.64
12.3064232107 1412732592.47
12.2981754058 1412732593.32
12.290025245 1412732594.14
12.2091618851 1412732594.94
12.2324245926 1412732595.79
12.21720495 1412732596.59
12.0551221929 1412732597.39
12.0680074472 1412732598.21
12.1189349234 1412732599.08
12.135449661 1412732599.91
12.1067121584 1412732600.74
12.1270404976 1412732601.6
12.1712785357 1412732602.47
12.1772619866 1412732603.31
12.1845755952 1412732604.18
12.240078655 1412732605.07
12.1411620251 1412732605.92
12.0954453365 1412732606.78
11.9878105116 1412732607.63
12.0340494466 1412732608.47
12.0236869703 1412732609.3
12.0130341409 1412732610.16
12.1006101755 1412732611.02
12.0788427784 1412732611.85
12.1086786306 1412732612.73
12.0911987579 1412732613.57
12.0927455229 1412732614.42
12.0790550277 1412732615.3
12.2131529392 1412732616.21
12.1899442376 1412732617.12
12.2007350489 1412732618.01
12.1547872803 1412732618.93
12.2066278764 1412732619.81
12.185576969 1412732620.69
12.1723711696 1412732621.55
12.1594294719 1412732622.46
12.1041241452 1412732623.34
12.1244785627 1412732624.24
12.0791783596 1412732625.12
12.0964396035 1412732625.98
12.0719343376 1412732626.86
11.9624236159 1412732627.68
11.9531536214 1412732628.56
11.9432411397 1412732629.42
11.9660628204 1412732630.3
11.9909118222 1412732631.17
12.0098708427 1412732632.04
11.9334794292 1412732632.95
11.9539231236 1412732633.85
11.9596122053 1412732634.78
11.951824063 1412732635.72
11.9884410302 1412732636.66
11.833629661 1412732637.58
11.6693815884 1412732638.5
11.6549917159 1412732639.45
11.5425970662 1412732640.38
11.5331518116 1412732641.31
11.4522308881 1412732642.28
11.3304784256 1412732643.23
11.3176861739 1412732644.21
11.3425795644 1412732645.24
11.3312998826 1412732646.2
11.3140983233 1412732647.17
11.1602370584 1412732648.13
11.1472921899 1412732649.07
11.0630026128 1412732650.03
11.0192988366 1412732651.04
10.9286372072 1412732652.02
10.9309517824 1412732653.04
10.8217952608 1412732654.04
10.9863540738 1412732655.0
10.9077503168 1412732655.99
10.9550469536 1412732656.97
10.953113768 1412732657.96
10.9653413076 1412732658.93
10.9797954118 1412732659.87
10.9894923629 1412732660.83
11.0141334689 1412732661.82
