19.7001934502 1412740320.28
18.8842173907 1412740321.38
17.9157930506 1412740322.44
17.0253296305 1412740323.5
16.3516990592 1412740324.54
15.8550607988 1412740325.63
15.6662513002 1412740326.7
15.2448601398 1412740327.75
14.8695688098 1412740328.84
14.4565110612 1412740329.86
13.987782396 1412740330.9
13.3217725587 1412740331.93
13.1498142067 1412740332.99
13.055285626 1412740334.06
13.1359210669 1412740335.1
12.9797859387 1412740336.13
12.7557912266 1412740337.13
12.5723637971 1412740338.09
12.1910578955 1412740339.06
11.9357523862 1412740340.1
11.587793357 1412740341.15
11.5470325393 1412740342.18
11.2411787411 1412740343.23
11.4554321332 1412740344.35
11.5465869579 1412740345.46
11.7112946021 1412740346.55
11.5683087043 1412740347.67
11.6101237268 1412740348.79
11.9620518418 1412740349.85
12.1432278596 1412740351.02
12.3108059552 1412740352.15
12.671917644 1412740353.36
12.8809284997 1412740354.56
13.1202199848 1412740355.77
13.1067599179 1412740356.96
13.0767205083 1412740358.18
13.1785595424 1412740359.44
13.2655295371 1412740360.74
13.3632269949 1412740361.9
13.358788207 1412740363.07
13.3226421907 1412740364.24
13.3284108285 1412740365.47
13.5500871546 1412740366.63
13.41376213 1412740367.98
13.6060683142 1412740369.26
13.9338138672 1412740370.58
14.0251178798 1412740371.87
13.8593811938 1412740373.21
14.1113267897 1412740374.54
14.1981591629 1412740375.85
14.1833582644 1412740377.18
13.8973999841 1412740378.49
14.1468395361 1412740379.81
14.1067130275 1412740381.12
14.1422566536 1412740382.5
14.1761935918 1412740383.88
14.1540915986 1412740385.22
14.4132148587 1412740386.56
14.3348970599 1412740387.96
14.4320917074 1412740389.33
14.4462911836 1412740390.7
14.4482464468 1412740392.05
14.5394624575 1412740393.42
14.683137818 1412740394.76
14.888444825 1412740396.1
15.0420907094 1412740397.46
15.2939332088 1412740398.83
15.3871335946 1412740400.21
15.6609459038 1412740401.56
15.9193573498 1412740402.98
16.0078932322 1412740404.41
16.1223607012 1412740405.81
16.4059178442 1412740407.24
16.4052283902 1412740408.71
16.2818597966 1412740410.14
16.1772258678 1412740411.59
16.218625149 1412740413.08
16.265368006 1412740414.57
16.3384766566 1412740416.07
16.5230770631 1412740417.51
16.409880218 1412740418.97
16.5946976546 1412740420.43
16.6537927163 1412740421.85
16.687967191 1412740423.46
16.6493894018 1412740424.97
16.6041133974 1412740426.52
16.7852484254 1412740428.05
16.8858733759 1412740429.51
16.8641049773 1412740430.94
17.2206413233 1412740432.39
17.1804690771 1412740433.91
17.1847344726 1412740435.36
17.1275362106 1412740436.83
17.2362995906 1412740438.27
17.2937638361 1412740439.72
17.351496908 1412740441.17
17.1172744458 1412740442.68
17.1494990888 1412740444.38
17.1377198091 1412740445.99
17.0828623543 1412740447.49
17.0824941036 1412740449.03
17.0887559128 1412740450.57
17.1255849698 1412740452.14
17.1078161807 1412740453.63
16.8923081844 1412740455.13
16.8899447613 1412740456.6
16.9252368097 1412740458.11
16.9720687743 1412740459.64
16.9182246079 1412740461.19
16.8964654731 1412740462.77
17.0211792385 1412740464.32
17.0150678564 1412740465.88
17.004439274 1412740467.48
17.0007507228 1412740469.13
17.0042841148 1412740470.6
16.9547541458 1412740472.01
16.9991119813 1412740473.45
17.0220472975 1412740474.84
16.9931829842 1412740476.33
17.10220319 1412740477.78
17.071109323 1412740479.17
17.0251734079 1412740480.59
17.018785493 1412740482.02
17.101554834 1412740483.48
17.1355358992 1412740484.97
17.1599345699 1412740486.42
17.1685754425 1412740487.82
17.1978113125 1412740489.25
17.2250259358 1412740490.73
17.2265332718 1412740492.16
17.1767692562 1412740493.63
17.2441894557 1412740495.08
17.217146789 1412740496.53
17.2020694713 1412740497.99
17.2805780666 1412740499.5
17.2550035692 1412740500.99
17.345332027 1412740502.44
17.3680506137 1412740503.91
17.3493569668 1412740505.33
17.457529298 1412740506.82
17.4731563968 1412740508.35
17.4778333655 1412740509.88
17.5729247995 1412740511.37
17.3697016879 1412740512.9
17.3767806109 1412740514.41
17.4000873212 1412740515.9
17.5353928364 1412740517.44
17.5816165657 1412740519.02
17.6684703346 1412740520.56
17.6601578783 1412740522.09
17.6796985526 1412740523.65
17.7726304203 1412740525.26
17.7552573747 1412740526.83
17.7813596569 1412740528.45
17.7664081381 1412740530.02
17.7815058588 1412740531.57
17.8567044028 1412740533.2
17.9330958318 1412740534.8
17.920803263 1412740536.34
17.9167546427 1412740537.88
17.9169400198 1412740539.44
17.8904876713 1412740541.01
17.8893464603 1412740542.54
17.9282930899 1412740544.12
17.9117630444 1412740545.75
17.9098754184 1412740547.29
17.8897084014 1412740548.87
17.8873349094 1412740550.37
17.9008122988 1412740551.87
17.8870761678 1412740553.32
17.8936939901 1412740554.85
17.8751871265 1412740556.36
17.8539765318 1412740557.88
18.0038992857 1412740559.44
18.0286061277 1412740560.91
18.0400590003 1412740562.45
17.9537141436 1412740563.95
18.0153030835 1412740565.47
18.0366940891 1412740567.02
18.0568097298 1412740568.5
18.0410855799 1412740570.04
18.0297959238 1412740571.6
18.0359751428 1412740573.14
18.0422042212 1412740574.69
18.0353211385 1412740576.19
18.0402144646 1412740577.69
18.1657714235 1412740579.3
18.0332774823 1412740580.83
18.0575914844 1412740582.33
18.0702715415 1412740583.91
18.0773465123 1412740585.4
18.0905286305 1412740586.93
17.9570118983 1412740588.46
17.9891663597 1412740589.91
17.9444726418 1412740591.39
17.9597302896 1412740592.92
17.9663053 1412740594.46
17.9860893758 1412740596.04
17.9930985058 1412740597.59
18.0136638806 1412740599.12
