18.88180619 1412725112.49
19.2090698923 1412725112.79
19.6830275922 1412725113.15
19.8241245569 1412725113.5
19.9501296625 1412725113.83
19.8443339104 1412725114.16
19.8224041244 1412725114.58
19.4706780286 1412725115.01
19.1202655185 1412725115.37
19.2812660555 1412725115.73
18.9566805036 1412725116.07
18.2351973387 1412725116.39
17.9032705581 1412725116.73
17.4687475168 1412725117.17
17.0854245388 1412725117.54
16.7320501144 1412725117.9
16.0446311995 1412725118.24
15.5510439999 1412725118.55
14.9044891206 1412725118.84
14.5950766512 1412725119.12
15.778324407 1412725119.42
16.3801714983 1412725119.69
16.7092453839 1412725119.97
16.4269121635 1412725120.31
16.3067581181 1412725120.63
15.6780955637 1412725120.95
16.0172643909 1412725121.27
15.7923440198 1412725121.58
15.7442840974 1412725121.89
15.5045618956 1412725122.2
15.4257776895 1412725122.52
15.2905672979 1412725122.83
15.1092137574 1412725123.12
15.0384694795 1412725123.47
15.2331413118 1412725123.79
15.4204517683 1412725124.15
15.4594765285 1412725124.46
15.4501727798 1412725124.81
15.6723904869 1412725125.15
15.7951474017 1412725125.55
15.8749418877 1412725125.88
16.2001203715 1412725126.2
16.3558567516 1412725126.58
16.5744457824 1412725126.89
16.6903593416 1412725127.2
16.7806667266 1412725127.55
17.1638355497 1412725127.91
17.4638876578 1412725128.27
17.6524093289 1412725128.71
18.214833794 1412725129.11
18.5705404325 1412725129.51
18.6863258222 1412725129.89
19.0505825926 1412725130.27
19.5088483873 1412725130.67
19.7542104848 1412725131.05
19.6893529745 1412725131.47
19.7892048104 1412725131.91
19.7896643537 1412725132.3
20.0080248378 1412725132.76
20.4009215685 1412725133.2
20.4464280242 1412725133.62
20.4559406994 1412725133.99
20.3149306239 1412725134.4
20.5900531077 1412725134.81
20.7585602843 1412725135.26
20.9360895249 1412725135.7
20.9025498232 1412725136.12
20.681113568 1412725136.57
20.492692214 1412725136.98
20.6193531909 1412725137.37
21.1973071486 1412725137.75
21.5156200145 1412725138.16
21.6790532108 1412725138.56
21.831421155 1412725138.97
21.9426925645 1412725139.35
22.3138631359 1412725139.78
21.9584052981 1412725140.19
22.3204447011 1412725140.63
22.436183488 1412725141.04
22.4695981219 1412725141.47
23.003965648 1412725141.9
22.6928459681 1412725142.38
22.3426843707 1412725142.9
22.3605506265 1412725143.42
22.4240497891 1412725143.9
22.7692078453 1412725144.37
22.2690655961 1412725144.81
22.3057363253 1412725145.26
22.3417689595 1412725145.73
22.1029884372 1412725146.13
22.0621095214 1412725146.51
22.0989833841 1412725146.94
22.1345665013 1412725147.35
22.1684675809 1412725147.76
21.8973210608 1412725148.2
21.9165440758 1412725148.6
21.9511412331 1412725148.99
22.0358902053 1412725149.39
21.9318026605 1412725149.77
22.0989448104 1412725150.16
22.1079962575 1412725150.55
22.1172476341 1412725150.96
22.1267895211 1412725151.34
22.1172103064 1412725151.77
22.0439216975 1412725152.16
22.1144745893 1412725152.54
22.1236149816 1412725152.98
22.075742302 1412725153.35
22.1266345346 1412725153.74
22.140579222 1412725154.12
22.1546037734 1412725154.55
22.1686642981 1412725154.97
21.7813463366 1412725155.41
21.9058101975 1412725155.8
21.9473741702 1412725156.2
21.9748181087 1412725156.57
21.8746445929 1412725157.0
21.8942722773 1412725157.38
21.9616611804 1412725157.78
21.4001261181 1412725158.14
22.0157365045 1412725158.51
22.0019316249 1412725158.92
22.0704264792 1412725159.41
22.0551518981 1412725159.8
21.8935824967 1412725160.18
21.9497799645 1412725160.57
21.9964684324 1412725161.0
21.810316949 1412725161.36
21.8208039293 1412725161.77
21.835079417 1412725162.22
21.9886442163 1412725162.63
21.8996926348 1412725163.05
22.0767434825 1412725163.45
22.1202077128 1412725163.87
21.9885664821 1412725164.28
22.1608946902 1412725164.65
22.0197856819 1412725165.06
22.1810117624 1412725165.48
22.1776564507 1412725165.86
22.4652518627 1412725166.3
22.4097208638 1412725166.75
22.4024657322 1412725167.16
22.3951998048 1412725167.54
22.388032027 1412725167.95
22.1453349996 1412725168.35
22.1556691901 1412725168.75
22.1656825282 1412725169.17
22.1754846779 1412725169.56
22.1725426267 1412725169.95
22.1696986103 1412725170.35
22.1791970425 1412725170.78
22.1762267365 1412725171.19
22.173361015 1412725171.56
22.1826121159 1412725171.98
22.1797202723 1412725172.43
22.1768858004 1412725172.89
22.0937552318 1412725173.32
22.0930414141 1412725173.72
22.0887667927 1412725174.1
22.0845097202 1412725174.47
22.1331448416 1412725174.86
22.1318432354 1412725175.25
22.1306419996 1412725175.66
22.1293838111 1412725176.04
22.1281173092 1412725176.46
22.1268037608 1412725176.89
22.1255823674 1412725177.3
22.1242260151 1412725177.69
22.1229940275 1412725178.13
22.1217413898 1412725178.54
22.0870101539 1412725179.0
22.0875020424 1412725179.4
22.0881492597 1412725179.81
22.0888532245 1412725180.25
22.0896393336 1412725180.75
22.1121727506 1412725181.16
22.0959129204 1412725181.61
22.0968556591 1412725182.06
22.0978755383 1412725182.52
22.0990614465 1412725182.97
22.1003075212 1412725183.38
22.1016712129 1412725183.8
22.1244018545 1412725184.23
22.2401551483 1412725184.66
22.2405722987 1412725185.1
22.2889021106 1412725185.5
22.2887679055 1412725185.87
22.2885647137 1412725186.25
22.2882049637 1412725186.63
22.2877762847 1412725187.02
22.2871955152 1412725187.4
22.286759895 1412725187.79
22.2833556174 1412725188.2
22.2749249485 1412725188.62
22.2744417147 1412725189.03
22.2738918611 1412725189.41
22.2318695328 1412725189.85
22.2268523683 1412725190.26
22.1726972085 1412725190.66
22.2247714532 1412725191.06
