13.0487326145 1412751406.87
13.4347472727 1412751408.32
13.8938102153 1412751409.7
13.9761798336 1412751411.1
14.0649564564 1412751412.45
14.1196287034 1412751413.86
14.1680552082 1412751415.23
14.1882708252 1412751416.61
14.0839322021 1412751417.98
14.016659793 1412751419.31
14.0038971043 1412751420.74
13.9873832418 1412751422.11
13.8737705205 1412751423.5
13.7738556395 1412751424.92
13.7347620797 1412751426.24
13.7621424841 1412751427.65
13.7248232601 1412751429.05
13.6761491953 1412751430.37
13.3872615944 1412751431.69
13.1579900277 1412751432.99
13.0963287951 1412751434.32
13.1346082671 1412751435.64
13.1429874556 1412751436.99
12.924918392 1412751438.34
12.926988873 1412751439.68
12.8645477601 1412751441.01
12.7388829258 1412751442.33
12.8016080025 1412751443.68
12.7118204505 1412751445.05
12.5295589851 1412751446.42
12.1345675676 1412751447.74
12.7845673836 1412751449.12
12.6258153065 1412751450.45
12.5506681531 1412751451.76
10.6787716488 1412751453.09
10.5072257237 1412751454.46
10.1297739215 1412751455.82
10.4870279675 1412751457.18
9.78616037369 1412751458.5
9.90878147366 1412751459.85
10.1715779201 1412751461.22
11.5254183563 1412751462.62
10.0280429638 1412751463.94
9.8741434577 1412751465.38
9.99995938864 1412751466.7
9.79941714398 1412751468.07
9.67979760275 1412751469.4
9.8519982731 1412751470.76
9.67160483873 1412751472.09
9.77048432219 1412751473.47
9.62319294712 1412751474.78
9.67037294102 1412751476.09
9.58909122716 1412751477.44
9.76573822814 1412751478.82
9.73457113053 1412751480.2
9.66106556709 1412751481.56
9.54132601703 1412751482.95
9.56161176846 1412751484.32
9.48322536134 1412751485.63
9.53859926065 1412751486.97
9.32900544145 1412751488.31
9.23460425488 1412751489.67
9.2564163595 1412751491.05
9.1376897899 1412751492.43
9.17394684304 1412751493.77
9.13682490339 1412751495.16
9.15127485422 1412751496.59
9.21940019909 1412751497.95
9.06528636323 1412751499.35
9.06385379134 1412751500.72
9.0415768496 1412751502.08
8.96230239738 1412751503.43
8.888904472 1412751504.83
8.74437720661 1412751506.22
8.6581093604 1412751507.57
8.57219235226 1412751508.95
8.44918009291 1412751510.32
8.36644821002 1412751511.67
8.13774300083 1412751513.06
8.11916160889 1412751514.41
7.94340762216 1412751515.75
8.04588005517 1412751517.09
7.91173337641 1412751518.42
8.00474627591 1412751519.83
7.94361050716 1412751521.17
7.81862338857 1412751522.51
7.80642266005 1412751523.86
7.80319694609 1412751525.26
7.70997419594 1412751526.64
7.73315604428 1412751528.01
7.66042659463 1412751529.36
7.64927474054 1412751530.73
7.67891037415 1412751532.13
7.69208580991 1412751533.55
7.74010247984 1412751535.07
7.68457898282 1412751536.55
7.75755828504 1412751538.04
7.74389404258 1412751539.55
7.75672836967 1412751541.09
7.69623228593 1412751542.6
7.700735897 1412751544.12
7.71068346752 1412751545.66
7.72766427981 1412751547.24
7.78573475303 1412751548.75
7.8018271602 1412751550.22
7.91206056766 1412751551.75
7.99082025705 1412751553.32
7.8667186784 1412751554.9
7.75694431424 1412751556.43
7.76217206665 1412751558.02
7.72601540077 1412751559.6
7.6419785718 1412751561.2
7.66892823473 1412751562.81
7.59554047711 1412751564.35
7.5996734935 1412751565.97
7.39689444296 1412751567.61
7.32889698413 1412751569.26
7.18004147152 1412751570.88
7.24010198768 1412751572.5
7.23625584979 1412751574.07
7.2858344038 1412751575.65
7.2345830881 1412751577.31
7.21036059075 1412751578.84
7.2788713406 1412751580.38
7.24741770114 1412751581.93
7.21574223033 1412751583.49
7.28131708408 1412751585.07
7.1939274024 1412751586.63
7.11342215135 1412751588.17
7.13133635078 1412751589.76
7.24310108439 1412751591.33
7.19579860367 1412751592.91
7.14427186441 1412751594.46
7.07887401333 1412751596.05
7.00050565258 1412751597.58
6.8619185358 1412751599.18
6.87916046383 1412751600.75
6.87936946454 1412751602.31
6.79573324117 1412751603.87
6.8085225777 1412751605.5
6.78766174756 1412751607.14
6.79053774792 1412751608.78
6.78882528689 1412751610.4
6.82182948278 1412751612.01
6.88232412029 1412751613.61
6.85022634919 1412751615.23
6.74202612936 1412751616.88
6.75144283322 1412751618.54
6.77589054789 1412751620.21
6.82044649863 1412751621.8
6.82189316084 1412751623.46
6.86932694977 1412751625.11
6.83559094815 1412751626.73
6.86316744329 1412751628.42
6.8720729907 1412751630.07
6.87197964765 1412751631.75
6.87696380002 1412751633.44
6.87018591244 1412751635.06
6.8951024293 1412751636.67
6.78271229301 1412751638.36
6.78447434961 1412751640.08
6.63290208407 1412751641.76
6.63449823478 1412751643.4
6.58322769287 1412751645.1
6.66207250341 1412751646.8
6.6290256821 1412751648.43
6.54195695776 1412751650.11
6.51773654372 1412751651.8
6.4969970146 1412751653.5
6.44375018609 1412751655.17
6.44481520216 1412751656.83
6.44220715828 1412751658.54
6.44267376076 1412751660.25
6.40946475927 1412751661.96
6.40362580697 1412751663.68
6.39974408497 1412751665.38
6.23438860065 1412751667.05
6.24064196733 1412751668.77
6.22977547784 1412751670.44
6.22451583733 1412751672.07
6.23270978331 1412751673.71
6.21963662206 1412751675.32
6.21137135992 1412751676.97
6.20770262907 1412751678.64
6.20303470452 1412751680.3
6.19116491135 1412751681.95
6.20319177022 1412751683.62
6.19552499734 1412751685.29
6.20098914355 1412751687.01
6.11211510888 1412751688.69
6.18072914241 1412751690.42
5.96887825527 1412751692.08
6.16139285911 1412751693.7
6.01816358765 1412751695.42
6.00622404566 1412751697.1
5.96727176724 1412751698.86
5.96703227651 1412751700.58
5.9047882142 1412751702.3
6.00833668943 1412751704.01
5.88273933548 1412751705.69
