14.0649466551 1412725937.76
12.9734086494 1412725938.28
10.9829887226 1412725938.77
10.2461966087 1412725939.25
9.55207248193 1412725939.83
8.97994836558 1412725940.31
9.0112173034 1412725940.84
8.78054083563 1412725941.38
8.43066120089 1412725941.88
8.48001146001 1412725942.42
8.77483922289 1412725942.81
9.11284505684 1412725943.21
9.42628334963 1412725943.68
9.60111978227 1412725944.11
9.87268836565 1412725944.59
10.0021708194 1412725944.99
10.116309843 1412725945.32
10.2440767837 1412725945.63
10.362164743 1412725945.94
10.4683215831 1412725946.29
10.5002910395 1412725946.69
10.580859843 1412725946.98
10.3168131183 1412725947.27
10.2743530759 1412725947.58
10.2243418344 1412725947.87
10.1176527585 1412725948.12
10.0287738726 1412725948.56
10.0253739502 1412725948.86
9.90510403374 1412725949.15
9.88788432633 1412725949.45
9.78982731006 1412725949.75
9.93366070123 1412725950.03
9.83359565881 1412725950.36
9.87787478917 1412725950.75
9.76964619663 1412725951.04
9.77971959041 1412725951.33
9.49524532226 1412725951.64
9.57367689242 1412725951.93
10.0664081933 1412725952.24
9.69945868148 1412725952.67
9.29509983052 1412725952.95
9.70301720139 1412725953.25
9.23442349275 1412725953.53
9.51016709845 1412725953.83
8.86452305223 1412725954.11
9.15995904836 1412725954.5
9.87743615129 1412725954.83
8.8942498473 1412725955.11
9.8005968504 1412725955.39
8.89028768007 1412725955.68
9.4217872051 1412725955.96
8.40833888543 1412725956.22
9.14379714713 1412725956.66
10.002976925 1412725956.94
8.88036272449 1412725957.22
10.1098231589 1412725957.5
8.43847974226 1412725957.77
9.62136324866 1412725958.05
7.95921233023 1412725958.32
8.54985601081 1412725958.61
9.90114587018 1412725959.04
11.4850591326 1412725959.33
8.83549552198 1412725959.61
7.62935473383 1412725959.88
7.65819821971 1412725960.16
9.23964515786 1412725960.46
8.0217147519 1412725960.73
9.00997958352 1412725960.99
8.27447975631 1412725961.34
7.86462359586 1412725961.69
8.329712807 1412725961.97
7.94510451417 1412725962.26
8.23670831714 1412725962.56
7.76430350048 1412725962.83
8.23361994959 1412725963.1
7.99303631064 1412725963.38
7.64896237216 1412725963.82
7.79925704276 1412725964.12
8.09271209068 1412725964.43
7.90731018409 1412725964.76
7.71230968919 1412725965.12
7.89204223034 1412725965.55
7.65019365436 1412725965.93
7.85741946174 1412725966.24
7.6979650728 1412725966.57
7.90815482324 1412725966.88
7.77199443124 1412725967.2
7.59942978985 1412725967.52
7.61435629492 1412725967.83
7.80539732849 1412725968.15
7.68659589072 1412725968.46
7.84976240672 1412725968.79
7.75413018518 1412725969.1
7.91833425384 1412725969.43
7.80729580789 1412725969.75
7.67111213832 1412725970.09
7.6910232766 1412725970.41
7.91050804363 1412725970.76
7.87617479467 1412725971.09
7.80205696389 1412725971.42
7.95263363747 1412725971.74
7.88878972643 1412725972.07
7.77935976147 1412725972.41
7.90231711071 1412725972.73
7.83667758109 1412725973.06
8.18766073885 1412725973.4
7.82811793122 1412725973.71
8.08693318974 1412725974.06
7.90714440683 1412725974.4
8.15551887793 1412725974.72
7.98641970774 1412725975.07
8.24094579487 1412725975.4
8.17832816047 1412725975.76
8.28550078186 1412725976.11
8.23295562188 1412725976.45
8.32870718877 1412725976.8
8.29113777757 1412725977.18
8.37867212333 1412725977.53
8.18779220546 1412725977.89
8.14414929611 1412725978.2
8.07405153856 1412725978.58
8.03478462405 1412725978.93
7.84869278432 1412725979.26
8.00287696644 1412725979.62
7.93576699509 1412725979.98
8.06313641953 1412725980.34
7.95351067796 1412725980.7
8.05073326244 1412725981.06
8.00272187281 1412725981.48
7.9762874412 1412725981.83
8.0690720467 1412725982.23
7.98787059264 1412725982.59
7.98934587535 1412725982.95
8.06820873885 1412725983.31
8.13985387066 1412725983.71
8.11200490318 1412725984.11
8.07845811227 1412725984.48
8.12116123542 1412725984.87
8.18903589544 1412725985.28
8.22812688227 1412725985.72
8.22056634058 1412725986.1
8.18818164149 1412725986.5
8.25971730057 1412725986.91
8.24264936938 1412725987.37
8.28310964125 1412725987.68
8.31860475697 1412725987.95
8.37096093159 1412725988.27
8.3507749067 1412725988.55
8.32705840485 1412725988.86
8.38680498693 1412725989.16
8.36467864291 1412725989.45
8.42086661237 1412725989.75
8.40222305394 1412725990.08
8.48215371691 1412725990.39
8.46232815105 1412725990.7
8.55583049574 1412725990.99
8.52068662387 1412725991.29
8.4806211573 1412725991.62
8.4700427503 1412725991.93
8.47793772106 1412725992.24
8.45731694505 1412725992.55
8.46589021412 1412725992.85
8.40676750768 1412725993.13
8.48277316355 1412725993.42
8.44576380874 1412725993.71
8.53030960587 1412725994.01
8.6270739131 1412725994.3
8.68150387958 1412725994.63
8.61333528455 1412725994.94
8.41722147468 1412725995.27
8.51946090656 1412725995.58
8.54701563841 1412725995.9
8.56053122669 1412725996.21
8.49016130768 1412725996.54
8.58968346688 1412725996.86
8.50808241754 1412725997.15
8.61023256875 1412725997.45
8.72768723099 1412725997.74
8.63606076421 1412725998.03
8.57355405973 1412725998.33
8.67625556328 1412725998.64
8.6716013269 1412725998.93
8.60317049305 1412725999.25
8.70056557865 1412725999.54
8.65292334572 1412725999.83
8.76551142028 1412726000.14
8.72094807829 1412726000.42
8.81043223414 1412726000.71
8.63139571507 1412726001.0
8.7196056886 1412726001.29
8.67753876516 1412726001.62
8.6698338181 1412726001.92
8.67122687631 1412726002.22
8.68814697759 1412726002.5
8.68256073977 1412726002.8
8.52642699888 1412726003.1
8.58091575275 1412726003.37
8.59008156604 1412726003.65
8.6605233721 1412726003.92
8.85867995461 1412726004.27
