5.76118698152 1412722811.54
5.60068057165 1412722811.65
5.15025918473 1412722811.74
5.16179699506 1412722811.86
5.0512970026 1412722811.96
5.0229498567 1412722812.07
4.6771299557 1412722812.22
4.28983250281 1412722812.33
3.99257408449 1412722812.44
3.6494080602 1412722812.55
3.41228368921 1412722812.64
3.32363404649 1412722812.76
3.09039352213 1412722812.88
2.98697431792 1412722812.99
2.74360670156 1412722813.09
2.74269359755 1412722813.2
2.74398635541 1412722813.29
2.76924846752 1412722813.4
2.7192444623 1412722813.52
2.5817654651 1412722813.62
2.68251742176 1412722813.72
2.62902525447 1412722813.81
2.6636137577 1412722813.92
2.69480894079 1412722814.02
2.63238351655 1412722814.13
2.52389822466 1412722814.25
2.53301311455 1412722814.36
2.65243963425 1412722814.5
2.52631895032 1412722814.62
2.54641206373 1412722814.74
2.57873357425 1412722814.85
2.62398884082 1412722814.96
2.68310458126 1412722815.08
2.75707794774 1412722815.28
2.88777737675 1412722815.4
2.92866724224 1412722815.53
2.98520315916 1412722815.67
2.99005945204 1412722815.81
2.89148975145 1412722815.94
2.91247968012 1412722816.07
2.9851385532 1412722816.19
3.01348983524 1412722816.33
3.04098505033 1412722816.46
2.94097045875 1412722816.59
2.95831549822 1412722816.71
2.93891425447 1412722816.83
2.95323970978 1412722816.95
2.94012853328 1412722817.11
3.03714716648 1412722817.24
3.04820051622 1412722817.39
3.05795695411 1412722817.51
3.07739996937 1412722817.65
3.08413895421 1412722817.78
3.06668610082 1412722817.9
3.07170941544 1412722818.04
3.16725143803 1412722818.17
3.17081760831 1412722818.32
3.17344552337 1412722818.46
3.18895439722 1412722818.63
3.20665049478 1412722818.77
3.16529220621 1412722818.89
3.22894040962 1412722819.01
3.22890297971 1412722819.14
3.22851074448 1412722819.26
3.20775785514 1412722819.38
3.1054100186 1412722819.53
3.08241798958 1412722819.67
3.0798462545 1412722819.79
3.07707349239 1412722819.9
3.07417059478 1412722820.01
3.04213489736 1412722820.12
3.03888097109 1412722820.24
3.05538161314 1412722820.34
3.05194632505 1412722820.48
3.04850847745 1412722820.62
3.04540150528 1412722820.76
3.028358554 1412722820.9
3.08723817428 1412722821.02
3.08312671567 1412722821.14
3.0478348508 1412722821.27
3.04382524376 1412722821.39
3.03978689931 1412722821.5
3.08499021312 1412722821.62
3.0814061375 1412722821.71
3.07777184068 1412722821.81
3.07421133263 1412722821.9
3.17394489241 1412722822.0
3.17021542306 1412722822.09
3.15712950831 1412722822.2
3.15314185601 1412722822.3
3.16405526976 1412722822.39
3.16089077218 1412722822.49
3.15772269821 1412722822.59
3.15469986842 1412722822.7
3.15179688265 1412722822.8
3.1488314857 1412722822.88
3.013250389 1412722822.97
3.10405744678 1412722823.11
2.88026273602 1412722823.25
2.87392517159 1412722823.37
2.86755919597 1412722823.52
2.87958484657 1412722823.66
2.87305013114 1412722823.78
2.94206669991 1412722823.87
2.93580023775 1412722823.99
2.9295183546 1412722824.11
2.9233156327 1412722824.24
3.02091195702 1412722824.39
2.93924563784 1412722824.5
2.92446659264 1412722824.61
2.91789506224 1412722824.72
2.91137962101 1412722824.81
2.90480463218 1412722824.89
2.97322139552 1412722825.01
2.9263585183 1412722825.11
2.96873483004 1412722825.23
2.97085252955 1412722825.36
2.9414310815 1412722825.47
2.96700480344 1412722825.57
2.93768649917 1412722825.68
2.96338639119 1412722825.78
2.86100687694 1412722825.88
2.88626081995 1412722825.97
2.88128321124 1412722826.1
2.94914136933 1412722826.2
2.94397617793 1412722826.29
2.76802134255 1412722826.38
2.76249900261 1412722826.48
2.75698565844 1412722826.7
2.7513155549 1412722826.84
2.83358562087 1412722826.96
2.83045421918 1412722827.11
2.8273332766 1412722827.27
2.84798835962 1412722827.41
2.84547743291 1412722827.62
2.84300497308 1412722828.04
2.84050681634 1412722828.26
2.83837174418 1412722828.56
2.73932535759 1412722828.9
2.73701257367 1412722829.2
2.73468609347 1412722829.62
2.73234299923 1412722829.85
2.73009486333 1412722830.06
2.70183004048 1412722830.21
2.69480307634 1412722830.35
2.69231576652 1412722830.47
2.68984956395 1412722830.58
2.68742383385 1412722830.68
2.70361544251 1412722830.79
2.71074951493 1412722830.91
2.70848712868 1412722831.01
2.70634200344 1412722831.13
2.70419536012 1412722831.23
2.70204862852 1412722831.32
2.64067949009 1412722831.42
2.63975315182 1412722831.51
2.63884049735 1412722831.61
2.63797440887 1412722831.71
2.65259817472 1412722831.85
2.65179388153 1412722832.1
2.6510652546 1412722832.27
2.65021682145 1412722832.39
2.68026259075 1412722832.62
2.67806556824 1412722832.81
2.66282359045 1412722833.03
2.67501891305 1412722833.23
2.67287548299 1412722833.41
2.75822282674 1412722833.57
2.75665472658 1412722833.71
2.75508815762 1412722833.84
2.75352336814 1412722833.98
2.75198530792 1412722834.1
2.58432344659 1412722834.23
2.58309625391 1412722834.37
2.74656154156 1412722834.51
2.58062462419 1412722834.67
2.59096177575 1412722834.81
2.59007142276 1412722834.93
2.75071068977 1412722835.08
2.58785721071 1412722835.23
2.58698424482 1412722835.37
2.58613587461 1412722835.54
2.58526635378 1412722835.7
2.58452178216 1412722835.84
2.58365155508 1412722835.98
2.43545479016 1412722836.11
2.43485620697 1412722836.27
2.59278322733 1412722836.41
2.43292620972 1412722836.58
2.43231149733 1412722836.71
2.43159743209 1412722836.83
2.43101721882 1412722836.95
2.43039343005 1412722837.07
2.42978252621 1412722837.2
2.42922180032 1412722837.37
2.42869293948 1412722837.51
2.42806324172 1412722837.65
2.52304917339 1412722837.78
2.52237699135 1412722837.91
2.52171487632 1412722838.04
