16.0706137907 1412731024.66
16.056686468 1412731025.31
15.9898746419 1412731025.95
15.939207896 1412731026.55
15.9924399383 1412731027.15
15.8162904063 1412731027.76
15.5026285202 1412731028.35
15.2059792265 1412731028.96
15.0948429904 1412731029.56
14.8653719059 1412731030.2
15.0735579848 1412731030.82
14.8223297694 1412731031.4
14.6365517721 1412731032.03
14.5048176021 1412731032.69
13.9216214031 1412731033.34
13.6173716605 1412731033.96
13.6814097646 1412731034.61
13.3693022988 1412731035.23
13.1920752439 1412731035.89
13.287342149 1412731036.56
13.1108260422 1412731037.22
12.8875006061 1412731037.81
12.9810239858 1412731038.4
13.1182582266 1412731039.01
13.0988759611 1412731039.6
12.8404965558 1412731040.23
12.7469438713 1412731040.87
12.5922828391 1412731041.48
12.504602276 1412731042.12
12.3466978629 1412731042.77
12.2608832384 1412731043.41
12.2171074441 1412731044.03
12.132951279 1412731044.62
12.0418229751 1412731045.23
11.5560960268 1412731045.87
10.8068787839 1412731046.49
10.744797055 1412731047.14
10.7446904388 1412731047.79
10.6511992383 1412731048.43
10.4772915024 1412731049.09
10.3825553705 1412731049.69
10.3049626327 1412731050.36
10.1950406203 1412731051.02
10.0519343624 1412731051.67
10.0031731631 1412731052.34
9.94409337196 1412731053.03
9.90340725891 1412731053.72
9.99283826032 1412731054.43
10.1174479466 1412731055.08
10.1764793625 1412731055.8
10.2125841629 1412731056.53
10.1836580626 1412731057.23
10.077572766 1412731057.91
9.73803077545 1412731058.56
9.78621022846 1412731059.25
9.50185924037 1412731059.93
9.5783311402 1412731060.64
9.63387664221 1412731061.37
9.73052999112 1412731062.08
9.59514165312 1412731062.79
9.58413631547 1412731063.5
9.49847751986 1412731064.27
9.53005416749 1412731065.03
9.46258484066 1412731065.74
9.49380788343 1412731066.47
9.52924705266 1412731067.24
9.53094930372 1412731068.0
9.51948026815 1412731068.73
9.50135822164 1412731069.51
9.39289253163 1412731070.26
9.33693452507 1412731070.98
9.37821734521 1412731071.72
9.30760575609 1412731072.48
9.31491933934 1412731073.23
9.23613596074 1412731073.96
9.25160932768 1412731074.78
9.20277844904 1412731075.55
9.16513385383 1412731076.33
9.18005687077 1412731077.13
9.18661110954 1412731077.89
9.17256217823 1412731078.66
9.18508756611 1412731079.44
9.14646600303 1412731080.21
9.13910319311 1412731080.93
9.11634848582 1412731081.7
9.10276712355 1412731082.45
9.09717735807 1412731083.21
9.11538041742 1412731084.01
9.07430459253 1412731084.81
9.04008389458 1412731085.57
8.9462830754 1412731086.32
8.90086371674 1412731087.1
8.86228060517 1412731087.86
8.85060157446 1412731088.66
8.82440634033 1412731089.4
8.69795372506 1412731090.19
8.73872707887 1412731090.94
8.70504030002 1412731091.71
8.72951722996 1412731092.51
8.73574947642 1412731093.29
8.72289297245 1412731094.06
8.70127976283 1412731094.81
8.72272023054 1412731095.66
8.69200756953 1412731096.43
8.68749637212 1412731097.21
8.71489286351 1412731098.0
8.69888129326 1412731098.8
8.71692863282 1412731099.57
8.68604822599 1412731100.39
8.67530713425 1412731101.23
8.70416237255 1412731102.06
8.71066881001 1412731102.88
8.71872316133 1412731103.74
8.72685737453 1412731104.56
8.71426489863 1412731105.35
8.72075554921 1412731106.12
8.7184452663 1412731106.93
8.76301009851 1412731107.72
8.80979101344 1412731108.55
8.85115437318 1412731109.41
8.84357399925 1412731110.24
8.84916527169 1412731111.07
9.05743297649 1412731111.87
8.96333997314 1412731112.71
8.97415760673 1412731113.52
8.98798120185 1412731114.39
9.00167519339 1412731115.25
9.01535632398 1412731116.12
8.98142604847 1412731116.99
9.10095705582 1412731117.84
8.99069666247 1412731118.69
9.00082294374 1412731119.51
9.01047225173 1412731120.38
9.02669994437 1412731121.23
9.01429665724 1412731122.08
9.01506283156 1412731122.93
9.01583303897 1412731123.79
8.98606594033 1412731124.64
9.03599931916 1412731125.52
9.18765875756 1412731126.4
9.21542282224 1412731127.25
9.28569568865 1412731128.1
9.28409515491 1412731128.96
9.28404014812 1412731129.8
9.28391533954 1412731130.68
9.31327534028 1412731131.54
9.3399356701 1412731132.37
9.29738737549 1412731133.26
9.24036649492 1412731134.18
9.35450879883 1412731135.07
9.31174763052 1412731135.9
9.30755967713 1412731136.76
9.30694586613 1412731137.65
9.33318722448 1412731138.52
9.3619669932 1412731139.39
9.34534592514 1412731140.27
9.34458694109 1412731141.17
9.35017604933 1412731142.04
9.35262428896 1412731142.88
9.35166799252 1412731143.74
9.37940006016 1412731144.59
9.40305422095 1412731145.42
9.45440267286 1412731146.28
9.36995581927 1412731147.13
9.41481961432 1412731147.97
9.44095747934 1412731148.8
9.46684743254 1412731149.64
9.42985582572 1412731150.49
9.42900148529 1412731151.35
9.4280991848 1412731152.23
9.45744677704 1412731153.1
9.45728589492 1412731153.98
9.49414830216 1412731154.84
9.45249902194 1412731155.74
9.45273692683 1412731156.62
9.44494677437 1412731157.47
9.45514757704 1412731158.31
9.40953814077 1412731159.17
9.40754048744 1412731160.06
9.42485542354 1412731160.93
9.42257144235 1412731161.84
9.41955884473 1412731162.73
9.45451515925 1412731163.65
9.43754998114 1412731164.55
9.43589491075 1412731165.42
9.55519431628 1412731166.32
9.51009167925 1412731167.25
9.5084281955 1412731168.16
9.50672671669 1412731169.04
9.50495918004 1412731169.9
9.5302921455 1412731170.71
9.52841551258 1412731171.52
9.46394076995 1412731172.33
9.46310621734 1412731173.13
9.49628930541 1412731173.91
9.55079386995 1412731174.71
9.50586532618 1412731175.47
9.51771876483 1412731176.25
9.51776646 1412731177.05
9.57329257484 1412731177.86
