14.6926090485 1412743509.92
14.0354212715 1412743510.93
14.3940840612 1412743511.93
14.8457441684 1412743512.83
15.2248735905 1412743513.79
15.5466385306 1412743514.75
15.124994374 1412743515.68
14.625368766 1412743516.59
14.0273968979 1412743517.56
13.685227352 1412743518.49
13.7100773014 1412743519.43
13.3819219208 1412743520.39
13.5454549567 1412743521.33
13.3191955275 1412743522.38
13.1384920227 1412743523.34
12.9426322858 1412743524.36
12.4961057093 1412743525.26
11.9968674118 1412743526.13
11.9395334103 1412743527.02
11.6638029317 1412743527.93
11.4066676758 1412743528.8
11.3119852155 1412743529.7
11.0974520856 1412743530.62
11.0560866378 1412743531.54
10.944667022 1412743532.43
10.868535216 1412743533.31
10.715576213 1412743534.22
10.9839511066 1412743535.13
10.6351279121 1412743536.04
11.4697221421 1412743536.92
10.9311614113 1412743537.84
8.49719895714 1412743538.78
7.58516490055 1412743539.76
7.40314165163 1412743540.71
6.9834655179 1412743541.66
6.70305049459 1412743542.61
6.57559185558 1412743543.59
6.43713381815 1412743544.66
6.35060569143 1412743545.71
6.29575317696 1412743546.74
6.32676605464 1412743547.77
6.24094643207 1412743548.8
6.2383427513 1412743549.86
6.29270063751 1412743550.86
6.31754051664 1412743551.93
6.21716374088 1412743552.95
6.20004489704 1412743553.93
6.29511397591 1412743554.87
6.29464739072 1412743555.86
6.32678253029 1412743556.86
6.13963349932 1412743557.86
6.09517375509 1412743558.8
6.07137842764 1412743559.78
6.0342704773 1412743560.71
6.01908234148 1412743561.72
6.04309521056 1412743562.7
5.98571221269 1412743563.7
5.95459767352 1412743564.65
5.82578082235 1412743565.62
5.66887221612 1412743566.62
5.60418289388 1412743567.61
5.64396748489 1412743568.6
5.54865086301 1412743569.58
5.53352768314 1412743570.59
5.54301806425 1412743571.57
5.51752023221 1412743572.57
5.54810803562 1412743573.61
5.57682713711 1412743574.63
5.4882248939 1412743575.65
5.4877908594 1412743576.66
5.48180790703 1412743577.69
5.39410849831 1412743578.7
5.4207313369 1412743579.75
5.35672554775 1412743580.82
5.31554839552 1412743581.82
5.29822896401 1412743582.9
5.2654171385 1412743583.91
5.24809193956 1412743584.95
5.27806476157 1412743586.01
5.24133529829 1412743587.06
5.25904529449 1412743588.09
5.26432873879 1412743589.16
5.30266975626 1412743590.24
5.31346427243 1412743591.31
5.32690344101 1412743592.39
5.31135337305 1412743593.46
5.30311231743 1412743594.54
5.28680329588 1412743595.6
5.29413740153 1412743596.67
5.2898599134 1412743597.73
5.31335081569 1412743598.76
5.33396159896 1412743599.8
5.3296970042 1412743600.85
5.3234365623 1412743601.95
5.32351080516 1412743603.03
5.31769320404 1412743604.12
5.29450872863 1412743605.19
5.28927573494 1412743606.29
5.29088854635 1412743607.35
5.28339166609 1412743608.46
5.28210411339 1412743609.55
5.2450369807 1412743610.63
5.25148974702 1412743611.8
5.24535545279 1412743612.86
5.2418961182 1412743613.9
5.24046719685 1412743614.95
5.22194645767 1412743615.98
5.24931676181 1412743617.06
5.23854427176 1412743618.11
5.18060710526 1412743619.18
5.19301262887 1412743620.21
5.1901300675 1412743621.28
5.18585428247 1412743622.49
5.1836147164 1412743623.65
5.15912255639 1412743624.72
5.16071990615 1412743625.82
5.18209566502 1412743626.94
5.17563249012 1412743627.99
5.18511758437 1412743629.13
5.17435643535 1412743630.2
5.18382260169 1412743631.25
5.17315848856 1412743632.29
5.18264123588 1412743633.34
5.18574873344 1412743634.38
5.19232591854 1412743635.44
5.18776286038 1412743636.46
5.16053960481 1412743637.52
5.183617543 1412743638.61
5.15643787278 1412743639.64
5.16554402804 1412743640.67
5.18640075257 1412743641.71
5.1656073365 1412743642.75
5.16831249386 1412743643.75
5.1875541161 1412743644.81
5.16688001269 1412743645.84
5.16438347895 1412743646.96
5.18363877241 1412743648.02
5.16475388268 1412743649.12
5.16580936249 1412743650.22
5.16823085785 1412743651.31
5.1647443685 1412743652.33
5.16761220879 1412743653.39
5.17042607627 1412743654.48
5.17641174884 1412743655.54
5.17395477606 1412743656.61
5.16822403628 1412743657.64
5.16561533952 1412743658.71
5.16942650657 1412743659.79
5.16739614138 1412743660.89
5.16826229195 1412743661.94
5.16832968572 1412743662.99
5.14544921612 1412743664.07
5.14795163542 1412743665.11
5.14412205949 1412743666.19
5.14649236347 1412743667.25
5.14880099999 1412743668.3
5.14923884543 1412743669.38
5.1515562803 1412743670.41
5.14552891758 1412743671.46
5.14615385568 1412743672.5
5.14677973568 1412743673.57
5.14739538771 1412743674.67
5.14770064358 1412743675.72
5.14830675231 1412743676.81
5.14894751841 1412743677.87
5.15098238473 1412743678.98
5.15297374083 1412743680.03
5.15496493438 1412743681.11
5.12133119334 1412743682.16
5.11979492292 1412743683.24
5.12165244825 1412743684.35
5.12017373081 1412743685.45
5.12197579049 1412743686.51
5.1204945199 1412743687.58
5.1222887017 1412743688.66
5.12084150324 1412743689.74
5.12267384948 1412743690.85
5.12121687811 1412743691.91
5.12301924751 1412743693.01
5.12158730037 1412743694.13
5.12335690927 1412743695.19
5.12199494486 1412743696.32
5.12377184384 1412743697.43
5.12235872024 1412743698.56
5.12097202122 1412743699.68
5.12290118059 1412743700.78
5.12154671297 1412743701.9
5.12338275627 1412743703.0
5.12179999822 1412743704.13
5.1204566506 1412743705.25
5.11913926425 1412743706.35
5.11779480824 1412743707.39
5.11644981459 1412743708.45
5.11511784014 1412743709.53
5.11379369625 1412743710.58
5.11242982395 1412743711.65
5.11294959113 1412743712.73
5.11162502701 1412743713.85
5.11032436779 1412743714.92
5.10544551906 1412743716.0
