7.10255549859 1412731292.39
7.20962112527 1412731293.29
7.38354676566 1412731294.34
7.23428342576 1412731295.11
7.02931792305 1412731295.92
6.99260510739 1412731296.71
7.09738295888 1412731297.64
7.20839853892 1412731298.49
7.37380068712 1412731299.19
7.67196972016 1412731299.95
7.82584662623 1412731300.61
8.0119908325 1412731301.29
8.22444581168 1412731301.95
8.13241936805 1412731302.59
8.16614976581 1412731303.24
8.28015939135 1412731303.91
8.35714191462 1412731304.59
8.31440145177 1412731305.25
8.36903487261 1412731305.89
8.31351416421 1412731306.57
8.27673434962 1412731307.21
8.35334646918 1412731307.85
8.47439627861 1412731308.53
8.62885088903 1412731309.16
8.68084216399 1412731309.81
8.81309982426 1412731310.45
8.88084976901 1412731311.07
8.90883130581 1412731311.69
8.8507480652 1412731312.37
8.87174152575 1412731313.0
8.93106052845 1412731313.64
8.92553207541 1412731314.27
8.9119177838 1412731315.0
8.93053621945 1412731315.66
8.94676841578 1412731316.35
9.028409882 1412731316.98
9.03154390071 1412731317.64
9.11196765062 1412731318.29
8.99288049707 1412731318.96
8.95940733728 1412731319.58
9.08755376807 1412731320.19
8.93398425607 1412731320.83
8.86552562655 1412731321.45
8.85246381171 1412731322.12
8.81998565378 1412731322.76
8.80088806434 1412731323.4
8.71343852502 1412731324.02
8.76050575091 1412731324.66
8.73318954315 1412731325.32
8.71647349447 1412731325.97
8.75116175737 1412731326.6
8.63344466992 1412731327.29
8.61295363016 1412731327.97
8.5792529822 1412731328.65
8.51631594813 1412731329.26
8.55356836809 1412731329.88
8.64324959833 1412731330.51
8.75228572604 1412731331.16
8.77361337949 1412731331.8
8.90433420648 1412731332.45
8.96383003924 1412731333.11
8.88438967862 1412731333.78
8.66702051559 1412731334.43
8.43968252492 1412731335.08
8.32357025641 1412731335.69
8.12961469879 1412731336.3
8.01335321511 1412731336.93
7.87194587129 1412731337.55
7.48795896515 1412731338.22
7.41587483801 1412731338.89
7.30007084754 1412731339.51
6.97029282698 1412731340.16
6.90521913486 1412731340.85
6.77071639885 1412731341.48
6.72030303685 1412731342.08
6.46170268214 1412731342.74
6.18138846575 1412731343.37
5.8670672166 1412731344.0
5.63118516013 1412731344.59
5.3964113522 1412731345.22
5.26422696008 1412731345.88
5.07612291157 1412731346.51
4.98090600229 1412731347.13
4.8378195414 1412731347.8
4.72541311479 1412731348.45
4.62615823621 1412731349.08
4.09056808683 1412731349.7
3.95854705941 1412731350.35
3.85503791268 1412731350.99
3.86016932827 1412731351.63
3.83006302502 1412731352.25
3.76308415977 1412731352.89
3.78156873074 1412731353.55
3.83780265333 1412731354.18
3.81093193585 1412731354.86
3.77629402071 1412731355.46
3.74234779257 1412731356.11
3.67504484347 1412731356.72
3.62867213044 1412731357.35
3.62034970763 1412731357.97
3.59662701176 1412731358.63
3.52456830306 1412731359.28
3.48223166962 1412731360.06
3.52383428531 1412731360.69
3.43971575834 1412731361.34
3.40303403563 1412731361.98
3.42002235217 1412731362.62
3.42170802338 1412731363.28
3.3895450011 1412731363.95
3.28697438718 1412731364.6
3.30607059482 1412731365.27
3.21058245159 1412731365.93
3.18935252754 1412731366.57
3.16609647596 1412731367.23
3.17570554977 1412731367.89
3.19669503887 1412731368.53
3.22007503173 1412731369.24
3.20181842569 1412731369.89
3.20438716586 1412731370.54
3.16730259002 1412731371.23
3.16263074376 1412731371.85
3.21372530483 1412731372.47
3.23453005033 1412731373.14
3.31842219268 1412731373.8
3.21036643038 1412731374.47
3.2008169688 1412731375.13
3.20422874935 1412731375.77
3.27901032148 1412731376.45
3.35046232112 1412731377.12
3.27765194045 1412731377.79
3.20889467947 1412731378.46
3.21630756319 1412731379.13
3.20847081085 1412731379.77
3.2319385924 1412731380.42
3.26028796676 1412731381.09
3.16147366142 1412731381.75
3.23054257684 1412731382.41
3.1593763404 1412731383.06
3.18775532827 1412731383.69
3.30580847589 1412731384.34
3.18905354343 1412731385.04
3.2128901781 1412731385.7
3.16969669748 1412731386.37
3.24487106244 1412731387.01
3.22027336672 1412731387.69
3.23254604768 1412731388.39
3.26109931504 1412731389.04
3.27399275346 1412731389.73
3.23687984071 1412731390.39
3.2831723605 1412731391.07
3.24308643634 1412731391.73
3.25284929113 1412731392.42
3.26283466318 1412731393.12
3.27276827273 1412731393.78
3.23833966674 1412731394.44
3.19764646297 1412731395.13
3.17456869126 1412731395.81
3.19846916766 1412731396.49
3.19345772374 1412731397.18
3.21596906411 1412731397.88
3.21402264845 1412731398.57
3.32407777085 1412731399.26
3.19912435111 1412731399.96
3.19488343014 1412731400.64
3.27708778523 1412731401.31
3.19900956284 1412731401.99
3.19500119075 1412731402.68
3.27667375555 1412731403.33
3.19913584829 1412731404.04
3.18790220727 1412731404.72
3.26876784907 1412731405.41
3.19191300882 1412731406.1
3.27779140152 1412731406.78
3.19855355486 1412731407.42
3.19598678107 1412731408.12
3.27717746466 1412731408.79
3.26993443988 1412731409.49
3.27374970842 1412731410.17
3.455563054 1412731410.86
3.30552529018 1412731411.55
3.33868217773 1412731412.22
3.3403356926 1412731412.87
3.34741358021 1412731413.57
3.29086645419 1412731414.25
3.34298102289 1412731414.95
3.34679136426 1412731415.63
3.3325651761 1412731416.31
3.24603266762 1412731416.97
3.26963465918 1412731417.67
3.25619209486 1412731418.34
3.25545045897 1412731419.03
3.25878020649 1412731419.72
3.28821739037 1412731420.36
3.32369912636 1412731421.08
3.3275882945 1412731421.75
3.31579426394 1412731422.42
3.27956907875 1412731423.1
3.30783034072 1412731423.76
3.3377736946 1412731424.43
3.38410668115 1412731425.09
