24.1699319201 1412725327.92
24.4826420252 1412725328.42
24.8967516422 1412725328.93
25.4009837204 1412725329.56
25.844085604 1412725330.01
26.3096066285 1412725330.42
26.610292039 1412725330.75
26.7963101394 1412725331.14
26.9538395981 1412725331.46
27.3501131077 1412725331.78
27.5087438292 1412725332.09
27.7338825726 1412725332.53
28.0086049704 1412725332.89
28.1512452479 1412725333.26
28.2444356018 1412725333.89
28.3616947725 1412725334.56
28.3271614986 1412725335.11
28.2213409382 1412725335.5
28.0855031169 1412725335.88
28.1711631485 1412725336.42
28.1212442299 1412725337.14
27.7815953585 1412725337.64
27.654058352 1412725338.03
27.3843283483 1412725338.36
27.2015075655 1412725338.67
27.0465248443 1412725338.97
26.8474390237 1412725339.57
26.6110337011 1412725340.04
26.0290547421 1412725340.52
25.5847482885 1412725340.98
24.7306168087 1412725341.45
25.4166784016 1412725341.94
23.1736600482 1412725342.25
22.1830931495 1412725342.51
20.0619911063 1412725342.76
19.4120009737 1412725343.02
19.5364820563 1412725343.34
19.7155016625 1412725343.61
19.4003555451 1412725343.99
19.4517795934 1412725344.45
18.725612074 1412725344.89
18.8598703956 1412725345.33
18.9417329705 1412725345.73
19.274448659 1412725346.05
19.1855032393 1412725346.39
19.3591778032 1412725346.72
19.4595653757 1412725347.06
19.5167034171 1412725347.39
19.4823087824 1412725347.67
19.6582903977 1412725347.98
19.3903117228 1412725348.27
19.5213134053 1412725348.6
19.6418657364 1412725348.89
19.3049816575 1412725349.16
19.4164733243 1412725349.45
19.2879032927 1412725349.75
19.0860991189 1412725350.05
19.0971513986 1412725350.32
19.1987084622 1412725350.61
19.2213377574 1412725350.9
19.3257330454 1412725351.18
19.0501662818 1412725351.46
18.9212955334 1412725351.75
18.7506636172 1412725352.24
18.4867909461 1412725352.67
18.684985357 1412725353.18
18.5053991532 1412725353.64
18.5665280504 1412725353.97
18.3832737184 1412725354.31
18.1757510612 1412725354.61
17.9376028204 1412725354.96
17.8505774788 1412725355.29
17.8671462314 1412725355.57
17.9299259787 1412725355.89
17.8380478959 1412725356.19
17.7109483975 1412725356.51
17.6179627632 1412725356.83
17.3910308779 1412725357.14
17.319176587 1412725357.47
17.1873069017 1412725357.79
16.9002114057 1412725358.08
16.7826203212 1412725358.36
16.648710037 1412725358.66
16.418598885 1412725358.94
16.277938832 1412725359.26
16.1711998481 1412725359.68
16.0812787419 1412725360.02
15.8250321182 1412725360.47
15.5710589666 1412725360.98
15.4976620637 1412725361.52
15.4169904569 1412725362.0
15.3150187648 1412725362.37
15.0907995885 1412725362.7
14.9236426115 1412725363.12
14.7611630186 1412725363.49
14.6175367666 1412725363.83
14.5041536249 1412725364.2
14.1896137049 1412725364.56
14.1232320345 1412725364.91
13.970732889 1412725365.26
13.9848865945 1412725365.87
14.2852076356 1412725366.25
99.8087827737 1412725366.8
100.03033409 1412725367.2
13.8858666584 1412725367.55
100.570578048 1412725367.91
100.867372647 1412725368.27
13.5540840779 1412725368.74
13.590924662 1412725369.24
13.6477228755 1412725369.73
13.5934713095 1412725370.06
13.3446503288 1412725370.42
13.290108004 1412725370.78
13.1857296964 1412725371.19
13.1966389612 1412725371.6
13.1884881401 1412725372.15
13.3277690696 1412725372.57
13.0847532726 1412725373.18
12.9962447658 1412725373.8
13.029531188 1412725374.32
13.0054845834 1412725374.69
12.9503082855 1412725375.14
13.0638137537 1412725375.63
13.0804829334 1412725376.09
13.00735585 1412725376.5
12.9452437745 1412725377.01
12.9724517994 1412725377.48
13.2507616772 1412725377.95
103.071855556 1412725378.31
103.069049833 1412725378.71
13.552976273 1412725379.12
13.5695848238 1412725379.54
103.301427107 1412725380.01
13.1989506258 1412725380.46
13.2944518136 1412725380.86
103.390214192 1412725381.28
103.341763543 1412725381.72
103.449864667 1412725382.14
103.449481618 1412725382.52
103.466593156 1412725382.94
103.413985047 1412725383.38
13.2204791806 1412725383.75
12.9670017383 1412725384.17
13.0436364289 1412725384.6
103.719819562 1412725385.17
103.839415905 1412725385.7
104.00133623 1412725386.21
104.081393051 1412725386.78
104.177794194 1412725387.33
104.318539189 1412725387.81
104.418150191 1412725388.25
104.586200957 1412725388.68
104.478830854 1412725389.1
104.461180063 1412725389.53
104.428058558 1412725389.96
104.359523952 1412725390.42
104.219110579 1412725390.87
11.7427039924 1412725391.33
104.19796097 1412725391.77
104.127439781 1412725392.44
104.202987102 1412725393.05
104.059094433 1412725393.6
104.189388399 1412725394.21
104.047602936 1412725394.71
104.123599418 1412725395.16
12.1012052361 1412725395.65
104.094261425 1412725396.14
104.250930796 1412725396.66
11.8956817054 1412725397.16
104.196282859 1412725397.66
11.8446937658 1412725398.17
11.6178303281 1412725398.63
11.5222237134 1412725399.09
104.295237267 1412725399.58
10.9747341451 1412725400.07
104.570508702 1412725400.58
104.49692565 1412725401.05
104.405225776 1412725401.57
104.03794159 1412725402.11
103.961148672 1412725402.58
104.007365542 1412725403.06
104.03280949 1412725403.52
104.128419289 1412725403.98
104.043696708 1412725404.44
104.004708211 1412725404.93
103.931897179 1412725405.4
103.865429231 1412725405.85
103.851219732 1412725406.28
103.86657922 1412725406.74
103.922131228 1412725407.22
103.865856223 1412725407.64
103.877551732 1412725408.11
103.994867109 1412725408.59
103.962200035 1412725409.03
103.966613511 1412725409.49
103.977390524 1412725409.97
103.969955998 1412725410.43
103.968000449 1412725410.91
103.97910145 1412725411.38
103.772847795 1412725411.85
