13.9824931826 1412755752.1
14.0130237428 1412755753.59
14.0370328039 1412755755.01
14.0417455647 1412755756.38
13.5190102311 1412755757.79
13.1966790519 1412755759.17
12.7598500446 1412755760.52
12.0650026163 1412755761.87
12.0495604874 1412755763.26
12.0516963733 1412755764.65
11.8418460987 1412755766.06
11.8988829973 1412755767.45
11.8010147352 1412755768.87
11.6104498432 1412755770.28
11.1819865457 1412755771.67
10.9037176371 1412755773.09
10.3212432089 1412755774.49
10.2132968129 1412755775.87
9.96921437339 1412755777.22
9.64372153864 1412755778.62
9.36709362661 1412755780.03
9.19451758847 1412755781.44
9.29753999325 1412755782.9
9.18235304471 1412755784.35
8.94315948302 1412755785.88
8.6962329592 1412755787.42
8.58521547555 1412755788.91
8.36593847545 1412755790.38
8.33623640853 1412755791.9
8.36498534275 1412755793.38
8.40866905953 1412755794.91
8.30770317714 1412755796.36
8.11301779164 1412755797.9
8.08323921005 1412755799.46
8.10831020978 1412755800.95
8.090939435 1412755802.51
7.93712661776 1412755804.07
7.90548528243 1412755805.67
7.70082588067 1412755807.18
7.58353430781 1412755808.74
7.54692477928 1412755810.28
7.4610290704 1412755811.84
7.40613605068 1412755813.44
7.31882496927 1412755815.02
7.25733416244 1412755816.6
7.21847254169 1412755818.17
7.24741262291 1412755819.75
7.18991826405 1412755821.44
7.18159202674 1412755823.1
7.17263143301 1412755824.72
7.10810020471 1412755826.35
7.10668172193 1412755827.96
7.03573946903 1412755829.62
7.02969193439 1412755831.31
7.03181161447 1412755832.96
7.01163692257 1412755834.61
7.01203615451 1412755836.26
7.04867753028 1412755837.91
6.96134136232 1412755839.51
7.00404985228 1412755841.16
6.99405351394 1412755842.88
6.95751329126 1412755844.59
6.98412499373 1412755846.25
7.05694016753 1412755847.96
6.94169186034 1412755849.74
6.96370303853 1412755851.36
6.97684645217 1412755852.87
7.0042348119 1412755854.5
6.95044255614 1412755856.03
6.97805966779 1412755857.58
6.95385010628 1412755859.13
6.95347233976 1412755860.67
6.94622081036 1412755862.29
6.88879773392 1412755863.79
6.85482306927 1412755865.36
6.84667545846 1412755866.93
6.90988320784 1412755868.53
6.9422752734 1412755870.08
6.94178258727 1412755871.62
6.92940035919 1412755873.19
6.94510890494 1412755874.76
6.9588443634 1412755876.35
6.95726808018 1412755877.95
6.93501675689 1412755879.53
6.93012733819 1412755881.08
6.87974713097 1412755882.72
6.81266640675 1412755884.34
6.78405423645 1412755885.98
6.7866335971 1412755887.59
6.80891651237 1412755889.23
6.76412124812 1412755890.83
6.75333406947 1412755892.55
6.70627960917 1412755894.26
6.69691836144 1412755895.98
6.73606118536 1412755897.58
6.76482010332 1412755899.2
6.75503563677 1412755900.84
6.71701514844 1412755902.47
6.70873152182 1412755904.11
6.67549448995 1412755905.71
6.66784300462 1412755907.32
6.67313337704 1412755908.98
6.69229572259 1412755910.62
6.68412937594 1412755912.25
6.65741473909 1412755913.92
6.66201443634 1412755915.59
6.6429970058 1412755917.21
6.62881214907 1412755918.89
6.62414722648 1412755920.57
6.62209355271 1412755922.25
6.64507956145 1412755923.89
6.650406105 1412755925.52
6.63562015064 1412755927.24
6.60983677879 1412755928.94
6.59930034495 1412755930.67
6.59365028985 1412755932.32
6.60769927677 1412755934.01
6.61282277989 1412755935.62
6.57799193014 1412755937.31
6.59045112154 1412755938.94
6.58292858933 1412755940.6
6.54594675063 1412755942.26
6.55520853133 1412755943.94
6.58165785032 1412755945.62
6.54747851772 1412755947.32
6.57333937317 1412755948.96
6.55342490345 1412755950.66
6.56352491486 1412755952.32
6.56650807282 1412755954.02
6.57266734389 1412755955.87
6.53414355179 1412755957.58
6.46464120473 1412755959.22
6.47963871849 1412755960.84
6.43098851967 1412755962.51
6.47946881873 1412755964.18
6.45364053319 1412755965.88
6.47036972974 1412755967.55
6.46893151165 1412755969.22
6.47148389833 1412755970.99
6.47215945342 1412755972.67
6.4728432774 1412755974.31
6.46942248488 1412755976.01
6.47389450191 1412755977.64
6.47516843199 1412755979.33
6.47161359165 1412755981.04
6.47282437572 1412755982.72
6.46742683094 1412755984.38
6.49153301003 1412755986.06
6.49885705576 1412755987.68
6.4735660689 1412755989.35
6.47375809327 1412755991.03
6.49529450018 1412755992.7
6.47016359039 1412755994.35
6.45730351827 1412755996.07
6.44794567796 1412755997.74
6.4513961693 1412755999.41
6.45483105732 1412756001.1
6.47894388051 1412756002.73
6.44829309581 1412756004.41
6.46593121256 1412756006.08
6.44549638191 1412756007.79
6.4550113632 1412756009.45
6.4559546954 1412756011.15
6.4569344993 1412756012.81
6.45792212465 1412756014.48
6.45400431927 1412756016.11
6.45563360692 1412756017.79
6.44574230802 1412756019.44
6.44264171077 1412756021.13
6.43235002476 1412756022.79
6.4343080821 1412756024.48
6.43162651292 1412756026.12
6.43925618078 1412756027.78
6.43641449994 1412756029.42
6.43961938298 1412756031.13
6.43677981319 1412756032.79
6.4339487971 1412756034.42
6.4371548042 1412756036.11
6.43436517752 1412756037.77
6.43156874402 1412756039.47
6.43476961251 1412756041.1
6.38551364239 1412756042.74
6.42670284087 1412756044.41
6.41836974899 1412756046.09
6.4155690816 1412756047.77
6.41280699551 1412756049.41
6.40626713488 1412756051.09
6.40622775964 1412756052.73
6.4070087308 1412756054.44
6.40431148888 1412756056.12
6.39546704358 1412756057.8
6.39287627439 1412756059.48
6.38910751825 1412756061.16
6.38537281509 1412756062.8
6.37959015023 1412756064.48
6.3957363608 1412756066.11
6.38350661012 1412756067.77
6.38473432713 1412756069.47
6.3859620011 1412756071.17
6.38203074589 1412756072.86
