5.02882010407 1412722656.58
5.06640822693 1412722656.73
4.88703598579 1412722656.85
4.96588832003 1412722656.96
4.91834558059 1412722657.06
4.9312667601 1412722657.18
5.00395307957 1412722657.3
5.20979159289 1412722657.43
5.08235885522 1412722657.56
5.18104145899 1412722657.69
5.22366996112 1412722657.78
5.37952902498 1412722657.9
5.24878201786 1412722658.06
5.39709794974 1412722658.19
5.52634309595 1412722658.32
5.65465089288 1412722658.44
5.75064361321 1412722658.57
5.82154494456 1412722658.69
5.89536494342 1412722658.81
5.85753946147 1412722658.94
5.90703926122 1412722659.07
5.94931597845 1412722659.19
5.97808958903 1412722659.3
6.01821615811 1412722659.43
6.01435561282 1412722659.55
5.99505664045 1412722659.68
6.03006517162 1412722659.82
6.01162487819 1412722659.96
5.97186398282 1412722660.08
5.98930379761 1412722660.19
5.98602980987 1412722660.33
5.98135124353 1412722660.46
5.95991519612 1412722660.58
5.94537622049 1412722660.7
5.92862314481 1412722660.82
5.9092964675 1412722660.94
5.88738879459 1412722661.06
5.86543820353 1412722661.18
5.83820083178 1412722661.33
5.80775619622 1412722661.48
5.78391776362 1412722661.67
5.74589268082 1412722661.82
5.69923427844 1412722661.93
5.6523283858 1412722662.05
5.66524397591 1412722662.18
5.60606733981 1412722662.28
5.5430771513 1412722662.43
5.48185612888 1412722662.57
5.40727701949 1412722662.67
5.34121013951 1412722662.77
5.28417577353 1412722662.91
5.19501966525 1412722663.09
5.11360915679 1412722663.22
5.01922647581 1412722663.35
4.92256014837 1412722663.47
4.82915388581 1412722663.58
4.72591738728 1412722663.73
4.64659500866 1412722663.88
4.54123687626 1412722663.97
4.31717844952 1412722664.06
4.25269958573 1412722664.21
4.16504564961 1412722664.35
4.34744892371 1412722664.44
4.39869478848 1412722664.55
4.31176728533 1412722664.64
4.44919808545 1412722664.74
4.36111794704 1412722664.83
4.2706138353 1412722664.93
4.32063074494 1412722665.04
4.1935611129 1412722665.17
4.27129202107 1412722665.27
4.13302800324 1412722665.41
4.24154238809 1412722665.51
4.16587130686 1412722665.67
4.08295942245 1412722665.78
4.13623080116 1412722665.9
3.89564977043 1412722666.02
3.94175869211 1412722666.13
3.81980617385 1412722666.26
3.86206155529 1412722666.37
3.79787366087 1412722666.46
3.75596207298 1412722666.6
3.80223266201 1412722666.76
3.74428873097 1412722666.91
3.6720215572 1412722667.05
3.7166409429 1412722667.15
3.66313832979 1412722667.24
3.70475073013 1412722667.38
3.65633980484 1412722667.51
3.69806964366 1412722667.61
3.57307530541 1412722667.76
3.6132395957 1412722667.86
3.56802604921 1412722667.97
3.60815600395 1412722668.08
3.56428560636 1412722668.19
3.6044234026 1412722668.31
3.30161474589 1412722668.49
3.26615672292 1412722668.61
3.24355168238 1412722668.7
3.215432194 1412722668.8
3.23185984094 1412722668.92
3.20469737509 1412722669.04
3.21977390582 1412722669.15
3.2107235031 1412722669.27
3.30927651681 1412722669.38
3.33827121964 1412722669.49
3.28230930784 1412722669.6
3.31108920033 1412722669.72
3.27929046688 1412722669.84
3.3080864667 1412722669.96
3.27726094332 1412722670.08
3.30611986053 1412722670.22
3.27624727457 1412722670.34
3.30516324778 1412722670.53
3.27615024804 1412722670.71
3.19511869164 1412722670.81
3.22045775947 1412722670.94
3.24395916781 1412722671.09
3.22217577199 1412722671.23
3.24571446226 1412722671.36
3.22464585783 1412722671.49
3.18376141464 1412722671.61
3.09488863003 1412722671.76
3.0724945827 1412722671.93
3.09525319359 1412722672.06
3.07344067569 1412722672.21
3.05168752603 1412722672.33
3.0733857201 1412722672.46
2.96226794222 1412722672.59
2.98290775232 1412722672.72
3.0015113355 1412722672.85
3.02091286437 1412722672.95
3.00599950345 1412722673.07
3.02538982163 1412722673.18
3.01102513919 1412722673.32
2.99362152558 1412722673.43
3.01524136979 1412722673.55
2.99840964938 1412722673.66
3.01991668394 1412722673.79
3.00358648172 1412722673.93
2.98709814094 1412722674.05
3.0079675166 1412722674.18
2.97817897887 1412722674.31
2.99909259723 1412722674.44
3.02045903206 1412722674.55
3.00535770003 1412722674.64
2.98990600262 1412722674.77
3.01067107972 1412722674.91
2.93677334219 1412722675.0
2.79817824083 1412722675.12
2.81600674135 1412722675.22
2.83422746066 1412722675.36
2.85278048293 1412722675.54
2.8409921168 1412722675.66
2.85940820771 1412722675.77
2.84799453514 1412722675.88
2.83621213361 1412722675.97
2.85427139631 1412722676.08
2.9515021233 1412722676.19
2.97150436314 1412722676.37
3.00977607642 1412722676.59
3.00002311545 1412722676.83
2.98982946415 1412722676.97
2.97916118176 1412722677.13
3.00138441183 1412722677.32
2.97619049898 1412722677.45
2.99519724532 1412722677.57
2.98489506865 1412722677.69
3.00372419931 1412722677.82
2.99384241539 1412722677.93
2.9835369867 1412722678.06
3.00218661721 1412722678.18
2.99224983104 1412722678.29
2.98216518978 1412722678.39
2.8456302967 1412722678.51
2.83644216192 1412722678.63
2.84409451875 1412722678.82
2.83624545683 1412722678.94
2.82823905366 1412722679.06
2.79239546123 1412722679.18
2.80705981778 1412722679.29
2.7993790925 1412722679.4
2.81112753292 1412722679.52
2.80349527981 1412722679.64
2.81523642926 1412722679.75
2.80779933013 1412722679.88
2.80025165865 1412722679.98
2.8116480598 1412722680.1
2.80423252914 1412722680.2
2.81561293071 1412722680.31
2.80849524356 1412722680.43
2.8011365006 1412722680.56
2.81225357758 1412722680.68
2.80508889411 1412722680.79
2.81622348554 1412722680.9
2.80516824778 1412722681.01
2.81629809774 1412722681.13
2.80945420686 1412722681.26
2.8204945094 1412722681.38
2.81382285928 1412722681.53
