1.88821193456 1412743717.48
2.04653106047 1412743718.99
2.35045628097 1412743720.44
2.5881591415 1412743721.94
2.6729010564 1412743723.38
2.76472062759 1412743724.8
2.76350675474 1412743726.27
2.81209360223 1412743727.75
2.82217161448 1412743729.2
2.94641516158 1412743730.67
3.01280114592 1412743732.08
3.0074399594 1412743733.54
3.0956335916 1412743734.94
3.15965973866 1412743736.35
3.25245572595 1412743737.73
3.34652626514 1412743739.13
3.34394014417 1412743740.51
3.46922013022 1412743741.93
3.52699109996 1412743743.35
3.62095678797 1412743744.75
3.67605935698 1412743746.12
3.73156344399 1412743747.48
3.84451856608 1412743748.85
3.88191614588 1412743750.27
3.99317049644 1412743751.65
3.93996399892 1412743753.03
3.84319811735 1412743754.34
3.93166613401 1412743755.71
3.86236963978 1412743757.05
3.90444189161 1412743758.42
3.76790064287 1412743759.75
3.85094721276 1412743761.09
3.84664088879 1412743762.41
3.93439179608 1412743763.77
3.89322287559 1412743765.13
3.82656509718 1412743766.46
3.78206798829 1412743767.79
3.69292941081 1412743769.16
3.6375546133 1412743770.52
3.62564428125 1412743771.87
3.6681367364 1412743773.21
3.75065374896 1412743774.58
3.75140553547 1412743775.96
3.77496441943 1412743777.27
3.76603648068 1412743778.69
3.75082897145 1412743780.03
3.76103571726 1412743781.37
3.74424018582 1412743782.75
3.80576770833 1412743784.11
3.71193348728 1412743785.51
3.72414672404 1412743786.86
3.73023971684 1412743788.21
3.75497473152 1412743789.58
3.72481127161 1412743790.92
3.62649998045 1412743792.29
3.58820025677 1412743793.68
3.50246858295 1412743795.02
3.46861986689 1412743796.37
3.39356884004 1412743797.74
3.36109984977 1412743799.11
3.26850728382 1412743800.49
3.10433736691 1412743801.86
3.13442783925 1412743803.25
3.01797614183 1412743804.59
2.98289371368 1412743805.94
3.01025289808 1412743807.24
3.03061455105 1412743808.58
3.00248442748 1412743809.93
2.98757333962 1412743811.25
3.00644366942 1412743812.63
3.01174207626 1412743813.96
3.00068667609 1412743815.32
3.00471572742 1412743816.67
3.00664522055 1412743818.0
3.00929164528 1412743819.35
3.02301948287 1412743820.69
2.98822931836 1412743822.05
2.96335964178 1412743823.39
2.95813861444 1412743824.75
2.9516459248 1412743826.08
2.93440129478 1412743827.41
2.91403045695 1412743828.74
2.87531650671 1412743830.07
2.82807271508 1412743831.42
2.81211649197 1412743832.71
2.80825286088 1412743834.01
2.78187940421 1412743835.34
2.69662672681 1412743836.68
2.66375498935 1412743838.03
2.63113497329 1412743839.37
2.66919184077 1412743840.69
2.62509860799 1412743842.05
2.60610549348 1412743843.39
2.52401450809 1412743844.75
2.51957441832 1412743846.11
2.50203873013 1412743847.44
2.47045318378 1412743848.79
2.45817848116 1412743850.13
2.45087884484 1412743851.48
2.4174681708 1412743852.83
2.41572474862 1412743854.16
2.40600912645 1412743855.45
2.39679404003 1412743856.79
2.38187532048 1412743858.13
2.35414185198 1412743859.46
2.32617444379 1412743860.78
2.3216298743 1412743862.09
2.32031881526 1412743863.41
2.32053011786 1412743864.73
2.30563600557 1412743866.04
2.29848089505 1412743867.29
2.28845524537 1412743868.72
2.29394369262 1412743870.16
2.2849357098 1412743871.56
2.29355659281 1412743872.86
2.31151807199 1412743874.14
2.30694072298 1412743875.45
2.30808838306 1412743876.77
2.29414815364 1412743878.1
2.27873443803 1412743879.45
2.28668085391 1412743880.75
2.23824651896 1412743882.27
2.2292830182 1412743883.59
2.2177865206 1412743884.91
2.20442635833 1412743886.24
2.19743072047 1412743887.62
2.18973472754 1412743888.92
2.19248541055 1412743890.27
2.20066743926 1412743891.57
2.21183060742 1412743892.87
2.21674812725 1412743894.16
2.221142708 1412743895.44
2.22687382189 1412743896.74
2.22904807153 1412743898.04
2.2312202949 1412743899.31
2.21602446623 1412743900.62
2.21489683989 1412743901.92
2.24211343285 1412743903.2
2.23903294257 1412743904.45
2.24805488098 1412743905.76
2.23234942511 1412743907.05
2.21176460801 1412743908.33
2.19018567817 1412743909.59
2.181671515 1412743910.9
2.15152261066 1412743912.2
2.11951474259 1412743913.45
2.12003364685 1412743914.77
2.07024907129 1412743916.05
2.07937574719 1412743917.35
2.08964278846 1412743918.61
2.09117406755 1412743919.92
2.09526944998 1412743921.18
2.12307100249 1412743922.53
2.09533491275 1412743923.81
2.10345601402 1412743925.07
2.10665412757 1412743926.37
2.09866160473 1412743927.68
2.09516655392 1412743928.98
2.09585537608 1412743930.31
2.09174924136 1412743931.64
2.09509206509 1412743932.95
2.07781044053 1412743934.26
2.08183151426 1412743935.54
2.07836429169 1412743936.79
2.070311857 1412743938.09
2.02924284086 1412743939.38
2.02269881307 1412743940.67
2.00239674676 1412743941.99
2.00245483901 1412743943.29
2.01678797156 1412743944.6
2.01310739935 1412743945.9
2.02291019043 1412743947.22
2.0056001112 1412743948.49
2.01080226474 1412743949.78
2.00900292392 1412743951.08
2.00144874331 1412743952.36
1.97873228999 1412743953.63
1.97212977329 1412743954.96
1.9560486007 1412743956.28
1.95382453225 1412743957.58
1.94856151222 1412743958.91
1.95349596407 1412743960.19
1.94734270437 1412743961.47
1.94103994942 1412743962.79
1.92394027197 1412743964.07
1.9240861849 1412743965.36
1.92500945276 1412743966.65
1.91887608046 1412743967.91
1.89467321861 1412743969.2
1.8950394965 1412743970.48
1.88526299464 1412743971.74
1.89414133744 1412743973.1
1.89672444073 1412743974.39
1.87052805407 1412743975.7
1.87607560441 1412743977.0
1.87046492869 1412743978.26
1.86726409973 1412743979.56
1.86181898405 1412743980.84
1.86270035507 1412743982.17
1.85890953962 1412743983.54
