2.67375317478 1412725748.77
3.2339350597 1412725749.1
3.66457891179 1412725749.41
4.04207240751 1412725749.72
4.24853726128 1412725750.02
4.19135599661 1412725750.34
4.17211715846 1412725750.65
4.03540892876 1412725750.95
3.8995294781 1412725751.25
3.71002139878 1412725751.55
3.5843811339 1412725751.85
3.28338737355 1412725752.16
3.46963201454 1412725752.45
3.34729634588 1412725752.75
3.17589043949 1412725753.03
3.18333310466 1412725753.32
2.988076463 1412725753.62
2.96419695658 1412725753.89
2.89789667072 1412725754.18
2.76526904097 1412725754.46
2.73943666706 1412725754.76
2.71289910908 1412725755.07
2.69579109337 1412725755.37
2.5354649612 1412725755.66
2.53252155083 1412725755.93
2.64427586369 1412725756.21
2.72968395728 1412725756.5
2.81734369681 1412725756.78
2.90494657366 1412725757.06
2.92682806462 1412725757.35
2.9626268966 1412725757.63
3.01818156901 1412725757.91
3.0917665312 1412725758.2
3.15259665568 1412725758.47
3.20489152046 1412725758.75
3.2163184839 1412725759.04
3.24849796499 1412725759.32
3.27892649026 1412725759.6
3.18676329681 1412725759.89
3.20285995458 1412725760.18
3.221386387 1412725760.47
3.22976485756 1412725760.76
3.24444660665 1412725761.05
3.24945050026 1412725761.33
3.23010610681 1412725761.61
3.20413180604 1412725761.9
3.21583680395 1412725762.19
3.17432626718 1412725762.46
3.18228293076 1412725762.73
3.18458232184 1412725763.04
3.08245574324 1412725763.31
3.06321504809 1412725763.57
3.01366138038 1412725763.85
3.0577434783 1412725764.13
3.04061671685 1412725764.4
2.96437981508 1412725764.67
3.02944952218 1412725764.97
3.00215249173 1412725765.25
2.98584221395 1412725765.54
2.96968779619 1412725765.82
2.98678920987 1412725766.11
2.96658695536 1412725766.39
2.9410687427 1412725766.65
2.92221194012 1412725766.94
2.94628110181 1412725767.21
2.93173482704 1412725767.48
2.9169242943 1412725767.75
2.90233163122 1412725768.02
2.93701889453 1412725768.3
2.87117556364 1412725768.58
2.87026192326 1412725768.85
2.83105081301 1412725769.1
2.85605422174 1412725769.38
2.84370910177 1412725769.67
2.87231685545 1412725769.95
2.858797269 1412725770.23
2.85759834875 1412725770.52
2.80549870369 1412725770.8
2.79316819116 1412725771.07
2.81891216265 1412725771.34
2.80702549097 1412725771.62
2.7950893596 1412725771.9
2.75934127061 1412725772.19
2.67261150348 1412725772.46
2.69490285016 1412725772.74
2.63832136496 1412725773.02
2.62783761631 1412725773.29
2.61713372413 1412725773.54
2.60665211182 1412725773.8
2.596004264 1412725774.07
2.63048727678 1412725774.36
2.62048517242 1412725774.62
2.67062427564 1412725774.88
2.56320773608 1412725775.16
2.55276172031 1412725775.45
2.54243638052 1412725775.71
2.53223627688 1412725775.98
2.44576471043 1412725776.25
2.41651332134 1412725776.53
2.40023392927 1412725776.8
2.39109055637 1412725777.08
2.38204197305 1412725777.35
2.34820778961 1412725777.62
2.33933672449 1412725777.89
2.33430302384 1412725778.17
2.21960296558 1412725778.44
2.22086683304 1412725778.71
2.28985185626 1412725778.97
2.27033112095 1412725779.23
2.15965665582 1412725779.5
2.15970462642 1412725779.77
2.15978617371 1412725780.03
2.11494745506 1412725780.3
2.11522254619 1412725780.58
2.11552142504 1412725780.84
2.08429299652 1412725781.11
2.0846687391 1412725781.39
2.06340281118 1412725781.66
2.04220151612 1412725781.94
2.04250967856 1412725782.22
2.04289293954 1412725782.48
2.04052251194 1412725782.74
2.04089095795 1412725783.01
2.04128068701 1412725783.28
1.93400583354 1412725783.54
1.96709337104 1412725783.82
1.95231759615 1412725784.1
1.94732687579 1412725784.37
1.94545811961 1412725784.63
1.94044074655 1412725784.91
1.93538465004 1412725785.16
1.95708008249 1412725785.44
1.95237552984 1412725785.71
1.94765397454 1412725785.98
1.93406995269 1412725786.25
1.92923591435 1412725786.51
1.92447416891 1412725786.76
1.91972837802 1412725787.03
1.95443665385 1412725787.29
1.95099983562 1412725787.55
1.94746906683 1412725787.81
1.94399003944 1412725788.06
1.94055698176 1412725788.31
1.93707322259 1412725788.57
1.93359216942 1412725788.82
1.93012771322 1412725789.08
1.97764477063 1412725789.33
1.97500541573 1412725789.61
1.9723667763 1412725789.88
1.96773392592 1412725790.15
1.96511783401 1412725790.42
1.96248820001 1412725790.69
1.9598487423 1412725790.96
1.95736085744 1412725791.22
1.95482110446 1412725791.48
1.94963172808 1412725791.74
1.947182296 1412725792.01
1.96553315659 1412725792.27
1.96250654125 1412725792.54
1.95947105539 1412725792.81
1.95647505723 1412725793.07
1.95351688298 1412725793.33
1.95132984189 1412725793.59
1.94910702593 1412725793.86
1.89366017614 1412725794.13
1.89159586595 1412725794.38
1.88962274095 1412725794.63
1.88758079762 1412725794.9
1.88560059643 1412725795.18
1.88357457547 1412725795.45
1.88159978795 1412725795.71
1.87958334713 1412725795.97
1.90405458809 1412725796.24
1.89331552176 1412725796.51
1.89099862298 1412725796.77
1.88955522063 1412725797.03
1.88723595193 1412725797.28
1.88491782045 1412725797.56
1.88266503291 1412725797.83
1.88040414068 1412725798.1
1.87810580704 1412725798.36
1.87590996595 1412725798.62
1.87369268846 1412725798.89
1.87158160117 1412725799.15
1.86934104642 1412725799.41
1.86717141355 1412725799.67
1.84913140414 1412725799.93
1.84593201375 1412725800.19
1.8426154212 1412725800.47
1.85522602855 1412725800.73
1.7868869424 1412725800.99
1.78675876945 1412725801.26
1.77852784521 1412725801.53
1.74145028166 1412725801.79
1.74103064296 1412725802.05
1.73447531446 1412725802.32
1.73405727218 1412725802.58
1.7337068478 1412725802.83
1.73323502755 1412725803.1
1.73289462013 1412725803.35
