11.7130012298 1412745471.2
11.7935438342 1412745472.66
11.8811211858 1412745474.08
11.806273927 1412745475.52
11.5649385217 1412745476.89
11.4302442128 1412745478.29
11.8206857632 1412745479.7
11.7905491135 1412745481.13
11.8239039474 1412745482.52
11.7605647508 1412745483.89
11.6576438065 1412745485.25
11.5350494144 1412745486.65
11.515734161 1412745488.03
11.5323742714 1412745489.39
11.2884032211 1412745490.72
11.141779997 1412745492.09
11.0694389579 1412745493.44
10.8782600616 1412745494.77
10.7703602625 1412745496.14
10.6699718799 1412745497.51
10.7024910741 1412745498.86
10.5564441731 1412745500.22
10.6207383257 1412745501.57
10.5855950863 1412745502.9
10.6058007816 1412745504.23
10.6832984538 1412745505.51
10.7201220185 1412745506.87
10.8302413392 1412745508.27
10.984479188 1412745509.61
10.891727758 1412745510.93
10.7711527523 1412745512.26
10.5807647278 1412745513.58
10.7021872774 1412745514.87
10.9396669147 1412745516.21
11.005239871 1412745517.56
9.87978017577 1412745518.88
9.38900342583 1412745520.2
9.3275071031 1412745521.59
9.69264703373 1412745522.93
9.05761421574 1412745524.31
9.43295802178 1412745525.68
8.87864208378 1412745527.04
9.3659766545 1412745528.37
8.86281328376 1412745529.72
8.51989995695 1412745531.04
8.5536433954 1412745532.38
8.44916767879 1412745533.71
8.45015697619 1412745535.0
8.34855234831 1412745536.29
8.12123993632 1412745537.59
8.23122281832 1412745538.88
8.08050309093 1412745540.2
8.16677282509 1412745541.52
8.01305985722 1412745542.83
7.90714278029 1412745544.16
7.85104520854 1412745545.51
7.87888075501 1412745546.85
7.70393589792 1412745548.16
7.6226287372 1412745549.54
7.521595213 1412745550.88
7.54927543901 1412745552.24
7.4329618729 1412745553.61
7.51333191284 1412745554.95
7.5166416169 1412745556.31
7.49801437231 1412745557.67
7.38901890929 1412745559.01
7.31675113205 1412745560.37
7.27415532097 1412745561.67
7.35041484426 1412745563.03
7.35752612728 1412745564.4
7.31321668896 1412745565.73
7.26671443212 1412745567.07
7.21815119634 1412745568.42
7.26623248437 1412745569.74
7.1655744288 1412745571.09
7.13557225951 1412745572.43
7.16225631638 1412745573.77
7.07544142998 1412745575.14
7.05770041014 1412745576.5
7.04402416652 1412745577.89
7.07095006329 1412745579.27
7.06778860566 1412745580.64
6.98115019702 1412745582.05
6.89152935017 1412745583.44
6.86820493349 1412745584.81
6.8234119847 1412745586.21
6.75128491674 1412745587.64
6.71441639824 1412745589.13
6.64492871383 1412745590.6
6.56338824101 1412745592.06
6.47987019285 1412745593.45
6.46555567172 1412745594.89
6.44846669848 1412745596.3
6.30586937539 1412745597.71
6.29120428308 1412745599.08
6.24583143167 1412745600.45
6.1883343288 1412745601.83
6.13676429838 1412745603.24
6.11597455368 1412745604.67
6.06336003753 1412745606.1
6.02458438006 1412745607.55
5.96777284021 1412745608.97
5.94254624264 1412745610.4
5.84120067567 1412745611.88
5.80783539137 1412745613.35
5.77056318286 1412745614.84
5.74671293308 1412745616.3
5.69048770469 1412745617.86
5.65971608187 1412745619.42
5.58819493672 1412745621.01
5.53751896284 1412745622.66
5.54480545628 1412745624.33
5.52680772253 1412745625.87
5.45132092113 1412745627.27
5.46820090655 1412745628.57
5.47236682512 1412745629.89
5.44802525481 1412745631.24
5.45418123139 1412745632.6
5.46016242367 1412745633.98
5.39777550748 1412745635.33
5.37718558282 1412745636.7
5.29021160531 1412745638.02
5.27772865988 1412745639.34
5.2471429881 1412745640.69
5.238413568 1412745642.04
5.183391875 1412745643.35
5.17440168405 1412745644.71
5.15545606638 1412745646.1
5.1724307988 1412745647.44
5.1722870352 1412745648.79
5.13917481024 1412745650.13
5.16647083649 1412745651.48
5.17454672147 1412745652.81
5.19428296044 1412745654.19
5.20195498222 1412745655.5
5.22115293052 1412745656.88
5.22610787346 1412745658.24
5.23078918557 1412745659.61
5.28812308178 1412745660.99
5.28832186932 1412745662.32
5.26224371951 1412745663.66
5.22181288344 1412745665.0
5.19232269596 1412745666.42
5.11075895619 1412745667.75
5.08599314354 1412745669.1
5.08714448796 1412745670.48
5.06916760962 1412745671.81
5.02675142998 1412745673.17
5.03039767489 1412745674.5
5.02752838423 1412745675.87
5.01151066963 1412745677.22
4.96974441603 1412745678.62
4.97596477595 1412745679.96
4.93906623131 1412745681.31
4.89327664115 1412745682.69
4.88681598597 1412745684.08
4.84957491763 1412745685.4
4.81847466385 1412745686.77
4.78889158366 1412745688.07
4.76713478647 1412745689.45
4.77329066966 1412745690.78
4.70795418506 1412745692.16
4.70183503516 1412745693.53
4.63338787639 1412745694.91
4.65028656442 1412745696.3
4.61301681563 1412745697.63
4.58005072924 1412745698.98
4.60046151909 1412745700.36
4.61849371587 1412745701.75
4.58954839624 1412745703.1
4.56718268042 1412745704.51
4.59047583601 1412745705.85
4.54582278608 1412745707.24
4.53043309173 1412745708.56
4.49015499406 1412745709.92
4.46886408505 1412745711.28
4.47348994625 1412745712.62
4.46536880263 1412745713.98
4.45185156062 1412745715.31
4.43611885274 1412745716.67
4.4362369014 1412745717.96
4.30215553824 1412745719.28
4.28305241866 1412745720.63
4.2841243993 1412745722.0
4.26659220007 1412745723.31
4.25111874888 1412745724.62
4.25265237533 1412745725.99
4.21337028443 1412745727.34
4.18852115733 1412745728.7
4.18610757862 1412745730.07
4.16847876302 1412745731.41
4.15190783616 1412745732.77
4.15786366336 1412745734.1
4.11772095746 1412745735.45
4.13320228624 1412745736.78
4.11085501912 1412745738.14
4.09032024531 1412745739.5
4.08801523527 1412745740.9
4.08148325708 1412745742.28
4.08047201373 1412745743.63
