31.0959387926 1412722487.36
31.7503717024 1412722487.54
31.9705708705 1412722487.67
32.36437808 1412722487.86
32.8739300754 1412722488.0
33.0961165631 1412722488.14
33.5215956167 1412722488.28
33.3476013504 1412722488.43
33.4855669437 1412722488.57
33.4330323243 1412722488.74
33.7703515796 1412722488.9
33.7253452082 1412722489.05
33.2590979321 1412722489.17
33.2780210354 1412722489.37
32.9892548154 1412722489.5
33.4072911823 1412722489.63
33.2057100573 1412722489.85
33.0934506343 1412722490.19
32.9398848472 1412722490.49
32.6265609504 1412722490.72
33.9448892019 1412722490.93
32.8346578577 1412722491.12
32.9801392206 1412722491.26
33.7782803987 1412722491.4
33.9609327239 1412722491.52
33.9133520196 1412722491.64
34.0770670015 1412722491.78
34.0590941041 1412722491.92
34.1893813454 1412722492.09
34.3246913491 1412722492.26
34.3196281485 1412722492.42
34.4196742296 1412722492.55
35.0896133548 1412722492.71
35.1167755779 1412722492.85
35.0568716159 1412722493.02
34.5947017694 1412722493.17
34.5625138753 1412722493.34
34.5885551944 1412722493.51
34.6462402888 1412722493.67
34.7200043196 1412722493.83
34.7643436144 1412722494.0
34.7987744346 1412722494.14
34.8246605036 1412722494.32
34.8322786488 1412722494.49
34.8342677154 1412722494.64
34.8863428084 1412722494.83
35.3206504425 1412722494.99
35.4063626749 1412722495.15
36.6765619817 1412722495.32
35.9683995184 1412722495.47
35.942784808 1412722495.6
36.0300478912 1412722495.79
35.9425996671 1412722495.95
36.3230761834 1412722496.09
36.3240256248 1412722496.25
36.3466732062 1412722496.41
36.2854437222 1412722496.57
36.3309553342 1412722496.75
36.2681602453 1412722496.89
36.4971097762 1412722497.04
37.0169540368 1412722497.2
37.0385946578 1412722497.39
37.0539298784 1412722497.53
37.0521071257 1412722497.7
37.1079171462 1412722497.85
37.1586309034 1412722497.99
37.398835292 1412722498.15
37.4521542734 1412722498.3
37.4598097882 1412722498.44
37.3702137437 1412722498.6
37.3402433645 1412722498.75
37.4468848843 1412722498.9
37.3304818106 1412722499.08
37.321835114 1412722499.2
37.4213136768 1412722499.34
37.6584643069 1412722499.49
37.6444092175 1412722499.64
37.6566816159 1412722499.8
37.5064265587 1412722499.94
37.5036423869 1412722500.1
37.4310057237 1412722500.26
37.419610108 1412722500.45
38.0396480225 1412722500.64
37.4528058668 1412722500.78
37.9920516786 1412722500.93
37.1595253374 1412722501.09
37.1408900447 1412722501.25
114.876981264 1412722501.4
37.6134017559 1412722501.56
37.7352962025 1412722501.72
37.7090461647 1412722501.87
37.7242848758 1412722502.03
37.4898726417 1412722502.19
37.7910439258 1412722502.35
38.0063379024 1412722502.51
38.185015248 1412722502.68
38.3096726052 1412722502.84
38.3547273296 1412722503.01
38.3500948232 1412722503.17
38.4091787802 1412722503.32
38.4128405676 1412722503.48
38.5971972821 1412722503.64
38.6285913946 1412722503.78
38.3971135326 1412722503.93
38.7320062814 1412722504.09
38.8903895293 1412722504.25
38.0936058803 1412722504.42
38.1099977911 1412722504.64
38.1250862466 1412722504.78
38.1403379891 1412722504.94
38.2337875303 1412722505.13
38.236984623 1412722505.28
38.7301295398 1412722505.46
38.6411027393 1412722505.59
38.6391909969 1412722505.71
38.7491904409 1412722505.84
39.364568353 1412722505.97
39.6452806254 1412722506.1
39.6586738065 1412722506.22
40.2925617542 1412722506.33
40.2982434057 1412722506.46
40.176992992 1412722506.59
40.2392930676 1412722506.82
39.274271428 1412722506.98
38.9942398582 1412722507.11
39.0309259312 1412722507.33
39.1834872251 1412722507.49
39.2064443666 1412722507.64
39.2078145102 1412722507.82
39.3843185192 1412722507.99
39.4165057599 1412722508.17
39.3926226008 1412722508.38
39.4470568215 1412722508.56
39.4433755795 1412722508.73
39.4787691475 1412722508.88
39.4750412262 1412722509.01
39.5111796987 1412722509.2
39.5048623956 1412722509.38
39.5412362065 1412722509.53
39.805888663 1412722509.71
39.790631212 1412722509.91
39.7741900944 1412722510.1
39.5301262686 1412722510.31
39.5370350915 1412722510.51
39.9539034997 1412722510.67
39.0257193946 1412722510.81
39.0343113943 1412722511.02
39.4526902107 1412722511.19
39.0388731669 1412722511.33
39.0961559225 1412722511.47
39.4635924076 1412722511.61
39.049718534 1412722511.76
39.107530155 1412722511.9
39.1142855611 1412722512.06
39.4738139147 1412722512.24
39.1165640614 1412722512.41
39.1155409774 1412722512.58
39.1225443907 1412722512.76
39.4898034841 1412722512.93
39.1249462937 1412722513.1
39.1317842365 1412722513.29
39.1386478623 1412722513.48
39.5055140539 1412722513.64
39.140738014 1412722513.8
39.1474709468 1412722513.98
39.154278006 1412722514.15
39.5389043031 1412722514.36
39.155133192 1412722514.53
39.180034726 1412722514.69
39.1856583303 1412722514.86
39.5508336938 1412722515.05
40.0845123986 1412722515.23
40.0731952543 1412722515.41
40.0403185771 1412722515.58
40.0857758195 1412722515.74
40.0897673378 1412722515.93
39.8606303131 1412722516.1
39.8589741559 1412722516.24
39.857223912 1412722516.45
39.855295079 1412722516.61
39.8532220542 1412722516.76
39.4454558761 1412722516.94
39.4461969489 1412722517.12
39.4470914015 1412722517.28
39.4480967895 1412722517.48
39.4492864194 1412722517.65
39.4504353102 1412722517.83
39.4518620786 1412722518.0
39.4532813792 1412722518.14
39.4549594678 1412722518.36
39.3979693567 1412722518.53
39.4484343604 1412722518.68
39.432995225 1412722518.83
39.4376286011 1412722518.97
39.4426266972 1412722519.12
39.4564482566 1412722519.26
39.4620537007 1412722519.46
39.4680114103 1412722519.62
39.4488409084 1412722519.76
39.4552240481 1412722519.91
