11.4177290515 1412731178.47
11.6798126894 1412731179.05
11.6804656049 1412731179.61
11.9410959293 1412731180.16
12.0505066996 1412731180.75
12.0406853935 1412731181.31
12.0051704317 1412731181.85
11.9216459366 1412731182.42
11.9358304341 1412731182.97
11.7703069764 1412731183.49
11.4892051602 1412731184.07
11.4720091435 1412731184.64
11.6839203688 1412731185.23
11.8031007826 1412731185.8
11.6320948995 1412731186.35
11.500396472 1412731186.91
11.476474718 1412731187.47
11.3277481231 1412731188.05
11.3283694118 1412731188.6
11.37572521 1412731189.17
11.1990509087 1412731189.73
11.0627931094 1412731190.29
10.8929064926 1412731190.86
10.7501641214 1412731191.4
10.5988443805 1412731191.94
10.1410035846 1412731192.49
9.91613921539 1412731193.01
9.54609211606 1412731193.55
9.44772015582 1412731194.09
9.42357791019 1412731194.67
9.62730452238 1412731195.24
9.34915596198 1412731195.76
9.74812858307 1412731196.3
9.33744170505 1412731196.84
9.72003121758 1412731197.39
10.0534010749 1412731197.94
10.1243479513 1412731198.49
10.0541465309 1412731199.03
10.0040178252 1412731199.61
10.250593432 1412731200.17
10.082357899 1412731200.68
9.82734181235 1412731201.25
9.75146532643 1412731201.82
9.83846376046 1412731202.37
9.7544693862 1412731202.94
9.72375915989 1412731203.51
9.05775130959 1412731204.03
8.74692874577 1412731204.56
9.19724915383 1412731205.1
9.14549242431 1412731205.64
9.09717009221 1412731206.2
9.04723687931 1412731206.77
9.05481404854 1412731207.33
8.80410404107 1412731207.87
8.68079628138 1412731208.41
8.52702571807 1412731208.96
8.2228411628 1412731209.53
8.22638810237 1412731210.13
8.21004318013 1412731210.7
8.202769872 1412731211.3
8.13415135333 1412731211.85
7.9574736111 1412731212.39
7.81751737031 1412731212.97
7.65331045814 1412731213.53
7.70691869317 1412731214.11
7.68533669051 1412731214.64
7.64777543105 1412731215.21
7.7332660269 1412731215.76
7.81083320528 1412731216.32
7.87248092155 1412731216.91
7.44405881537 1412731217.5
7.31272716788 1412731218.06
7.19814985099 1412731218.63
7.27735819612 1412731219.18
7.23512383462 1412731219.73
7.16313104077 1412731220.3
7.08158960689 1412731220.86
6.97809787478 1412731221.38
6.89730026724 1412731221.93
6.67641317506 1412731222.51
6.50356432904 1412731223.06
6.56952603686 1412731223.61
6.48054847143 1412731224.18
6.46284169913 1412731224.75
6.3534383571 1412731225.29
6.28694723832 1412731225.86
6.30511811964 1412731226.4
6.18528385555 1412731226.92
6.11656105025 1412731227.49
6.13725002591 1412731228.03
6.02337088859 1412731228.58
5.88637910552 1412731229.13
5.81537523706 1412731229.64
5.70704565502 1412731230.2
5.66492638827 1412731230.72
5.60888765676 1412731231.24
5.63264687333 1412731231.78
5.56960079351 1412731232.32
5.47452770778 1412731232.9
5.47451530522 1412731233.46
5.52888925125 1412731233.97
5.46258106987 1412731234.53
5.41301598732 1412731235.1
5.45532832185 1412731235.64
5.34857983859 1412731236.2
5.31700353551 1412731236.75
5.25544097579 1412731237.26
5.18098068395 1412731237.82
5.13003579981 1412731238.38
5.01856712125 1412731238.92
4.89364568375 1412731239.45
4.83526197651 1412731240.01
4.77809940603 1412731240.55
4.72967073481 1412731241.1
4.63456917619 1412731241.68
4.56255446417 1412731242.21
4.50102057051 1412731242.72
4.42137184772 1412731243.26
4.41361744608 1412731243.8
4.35089052352 1412731244.34
4.32643827374 1412731244.89
4.27169859514 1412731245.43
4.2643663621 1412731245.99
4.26019275979 1412731246.52
4.22666933733 1412731247.05
4.19699205676 1412731247.63
4.18221305902 1412731248.19
4.13374505537 1412731248.73
4.08499043237 1412731249.27
4.08373294767 1412731249.8
4.07648656049 1412731250.35
4.07471873798 1412731250.87
4.01014216401 1412731251.44
4.00479393748 1412731251.99
4.00577408643 1412731252.54
4.00128874897 1412731253.05
3.99632577056 1412731253.57
3.95691504994 1412731254.13
3.93569523155 1412731254.67
3.92848720483 1412731255.24
3.90710584688 1412731255.78
3.94912201735 1412731256.29
3.93034184755 1412731256.83
3.92243750144 1412731257.35
3.89655982544 1412731257.89
3.88579012142 1412731258.43
3.89731117478 1412731258.95
3.87528959185 1412731259.47
3.89437676781 1412731259.99
3.91382664361 1412731260.52
3.91282508879 1412731261.08
3.9392117447 1412731261.58
3.98514679082 1412731262.14
3.94880970515 1412731262.68
3.94957757339 1412731263.2
3.86992054615 1412731263.74
3.89499565295 1412731264.31
3.85081955401 1412731264.83
3.86359908783 1412731265.36
3.85585291555 1412731265.9
3.88180277245 1412731266.43
3.93686314946 1412731266.96
3.93985292297 1412731267.54
3.91256537265 1412731268.11
3.9492538163 1412731268.88
3.90573068647 1412731269.56
3.92992156791 1412731270.18
3.89701453582 1412731270.75
3.92075346138 1412731271.34
3.9183263676 1412731272.11
3.89342475704 1412731272.82
3.91852907852 1412731273.49
3.8952990719 1412731274.17
3.94638293094 1412731274.96
4.05184466953 1412731275.86
4.10944782315 1412731276.46
4.13580805929 1412731277.09
4.12313605988 1412731277.69
4.04944996767 1412731278.3
4.14745613072 1412731278.9
4.16502869215 1412731279.53
4.13775331926 1412731280.09
4.10899255811 1412731280.8
4.12142566078 1412731281.62
4.13334807309 1412731282.43
4.14348722722 1412731283.36
4.15331432893 1412731284.05
4.16059503902 1412731284.63
4.16850085285 1412731285.2
4.17492128861 1412731285.74
4.18008455654 1412731286.28
4.13254004175 1412731286.95
4.13376271421 1412731287.64
4.13407158534 1412731288.23
4.14412255086 1412731288.85
4.14192585087 1412731289.46
4.05314641479 1412731290.02
4.05225463792 1412731290.57
4.05465663455 1412731291.14
3.83087004875 1412731291.75
