17.3910197046 1412741356.69
17.0262256483 1412741357.74
16.7505865594 1412741358.83
16.6524167129 1412741359.85
16.3804683975 1412741360.91
16.2094121751 1412741362.0
15.7705375928 1412741363.05
15.7058404636 1412741364.14
15.5527854794 1412741365.22
15.1933131688 1412741366.26
15.2596884165 1412741367.35
15.1529218083 1412741368.4
15.1781919399 1412741369.44
15.0054819975 1412741370.47
14.9094193825 1412741371.47
14.5314855465 1412741372.47
14.6193943836 1412741373.77
14.5695720462 1412741375.08
14.4553912985 1412741376.21
14.4647392626 1412741377.33
14.3203475624 1412741378.43
14.3962316647 1412741379.51
14.4267803949 1412741380.61
14.5937127115 1412741381.71
14.5875981586 1412741382.83
14.6489386515 1412741384.01
14.6928645979 1412741385.17
14.6526564788 1412741386.31
14.5338116561 1412741387.47
14.7073781732 1412741388.66
14.6437603254 1412741389.81
14.5901650433 1412741390.95
14.5163259038 1412741392.13
14.5832374154 1412741393.28
14.4872009461 1412741394.42
14.450043485 1412741395.52
14.2594575595 1412741396.61
14.0344465103 1412741397.76
13.8483993898 1412741398.95
13.7639724191 1412741400.09
13.5126398069 1412741401.25
13.6739355939 1412741402.35
13.8402987482 1412741403.52
13.5920628222 1412741404.66
13.60819178 1412741405.83
13.6222583292 1412741406.93
13.7040951051 1412741408.07
13.6858753041 1412741409.21
13.7369354507 1412741410.34
13.6672484003 1412741411.55
13.5702297332 1412741412.66
13.6364228606 1412741413.83
13.6433652423 1412741415.0
13.6000309639 1412741416.16
13.646407355 1412741417.31
13.5966676422 1412741418.45
13.6692675312 1412741419.59
13.6046590684 1412741420.75
13.6708414946 1412741421.9
13.6201128949 1412741423.05
13.6525275659 1412741424.21
13.7195867944 1412741425.35
13.7793974256 1412741426.53
13.7594599087 1412741427.71
13.7541763951 1412741428.91
13.6723277513 1412741430.06
13.611905933 1412741431.22
13.5155811801 1412741432.39
13.646668505 1412741433.58
13.6449488272 1412741434.77
13.6392142394 1412741435.94
13.8210102495 1412741437.15
13.5752976419 1412741438.28
13.6711029291 1412741439.44
13.6387963158 1412741440.6
13.6413123619 1412741441.76
13.656685802 1412741442.91
13.7219994298 1412741444.09
13.7672258845 1412741445.24
13.7721581179 1412741446.4
13.7955427615 1412741447.61
13.8446452077 1412741448.84
14.0042205018 1412741450.03
13.8445687583 1412741451.2
13.8553787487 1412741452.31
13.9292421237 1412741453.52
13.909821042 1412741454.72
13.8588720979 1412741455.85
13.8310408645 1412741457.0
13.8489468842 1412741458.19
13.8610157083 1412741459.38
13.757369439 1412741460.55
13.8540358406 1412741461.73
13.6593064183 1412741462.93
13.7720152346 1412741464.09
13.7997717555 1412741465.43
13.8740830478 1412741466.58
13.9230279026 1412741467.8
14.0217275965 1412741468.97
14.0262472682 1412741470.1
14.076678043 1412741471.27
14.1227322707 1412741472.48
14.1545970233 1412741473.69
14.1792733122 1412741474.87
14.2384420336 1412741476.07
14.2647792027 1412741477.32
14.2058138527 1412741478.51
14.2566450755 1412741479.68
14.3428137942 1412741480.88
14.4179506339 1412741482.11
14.5565766667 1412741483.3
14.71556894 1412741484.49
14.8928568357 1412741485.75
14.9783449933 1412741486.93
15.1453864114 1412741488.2
15.252548911 1412741489.4
15.4188308248 1412741490.59
15.4902187028 1412741491.77
15.6481159649 1412741492.95
15.8691410282 1412741494.13
15.957440672 1412741495.35
15.9151733978 1412741496.5
16.1367005214 1412741497.68
16.1668886498 1412741498.87
16.2884043457 1412741500.07
16.3735447373 1412741501.33
16.2872579538 1412741502.52
16.3026828406 1412741503.73
16.3598057977 1412741504.99
16.2497414555 1412741506.25
16.1304613753 1412741507.49
16.1166715862 1412741508.73
16.2570613076 1412741509.99
16.2044648477 1412741511.23
16.151417167 1412741512.47
16.2527371705 1412741513.86
16.2648186498 1412741515.14
16.1843186748 1412741516.45
16.2371722092 1412741517.71
16.2801014241 1412741518.94
16.151013687 1412741520.19
16.1614321801 1412741521.45
16.1812417533 1412741522.76
16.1394890929 1412741524.11
16.2527844389 1412741525.58
16.4171905352 1412741526.86
16.396334575 1412741528.18
16.3560507368 1412741529.48
16.3628790768 1412741530.9
16.2359804634 1412741532.26
16.2606192362 1412741533.56
16.2864408411 1412741534.87
16.3152263791 1412741536.15
16.3734857688 1412741537.41
16.3966816937 1412741538.68
16.3969158267 1412741540.02
16.4047644035 1412741541.35
16.3809058605 1412741542.64
16.3958466571 1412741543.98
16.4219936046 1412741545.31
16.3863547645 1412741546.67
16.3498812163 1412741548.05
16.484239255 1412741549.39
16.4928874412 1412741550.67
16.4103947372 1412741551.95
16.5122491321 1412741553.26
16.5391561123 1412741554.59
16.4379146197 1412741555.91
16.4103327525 1412741557.25
16.4383098508 1412741558.61
16.4422642032 1412741559.94
16.4132416962 1412741561.3
16.5505731045 1412741562.6
16.5416704538 1412741563.95
16.6600167871 1412741565.27
16.6845539844 1412741566.6
16.6844873318 1412741567.96
16.5837787253 1412741569.28
16.7749808432 1412741570.62
16.8209536943 1412741571.99
16.6079798818 1412741573.37
16.6447653167 1412741574.76
16.6133566234 1412741576.04
16.6607391499 1412741577.39
16.6010724549 1412741578.75
16.7240283582 1412741580.08
16.7516770661 1412741581.4
16.7516247846 1412741582.72
16.793844243 1412741584.04
16.8080396534 1412741585.32
16.8513577875 1412741586.61
16.882022797 1412741587.94
16.8642990429 1412741589.23
16.9841741896 1412741590.52
17.0463165403 1412741591.84
17.1114566282 1412741593.15
17.1807183696 1412741594.43
17.2331248258 1412741595.71
17.1797733127 1412741597.0
17.0548285811 1412741598.31
