8.50102409222 1412723328.27
8.44554291723 1412723328.58
8.57762591516 1412723328.86
8.63950202487 1412723329.16
8.55224558637 1412723329.44
8.53420745893 1412723329.71
8.66292421568 1412723330.0
8.64170052912 1412723330.3
8.72571302768 1412723330.62
8.86670331775 1412723330.91
8.88722036478 1412723331.18
8.92005948198 1412723331.46
8.93657569575 1412723331.77
8.95240891578 1412723332.04
8.98155848395 1412723332.32
8.98410022703 1412723332.62
8.9739220444 1412723332.9
9.01992522951 1412723333.2
8.98282176763 1412723333.5
9.05092236268 1412723333.79
9.07849400627 1412723334.09
9.08994049483 1412723334.4
9.08885078301 1412723334.71
9.1049957481 1412723335.0
9.16290954744 1412723335.29
9.17857660775 1412723335.58
9.19916750868 1412723335.87
9.2342594636 1412723336.17
9.20928836758 1412723336.47
9.2025713339 1412723336.76
9.18261386214 1412723337.04
9.14400254864 1412723337.33
9.15693319975 1412723337.62
9.16883008316 1412723337.91
9.10520460318 1412723338.2
9.10169725345 1412723338.46
9.1292450756 1412723338.86
9.11107161397 1412723339.29
9.13550424963 1412723339.57
9.0964821659 1412723339.85
9.04204505817 1412723340.11
9.04785117985 1412723340.38
9.08042225239 1412723340.65
9.0327973785 1412723340.93
9.06482581189 1412723341.2
9.05523583365 1412723341.5
9.0487017152 1412723341.78
9.0419948781 1412723342.06
9.05337300729 1412723342.36
8.98356113541 1412723342.64
8.97431289956 1412723342.93
9.01715405398 1412723343.22
8.9525586839 1412723343.52
8.96364067846 1412723343.8
8.95267987249 1412723344.08
8.99578318452 1412723344.38
8.98639299634 1412723344.67
8.99057757785 1412723344.95
8.98175656867 1412723345.21
9.02580053406 1412723345.49
8.95947836794 1412723345.75
8.94877401987 1412723346.04
8.93866837854 1412723346.34
8.92642563576 1412723346.63
8.85525984927 1412723346.94
8.8465402445 1412723347.22
8.8148432629 1412723347.49
8.8558916869 1412723347.76
8.84211101486 1412723348.02
8.84415351578 1412723348.33
8.81985895765 1412723348.61
8.7940386234 1412723348.9
8.78198686345 1412723349.16
8.7623229818 1412723349.44
8.75009563227 1412723349.73
8.73053037086 1412723349.99
8.6193713481 1412723350.27
8.59629974903 1412723350.55
8.58526040351 1412723350.81
8.55506859956 1412723351.08
8.56481477668 1412723351.37
8.55322432125 1412723351.64
8.54145268423 1412723351.92
8.50869404236 1412723352.19
8.49676418874 1412723352.48
8.50195223202 1412723352.77
8.42934467534 1412723353.05
8.42803735283 1412723353.33
8.37132079615 1412723353.61
8.33847760539 1412723353.87
8.32707947161 1412723354.13
8.262440949 1412723354.42
8.34261429738 1412723354.69
8.30620948304 1412723354.95
8.33920304451 1412723355.21
8.30713342988 1412723355.49
8.23897870622 1412723355.79
8.2246365204 1412723356.06
8.22129903835 1412723356.34
8.18378138584 1412723356.63
8.1332548028 1412723356.87
8.12206119198 1412723357.15
8.12323680482 1412723357.41
7.97066694171 1412723357.66
7.85088114945 1412723357.92
7.79694325119 1412723358.19
7.80167035485 1412723358.46
7.74549540729 1412723358.73
7.68033587945 1412723359.0
7.62784384026 1412723359.27
7.5071776469 1412723359.55
7.47215809914 1412723359.84
7.40273919418 1412723360.09
7.37348918943 1412723360.36
7.26943443029 1412723360.61
7.30702224943 1412723360.91
7.25615812715 1412723361.16
7.2683231455 1412723361.42
7.16222353599 1412723361.68
7.24888671758 1412723361.94
7.19291404446 1412723362.2
7.23033513282 1412723362.49
7.11145283586 1412723362.74
6.99661314061 1412723362.99
6.95693434689 1412723363.24
6.94854702151 1412723363.49
6.82973816544 1412723363.75
6.80299875328 1412723364.0
6.68207938384 1412723364.28
6.81946544863 1412723364.54
6.6507984448 1412723364.81
6.73148585764 1412723365.07
6.5706389351 1412723365.32
6.59985931772 1412723365.58
6.4917186209 1412723365.83
6.60014316312 1412723366.1
6.45480485101 1412723366.34
6.52125288933 1412723366.62
6.35320026259 1412723366.88
6.48096877693 1412723367.15
6.32583467829 1412723367.4
6.36203075741 1412723367.67
6.20262830501 1412723367.91
6.2830798533 1412723368.17
6.03998506486 1412723368.43
5.95407463853 1412723368.71
5.993765769 1412723368.96
5.85753603495 1412723369.23
5.91031221865 1412723369.47
5.76956242508 1412723369.72
5.8740556402 1412723369.97
5.73431849863 1412723370.23
5.73144828678 1412723370.48
5.51931246793 1412723370.74
5.60976883484 1412723371.01
5.48034519595 1412723371.25
5.56240622134 1412723371.52
5.45530935411 1412723371.76
5.54679242113 1412723372.03
5.40398845087 1412723372.29
5.50993324542 1412723372.55
5.35848083 1412723372.81
5.40925818565 1412723373.05
5.30269021078 1412723373.3
5.3594462697 1412723373.56
5.25325233883 1412723373.81
5.26910877743 1412723374.05
5.14812236753 1412723374.29
5.2370075429 1412723374.53
5.02646852197 1412723374.8
4.99735862256 1412723375.05
4.82022259761 1412723375.31
4.8912450828 1412723375.54
4.7909384906 1412723375.79
4.84555038887 1412723376.04
4.76264690532 1412723376.29
4.8228563681 1412723376.56
4.77802462316 1412723376.81
4.8505185093 1412723377.06
4.74846721 1412723377.3
4.8010772037 1412723377.55
4.69614812918 1412723377.8
4.75333758287 1412723378.04
4.65780755901 1412723378.28
4.45854393256 1412723378.53
4.5498316877 1412723378.77
4.3692256428 1412723379.02
4.43111156786 1412723379.25
4.26384351253 1412723379.5
4.28874029231 1412723379.73
4.40141821097 1412723379.97
4.27003657195 1412723380.27
4.3831101572 1412723380.53
4.23576649121 1412723380.78
4.16365685185 1412723381.03
4.18054996199 1412723381.28
4.25877702646 1412723381.55
4.17730440191 1412723381.82
4.20491735719 1412723382.09
4.07837832115 1412723382.38
