7.41056098388 1412740971.58
7.35440637357 1412740972.57
7.30125374377 1412740973.55
7.0959785265 1412740974.55
7.16899717385 1412740975.51
7.26940405117 1412740976.47
7.23499903237 1412740977.43
7.13419945835 1412740978.37
6.93960465832 1412740979.34
6.94273314707 1412740980.28
6.91302158675 1412740981.23
6.82413401996 1412740982.14
6.57485911951 1412740983.07
6.49401003833 1412740984.01
6.26845958934 1412740984.92
6.23116897744 1412740985.82
6.17972183689 1412740986.73
6.42012902477 1412740987.63
6.75955167186 1412740988.56
7.03511113223 1412740989.46
7.24377834203 1412740990.39
7.3513226317 1412740991.31
7.41664737917 1412740992.24
7.51140115135 1412740993.17
7.50561498659 1412740994.06
7.47393709471 1412740994.95
7.27452200287 1412740995.87
7.22616053382 1412740996.76
7.16534884852 1412740997.7
6.92390443076 1412740998.59
6.93547221374 1412740999.51
6.98368074314 1412741000.41
6.94001008715 1412741001.35
7.03693095658 1412741002.28
7.00263168128 1412741003.17
7.12652067157 1412741004.06
7.07954626765 1412741005.0
7.188941454 1412741005.95
7.14647680627 1412741006.87
7.01119402927 1412741007.78
6.73623449442 1412741008.67
6.78278335084 1412741009.58
6.88647058196 1412741010.49
6.8114609476 1412741011.37
6.46060986402 1412741012.27
5.16185962934 1412741013.16
5.25051624726 1412741014.08
5.18685712789 1412741014.97
5.38361052529 1412741015.92
5.35911636222 1412741016.82
5.30533485736 1412741017.7
5.21400020028 1412741018.6
5.24736463576 1412741019.49
5.24202577235 1412741020.36
5.21500739067 1412741021.26
5.21836168808 1412741022.17
5.12040728524 1412741023.08
5.05018185438 1412741023.97
5.03048920058 1412741024.85
5.05024673303 1412741025.75
4.88681878718 1412741026.65
4.98680118352 1412741027.56
4.89539049518 1412741028.46
4.69237115225 1412741029.34
4.62807606857 1412741030.24
4.6144587797 1412741031.19
4.60904657873 1412741032.07
4.5858772113 1412741032.99
4.66713706331 1412741033.88
4.6863025803 1412741034.76
4.76150890979 1412741035.68
4.75312595999 1412741036.57
4.68823473912 1412741037.45
4.67194143285 1412741038.34
4.65676773861 1412741039.26
4.5926372331 1412741040.15
4.52031040484 1412741041.06
4.489873285 1412741041.93
4.5200872943 1412741042.84
4.47518890411 1412741043.71
4.44322522631 1412741044.54
4.43355289769 1412741045.42
4.41169415822 1412741046.27
4.36750464573 1412741047.15
4.37243173079 1412741047.99
4.37150966171 1412741048.86
4.37024378896 1412741049.76
4.43914552458 1412741050.65
4.44122077605 1412741051.54
4.41338767955 1412741052.39
4.4126465949 1412741053.25
4.37934558916 1412741054.14
4.46121496057 1412741055.01
4.33416836444 1412741055.94
4.41361092503 1412741056.86
4.3776866449 1412741057.75
4.3280028298 1412741058.64
4.31479366005 1412741059.53
4.35051195614 1412741060.43
4.35640676806 1412741061.33
4.34128440611 1412741062.2
4.32607027432 1412741063.09
4.31751768858 1412741063.95
4.30242362114 1412741064.8
4.2952926549 1412741065.67
4.31418405699 1412741066.57
4.3089534301 1412741067.44
4.30347256226 1412741068.35
4.2907454613 1412741069.22
4.15762318285 1412741070.12
4.23011537042 1412741071.02
4.16862817835 1412741071.91
4.15833642205 1412741072.77
4.10347643882 1412741073.64
4.06433105659 1412741074.55
4.05641906823 1412741075.44
4.04082110263 1412741076.29
4.03265753321 1412741077.19
4.02419610029 1412741078.05
4.01517847749 1412741078.94
3.83287850932 1412741079.83
3.82644126565 1412741080.7
3.86276624638 1412741081.57
3.81386360064 1412741082.45
3.81844318584 1412741083.33
3.6166684301 1412741084.21
3.56393603386 1412741085.1
3.51433762813 1412741085.97
3.52810291798 1412741086.85
3.56422585719 1412741087.73
3.54846528349 1412741088.62
3.50861736926 1412741089.54
3.49780240787 1412741090.46
3.50116029196 1412741091.36
3.48958812229 1412741092.29
3.47051394766 1412741093.21
3.38692961173 1412741094.13
3.37551486308 1412741095.06
3.19705876309 1412741095.95
3.19027078464 1412741096.86
3.26553829711 1412741097.8
3.25399995884 1412741098.77
3.24039991643 1412741099.69
3.25838663922 1412741100.6
3.2200369528 1412741101.52
3.20904898624 1412741102.43
3.16536938401 1412741103.34
3.06869690357 1412741104.25
3.04804100875 1412741105.16
3.12422849598 1412741106.04
3.10550363568 1412741106.95
3.11637844777 1412741107.86
3.08307982528 1412741108.91
3.0598181315 1412741109.97
3.05295295587 1412741110.88
3.02647939986 1412741111.75
2.92415501133 1412741112.6
2.92761445901 1412741113.47
2.89396852272 1412741114.4
2.97781583992 1412741115.33
2.99007470956 1412741116.25
3.0012363831 1412741117.17
2.98492776967 1412741118.11
3.06100288325 1412741119.01
3.05521326621 1412741119.89
3.04947324681 1412741120.83
3.04375068527 1412741121.74
3.03656074144 1412741122.61
2.92191354427 1412741123.52
2.91330012389 1412741124.4
2.90546595409 1412741125.27
3.00930705619 1412741126.2
2.99930934002 1412741127.11
2.99400744857 1412741128.04
2.9886748869 1412741128.94
2.98358124534 1412741129.85
2.97830744889 1412741130.72
2.97414149366 1412741131.61
2.9684822678 1412741132.49
2.95523535118 1412741133.37
2.96127494102 1412741134.28
2.94197238715 1412741135.19
2.93669864205 1412741136.1
2.93136454691 1412741137.03
2.92604140732 1412741137.88
2.92071461485 1412741138.78
2.93044260558 1412741139.64
3.04246631873 1412741140.55
3.05722317447 1412741141.49
3.05363314229 1412741142.37
3.05000808918 1412741143.32
3.05092171224 1412741144.2
3.04697623478 1412741145.1
3.04294109982 1412741146.02
3.03880934138 1412741146.92
3.03537482048 1412741147.82
3.03177910327 1412741148.75
3.06749269931 1412741149.65
3.04941508131 1412741150.59
3.04752816953 1412741151.5
