21.3680025636 1412727844.65
20.6185908297 1412727845.34
19.9262886869 1412727846.03
18.9482535706 1412727846.67
18.4763626816 1412727847.29
17.7881238057 1412727847.97
17.2389570282 1412727848.6
16.9459910443 1412727849.3
16.67031806 1412727849.96
16.3819442925 1412727850.62
16.3769921953 1412727851.3
16.248488516 1412727851.99
16.1736055985 1412727852.7
16.0271684117 1412727853.43
15.9487692335 1412727854.14
16.0854773307 1412727854.84
15.6750584309 1412727855.55
15.3043460443 1412727856.24
15.2347413363 1412727856.99
15.0262409233 1412727857.68
14.8015318623 1412727858.42
14.4244939767 1412727859.13
14.1482806162 1412727859.82
14.1460065259 1412727860.52
14.1623905805 1412727861.23
13.9902252683 1412727861.94
14.0188820534 1412727862.62
14.0477347772 1412727863.28
13.9626352446 1412727863.95
13.7365589137 1412727864.64
13.5771338414 1412727865.31
13.4276482363 1412727865.97
12.9893485338 1412727866.6
12.994078896 1412727867.21
13.0170254482 1412727867.85
13.0156209155 1412727868.48
12.7553212256 1412727869.09
12.7439678694 1412727869.72
12.6718130465 1412727870.32
12.6600319701 1412727870.9
12.628897215 1412727871.5
12.5176766196 1412727872.08
12.4689539236 1412727872.69
12.3206214715 1412727873.31
12.2965693002 1412727873.98
12.2162716266 1412727874.62
12.0926064476 1412727875.27
12.1019558277 1412727875.93
11.9920053991 1412727876.6
11.8239406913 1412727877.23
11.6547992334 1412727877.86
11.5914971458 1412727878.49
11.3882676224 1412727879.12
11.347408825 1412727879.74
11.2411162285 1412727880.35
11.2004948977 1412727880.99
11.1264988318 1412727881.6
10.9958171753 1412727882.24
10.8735794339 1412727882.86
10.7882669778 1412727883.49
10.8500537383 1412727884.12
10.7800666014 1412727884.74
10.5550207309 1412727885.36
10.505487847 1412727885.95
10.4241833311 1412727886.62
10.3541802534 1412727887.31
10.2295534088 1412727887.95
10.1030354496 1412727888.61
10.091443557 1412727889.24
10.2123323928 1412727889.84
10.0719197597 1412727890.47
9.86496723832 1412727891.1
9.79665569179 1412727891.75
9.81013434949 1412727892.38
9.50062777824 1412727892.99
9.43687551333 1412727893.64
9.34907698916 1412727894.31
9.3940484365 1412727894.96
9.23093969827 1412727895.64
9.00566315892 1412727896.3
9.0479743674 1412727896.98
9.04820612399 1412727897.62
8.9902032315 1412727898.28
8.97042219336 1412727898.93
8.94630552361 1412727899.57
8.67729612307 1412727900.21
8.67575935567 1412727900.82
8.69075503761 1412727901.48
8.72699489478 1412727902.14
8.71480482409 1412727902.8
8.63128799173 1412727903.42
8.62981886322 1412727904.07
8.60020719542 1412727904.7
8.51904759016 1412727905.28
8.51565383841 1412727905.93
8.44482581282 1412727906.57
8.46969631301 1412727907.22
8.35247190054 1412727907.89
8.24353216376 1412727908.57
8.18255386175 1412727909.23
8.15145823021 1412727909.89
8.09695508464 1412727910.59
8.09439911789 1412727911.25
8.06566019275 1412727911.93
8.04650106559 1412727912.61
8.0246462309 1412727913.27
8.01237766972 1412727913.95
7.9684723635 1412727914.6
7.99242144698 1412727915.27
8.03238619202 1412727915.93
7.99179611339 1412727916.59
7.97314219891 1412727917.3
8.00830463418 1412727918.0
7.88544410762 1412727918.67
7.83636729739 1412727919.35
7.82230988771 1412727920.05
7.70223950274 1412727920.72
7.71021289302 1412727921.4
7.73639565515 1412727922.09
7.69620472329 1412727922.8
7.68820471999 1412727923.47
7.65104681855 1412727924.18
7.63085378272 1412727924.9
7.71758322864 1412727925.62
7.68463713153 1412727926.3
7.60704192403 1412727927.01
7.44478097582 1412727927.74
7.50239887468 1412727928.47
7.4728670721 1412727929.21
7.31750400038 1412727929.92
7.30387448624 1412727930.63
7.42272449715 1412727931.33
7.51110531437 1412727932.03
7.51276997729 1412727932.69
7.52679413632 1412727933.4
7.47193013382 1412727934.1
7.49026537539 1412727934.76
7.45239742838 1412727935.44
7.46720864368 1412727936.15
7.43596168794 1412727936.85
7.21555953192 1412727937.53
7.2246321825 1412727938.25
7.18822507623 1412727938.96
7.2077194871 1412727939.67
7.19219569115 1412727940.39
7.2092500647 1412727941.1
7.22309612309 1412727941.84
7.14362319832 1412727942.62
7.14995519349 1412727943.37
7.15873153939 1412727944.12
7.22729963258 1412727944.83
7.20567405732 1412727945.52
7.2120609794 1412727946.22
7.26549802871 1412727946.92
7.24134199381 1412727947.64
7.16401015377 1412727948.37
7.16916127061 1412727949.09
7.167709569 1412727949.79
7.07120413037 1412727950.52
7.05696788252 1412727951.24
7.02020454636 1412727951.97
7.03849831806 1412727952.71
7.01141469193 1412727953.45
6.89697373194 1412727954.24
6.95091237891 1412727955.0
6.95409112883 1412727955.75
6.96326589266 1412727956.49
6.91073651877 1412727957.29
6.91952991796 1412727958.02
6.92851555021 1412727958.73
6.80555074083 1412727959.48
6.8135877959 1412727960.17
6.70302953789 1412727960.9
6.67428635331 1412727961.61
6.65043156785 1412727962.32
6.47054603773 1412727963.05
6.49285764282 1412727963.78
6.50807544067 1412727964.56
6.41756878478 1412727965.3
6.32060047369 1412727966.03
6.25936163661 1412727966.75
6.29288237612 1412727967.49
6.267403667 1412727968.23
6.26182203593 1412727968.94
6.18019005188 1412727969.69
6.18515658874 1412727970.42
6.19566118229 1412727971.17
6.18823542113 1412727972.0
6.16471312598 1412727972.77
6.13137463553 1412727973.61
6.21564270176 1412727974.38
6.13886256092 1412727975.09
6.06932297853 1412727975.85
6.08404543866 1412727976.57
6.05265786974 1412727977.31
6.10587938415 1412727978.05
6.10619753866 1412727978.81
6.05838456908 1412727979.6
6.09817566237 1412727980.37
6.10954346451 1412727981.1
