13.6658342268 1412724210.86
13.137422164 1412724211.24
12.4806104187 1412724211.6
12.4405403557 1412724211.94
12.3940140024 1412724212.33
12.4427022669 1412724212.68
12.4144219946 1412724213.0
12.5655140762 1412724213.33
12.8832642081 1412724213.68
12.7666726277 1412724214.06
13.1857673322 1412724214.4
13.6250873427 1412724214.72
13.5128674607 1412724215.08
13.8125760745 1412724215.47
13.9246645182 1412724215.84
13.9901963609 1412724216.2
13.7962904736 1412724216.58
13.5583129588 1412724216.91
13.5110514395 1412724217.24
13.339641269 1412724217.61
13.0044764127 1412724217.97
12.9396917548 1412724218.36
12.7234429117 1412724218.71
12.7149747712 1412724219.07
12.53616166 1412724219.48
12.2955321784 1412724219.84
11.9726454275 1412724220.19
12.3510837102 1412724220.59
12.613901191 1412724220.93
13.0709362186 1412724221.42
13.1964079543 1412724221.86
13.0254969586 1412724222.25
13.1828433042 1412724222.62
13.1822918381 1412724223.09
13.5234035462 1412724223.49
13.700461912 1412724223.84
14.111501102 1412724224.2
14.533270944 1412724224.59
14.2153856743 1412724224.97
14.2417855979 1412724225.48
14.6422538101 1412724225.9
15.0904784485 1412724226.33
15.0786468982 1412724226.73
15.5515094529 1412724227.2
15.8183295311 1412724227.73
15.7268717977 1412724228.17
16.1665278846 1412724228.57
16.2632849419 1412724229.08
16.6932433691 1412724229.56
16.7888174871 1412724229.98
16.4169649493 1412724230.41
16.6891837673 1412724230.87
18.5262372375 1412724231.3
17.6429008036 1412724231.71
18.3971823495 1412724232.08
20.0290895953 1412724232.54
19.1120908352 1412724232.96
22.8586982761 1412724233.35
26.4040163744 1412724233.79
24.8848959275 1412724234.24
26.7684683385 1412724234.69
26.9881902521 1412724235.19
32.0060105772 1412724235.8
33.3692958338 1412724236.39
29.3890337382 1412724236.97
35.6865392053 1412724237.64
38.9328652626 1412724238.43
36.6418028342 1412724239.0
38.8817809571 1412724239.73
39.4864101404 1412724240.37
40.2592624155 1412724240.97
37.0921849983 1412724241.52
42.6076403452 1412724242.06
44.6081843617 1412724242.73
45.9693207293 1412724243.35
39.8427478184 1412724244.0
39.6336062679 1412724244.58
40.558059193 1412724245.22
41.5643401383 1412724245.82
42.0717918652 1412724246.43
42.3563968075 1412724247.02
42.5953470918 1412724247.61
42.7913323091 1412724248.2
42.7347417084 1412724248.81
43.528473845 1412724249.42
43.7817293106 1412724250.14
43.9863187274 1412724250.74
108.659577225 1412724251.31
109.343766755 1412724251.89
110.044147252 1412724252.43
109.461595187 1412724253.04
110.119648352 1412724253.6
110.555017531 1412724254.16
110.734975963 1412724254.69
111.601639584 1412724255.25
111.117629055 1412724255.82
111.470675568 1412724256.36
111.643896402 1412724256.95
111.668194286 1412724257.5
112.394193239 1412724258.09
112.198635197 1412724258.75
107.213011639 1412724259.45
107.994229601 1412724260.13
108.760901547 1412724260.79
108.494044373 1412724261.48
107.5581209 1412724262.18
107.79675019 1412724262.87
107.950229927 1412724263.52
108.033397361 1412724264.2
107.28364119 1412724264.87
107.56849732 1412724265.55
107.406271231 1412724266.23
107.68663979 1412724266.93
107.425197498 1412724267.56
108.109199757 1412724268.17
108.586867512 1412724268.86
107.946827196 1412724269.58
108.538103021 1412724270.27
108.797565651 1412724270.95
108.343125804 1412724271.65
108.480668345 1412724272.4
108.623423265 1412724273.19
108.783950973 1412724273.97
108.949444145 1412724274.73
109.024345467 1412724275.45
109.189767748 1412724276.21
109.317513963 1412724276.97
109.425220669 1412724277.79
109.541888592 1412724278.63
106.382856767 1412724279.43
106.60177603 1412724280.19
106.906524929 1412724280.98
107.178596373 1412724281.77
108.448389925 1412724282.49
110.548176497 1412724283.25
109.696782712 1412724283.95
109.850248549 1412724284.69
110.111425397 1412724285.49
110.342974624 1412724286.24
110.171084337 1412724287.01
110.004609336 1412724287.73
109.972536152 1412724288.44
110.306002453 1412724289.17
110.356134599 1412724289.88
110.160040732 1412724290.6
110.155231388 1412724291.39
110.139262348 1412724292.13
110.214493925 1412724292.83
110.518661148 1412724293.51
109.873374702 1412724294.26
109.257488038 1412724294.97
108.656577825 1412724295.72
108.285169449 1412724296.45
108.270159667 1412724297.15
108.027585015 1412724297.83
108.372960686 1412724298.51
109.561967013 1412724299.21
108.072890724 1412724300.0
109.004947304 1412724300.71
109.338380063 1412724301.38
109.465295161 1412724302.04
107.156400753 1412724302.72
106.412171272 1412724303.38
106.4679182 1412724304.11
105.761691578 1412724304.88
102.266959464 1412724305.82
105.927034767 1412724306.6
103.98982254 1412724307.35
107.405617462 1412724308.06
106.668721003 1412724308.81
107.330773574 1412724309.51
105.123105215 1412724310.26
106.326509633 1412724310.96
105.063362893 1412724311.72
105.696982538 1412724312.42
105.367896844 1412724313.13
105.684044612 1412724313.77
105.510738885 1412724314.51
104.482429854 1412724315.18
105.188625589 1412724315.93
105.477220025 1412724316.63
104.989574164 1412724317.37
106.863634289 1412724318.09
104.272373605 1412724318.78
105.286696467 1412724319.53
104.636610904 1412724320.34
105.731380467 1412724321.14
106.327121849 1412724321.95
104.377766249 1412724322.75
107.166402955 1412724323.56
107.613946586 1412724324.29
107.738394635 1412724325.05
108.020534901 1412724325.78
108.130045448 1412724326.53
108.368029188 1412724327.24
108.462357832 1412724327.95
108.458180096 1412724328.68
108.294863304 1412724329.48
108.575484923 1412724330.19
108.379869733 1412724330.91
