0.917264004307 1412722681.74
0.802838526407 1412722681.91
0.693270244449 1412722682.03
0.474339166442 1412722682.17
0.230821649601 1412722682.3
0.417699847765 1412722682.43
0.53074463646 1412722682.55
0.824137015587 1412722682.67
0.994286529398 1412722682.79
1.17730018852 1412722682.92
1.2697129731 1412722683.04
1.33426717731 1412722683.17
1.48049832392 1412722683.28
1.59364793559 1412722683.41
1.6633021614 1412722683.54
1.66074037712 1412722683.67
1.88363567696 1412722683.79
1.81243851414 1412722683.91
2.05161336396 1412722684.08
2.13932221336 1412722684.2
2.24769323672 1412722684.32
2.27788394812 1412722684.45
2.38482378359 1412722684.56
2.49027793029 1412722684.68
2.51900702838 1412722684.81
2.60049025494 1412722684.94
2.57119438433 1412722685.07
2.65460584783 1412722685.18
2.69448137899 1412722685.28
2.75874630941 1412722685.4
2.77815600685 1412722685.53
2.72364213004 1412722685.65
2.70341741336 1412722685.79
2.7584524898 1412722685.9
2.77170957232 1412722686.04
2.77567710953 1412722686.14
2.85954312453 1412722686.26
2.87604042962 1412722686.36
2.90338308387 1412722686.47
2.90905173843 1412722686.59
2.92256852683 1412722686.72
2.85575760111 1412722686.84
2.87200502371 1412722686.95
2.8930429114 1412722687.1
2.89170612448 1412722687.22
2.91872651754 1412722687.31
2.95292025493 1412722687.44
2.9858203706 1412722687.56
3.07419786491 1412722687.66
3.12049788581 1412722687.78
3.16770951054 1412722687.89
3.14660485411 1412722688.0
3.17702467697 1412722688.11
3.21537252851 1412722688.24
3.2576334683 1412722688.37
3.29764663209 1412722688.49
3.35032224244 1412722688.59
3.38780787072 1412722688.71
3.42232846794 1412722688.81
3.45500389326 1412722688.98
3.48556001099 1412722689.1
3.4995527932 1412722689.25
3.52327313223 1412722689.35
3.54442587178 1412722689.44
3.54998144568 1412722689.55
3.56755461787 1412722689.67
3.59089050998 1412722689.81
3.60525797574 1412722689.93
3.61773977928 1412722690.05
3.61945765359 1412722690.16
3.63056078938 1412722690.31
3.6402047873 1412722690.42
3.6482024731 1412722690.51
3.65446869998 1412722690.63
3.66054374242 1412722690.72
3.66459933037 1412722690.83
3.66786805651 1412722690.94
3.6704992905 1412722691.06
3.67262266298 1412722691.17
3.6743246393 1412722691.3
3.67437734347 1412722691.39
3.67532434929 1412722691.51
3.67601123736 1412722691.61
3.67636639448 1412722691.73
3.67663568513 1412722691.84
3.67665784864 1412722691.95
3.67653346139 1412722692.06
3.67632580456 1412722692.2
3.67598765839 1412722692.3
3.6755841795 1412722692.42
3.67511236823 1412722692.54
3.67458351323 1412722692.67
3.67401966586 1412722692.8
3.69256855854 1412722692.91
3.69196635124 1412722693.01
3.69125346615 1412722693.13
3.69055384727 1412722693.25
3.68981403688 1412722693.36
3.74503853515 1412722693.5
3.74484297838 1412722693.66
3.74462468631 1412722693.78
3.74436966802 1412722693.88
3.74411546871 1412722694.01
3.7438271066 1412722694.11
3.74357451426 1412722694.25
3.73873600702 1412722694.38
3.73841870545 1412722694.49
3.7380879657 1412722694.61
3.73732621204 1412722694.72
3.73655043773 1412722694.83
3.73577098581 1412722694.93
3.73491138547 1412722695.06
3.73410776689 1412722695.17
3.7332982698 1412722695.28
3.73243257116 1412722695.4
3.73157300697 1412722695.51
3.73072110198 1412722695.61
3.72987514331 1412722695.71
3.72904013068 1412722695.84
3.72780999047 1412722695.96
3.72663239158 1412722696.09
3.72548155943 1412722696.21
3.72428665479 1412722696.32
3.7230963077 1412722696.42
3.72186070208 1412722696.54
3.72067518865 1412722696.67
3.71943972079 1412722696.77
3.71819728648 1412722696.91
3.71699497604 1412722697.02
3.71573911741 1412722697.14
3.71448098334 1412722697.27
3.71322310084 1412722697.41
3.71193784142 1412722697.52
3.71061451503 1412722697.63
3.70924251272 1412722697.77
3.70782501059 1412722697.92
3.70401876476 1412722698.02
3.70236643792 1412722698.12
3.70068291499 1412722698.24
3.69893151811 1412722698.36
3.69717572129 1412722698.49
3.69529303138 1412722698.61
3.69345623296 1412722698.71
3.69145617182 1412722698.81
3.68947941349 1412722698.94
3.63205208491 1412722699.06
3.62977889491 1412722699.17
3.62754940216 1412722699.29
3.62536264783 1412722699.41
3.62319181639 1412722699.51
3.62095676818 1412722699.64
3.61885600994 1412722699.77
3.61672519603 1412722699.92
3.61459580703 1412722700.03
3.61253174428 1412722700.14
3.61050373688 1412722700.25
3.60839405043 1412722700.35
3.60636036193 1412722700.48
3.60432466842 1412722700.59
3.60228461834 1412722700.7
3.60032617141 1412722700.8
3.5983763808 1412722700.92
3.59638444147 1412722701.03
3.5943957597 1412722701.13
3.59246639072 1412722701.25
3.59055385225 1412722701.36
3.58867875711 1412722701.47
3.58679014846 1412722701.61
3.58507545723 1412722701.71
3.58330979438 1412722701.82
3.58157676525 1412722701.93
3.57989513993 1412722702.06
3.57818605708 1412722702.19
3.57652713909 1412722702.31
3.57479779828 1412722702.43
3.56824211122 1412722702.55
3.56679970048 1412722702.64
3.56530407631 1412722702.76
3.56370923697 1412722702.88
3.56207647348 1412722702.99
3.56046755489 1412722703.1
3.55873333847 1412722703.21
3.55699929833 1412722703.31
3.55555059652 1412722703.41
3.55411502447 1412722703.53
3.54205351857 1412722703.65
3.54012447535 1412722703.84
3.53814277341 1412722703.95
3.53605366968 1412722704.08
3.58847007243 1412722704.19
3.58414549375 1412722704.3
3.58107252486 1412722704.42
3.57796015163 1412722704.53
3.57481302954 1412722704.69
3.57169126388 1412722704.8
3.56846582014 1412722704.91
3.56528290918 1412722705.01
3.56200129524 1412722705.13
3.55872842126 1412722705.25
3.55542006315 1412722705.4
