15.8394960193 1412739354.94
15.3263439501 1412739355.97
15.6256607402 1412739357.03
14.2773342444 1412739358.05
14.3221655057 1412739359.1
14.5369245724 1412739360.14
14.2756879224 1412739361.25
14.0633225754 1412739362.35
14.3496524698 1412739363.48
14.3177788869 1412739364.66
14.2338210528 1412739365.77
14.0430780833 1412739366.79
14.0152193783 1412739367.95
13.990555293 1412739369.1
14.0289233122 1412739370.35
14.1332561643 1412739371.51
14.1497354435 1412739372.61
14.4255314335 1412739373.67
14.4518083291 1412739374.73
14.5292756151 1412739375.84
14.9718833226 1412739376.98
15.0405904455 1412739378.23
15.2463312452 1412739379.56
15.5282975087 1412739380.89
15.2829631604 1412739382.17
15.2338669899 1412739383.48
15.1255829036 1412739384.81
15.1185431948 1412739386.2
15.0379790603 1412739387.57
14.9558379064 1412739389.04
14.9214063279 1412739390.26
14.9538433805 1412739391.41
14.7306914273 1412739392.54
14.6421532048 1412739393.64
14.54668305 1412739394.75
14.5073195584 1412739395.84
14.3230836705 1412739396.97
14.3693662554 1412739398.03
14.3306279922 1412739399.12
14.251526973 1412739400.21
14.2774452145 1412739401.32
14.163502456 1412739402.58
14.109544633 1412739403.81
14.0424390578 1412739404.98
13.8905892764 1412739406.24
13.8238916427 1412739407.49
13.7658344279 1412739408.73
13.7312400067 1412739409.94
13.7280768418 1412739411.17
13.5944388734 1412739412.37
13.6849229665 1412739413.56
13.7713083663 1412739414.78
13.8379453507 1412739415.96
13.9143100254 1412739417.14
13.8473081822 1412739418.32
13.8064332376 1412739419.51
13.8322913065 1412739420.7
13.8696061669 1412739421.97
13.8991220433 1412739423.2
13.8292407241 1412739424.39
13.8492707235 1412739425.54
13.7948109225 1412739426.74
13.8072227167 1412739427.97
13.7525571918 1412739429.16
13.7603868109 1412739430.35
13.795967686 1412739431.55
13.7683754936 1412739432.75
13.7734651966 1412739433.95
13.7366669668 1412739435.14
13.688970957 1412739436.37
13.6553512897 1412739437.64
13.6668503128 1412739438.81
13.6379949001 1412739440.06
13.6635351002 1412739441.2
13.6265888465 1412739442.45
13.6286037836 1412739443.63
13.5853543409 1412739444.82
13.5793116443 1412739445.97
13.5366880421 1412739447.17
13.5624451724 1412739448.38
13.4982088222 1412739449.61
13.3812081027 1412739450.84
13.3566167817 1412739452.03
13.29839899 1412739453.22
13.2536665754 1412739454.44
13.2325756302 1412739455.67
13.2090648003 1412739456.9
13.2060514814 1412739458.13
13.1922653802 1412739459.35
13.1897749689 1412739460.58
13.1337034969 1412739461.82
13.1240080123 1412739463.01
13.1102071031 1412739464.31
13.1211815865 1412739465.51
13.0564908869 1412739466.7
13.1128275335 1412739467.89
13.0851828341 1412739469.12
13.0931857211 1412739470.34
13.0209030651 1412739471.55
13.0298254786 1412739472.75
13.0249088959 1412739473.98
13.0232223544 1412739475.25
12.94824566 1412739476.44
12.8939323042 1412739477.67
12.9061717009 1412739478.98
12.9412561416 1412739480.19
12.9358706887 1412739481.33
12.9516016615 1412739482.52
12.9255586741 1412739483.73
12.9383832121 1412739484.91
12.9340293572 1412739486.13
12.9720354945 1412739487.31
13.0213322827 1412739488.55
12.9411386498 1412739489.82
12.9901500993 1412739491.04
13.0118009058 1412739492.24
13.0083439486 1412739493.46
13.0055659784 1412739495.08
13.0084692648 1412739496.31
12.9992690718 1412739497.52
12.9881218791 1412739498.75
12.9998923413 1412739499.96
12.9981100206 1412739501.15
12.993922265 1412739502.39
12.98980528 1412739503.59
12.9850232346 1412739504.81
12.914572125 1412739505.99
12.907458556 1412739507.19
12.9011400179 1412739508.4
12.8827666414 1412739509.6
12.8917347513 1412739510.77
12.8855733009 1412739511.95
12.8951259664 1412739513.14
12.828713619 1412739514.46
12.8244254549 1412739515.78
12.8198675932 1412739517.05
12.8148439106 1412739518.29
12.811203366 1412739519.51
12.7968830612 1412739520.68
12.7608555158 1412739521.97
12.7981030688 1412739523.26
12.8065562844 1412739524.45
12.8016827727 1412739525.65
12.7699679709 1412739526.8
12.7825421324 1412739527.96
12.7766734345 1412739529.2
12.7643578244 1412739530.43
12.7587463652 1412739531.7
12.7554893062 1412739533.01
12.7625429336 1412739534.22
12.7590536109 1412739535.5
12.7412129489 1412739536.66
12.712855532 1412739537.84
12.7114534965 1412739539.09
12.7104079898 1412739540.31
12.7162301922 1412739541.54
12.7154583482 1412739542.77
12.7145624936 1412739543.97
12.7046065325 1412739545.12
12.7030977949 1412739546.31
12.7012030152 1412739547.5
12.6997353237 1412739548.67
12.6983819144 1412739549.85
12.6968245834 1412739551.01
12.6955420332 1412739552.19
12.6937959567 1412739553.35
12.6929000884 1412739554.53
12.6683034463 1412739555.75
12.66771476 1412739556.95
12.6666593949 1412739558.11
12.6777717487 1412739559.3
12.6752230978 1412739560.48
12.6738230986 1412739561.65
12.645038331 1412739562.79
12.6453289191 1412739563.93
12.6456596119 1412739565.1
12.6460182209 1412739566.25
12.6463956701 1412739567.43
12.646792606 1412739568.6
12.6169995547 1412739569.78
12.6108125295 1412739570.97
12.6117478139 1412739572.16
12.6238222873 1412739573.34
12.6094223626 1412739574.61
12.6055652968 1412739575.74
92.3361051877 1412739576.9
12.4836615897 1412739578.04
12.4943944059 1412739579.24
92.4081945257 1412739580.47
92.4792006718 1412739581.66
12.2882303782 1412739582.88
12.2611200841 1412739584.09
12.2414429252 1412739585.34
12.2445028141 1412739586.51
12.2242394245 1412739587.73
12.2057095111 1412739589.01
12.2015918576 1412739590.18
12.1979685857 1412739591.34
12.1916557296 1412739592.62
12.1880190074 1412739593.83
