15.9186343368 1412757640.94
15.519227612 1412757642.39
15.3897896133 1412757643.84
15.326315375 1412757645.23
15.3036967802 1412757646.66
15.377237801 1412757648.06
15.1899577456 1412757649.46
15.0056856965 1412757650.88
14.7979258936 1412757652.35
14.6242694957 1412757653.75
14.184703337 1412757655.17
13.6671350039 1412757656.64
13.4384567314 1412757658.05
13.1779160008 1412757659.49
12.8445638348 1412757660.9
12.6488931427 1412757662.27
12.50305805 1412757663.67
12.3993061487 1412757665.08
12.360538059 1412757666.5
12.1008859282 1412757667.89
12.1516953688 1412757669.33
12.076899713 1412757670.67
11.9577830412 1412757672.05
11.836947658 1412757673.43
11.7084913554 1412757674.84
11.6028940231 1412757676.28
11.5744276276 1412757677.68
11.5060810256 1412757679.1
11.4762986759 1412757680.56
11.319344975 1412757681.99
11.3461648051 1412757683.43
11.3213848806 1412757684.88
11.4097351677 1412757686.29
11.426629312 1412757687.7
11.4098723511 1412757689.11
11.2508880452 1412757690.55
11.1437826628 1412757692.01
11.1317853386 1412757693.45
11.0325892108 1412757694.89
11.0218896848 1412757696.31
10.9418738679 1412757697.79
10.975325707 1412757699.24
10.906185297 1412757700.74
10.8465321523 1412757702.14
10.8555453276 1412757703.61
10.891119599 1412757705.07
10.9440372156 1412757706.5
10.8819010792 1412757707.97
10.9193501153 1412757709.41
10.9118405288 1412757710.83
10.9243634282 1412757712.29
10.8308984742 1412757713.72
10.7879587989 1412757715.19
10.7942061074 1412757716.67
10.7541011773 1412757718.1
10.7481843529 1412757719.58
10.6680405666 1412757721.05
10.5862466341 1412757722.52
10.5595707221 1412757724.0
10.5806785087 1412757725.45
10.5720976133 1412757726.94
10.522392475 1412757728.44
10.532776195 1412757729.92
10.4720821664 1412757731.38
10.4519568175 1412757732.88
10.4689925104 1412757734.3
10.4310967104 1412757735.76
10.3995458212 1412757737.26
10.380359174 1412757738.73
10.4352613337 1412757740.18
10.4552603833 1412757741.7
10.4985128924 1412757743.19
10.4975080146 1412757744.7
10.4763993923 1412757746.2
10.4243019644 1412757747.68
10.4467656058 1412757749.15
10.3956922304 1412757750.58
10.3719577337 1412757752.08
10.3739655246 1412757753.56
10.3636695094 1412757755.08
10.3724420715 1412757756.57
10.3298252697 1412757758.07
10.2428537977 1412757759.58
10.2592526365 1412757761.06
10.240284093 1412757762.56
10.2391117293 1412757764.04
10.1885183163 1412757765.59
10.1816723458 1412757767.14
10.271240941 1412757768.62
10.2584755054 1412757770.07
10.2860563033 1412757771.6
10.3217752582 1412757773.15
10.3606905334 1412757774.68
10.3276556228 1412757776.22
10.3344250601 1412757777.69
10.330215227 1412757779.23
10.3347367224 1412757780.71
10.3464434113 1412757782.19
10.3318303793 1412757783.8
10.3337786509 1412757785.43
10.3588712607 1412757786.95
10.3246637548 1412757788.45
10.383898818 1412757790.02
10.3537827494 1412757791.56
10.355892063 1412757793.1
10.3976806986 1412757794.62
10.4133449505 1412757796.12
10.4085082273 1412757797.64
10.4219240877 1412757799.14
10.4175673775 1412757800.62
10.4084589109 1412757802.14
10.3922310846 1412757803.65
10.401004308 1412757805.16
10.4320486424 1412757806.71
10.3918242907 1412757808.27
10.4121797783 1412757809.8
10.3836784685 1412757811.3
10.439520422 1412757812.84
10.4587155881 1412757814.36
10.4562556012 1412757815.89
10.4545573623 1412757817.41
10.4552270131 1412757818.94
10.4057842484 1412757820.46
10.4490189559 1412757821.97
10.4304457121 1412757823.49
10.4241551471 1412757825.01
10.387119685 1412757826.52
10.3407948228 1412757828.07
10.3649202272 1412757829.58
10.3989714397 1412757831.06
10.4169019223 1412757832.55
10.4868874092 1412757834.05
10.4106047197 1412757835.61
10.458345161 1412757837.12
10.4931203523 1412757838.66
10.4800277947 1412757840.2
10.5086011999 1412757841.77
10.5222551327 1412757843.29
10.521853077 1412757844.8
10.6503315242 1412757846.33
10.5279912891 1412757847.86
10.5622802291 1412757849.44
10.5564440205 1412757850.96
10.556527411 1412757852.48
10.6376111159 1412757853.95
10.6449532393 1412757855.47
10.648434656 1412757856.98
10.6595530596 1412757858.51
10.59536789 1412757860.02
10.6215945975 1412757861.57
10.6465188345 1412757863.12
10.6374336044 1412757864.67
10.6319821311 1412757866.25
10.5981055546 1412757867.79
10.5125113756 1412757869.27
10.5285937857 1412757870.81
10.5800327092 1412757872.34
10.5598624431 1412757873.88
10.5626365551 1412757875.4
10.5260536536 1412757876.9
10.5233841108 1412757878.43
10.4991276656 1412757879.98
10.5466515376 1412757881.53
10.6023878794 1412757883.13
10.6109717572 1412757884.68
10.615438256 1412757886.27
10.6163177242 1412757887.79
10.6101073917 1412757889.35
10.6386030053 1412757890.93
10.71614087 1412757892.51
10.7181023944 1412757894.07
10.7998063664 1412757895.62
10.783304543 1412757897.2
10.815465493 1412757898.74
10.8239480939 1412757900.3
10.8033579832 1412757901.89
10.8301893106 1412757903.47
10.9039892726 1412757905.02
10.8755651274 1412757906.6
10.8334544948 1412757908.17
10.9196989614 1412757909.77
10.8993622261 1412757911.34
10.9235985511 1412757912.96
10.9621954163 1412757914.55
11.0417266899 1412757916.11
11.0106400667 1412757917.68
11.0248752748 1412757919.29
11.0186870672 1412757920.9
11.0152276599 1412757922.5
10.9450767936 1412757924.05
10.934202357 1412757925.65
11.0293868987 1412757927.23
11.0264505961 1412757928.85
11.0443011406 1412757930.43
11.0810242994 1412757932.05
11.1572241667 1412757933.69
11.1044223814 1412757935.39
11.11077131 1412757937.04
11.055854761 1412757938.65
11.0973151867 1412757940.23
