15.2068141484 1412724331.22
14.6825161215 1412724331.58
13.8412310468 1412724331.86
12.9897322729 1412724332.14
13.0702094649 1412724332.43
12.2892191631 1412724332.72
11.5064690398 1412724333.02
11.4725179082 1412724333.3
11.4539371032 1412724333.61
11.1696125851 1412724333.91
11.0170634265 1412724334.19
10.823817679 1412724334.47
10.5074954644 1412724334.75
10.2463972561 1412724335.03
9.7670983126 1412724335.34
9.74929856424 1412724335.65
9.44201619285 1412724335.96
9.32559583611 1412724336.26
9.23640046077 1412724336.64
9.1100493876 1412724336.95
8.90200966182 1412724337.26
8.99845124589 1412724337.58
8.51548952602 1412724337.9
8.3704365669 1412724338.23
8.25495807848 1412724338.59
8.10046213271 1412724338.97
7.92400353473 1412724339.31
7.90345314554 1412724339.68
7.81886059239 1412724340.01
7.73166773029 1412724340.33
7.58154769137 1412724340.66
7.56575387665 1412724341.01
7.58246242788 1412724341.35
7.53049499369 1412724341.68
7.4491542404 1412724341.99
7.45195415294 1412724342.33
7.33668004837 1412724342.64
7.19697596433 1412724343.01
7.16660022673 1412724343.34
7.11856775482 1412724343.7
7.03815381641 1412724344.12
6.9932587119 1412724344.47
6.98117158815 1412724344.77
6.76693649664 1412724345.11
6.65886572567 1412724345.55
6.64771700227 1412724345.9
6.64092098238 1412724346.22
6.69927260373 1412724346.73
6.60075417639 1412724347.09
6.60477467091 1412724347.44
6.62688701962 1412724347.81
6.61350313679 1412724348.13
6.6258718553 1412724348.49
6.51352368119 1412724349.03
6.43911300885 1412724349.4
6.48702905839 1412724349.93
6.46416815892 1412724350.31
6.5124285635 1412724350.62
6.49264691908 1412724350.95
6.51802739736 1412724351.25
6.51142039853 1412724351.53
6.54083221748 1412724351.84
6.49766253323 1412724352.15
6.51174478521 1412724352.47
6.49993271907 1412724352.83
6.48807888431 1412724353.14
6.47619873339 1412724353.45
6.46419547148 1412724353.72
6.44506682749 1412724354.02
6.4449106225 1412724354.31
6.46740549538 1412724354.58
6.4589411244 1412724354.88
6.45039870015 1412724355.21
6.43951507021 1412724355.53
6.43099159785 1412724355.83
6.30470798247 1412724356.1
6.31349770148 1412724356.4
6.30993390998 1412724356.68
6.30642484517 1412724357.0
6.30297044726 1412724357.28
6.25287226761 1412724357.57
6.29176604162 1412724357.87
6.28346985267 1412724358.15
6.33006751998 1412724358.45
6.3473182885 1412724358.74
6.34322602476 1412724359.02
6.33667436526 1412724359.29
6.33024670036 1412724359.58
6.32621141749 1412724359.87
6.31991878298 1412724360.16
6.31764950156 1412724360.46
6.31544170767 1412724360.74
6.31327775683 1412724361.02
6.32663741716 1412724361.29
6.2929895752 1412724361.58
6.29179503507 1412724361.9
6.23507680594 1412724362.23
6.23111452354 1412724362.52
6.22707632356 1412724362.83
6.26470164401 1412724363.17
6.25976221247 1412724363.49
6.25644049435 1412724363.79
6.24119691422 1412724364.09
6.24819057757 1412724364.38
6.23298413282 1412724364.65
6.2848832975 1412724364.96
6.34060200952 1412724365.3
6.27489016078 1412724365.6
6.33346996285 1412724365.95
6.33061571362 1412724366.22
6.32771993656 1412724366.53
6.32620836587 1412724366.8
6.32466225607 1412724367.11
6.32013285433 1412724367.41
6.31564251159 1412724367.73
6.3142065387 1412724368.03
6.31003117408 1412724368.34
6.30861306485 1412724368.63
6.30461142376 1412724368.94
6.30322919049 1412724369.25
6.32822473646 1412724369.53
6.32567439288 1412724369.95
6.32313563276 1412724370.28
6.32045122982 1412724370.59
6.3177959275 1412724370.91
6.35294905593 1412724371.23
6.35100056081 1412724371.57
6.3490934968 1412724371.87
6.34717393407 1412724372.17
6.34528015354 1412724372.52
6.37186800386 1412724372.82
6.36931708955 1412724373.1
6.36680768716 1412724373.42
6.36456989766 1412724373.71
6.36210330991 1412724373.99
6.31480107915 1412724374.28
6.32732798411 1412724374.55
6.32533143692 1412724374.87
6.32289258823 1412724375.18
6.33555841666 1412724375.51
6.27284680065 1412724375.8
6.3254345577 1412724376.07
6.34452829474 1412724376.35
6.33994716373 1412724376.64
6.33535928717 1412724376.91
6.33075099555 1412724377.19
6.32611805948 1412724377.47
6.3053074121 1412724377.76
6.30376097546 1412724378.05
6.29527815096 1412724378.32
6.30251520192 1412724378.61
6.32387575432 1412724378.93
6.29692656307 1412724379.21
6.29542265786 1412724379.54
6.29394628188 1412724379.88
6.29281498906 1412724380.2
6.29136228899 1412724380.51
6.31288160119 1412724380.79
6.28609410944 1412724381.08
6.28470609168 1412724381.38
6.28577632923 1412724381.66
6.28441064398 1412724381.97
6.28307265141 1412724382.28
6.30472193022 1412724382.57
6.27800660659 1412724382.87
6.2770032878 1412724383.15
6.27570532218 1412724383.49
6.2611024245 1412724383.79
6.27158217739 1412724384.09
6.28011359796 1412724384.39
6.2664837036 1412724384.7
6.25201297572 1412724384.99
6.26248536534 1412724385.27
6.24809014516 1412724385.58
6.24530041442 1412724385.88
6.27874415556 1412724386.16
6.25204063798 1412724386.5
6.24796855888 1412724386.9
6.28080821089 1412724387.21
6.24301579429 1412724387.53
6.27581552203 1412724387.82
6.27487915294 1412724388.13
6.27403153179 1412724388.42
6.26349493147 1412724388.72
6.26229569944 1412724389.2
6.26110768121 1412724389.53
6.25995455477 1412724389.81
6.25878361829 1412724390.09
6.2575789193 1412724390.43
6.2564891982 1412724390.76
6.27813419692 1412724391.07
6.2696432529 1412724391.4
6.27914308699 1412724391.75
6.27775502248 1412724392.09
6.27640983224 1412724392.41
6.24620687978 1412724392.7
6.24570046495 1412724393.01
6.24770651396 1412724393.32
6.26533520938 1412724393.63
6.23826850007 1412724393.95
