9.77751314003 1412726071.49
8.95845800839 1412726071.78
8.19725521444 1412726072.09
7.6842927177 1412726072.38
7.1247695618 1412726072.68
6.81083214231 1412726072.97
6.66242590518 1412726073.27
6.56145515657 1412726073.59
6.42689056206 1412726073.9
6.30964741385 1412726074.21
6.29676396697 1412726074.5
6.03593691999 1412726074.79
5.96259275107 1412726075.08
5.88148057003 1412726075.38
5.77513919315 1412726075.68
5.84136470272 1412726075.95
5.96822860257 1412726076.26
6.23452269845 1412726076.55
6.22916341388 1412726076.85
6.3610713619 1412726077.14
6.50662367628 1412726077.43
6.57220024709 1412726077.75
6.57258474892 1412726078.04
6.71163324678 1412726078.34
6.71496496725 1412726078.65
6.77743632407 1412726078.95
6.80840971441 1412726079.26
6.67758254655 1412726079.54
6.59137674753 1412726079.86
6.64391799453 1412726080.16
6.82864747683 1412726080.49
6.79065239354 1412726080.82
6.8419622125 1412726081.12
6.89786707362 1412726081.45
6.95027771885 1412726081.79
6.96546474746 1412726082.09
6.97434443391 1412726082.39
6.97830122516 1412726082.71
6.97979446159 1412726083.01
7.01535677688 1412726083.32
7.07871335323 1412726083.62
6.84801035474 1412726083.92
6.83566185456 1412726084.23
6.81890704491 1412726084.54
6.78918784024 1412726084.87
6.80499102456 1412726085.16
6.74686165046 1412726085.45
6.72459199623 1412726085.76
6.72504514825 1412726086.08
6.7063458006 1412726086.48
6.67057474735 1412726086.84
6.62546752062 1412726087.15
6.6241114925 1412726087.43
6.57228646617 1412726087.7
6.62161584504 1412726087.99
6.4454885913 1412726088.25
6.4016733221 1412726088.52
6.39701418738 1412726088.8
6.51581059449 1412726089.09
6.45432343549 1412726089.37
6.45581847319 1412726089.66
6.45777095411 1412726089.94
6.41905556456 1412726090.22
6.39462240257 1412726090.51
6.36719351216 1412726090.77
6.20758923587 1412726091.1
6.23421554129 1412726091.39
6.22743488131 1412726091.67
6.25588733036 1412726091.95
6.0337831405 1412726092.26
6.02619680733 1412726092.55
5.99613902353 1412726092.83
6.02232066945 1412726093.14
6.03784845066 1412726093.46
6.07979732825 1412726093.76
5.99141121624 1412726094.06
6.04277461119 1412726094.36
6.05757283522 1412726094.65
6.08228389544 1412726094.93
6.09105142921 1412726095.22
5.89101819892 1412726095.66
5.89774516994 1412726096.25
5.9026894241 1412726096.79
5.79211178037 1412726097.23
5.81003842587 1412726097.67
5.83941891587 1412726097.96
5.84864326718 1412726098.26
5.86582700067 1412726098.57
5.83666952644 1412726099.11
5.62209023602 1412726099.55
5.39977586133 1412726100.0
5.3179844709 1412726100.56
5.29925012894 1412726100.88
5.30217873608 1412726101.27
5.30403893159 1412726101.84
5.22385510808 1412726102.38
5.43244025556 1412726102.86
5.44319776804 1412726103.41
5.21030935905 1412726103.83
5.53048699631 1412726104.25
5.54195976976 1412726104.68
5.58477736757 1412726105.07
5.35184165287 1412726105.47
5.382121454 1412726105.9
5.48307071213 1412726106.46
5.12084049736 1412726106.89
4.91321764663 1412726107.36
4.90007884847 1412726107.83
4.87221052861 1412726108.17
4.88225794105 1412726108.47
4.87616487985 1412726108.84
4.65136565633 1412726109.17
4.64143537046 1412726109.52
4.54072453747 1412726109.97
4.54082808645 1412726110.4
4.49413265372 1412726110.83
4.48620960664 1412726111.3
4.34451859414 1412726111.73
4.16019930247 1412726112.13
4.15471003744 1412726112.44
4.23777731616 1412726112.75
3.93110748233 1412726113.09
3.93721070704 1412726113.49
3.93172331732 1412726113.82
3.91224176493 1412726114.17
3.9110537621 1412726114.52
3.92665645714 1412726114.87
4.00423334589 1412726115.22
3.9925101779 1412726115.54
3.9925517765 1412726115.85
3.99045023103 1412726116.15
3.36187088355 1412726116.48
3.35565452502 1412726116.78
3.34968730909 1412726117.07
3.0878897147 1412726117.4
3.07637573372 1412726117.79
3.05694049434 1412726118.2
3.05996224735 1412726118.49
3.06288212109 1412726118.81
3.07497130374 1412726119.11
3.07524662422 1412726119.43
2.83352563368 1412726119.77
2.82197329633 1412726120.07
2.82338580074 1412726120.4
2.82184884392 1412726120.69
2.81134412001 1412726120.99
2.81001080953 1412726121.34
2.80878552515 1412726121.68
2.81450351172 1412726122.02
2.81346589626 1412726122.33
2.82687668687 1412726122.63
2.82760308633 1412726123.11
2.82662458755 1412726123.54
2.79251820863 1412726123.95
2.80759113552 1412726124.37
2.82525062409 1412726124.84
2.82490076018 1412726125.32
2.5185187778 1412726125.76
2.51598149479 1412726126.21
2.51353773603 1412726126.64
2.36415859711 1412726126.99
2.36306577538 1412726127.39
2.35365111844 1412726127.74
2.35257961609 1412726128.04
2.35157609886 1412726128.35
2.35056914763 1412726128.69
2.34969573841 1412726129.08
2.01597606388 1412726129.42
2.0163745342 1412726129.83
2.04113557817 1412726130.16
2.03682160588 1412726130.5
2.06194706607 1412726130.82
2.05753926846 1412726131.14
2.05319098762 1412726131.49
2.04881270764 1412726131.8
2.04443009301 1412726132.12
2.04003759585 1412726132.41
1.94745666126 1412726132.71
1.94800794264 1412726133.01
1.94845278453 1412726133.29
1.94890775972 1412726133.58
1.94934551882 1412726133.91
1.94974932361 1412726134.22
1.94396975503 1412726134.54
1.93492767725 1412726134.83
1.93596678463 1412726135.11
1.93706843457 1412726135.4
1.93815110209 1412726135.76
1.93920403995 1412726136.11
1.93764220683 1412726136.42
1.93872180945 1412726136.81
1.93979041089 1412726137.17
1.94088398917 1412726137.53
1.83284117227 1412726137.89
1.8331379161 1412726138.25
1.83344031613 1412726138.62
1.83756066247 1412726138.95
1.83769781682 1412726139.37
1.83781193661 1412726139.74
1.83789535076 1412726140.06
