7.92636624608 1412726919.89
7.95410658586 1412726920.54
8.09184726865 1412726921.19
7.98638324785 1412726921.95
7.97363725869 1412726922.52
7.90779263443 1412726923.13
7.86809492531 1412726923.7
7.91160666509 1412726924.31
7.93265851885 1412726924.96
8.07814958509 1412726925.54
8.03305372241 1412726926.22
8.09255721511 1412726926.85
8.22726473578 1412726927.48
8.23355120889 1412726928.29
8.27590908693 1412726929.07
8.46755728464 1412726929.62
8.46657872339 1412726930.16
8.49276059975 1412726930.71
8.48878079906 1412726931.29
8.52389522292 1412726931.85
8.47136424514 1412726932.54
8.46325122585 1412726933.25
8.50589047484 1412726933.91
8.39512026574 1412726934.62
8.42897614796 1412726935.22
8.28451378009 1412726935.79
8.28281754062 1412726936.35
8.27869494268 1412726936.88
8.16040750758 1412726937.45
8.12008958632 1412726938.0
8.17773327484 1412726938.56
8.14592218517 1412726939.12
8.09275118498 1412726939.69
7.86396056876 1412726940.25
7.8585506217 1412726940.81
7.79975739328 1412726941.34
7.66923275556 1412726941.91
7.64378075705 1412726942.46
7.62027843692 1412726943.0
7.5525172554 1412726943.58
7.62029061168 1412726944.13
7.6315101887 1412726944.76
7.65579280673 1412726945.32
7.68647356448 1412726945.99
7.64983197216 1412726946.6
7.66085643039 1412726947.24
7.53374181088 1412726947.79
7.4400517454 1412726948.37
7.3856763254 1412726948.92
7.3426335155 1412726949.58
7.34400605778 1412726950.27
7.32813666655 1412726950.86
7.30013147656 1412726951.52
7.34746159916 1412726952.19
7.33083616753 1412726952.8
7.33252528427 1412726953.45
7.24095909532 1412726954.19
7.07093046293 1412726954.87
6.81209824353 1412726955.52
6.33243662006 1412726956.14
6.50372799916 1412726956.74
6.50403589983 1412726957.39
6.51430126739 1412726958.08
6.45229735648 1412726958.76
6.45266130887 1412726959.46
6.34138595164 1412726960.16
6.07428363134 1412726960.82
6.11816846939 1412726961.39
6.10590020593 1412726962.0
5.99669949463 1412726962.68
5.92392861861 1412726963.27
5.87246234217 1412726963.9
5.77334441447 1412726964.44
5.69027604544 1412726965.03
5.64824275911 1412726965.72
5.59886922251 1412726966.3
5.55833136421 1412726966.94
5.54910553943 1412726967.5
5.57034287511 1412726967.99
5.53994046807 1412726968.53
5.5501991737 1412726969.07
5.43012064827 1412726969.63
5.33459138765 1412726970.27
5.3335946161 1412726970.93
5.26638124956 1412726971.55
5.27564947885 1412726972.19
5.28899524811 1412726972.76
5.26948966247 1412726973.35
5.28424028847 1412726973.98
5.24524676966 1412726974.64
5.28058620568 1412726975.27
5.30119112017 1412726975.89
5.24238065606 1412726976.46
5.26082039734 1412726977.16
5.30088355522 1412726977.79
5.27196559532 1412726978.4
5.32315215524 1412726979.19
5.29335180919 1412726979.92
5.32900578429 1412726980.62
5.32920913779 1412726981.22
5.38764122213 1412726981.83
5.41744123664 1412726982.45
5.42917567327 1412726983.03
5.41139806188 1412726983.63
5.39833008773 1412726984.35
5.39551937534 1412726985.06
5.41447635182 1412726985.7
5.43136503485 1412726986.31
5.4164507923 1412726986.89
5.38327024258 1412726987.5
5.44674675012 1412726988.14
5.44161363399 1412726988.8
5.4761860948 1412726989.37
5.46790255857 1412726990.1
5.42434239189 1412726990.68
5.47446696415 1412726991.21
5.47490925133 1412726991.93
5.3786540076 1412726992.49
5.33830465651 1412726993.12
5.32015665148 1412726993.75
5.32171012412 1412726994.34
5.30594312763 1412726994.99
5.29993016061 1412726995.58
5.30009436744 1412726996.09
5.28995140673 1412726996.79
5.28306737937 1412726997.41
5.22426869891 1412726998.0
5.25166310625 1412726998.58
5.25137052789 1412726999.17
5.25952947247 1412726999.72
5.25909518807 1412727000.28
5.28043061903 1412727000.82
5.26882426703 1412727001.37
5.26757045952 1412727001.93
5.26630723536 1412727002.6
5.24826954141 1412727003.29
5.24070932125 1412727003.89
5.23376397379 1412727004.48
5.23209498032 1412727005.13
5.25443592452 1412727005.74
5.21687389059 1412727006.34
5.23017312475 1412727006.94
5.20462880102 1412727007.53
5.19748019616 1412727008.1
5.16698540496 1412727008.7
5.16357438554 1412727009.24
5.17165775653 1412727009.79
5.19840403958 1412727010.37
5.19578282301 1412727010.94
5.19319959018 1412727011.48
5.19059355259 1412727012.02
5.17484906578 1412727012.58
5.21165821448 1412727013.18
5.2370391094 1412727013.73
5.23779733623 1412727014.35
5.23904831589 1412727014.97
5.24206719016 1412727015.56
5.22161431945 1412727016.16
5.13438395296 1412727016.75
5.13207689681 1412727017.39
5.08575039716 1412727017.99
5.08378831339 1412727018.64
5.09623295932 1412727019.33
5.10214859366 1412727019.88
5.10687895661 1412727020.51
5.11698495085 1412727021.1
5.1220198188 1412727021.73
5.12145480267 1412727022.34
5.12657175797 1412727022.94
5.12123187495 1412727023.68
5.12649909816 1412727024.38
5.14224023972 1412727025.12
5.10176770806 1412727025.76
5.13742086116 1412727026.46
5.12839370167 1412727027.16
5.14113442178 1412727027.73
5.10027207269 1412727028.42
5.09740848731 1412727029.04
5.0956523442 1412727029.66
5.10416572335 1412727030.41
5.09005274774 1412727030.96
5.07688662 1412727031.67
5.08589370306 1412727032.38
5.09166524761 1412727033.1
5.06428520237 1412727033.73
5.07537811778 1412727034.31
5.07444267728 1412727034.98
5.09728888437 1412727035.65
5.08436213602 1412727036.27
5.08973499454 1412727036.92
5.07084620748 1412727037.56
5.09051907173 1412727038.11
5.12947706552 1412727038.7
5.11152841386 1412727039.28
5.10012896458 1412727039.9
5.0886545047 1412727040.61
5.11093845873 1412727041.24
5.06189036834 1412727042.07
5.07568117538 1412727042.72
5.06390454003 1412727043.39
