15.4113107598 1412727699.71
14.9829956589 1412727700.34
15.1136260178 1412727700.99
14.954651802 1412727701.66
15.0853853199 1412727702.29
15.1608869806 1412727702.92
15.0727074961 1412727703.55
14.9628690833 1412727704.18
15.2111941289 1412727704.81
14.8712268255 1412727705.44
14.8346731484 1412727706.07
15.304003378 1412727706.7
15.2224800356 1412727707.37
14.8537581171 1412727708.03
14.593445518 1412727708.65
14.7741309232 1412727709.27
14.3517141606 1412727709.91
14.2280125184 1412727710.55
13.9760025495 1412727711.2
13.8424661897 1412727711.85
14.4632789844 1412727712.53
14.4876919367 1412727713.19
14.446098234 1412727713.87
14.6812123382 1412727714.53
14.3310888076 1412727715.2
14.5516713963 1412727715.87
14.6575089186 1412727716.55
14.7896472205 1412727717.22
14.7808553883 1412727717.89
14.8392840794 1412727718.56
14.8986879458 1412727719.21
14.9272639617 1412727719.92
15.1286918026 1412727720.59
15.3961910742 1412727721.28
15.2724446488 1412727721.99
15.640453731 1412727722.66
15.3690655656 1412727723.37
15.4198590493 1412727724.08
15.5382408848 1412727724.76
15.2774780963 1412727725.44
15.1603556696 1412727726.13
15.4096745705 1412727726.82
15.0624010664 1412727727.54
15.1812264445 1412727728.22
15.2182116363 1412727728.92
15.2609103413 1412727729.64
15.7418265797 1412727730.33
15.4414409286 1412727731.01
15.4912728368 1412727731.69
15.3353635986 1412727732.4
15.1142398174 1412727733.12
15.0307852233 1412727733.81
14.9968544791 1412727734.49
14.9996720648 1412727735.15
15.0048703448 1412727735.78
14.8353761455 1412727736.41
14.8522468987 1412727737.15
14.8815038151 1412727737.83
15.0278995317 1412727738.51
14.8799196459 1412727739.2
14.5594249363 1412727739.9
14.7954437533 1412727740.59
14.2383959135 1412727741.29
14.1367407466 1412727741.96
14.1639098578 1412727742.63
14.3560940214 1412727743.34
14.672818695 1412727744.02
14.7249506159 1412727744.69
14.5697021454 1412727745.36
14.5427379294 1412727746.04
14.8068212878 1412727746.72
14.562050875 1412727747.38
14.5440593148 1412727748.04
14.6767079604 1412727748.71
14.743141573 1412727749.38
14.8180733634 1412727750.03
14.8728733436 1412727750.75
14.8591935519 1412727751.42
14.9484281386 1412727752.08
15.0345117756 1412727752.77
15.0032384936 1412727753.44
15.0350396549 1412727754.11
15.0156207826 1412727754.78
15.0506164323 1412727755.49
14.8631828127 1412727756.15
14.8660762363 1412727756.84
14.8999453508 1412727757.57
14.8843959527 1412727758.23
14.7701669285 1412727758.91
14.7853366542 1412727759.59
14.7544394953 1412727760.26
14.7992785255 1412727760.96
14.7947184248 1412727761.65
14.8193078759 1412727762.34
14.5579613965 1412727763.04
14.7298160061 1412727763.76
14.5590717697 1412727764.44
14.6981684994 1412727765.1
14.6514336327 1412727765.8
14.6888784748 1412727766.45
14.6822728026 1412727767.16
14.7312253477 1412727767.86
14.8402229743 1412727768.54
14.6848650828 1412727769.26
14.9328653721 1412727769.99
14.9312092267 1412727770.68
15.1402777179 1412727771.4
14.9469374882 1412727772.12
14.942267079 1412727772.83
15.0721027993 1412727773.54
15.3498988397 1412727774.24
15.7543199031 1412727774.96
15.7715356875 1412727775.67
15.765358686 1412727776.39
15.8382481528 1412727777.09
16.0111605947 1412727777.78
15.8876808692 1412727778.49
15.7267503712 1412727779.16
15.8697250035 1412727779.88
15.6007174259 1412727780.6
15.7161645844 1412727781.3
15.5991471593 1412727781.98
15.6543081409 1412727782.65
15.7081044015 1412727783.34
15.6978891683 1412727783.99
15.6930741042 1412727784.71
15.5450262775 1412727785.4
15.6769594148 1412727786.08
15.4488723417 1412727786.77
15.5171132951 1412727787.48
15.5197946873 1412727788.15
15.5743850665 1412727788.84
15.5483159952 1412727789.53
15.5384062274 1412727790.24
15.4589241095 1412727790.95
15.3776097253 1412727791.68
15.2476180109 1412727792.38
15.2891483364 1412727793.11
15.4532276663 1412727793.83
15.5270567279 1412727794.54
15.4088586665 1412727795.28
15.2497192213 1412727796.03
15.2174368792 1412727796.78
15.1640810391 1412727797.6
15.719005528 1412727798.42
14.9816411075 1412727799.23
14.9238213072 1412727799.99
14.9084971177 1412727800.74
14.8614432378 1412727801.48
14.8555553518 1412727802.2
15.0579409363 1412727802.92
15.0340700166 1412727803.64
15.1135935014 1412727804.43
14.9437059751 1412727805.15
15.0914838783 1412727805.89
15.0017517691 1412727806.74
14.9955975891 1412727807.54
14.9382110474 1412727808.37
14.8019229684 1412727809.2
14.9559737816 1412727810.01
14.9693483306 1412727810.86
15.021299839 1412727811.69
15.0510438719 1412727812.53
15.0314578133 1412727813.39
15.3159972938 1412727814.23
15.3282178512 1412727815.06
15.1867622621 1412727815.85
14.9949653855 1412727816.65
15.2336403572 1412727817.5
15.0729285129 1412727818.32
15.2239431015 1412727819.14
15.3066894016 1412727819.98
15.2922900355 1412727820.84
15.0754543498 1412727821.66
15.0968572959 1412727822.45
14.901461305 1412727823.28
14.8949382726 1412727824.19
14.9020615616 1412727824.99
14.9078460638 1412727825.84
15.0135216335 1412727826.68
15.0281711575 1412727827.54
14.8098818256 1412727828.38
14.934160572 1412727829.21
14.9151250644 1412727830.09
14.2618253989 1412727830.92
14.3322400428 1412727831.75
14.2049890657 1412727832.62
14.1855094811 1412727833.47
14.118718908 1412727834.34
14.1382240965 1412727835.2
14.0928823213 1412727836.08
14.0127261579 1412727836.94
13.9910975934 1412727837.81
13.9673128935 1412727838.7
14.5508503476 1412727839.63
14.1351111402 1412727840.49
14.2078160106 1412727841.34
14.0864222134 1412727842.2
14.0804606751 1412727843.04
14.0753082457 1412727843.89
