1.10998256577 1412750897.67
1.08380593502 1412750899.1
1.12082219912 1412750900.57
1.03763856048 1412750902.01
1.15533126366 1412750903.43
1.21392546851 1412750904.82
1.32446072504 1412750906.19
1.46193166972 1412750907.61
1.51352916203 1412750908.97
1.59616725704 1412750910.33
1.63050442248 1412750911.67
1.69270196048 1412750913.02
1.75143804938 1412750914.39
1.75923587103 1412750915.71
1.78554210161 1412750917.08
1.71867926101 1412750918.45
1.65079156736 1412750919.82
1.61828160639 1412750921.14
1.64433602666 1412750922.43
1.5905124361 1412750923.78
1.57384567519 1412750925.09
1.50741897132 1412750926.42
1.50074487284 1412750927.73
1.48766693285 1412750929.07
1.47136517696 1412750930.42
1.4683087743 1412750931.73
1.43685772163 1412750933.05
1.38020759616 1412750934.37
1.35681420801 1412750935.67
1.30987917232 1412750936.92
1.2807055812 1412750938.22
1.25431957836 1412750939.49
1.20919713182 1412750940.78
1.18508884597 1412750942.06
1.17416240005 1412750943.33
1.14987728892 1412750944.64
1.13801578852 1412750945.91
1.1213866201 1412750947.23
1.10259715624 1412750948.49
1.06862856812 1412750949.81
1.0498052617 1412750951.21
1.02826933299 1412750952.46
1.01546338476 1412750953.75
1.00675895551 1412750955.05
0.988941954274 1412750956.34
0.985160702926 1412750957.65
0.974691805523 1412750958.89
0.958521547578 1412750960.17
0.956496070368 1412750961.47
0.941635612966 1412750962.74
0.944298498567 1412750964.0
0.957424527268 1412750965.26
0.962431134966 1412750966.53
0.960994406547 1412750967.8
0.967741335008 1412750969.06
0.994581504036 1412750970.28
1.01556662546 1412750971.53
1.01367006623 1412750972.8
1.01266162137 1412750974.04
1.03042262212 1412750975.27
1.03414275646 1412750976.47
1.04510901103 1412750977.74
1.05280784323 1412750978.99
1.06761431873 1412750980.22
1.07857364414 1412750981.46
1.0667289263 1412750982.69
1.0712805706 1412750983.94
1.06625342561 1412750985.15
1.06219054733 1412750986.39
1.06747686686 1412750987.63
1.0771561742 1412750988.82
1.07312269435 1412750990.09
1.05333122071 1412750991.35
1.05777353944 1412750992.59
1.05794394881 1412750993.84
1.06177188151 1412750995.03
1.0630463594 1412750996.28
1.05409377544 1412750997.55
1.04290867909 1412750998.76
1.04281285254 1412750999.99
1.04765477585 1412751001.25
1.0496723322 1412751002.47
1.05850946956 1412751003.69
1.06346608757 1412751004.9
1.06796290914 1412751006.14
1.06905173011 1412751007.36
1.07304363168 1412751008.56
1.07479374174 1412751009.78
1.06764460554 1412751011.04
1.0720147746 1412751012.29
1.0853674896 1412751013.53
1.0892794401 1412751014.74
1.08122958948 1412751016.0
1.09253766431 1412751017.24
1.0831651427 1412751018.48
1.0924050782 1412751019.72
1.07553536401 1412751020.98
1.0840756153 1412751022.2
1.07889614038 1412751023.42
1.07562566115 1412751024.62
1.07177426245 1412751025.84
1.08166133652 1412751027.09
1.08333874491 1412751028.34
1.08308342764 1412751029.57
1.08530125463 1412751030.8
1.08698788942 1412751032.09
1.0821845294 1412751033.36
1.08397114314 1412751034.57
1.07422331498 1412751035.8
1.08273938009 1412751037.01
1.07638316731 1412751038.25
1.07359847178 1412751039.51
1.078743459 1412751040.74
1.06992600932 1412751041.97
1.06949480986 1412751043.24
1.08206114508 1412751044.5
1.07945490948 1412751045.73
1.07684027945 1412751046.92
1.08794837978 1412751048.16
1.08578411435 1412751049.41
1.08708271236 1412751050.64
1.08020579226 1412751051.9
1.07760030642 1412751053.13
1.08314694311 1412751054.37
1.07631897601 1412751055.64
1.08452223186 1412751056.88
1.0750393208 1412751058.19
1.08319395635 1412751059.47
1.07644432716 1412751060.68
1.06150507784 1412751061.9
1.06983695874 1412751063.17
1.067485635 1412751064.44
1.06522781158 1412751065.62
1.06290446947 1412751066.8
1.06061661558 1412751068.02
1.07385878343 1412751069.27
1.07171649307 1412751070.55
1.05565461383 1412751071.81
1.04032197711 1412751073.08
1.04838376964 1412751074.33
1.04625003363 1412751075.52
1.04429073656 1412751076.74
1.05217410129 1412751077.96
1.05180355994 1412751079.15
1.04993187325 1412751080.45
1.0495128662 1412751081.77
1.04905972839 1412751083.08
1.05091138429 1412751084.29
1.05051456864 1412751085.54
1.05001922895 1412751086.77
1.04953370468 1412751088.0
1.05675489853 1412751089.23
1.0676325522 1412751090.47
1.08284684506 1412751091.67
1.06722910445 1412751092.91
1.07491851276 1412751094.15
1.07302611923 1412751095.37
1.07754765139 1412751096.59
1.07160219847 1412751097.81
1.06964527355 1412751099.04
1.06765722426 1412751100.28
1.06561062191 1412751101.54
1.06164440966 1412751102.79
1.06180426451 1412751104.0
1.06200352343 1412751105.28
1.06218271908 1412751106.55
1.06140213127 1412751107.77
1.06151253538 1412751109.0
1.06056738994 1412751110.22
1.06058907312 1412751111.44
1.06053288054 1412751112.7
1.06050129383 1412751113.95
1.06029027355 1412751115.23
1.04831972494 1412751116.48
1.0387986561 1412751117.71
1.04597183026 1412751118.94
1.02725945262 1412751120.17
1.02598136738 1412751121.41
1.02468948605 1412751122.64
1.02331951299 1412751123.86
1.02193489336 1412751125.06
1.02048207689 1412751126.3
1.01885589989 1412751127.5
1.01730831789 1412751128.74
1.0130512709 1412751129.99
1.01141136459 1412751131.19
1.00964466301 1412751132.41
1.00783263056 1412751133.65
1.0136760908 1412751134.86
1.00992142722 1412751136.09
1.01239295172 1412751137.34
1.00662174566 1412751138.49
0.999842132761 1412751139.7
0.983742292946 1412751140.91
0.974910222963 1412751142.14
0.955330375894 1412751143.39
0.94990346099 1412751144.66
0.944168197396 1412751145.89
0.935562107101 1412751147.08
0.940019063597 1412751148.29
