11.9835060283 1412728384.05
11.4080781377 1412728384.64
10.9875663234 1412728385.25
11.1329403673 1412728385.89
11.4356269467 1412728386.49
11.7071600298 1412728387.08
11.8338977528 1412728387.69
12.0789573251 1412728388.3
12.2988100302 1412728388.87
12.231190517 1412728389.46
12.5300131164 1412728390.03
12.6870037652 1412728390.62
12.6327874832 1412728391.19
12.592822112 1412728391.79
12.6295158289 1412728392.37
12.8277228941 1412728392.96
12.7668767051 1412728393.57
12.6453737491 1412728394.17
12.644559855 1412728394.77
12.5727930667 1412728395.35
12.4751622767 1412728395.95
12.6046490373 1412728396.54
12.3562019417 1412728397.12
12.3853733508 1412728397.77
12.6150648932 1412728398.38
12.3636709853 1412728398.99
12.5946079945 1412728399.61
12.5657033762 1412728400.18
12.4709775185 1412728400.77
12.4328919515 1412728401.31
12.2580450381 1412728401.87
12.13799566 1412728402.43
12.2039568293 1412728403.01
12.2444603612 1412728403.57
12.112048001 1412728404.18
11.6757020566 1412728404.73
11.9923576279 1412728405.3
12.1836351241 1412728405.87
11.8419166247 1412728406.4
12.0790281416 1412728406.93
12.1897643188 1412728407.48
12.2489326973 1412728408.04
12.229786848 1412728408.63
12.0804320679 1412728409.19
12.0862691901 1412728409.76
12.3546528673 1412728410.31
12.3245324735 1412728410.9
12.5814218344 1412728411.46
12.282357258 1412728412.02
10.8879039498 1412728412.59
10.0749988989 1412728413.16
9.79298666894 1412728413.73
9.93764853548 1412728414.29
9.32818018503 1412728414.86
8.99593254303 1412728415.41
8.86672546125 1412728416.01
9.45431095942 1412728416.59
8.71725239986 1412728417.16
9.30089746343 1412728417.72
8.79944639941 1412728418.28
9.11861185394 1412728418.89
9.15060570918 1412728419.47
9.08724382717 1412728420.01
9.09613380934 1412728420.58
9.03325498861 1412728421.19
9.06028481293 1412728421.77
8.98175256291 1412728422.3
8.98656072337 1412728422.89
9.06767212427 1412728423.47
9.05189615656 1412728424.03
8.96804507149 1412728424.62
8.89251165443 1412728425.22
8.81438454336 1412728425.79
8.81285180551 1412728426.35
8.73038136412 1412728426.92
8.56679503336 1412728427.46
8.42712204302 1412728428.03
8.34546528836 1412728428.59
8.20018522178 1412728429.14
8.03555132714 1412728429.71
7.84534533519 1412728430.29
7.73135582478 1412728430.85
7.66343582643 1412728431.43
7.52882849195 1412728432.01
7.47866446524 1412728432.58
7.43817459635 1412728433.25
7.47842056556 1412728433.97
7.52439916989 1412728434.7
7.56365814976 1412728435.43
7.55092890916 1412728436.15
7.4679562828 1412728436.89
7.50155416326 1412728437.52
7.39092432354 1412728438.11
7.33864447746 1412728438.66
7.28225816452 1412728439.33
7.29529951395 1412728440.03
7.17313413676 1412728440.71
7.25632489439 1412728441.4
7.38370943924 1412728442.07
7.28258090785 1412728442.78
7.29573542951 1412728443.46
7.31387036515 1412728444.11
7.36994979733 1412728444.79
7.27730093118 1412728445.51
7.34914221922 1412728446.25
7.40259999809 1412728446.9
7.42261069923 1412728447.56
7.3371915245 1412728448.29
7.46629305327 1412728449.01
7.3882288721 1412728449.68
7.37975259664 1412728450.38
7.44003671335 1412728451.06
7.42404218808 1412728451.77
7.44107394809 1412728452.47
7.45638390229 1412728453.19
7.5157651389 1412728453.87
7.54146544578 1412728454.57
7.58876972314 1412728455.3
7.54737728991 1412728456.01
7.60813426831 1412728456.72
7.5655151493 1412728457.44
7.61506357992 1412728458.17
7.49981347358 1412728458.91
7.52831735376 1412728459.66
7.53818588851 1412728460.38
7.7401822468 1412728461.11
7.70741757675 1412728461.79
7.7466848147 1412728462.47
7.70494844302 1412728463.14
7.73314295391 1412728463.83
7.70157625113 1412728464.53
7.79576339231 1412728465.2
7.79645395998 1412728465.91
7.79212894755 1412728466.62
7.83073517809 1412728467.29
7.8419641096 1412728467.92
7.85359013473 1412728468.59
7.86742416303 1412728469.26
7.92514143507 1412728469.94
7.93571154374 1412728470.59
8.01758766487 1412728471.27
8.06134404235 1412728471.94
8.06967030578 1412728472.65
8.07238797211 1412728473.31
8.10597801791 1412728473.99
8.11430818991 1412728474.64
8.10619684822 1412728475.32
8.1762401036 1412728476.02
8.11876917971 1412728476.71
8.08377103888 1412728477.4
8.08033974587 1412728478.07
8.03137067577 1412728478.79
7.90742949007 1412728479.47
7.90434977078 1412728480.17
7.96935153716 1412728480.84
8.0140235564 1412728481.54
7.84158737878 1412728482.21
7.80016394613 1412728482.85
7.88537119807 1412728483.57
7.8881802999 1412728484.34
7.89405136812 1412728485.11
7.91116153388 1412728485.81
7.90548079517 1412728486.49
7.91793691295 1412728487.16
7.93645325381 1412728487.84
7.96833271286 1412728488.52
7.96253853676 1412728489.3
7.97650302029 1412728490.04
7.98461906604 1412728490.73
7.93251539201 1412728491.43
7.92840837834 1412728492.15
7.94583875374 1412728492.86
7.85691194466 1412728493.54
7.87329538786 1412728494.19
7.87558206243 1412728494.84
7.88897347818 1412728495.49
7.82967652039 1412728496.19
7.85186170807 1412728496.87
7.98552538776 1412728497.56
8.0014368434 1412728498.25
8.00689169848 1412728498.96
7.89799794001 1412728499.64
7.93667973547 1412728500.37
7.94036610094 1412728501.04
7.94882468389 1412728501.74
7.8298290577 1412728502.44
7.82605763037 1412728503.12
7.82545077299 1412728503.81
7.79966250406 1412728504.51
7.85318531064 1412728505.18
7.82516626069 1412728505.87
7.80056641797 1412728506.55
7.80056620605 1412728507.28
7.73063922474 1412728507.98
7.68633409305 1412728508.7
7.76914978736 1412728509.45
7.75074788399 1412728510.16
7.61052742644 1412728510.89
7.57208083501 1412728511.6
7.44159197664 1412728512.3
