7.01030941036 1412722577.61
7.28968009688 1412722577.73
7.52428469143 1412722577.86
7.41261538137 1412722578.01
7.75170030338 1412722578.14
8.00496594106 1412722578.26
8.20410289839 1412722578.39
8.40055256603 1412722578.52
8.59933801123 1412722578.67
9.01651493337 1412722578.91
9.00558911842 1412722579.03
9.20604898511 1412722579.16
9.30508484807 1412722579.3
9.38948553165 1412722579.43
9.25335360393 1412722579.56
9.09101319137 1412722579.68
8.7997298449 1412722579.8
8.63837175974 1412722579.94
8.49600128305 1412722580.07
8.46579654365 1412722580.21
8.5489435111 1412722580.34
8.35175243874 1412722580.44
8.35941766076 1412722580.57
8.2744903806 1412722580.69
8.10479736789 1412722580.85
8.27912038273 1412722580.98
8.22929270659 1412722581.1
8.27990868329 1412722581.2
8.15873260888 1412722581.31
8.05974360236 1412722581.42
8.02968369868 1412722581.52
8.04636174649 1412722581.65
7.85388350719 1412722581.79
7.79169229617 1412722581.9
7.83912368042 1412722582.07
7.81254045568 1412722582.18
7.71995198689 1412722582.3
7.69611547631 1412722582.44
7.87423940326 1412722582.56
7.85777604665 1412722582.67
7.84904002497 1412722582.77
7.82798133426 1412722582.9
7.62488283203 1412722583.09
7.60230734722 1412722583.31
7.58333229681 1412722583.53
7.63535256656 1412722583.7
7.6150863801 1412722583.85
7.54978568555 1412722584.0
7.55722164256 1412722584.1
7.54030198663 1412722584.21
7.50788774194 1412722584.32
7.49681526899 1412722584.42
7.43813903649 1412722584.52
7.48014490988 1412722584.65
7.46236160612 1412722584.77
7.50122770348 1412722584.87
7.48384447004 1412722584.97
7.51084073079 1412722585.08
7.47974447064 1412722585.19
7.45889129173 1412722585.34
7.3712612352 1412722585.5
7.32513536558 1412722585.6
7.34002220684 1412722585.7
7.32729212172 1412722585.83
7.31449651467 1412722585.96
7.30265440751 1412722586.09
7.29160327508 1412722586.23
7.34948744081 1412722586.37
7.34052591389 1412722586.46
7.33126145768 1412722586.59
7.3216511052 1412722586.7
7.31263678567 1412722586.81
7.32766887542 1412722586.92
7.36318315352 1412722587.05
7.19742625125 1412722587.14
7.19995839224 1412722587.26
7.15969519192 1412722587.38
7.19405477949 1412722587.48
7.18755285615 1412722587.6
7.1814746087 1412722587.72
7.17562818692 1412722587.84
7.20950261456 1412722587.97
7.2111112172 1412722588.07
7.21170457221 1412722588.18
7.20670970867 1412722588.29
7.20814992739 1412722588.41
7.20806665308 1412722588.52
7.11335791067 1412722588.64
7.12010292641 1412722588.76
7.12232838072 1412722588.86
7.12460849348 1412722588.97
7.12698730189 1412722589.08
7.12511457478 1412722589.19
7.12756512245 1412722589.3
7.13002922509 1412722589.42
7.13257903412 1412722589.53
7.13509858222 1412722589.64
7.13773281329 1412722589.75
7.13303843874 1412722589.85
7.13433438697 1412722589.96
7.13572754712 1412722590.08
7.1372139984 1412722590.22
7.13868379021 1412722590.33
7.14022929544 1412722590.44
7.14179274969 1412722590.53
7.14345044803 1412722590.65
7.1450745631 1412722590.77
7.14679601562 1412722590.92
7.14849786731 1412722591.02
7.15028004492 1412722591.14
7.15202715883 1412722591.25
7.13095216947 1412722591.38
7.13374991053 1412722591.49
7.16053687856 1412722591.61
7.15962389864 1412722591.72
7.16530071188 1412722591.85
7.22394929371 1412722591.96
7.19031734963 1412722592.07
7.19367933457 1412722592.19
7.19709620742 1412722592.32
7.20046631235 1412722592.44
7.20396123874 1412722592.54
7.20742016512 1412722592.65
7.21091206226 1412722592.76
7.09020350625 1412722592.88
7.09270846435 1412722593.0
6.84206744305 1412722593.11
6.84263159503 1412722593.22
6.84342147089 1412722593.32
6.84436755791 1412722593.43
6.83425720103 1412722593.55
6.83728140448 1412722593.67
6.84024737461 1412722593.78
6.84321619371 1412722593.89
6.83246384047 1412722593.98
6.83632524435 1412722594.09
6.8403186591 1412722594.19
6.83488076662 1412722594.3
6.83887457829 1412722594.4
6.85127696244 1412722594.52
6.85569929641 1412722594.71
6.83854624084 1412722594.81
6.86179040336 1412722594.91
6.86682367216 1412722595.03
6.85925050031 1412722595.15
6.87950338381 1412722595.27
6.88334538164 1412722595.45
6.88726973323 1412722595.58
6.86250660129 1412722595.68
6.86710302861 1412722595.79
6.87131229687 1412722595.91
6.87518680483 1412722596.03
6.8787558426 1412722596.16
6.8585756027 1412722596.28
6.85337301689 1412722596.42
6.85465037825 1412722596.55
6.85488622553 1412722596.67
6.85431624788 1412722596.79
6.67513216827 1412722596.94
6.46401435624 1412722597.06
6.46909455074 1412722597.21
6.51052283271 1412722597.33
6.52909685211 1412722597.47
6.54809427116 1412722597.58
6.55276514003 1412722597.69
6.56816106459 1412722597.81
6.59384389451 1412722597.95
6.61473552026 1412722598.06
6.60383043408 1412722598.18
6.62501953295 1412722598.3
6.22814124845 1412722598.42
6.22392003951 1412722598.55
5.92149977446 1412722598.71
5.91575533919 1412722598.84
5.8904691923 1412722598.95
5.88404735931 1412722599.09
5.87658435521 1412722599.21
5.87365565474 1412722599.34
5.86470925633 1412722599.44
5.86668582084 1412722599.56
5.86336941601 1412722599.69
5.87736765679 1412722599.82
5.89190462575 1412722599.96
5.95559955943 1412722600.08
5.89649277108 1412722600.18
5.90731432289 1412722600.3
5.9185690019 1412722600.44
5.91170994994 1412722600.55
5.91578874859 1412722600.67
5.92750301631 1412722600.77
5.95295708859 1412722600.89
5.61183713259 1412722601.02
5.60373826631 1412722601.13
5.6187763122 1412722601.25
5.60967361631 1412722601.36
5.62454157534 1412722601.48
5.61705875608 1412722601.6
5.32132844272 1412722601.71
5.36771422319 1412722601.83
5.37175471699 1412722601.93
