19.1795278317 1412723666.62
19.181595851 1412723666.93
19.0774346576 1412723667.22
19.1526275387 1412723667.52
19.337358319 1412723667.84
19.4859515999 1412723668.14
19.4472921232 1412723668.48
19.4049717575 1412723668.81
19.3361246111 1412723669.14
19.3734034754 1412723669.47
19.2292904809 1412723669.79
19.0395041121 1412723670.12
18.9158733018 1412723670.48
18.5103842206 1412723670.83
18.3717334891 1412723671.16
17.7923399807 1412723671.5
17.3767645528 1412723671.9
17.1074966 1412723672.29
16.9441411454 1412723672.64
16.7420054865 1412723672.97
16.4954296399 1412723673.36
16.444607612 1412723673.7
16.5117106575 1412723674.06
16.617789305 1412723674.39
16.6829373779 1412723674.67
16.7086128042 1412723674.95
16.6960491808 1412723675.26
16.903162582 1412723675.54
16.5189516093 1412723675.85
16.9591360818 1412723676.18
16.7949123018 1412723676.48
17.0144936824 1412723676.79
17.4357927721 1412723677.06
17.7800032823 1412723677.36
18.1692465777 1412723677.64
16.3936139664 1412723677.94
18.7142517189 1412723678.23
17.1390228484 1412723678.56
15.4485484712 1412723678.84
14.9983521598 1412723679.14
14.5778433326 1412723679.43
15.2685570021 1412723679.73
15.0573248428 1412723680.01
14.7123136531 1412723680.29
14.1730467994 1412723680.59
14.0797399516 1412723680.89
14.1140075517 1412723681.16
13.5952917196 1412723681.57
13.9047814525 1412723681.98
14.251898929 1412723682.41
13.9293133191 1412723682.83
14.2345575604 1412723683.22
13.9356456511 1412723683.63
14.0519780033 1412723684.06
13.9484720245 1412723684.45
13.8675184886 1412723684.88
13.8728197958 1412723685.31
13.6469655228 1412723685.71
13.792091868 1412723686.11
13.7735883636 1412723686.45
13.6080657081 1412723686.77
13.7745626472 1412723687.11
13.7019312532 1412723687.43
13.5996758394 1412723687.77
13.9127271008 1412723688.11
13.7432500282 1412723688.43
13.9488663072 1412723688.76
13.8186647167 1412723689.09
13.6876654012 1412723689.41
13.5325770332 1412723689.73
13.2929012632 1412723690.06
13.1465337527 1412723690.41
13.2034284129 1412723690.75
13.1509228736 1412723691.06
13.2481055382 1412723691.34
13.4604528513 1412723691.65
13.4466066587 1412723691.99
13.6573731688 1412723692.3
13.4801236847 1412723692.64
13.8436493071 1412723692.99
13.8506029744 1412723693.33
13.575349654 1412723693.67
13.4570735664 1412723693.99
13.4991534307 1412723694.31
13.6838846843 1412723694.64
13.3280863601 1412723694.97
13.4319688017 1412723695.29
13.4773786076 1412723695.63
13.358483068 1412723695.96
13.6395649289 1412723696.3
13.5233719812 1412723696.62
13.5647960034 1412723696.92
13.5485719673 1412723697.25
13.3983856169 1412723697.57
13.5590507964 1412723697.88
13.4682352251 1412723698.21
13.5125226692 1412723698.53
13.5257707321 1412723698.84
13.6254619168 1412723699.12
13.4780045689 1412723699.43
13.6439071067 1412723699.74
13.4844947123 1412723700.04
13.6205948787 1412723700.38
13.8548790872 1412723700.66
13.6833962682 1412723700.93
13.9228404296 1412723701.21
13.8871788503 1412723701.58
13.7013926554 1412723701.97
14.0940983738 1412723702.38
13.8569799918 1412723702.76
14.0242538432 1412723703.13
13.9188201642 1412723703.46
13.9195190589 1412723703.77
13.9817789117 1412723704.09
14.0406151672 1412723704.41
14.0225051087 1412723704.78
13.9501281512 1412723705.11
14.0111110122 1412723705.44
13.9497028239 1412723705.78
14.0059099774 1412723706.12
14.0094833568 1412723706.47
13.9477245453 1412723706.86
14.0412783648 1412723707.25
14.0635845385 1412723707.66
14.0541761362 1412723708.05
13.9913877394 1412723708.41
14.0309599935 1412723708.76
14.1153569913 1412723709.17
14.1077235949 1412723709.57
14.1505611598 1412723709.99
14.171025875 1412723710.4
14.2400187124 1412723710.76
14.2262744485 1412723711.11
14.1951290578 1412723711.63
14.2265141268 1412723712.14
14.2286894577 1412723712.66
14.3204520176 1412723713.2
14.0947829605 1412723713.64
14.330395931 1412723714.12
14.3994785069 1412723714.64
14.2665079412 1412723715.22
14.1585554563 1412723715.83
14.3640445719 1412723716.37
13.8397095517 1412723716.93
14.1926312472 1412723717.49
14.2509734378 1412723718.01
13.9241935092 1412723718.54
14.2621821085 1412723719.02
14.2540840927 1412723719.55
14.4062342642 1412723720.04
14.0751447923 1412723720.54
14.4835682414 1412723721.02
14.3460106785 1412723721.5
14.2488144422 1412723722.07
14.3414865848 1412723722.66
14.2162553083 1412723723.24
14.3437620583 1412723723.83
14.3345617418 1412723724.35
14.0907496591 1412723724.92
14.2414813957 1412723725.45
14.2727991563 1412723725.97
14.2375126188 1412723726.53
14.2897672453 1412723726.99
14.1678776664 1412723727.47
14.1624315656 1412723727.94
14.2362351886 1412723728.41
14.3083530027 1412723728.87
14.4598337933 1412723729.33
14.4435611316 1412723729.79
14.3319631728 1412723730.25
14.396070429 1412723730.7
14.4470605191 1412723731.13
14.3304166675 1412723731.59
14.3004424751 1412723732.06
14.3401739391 1412723732.52
14.2961757468 1412723732.94
14.390123122 1412723733.36
14.318008702 1412723733.79
14.7433122622 1412723734.2
14.6338732595 1412723734.55
14.5253613162 1412723734.89
14.5585948578 1412723735.23
14.8049354911 1412723735.59
14.6654837857 1412723735.95
14.6020937276 1412723736.32
14.7317972846 1412723736.69
14.8629355156 1412723737.06
14.8848301454 1412723737.43
14.8477098895 1412723737.79
14.8282906346 1412723738.17
14.6940025861 1412723738.51
14.5845867752 1412723738.88
14.9612302573 1412723739.25
15.1271163559 1412723739.62
15.130704523 1412723739.99
14.8359399919 1412723740.36
14.8621698623 1412723740.72
14.7746302138 1412723741.11
14.8824503728 1412723741.55
14.7625553637 1412723742.07
