33.6746659871 1412721768.35
34.4052834032 1412721768.48
34.5759948306 1412721768.61
34.3501815163 1412721768.74
34.0560393491 1412721768.85
33.3321064476 1412721768.99
34.0499011916 1412721769.12
33.2490609279 1412721769.25
32.398045001 1412721769.37
32.2341052849 1412721769.54
32.7149067075 1412721769.67
31.0452544746 1412721769.81
31.1813005981 1412721769.93
30.9938004598 1412721770.06
30.9243127676 1412721770.21
31.5065237472 1412721770.36
31.7914587107 1412721770.48
31.8658334119 1412721770.6
32.1783807844 1412721770.75
32.5550022795 1412721770.87
32.5168855183 1412721771.01
32.7525397322 1412721771.16
32.997917751 1412721771.3
32.8486969401 1412721771.43
32.574871144 1412721771.59
32.6243440339 1412721771.77
32.6758002483 1412721771.93
32.7291108332 1412721772.09
32.7624100829 1412721772.23
32.129079194 1412721772.39
32.2516635606 1412721772.55
32.2760196668 1412721772.67
32.8955270487 1412721772.8
32.6360121904 1412721772.93
32.6649867752 1412721773.06
32.5431259245 1412721773.18
32.5685587341 1412721773.32
31.9051814522 1412721773.43
31.9550008636 1412721773.59
31.6732538037 1412721773.74
31.7154149402 1412721773.87
31.7546115679 1412721773.99
31.5832015934 1412721774.1
31.6301137389 1412721774.25
31.6757053474 1412721774.4
31.7200006613 1412721774.53
31.4655056482 1412721774.68
31.5509205066 1412721774.81
31.6930780583 1412721774.95
31.7781755352 1412721775.14
31.8612644393 1412721775.34
31.9424139171 1412721775.52
31.2641295262 1412721775.77
31.4564016538 1412721775.95
31.7887230267 1412721776.14
32.5769956973 1412721776.29
33.1630103644 1412721776.42
33.1557972037 1412721776.55
33.4059104057 1412721776.69
33.5198872191 1412721776.82
32.7364771156 1412721776.95
33.1130807896 1412721777.09
34.1047231593 1412721777.22
34.1524657726 1412721777.37
32.8018440515 1412721777.5
33.3286962743 1412721777.61
33.3266602059 1412721777.73
33.2892700273 1412721777.92
32.6940800253 1412721778.06
33.2680479388 1412721778.2
32.2583748253 1412721778.36
32.6887087701 1412721778.51
33.2872829838 1412721778.65
33.7609586134 1412721778.81
34.0686481285 1412721778.94
32.017185198 1412721779.08
32.5839589413 1412721779.21
32.7873435031 1412721779.37
32.9837138574 1412721779.5
33.0732797646 1412721779.68
33.1958522908 1412721779.84
33.3345636708 1412721780.01
33.2163845303 1412721780.16
33.191690692 1412721780.31
33.2416945725 1412721780.45
33.2861512258 1412721780.64
33.1609406321 1412721780.85
33.3484278014 1412721781.05
30.8801217634 1412721781.2
30.9180974315 1412721781.38
30.9550047958 1412721781.54
30.9907780241 1412721781.69
31.0254472166 1412721781.85
31.0590628413 1412721782.0
31.0916227941 1412721782.13
31.1232074681 1412721782.28
31.155503437 1412721782.43
31.1769154265 1412721782.58
31.3454427537 1412721782.72
31.3625206635 1412721782.87
31.3799059402 1412721782.99
31.3975313017 1412721783.13
31.4153808852 1412721783.29
31.8008039797 1412721783.46
31.8218080344 1412721783.6
31.842611604 1412721783.73
31.8635463774 1412721783.87
31.4791316446 1412721784.02
31.4977069681 1412721784.17
31.5165213161 1412721784.31
31.7610344816 1412721784.45
31.8207598381 1412721784.59
31.8312025152 1412721784.76
31.8417647059 1412721784.92
31.5677288088 1412721785.1
31.8118919633 1412721785.26
31.8586367798 1412721785.43
31.8691500844 1412721785.59
31.8795631009 1412721785.78
31.6057118341 1412721785.93
31.6158986065 1412721786.09
31.8630671893 1412721786.3
31.905719012 1412721786.47
31.6324278891 1412721786.64
31.6423290812 1412721786.84
31.8929649184 1412721787.0
31.930538627 1412721787.17
31.657858536 1412721787.33
31.667403061 1412721787.48
31.6770446663 1412721787.62
31.9625076325 1412721787.8
31.9829567911 1412721787.96
32.0041706685 1412721788.18
32.0261501377 1412721788.4
32.0489866126 1412721788.61
31.948355963 1412721788.87
32.0741048458 1412721789.07
31.9728183852 1412721789.19
32.09866673 1412721789.4
32.1224791752 1412721789.58
32.0208877558 1412721789.73
32.1490376993 1412721789.88
32.0467750884 1412721790.05
32.1751499159 1412721790.2
32.2000003702 1412721790.46
32.2782863394 1412721790.67
32.4237170863 1412721790.89
32.4583816012 1412721791.09
32.4148562512 1412721791.29
32.4532579715 1412721791.52
32.4932819907 1412721791.76
32.6519999697 1412721791.94
31.6180030589 1412721792.1
31.5942345412 1412721792.26
31.6054193676 1412721792.4
31.7848154835 1412721792.54
31.7958392607 1412721792.67
31.8373713461 1412721792.84
31.998659018 1412721792.98
32.0414282437 1412721793.12
32.2062444584 1412721793.26
32.250149498 1412721793.45
32.7356600807 1412721793.59
33.2114239516 1412721793.72
33.7612090166 1412721793.87
32.5695637412 1412721794.03
32.6882991553 1412721794.16
32.8012056237 1412721794.29
32.9081148204 1412721794.45
32.9064419231 1412721794.59
32.9762912395 1412721794.73
32.4047889912 1412721794.88
32.4605096504 1412721795.02
32.5300179905 1412721795.15
32.7370953069 1412721795.32
32.6417396164 1412721795.51
32.7317344015 1412721795.66
32.7812998076 1412721795.81
32.8434639438 1412721795.98
32.930451697 1412721796.13
32.9888869348 1412721796.27
33.0707999988 1412721796.4
33.8734125744 1412721796.54
33.9042310055 1412721796.68
33.9360863471 1412721796.87
33.9690477817 1412721797.01
34.1358366443 1412721797.15
34.1772301673 1412721797.32
34.2202735979 1412721797.49
34.2649953367 1412721797.69
34.7957080058 1412721797.84
35.3281757319 1412721797.98
35.3918577931 1412721798.12
35.4502187508 1412721798.26
35.5035924527 1412721798.39
36.0493721478 1412721798.54
35.9186885505 1412721798.68
36.088841016 1412721798.82
36.1188095636 1412721798.94
36.149685617 1412721799.07
