11.188973549 1412725412.2
11.3932181047 1412725412.49
11.5776354978 1412725412.79
11.7005833159 1412725413.09
12.0498468756 1412725413.4
11.9649975919 1412725413.71
12.1000899639 1412725414.02
12.5088409593 1412725414.35
13.0092383016 1412725414.64
13.3107024681 1412725414.99
13.3502607609 1412725415.29
13.5889034933 1412725415.61
13.67518509 1412725415.91
13.7448299879 1412725416.2
13.7318606167 1412725416.49
13.7478229028 1412725416.8
13.753673346 1412725417.09
13.7464171189 1412725417.4
13.7166049204 1412725417.69
13.8072031903 1412725418.0
13.8031068358 1412725418.31
13.7430068043 1412725418.61
13.7390355489 1412725418.9
13.7361979754 1412725419.2
13.6404206504 1412725419.48
13.3661513154 1412725419.77
13.1500365677 1412725420.08
13.1973397474 1412725420.41
13.397197349 1412725420.7
13.3768850451 1412725420.98
13.5184272948 1412725421.28
13.5729918313 1412725421.59
13.50761151 1412725421.89
13.6409055641 1412725422.19
13.5732270398 1412725422.5
13.6469245432 1412725422.82
13.8487059326 1412725423.11
13.5956198762 1412725423.42
13.8376631511 1412725423.76
13.5424184953 1412725424.06
13.4428670927 1412725424.39
14.3677698504 1412725424.7
14.5074811721 1412725425.01
14.4030061848 1412725425.36
14.6391883608 1412725425.66
14.7697823816 1412725426.03
14.0054139752 1412725426.35
13.9788012216 1412725426.67
14.5369141252 1412725426.99
14.4736135916 1412725427.36
14.7264616799 1412725427.75
14.7005728031 1412725428.09
14.8617871307 1412725428.43
14.8456595866 1412725428.76
14.963316883 1412725429.09
14.9086278021 1412725429.42
14.7735937299 1412725429.75
14.6394429683 1412725430.09
14.9254394851 1412725430.43
14.7940240543 1412725430.76
14.6893196392 1412725431.08
14.9669298934 1412725431.4
14.9133380741 1412725431.71
14.9779719408 1412725432.04
14.9258431269 1412725432.39
14.8598192405 1412725432.74
14.9649373655 1412725433.09
14.9659538302 1412725433.44
14.9358113924 1412725433.81
15.1208416498 1412725434.17
15.0879051026 1412725434.52
15.0806982096 1412725434.87
15.0768053054 1412725435.24
15.0449978318 1412725435.63
15.0109856327 1412725436.02
14.984430034 1412725436.42
15.026879117 1412725436.77
15.032842609 1412725437.17
15.0334804513 1412725437.57
15.0367618065 1412725437.96
15.0434353526 1412725438.34
14.9608506296 1412725438.73
15.0960695852 1412725439.15
15.0171811724 1412725439.53
15.0935537625 1412725439.93
15.0845639456 1412725440.35
15.1744644144 1412725440.73
15.1777846384 1412725441.13
15.1341282717 1412725441.52
15.2602997116 1412725441.93
15.267620797 1412725442.34
15.2977471026 1412725442.71
15.3145212352 1412725443.12
15.3634260118 1412725443.52
15.379390565 1412725443.94
15.6029683285 1412725444.35
15.4878134581 1412725444.74
15.5382446097 1412725445.18
15.5314833662 1412725445.6
15.6094187588 1412725446.0
15.7687345191 1412725446.42
15.9307928053 1412725446.84
16.015195024 1412725447.23
16.0735517824 1412725447.63
16.1523542297 1412725448.04
16.1880022127 1412725448.45
16.3084156547 1412725448.85
16.3559439934 1412725449.24
16.3912592743 1412725449.64
16.4321391311 1412725450.03
16.4646111238 1412725450.44
16.4257710406 1412725450.84
16.4526146894 1412725451.24
16.4719896873 1412725451.67
16.4870825649 1412725452.07
16.5013501185 1412725452.49
16.5112352208 1412725452.9
16.4421295819 1412725453.32
16.4649304951 1412725453.73
16.5057559491 1412725454.14
16.5865262505 1412725454.55
16.5979889492 1412725454.97
16.6073206901 1412725455.39
16.6136351596 1412725455.82
16.6112289035 1412725456.24
16.6333019954 1412725456.65
16.5547875899 1412725457.05
16.5410322612 1412725457.47
16.457372503 1412725457.9
16.4950129139 1412725458.33
16.4833109323 1412725458.79
16.4839088145 1412725459.2
16.4742903483 1412725459.61
16.4641068602 1412725460.07
16.4574059072 1412725460.55
16.300599068 1412725460.96
16.2897882292 1412725461.37
16.2848099523 1412725461.75
16.2633312077 1412725462.18
16.2590048227 1412725462.57
16.2515731238 1412725462.99
16.245675629 1412725463.41
16.2435901709 1412725463.82
16.0859081736 1412725464.21
16.1231141903 1412725464.59
15.9696902861 1412725464.99
15.9177992145 1412725465.42
15.8219127231 1412725465.83
15.8390025305 1412725466.26
15.8523192913 1412725466.65
15.8766785846 1412725467.06
15.9094522391 1412725467.46
15.9671855429 1412725467.89
15.9481105852 1412725468.29
15.9732316974 1412725468.69
15.9378331856 1412725469.09
15.962920592 1412725469.47
16.0213640882 1412725469.92
15.942048971 1412725470.35
16.0548608494 1412725470.8
16.0692264071 1412725471.24
16.0809211743 1412725471.71
16.1200068988 1412725472.18
16.1365508159 1412725472.62
16.1573816322 1412725473.06
16.1764879665 1412725473.55
16.1999106352 1412725474.01
16.2234983668 1412725474.46
16.2478716807 1412725474.89
16.2601511856 1412725475.32
16.2858746877 1412725475.75
16.3123026519 1412725476.24
16.3393701412 1412725476.66
16.3504860516 1412725477.13
16.3787247426 1412725477.61
16.4163473184 1412725478.13
16.424682627 1412725478.63
16.4839848214 1412725479.07
16.5344341701 1412725479.53
16.5599181566 1412725479.97
16.5856135079 1412725480.42
16.55862218 1412725480.87
16.5768447781 1412725481.3
16.5955841585 1412725481.73
16.6010708676 1412725482.19
16.6206407836 1412725482.63
16.6462035342 1412725483.09
16.6649856233 1412725483.55
16.6868852436 1412725484.03
16.7062509974 1412725484.5
16.7258397185 1412725484.97
16.7495107934 1412725485.43
16.769544788 1412725485.86
16.7943866644 1412725486.34
16.8149425845 1412725486.79
16.8971255639 1412725487.28
16.851566733 1412725487.76
16.8570004663 1412725488.25
16.8550786564 1412725488.71
16.8669011151 1412725489.15
