18.8676951916 1412725613.22
18.589156693 1412725613.5
18.4687365424 1412725613.8
18.5056755119 1412725614.12
18.5249516839 1412725614.46
18.6146492053 1412725614.8
19.1415972342 1412725615.14
19.383647629 1412725615.47
19.3352406463 1412725615.82
19.4422378137 1412725616.14
19.6219266899 1412725616.48
20.0502753653 1412725616.83
19.8884396345 1412725617.14
20.0160152393 1412725617.47
20.0866626118 1412725617.8
20.3699831617 1412725618.13
20.621066393 1412725618.44
20.8021351406 1412725618.76
20.7597390704 1412725619.11
20.8193941781 1412725619.43
21.2124225085 1412725619.77
21.389136693 1412725620.08
21.7230185326 1412725620.43
21.6825972908 1412725620.74
21.6753082795 1412725621.04
21.8601330836 1412725621.36
22.132600291 1412725621.65
22.8308740872 1412725621.97
22.6479423834 1412725622.28
22.4095630688 1412725622.58
22.430074416 1412725622.88
22.4070892553 1412725623.2
22.1856906334 1412725623.51
22.2001788323 1412725623.83
22.2824695917 1412725624.15
21.9499454392 1412725624.47
22.3747621558 1412725624.79
22.2854294327 1412725625.09
22.0294317572 1412725625.42
21.9618681972 1412725625.74
21.6833245683 1412725626.04
21.3799158413 1412725626.34
21.3670930819 1412725626.66
21.580962329 1412725626.97
21.1695634284 1412725627.29
21.2276522162 1412725627.6
21.346330706 1412725627.89
21.1771473493 1412725628.19
20.9831232053 1412725628.51
21.0997328516 1412725628.83
21.0809339131 1412725629.16
21.1186772076 1412725629.46
21.1105096347 1412725629.77
21.293503352 1412725630.12
21.369097514 1412725630.44
21.3502347701 1412725630.74
20.7868784077 1412725631.05
21.0757454331 1412725631.34
21.1310439469 1412725631.66
21.1613806289 1412725631.96
21.1093372287 1412725632.26
20.7805508715 1412725632.57
20.9173755803 1412725632.89
20.8099880208 1412725633.18
20.8229935024 1412725633.49
20.722157905 1412725633.82
20.8015554729 1412725634.09
21.2682963903 1412725634.39
21.3612453093 1412725634.68
21.7941545151 1412725635.0
21.6520688381 1412725635.32
21.8240412783 1412725635.63
22.0137730746 1412725635.93
22.1376057271 1412725636.22
21.9041387135 1412725636.54
21.8242376561 1412725636.85
21.9479744247 1412725637.15
22.1377588715 1412725637.45
22.2493201216 1412725637.77
22.1744107583 1412725638.1
22.2454691095 1412725638.43
22.5124151308 1412725638.75
22.4351828221 1412725639.05
22.5578670475 1412725639.38
22.3381206116 1412725639.69
22.4753108555 1412725640.01
22.3481704294 1412725640.34
22.2582438269 1412725640.65
21.9700747442 1412725640.98
22.1494414405 1412725641.31
22.1312634764 1412725641.66
22.5501278131 1412725641.98
22.4257532104 1412725642.31
22.198082293 1412725642.64
22.592685509 1412725642.94
22.5847463574 1412725643.29
22.6414451634 1412725643.62
22.7007667576 1412725643.95
22.5707027063 1412725644.32
22.7362728909 1412725644.68
22.72582339 1412725645.01
22.4828035122 1412725645.36
22.4039735653 1412725645.72
22.3370381702 1412725646.05
22.4641444251 1412725646.4
22.4334108306 1412725646.74
22.5427364743 1412725647.07
22.9205852593 1412725647.41
22.922953773 1412725647.76
22.7523613217 1412725648.11
22.4960904719 1412725648.42
22.7555382702 1412725648.78
22.739406244 1412725649.13
22.6533721399 1412725649.46
22.6844927642 1412725649.79
22.0660693868 1412725650.18
22.0026239044 1412725650.55
21.7656721991 1412725650.94
21.762362055 1412725651.3
21.3713283191 1412725651.66
21.3565947056 1412725652.04
21.1194740318 1412725652.43
20.9508786362 1412725652.83
20.7883362748 1412725653.22
20.7284424415 1412725653.56
20.7377525686 1412725653.9
20.8905986768 1412725654.25
20.8990533138 1412725654.63
57.0512082892 1412725654.96
20.9749502098 1412725655.35
57.3195453559 1412725655.69
57.4250571586 1412725656.05
57.2091474208 1412725656.41
57.3631245967 1412725656.77
57.4057228344 1412725657.12
57.4237120668 1412725657.47
57.4684833716 1412725657.84
57.508622231 1412725658.23
57.5835971911 1412725658.61
57.5886514377 1412725659.0
57.5924114453 1412725659.38
57.758096833 1412725659.75
57.765603783 1412725660.13
57.6842965344 1412725660.52
57.6371355974 1412725660.92
57.5994132465 1412725661.29
57.6431342871 1412725661.68
57.4074883551 1412725662.05
57.4295043833 1412725662.41
57.451241573 1412725662.78
57.4724914374 1412725663.15
57.3713855869 1412725663.51
57.3570213225 1412725663.88
57.4251586929 1412725664.25
57.4482144884 1412725664.65
57.4688164448 1412725665.0
57.4692878769 1412725665.35
57.5592610416 1412725665.73
58.1115297567 1412725666.12
58.4501917002 1412725666.53
58.4924515247 1412725666.89
58.375119306 1412725667.29
58.1980594671 1412725667.67
58.2274126115 1412725668.04
58.1531616562 1412725668.42
58.3283577503 1412725668.82
58.3945185005 1412725669.19
58.4264903923 1412725669.59
58.4170178145 1412725669.97
58.4818620279 1412725670.32
58.4957412618 1412725670.72
58.5188918614 1412725671.07
58.5312157171 1412725671.46
58.577174726 1412725671.82
58.5756935082 1412725672.21
58.4072420881 1412725672.59
58.5502817723 1412725672.93
58.5682470225 1412725673.29
58.3621424354 1412725673.65
58.3677139099 1412725673.99
58.220466213 1412725674.36
58.2256393379 1412725674.72
58.2302126356 1412725675.1
58.2342243477 1412725675.57
58.2479487105 1412725675.99
58.2621955693 1412725676.37
58.3136854337 1412725676.75
58.3294214899 1412725677.1
58.2150090052 1412725677.47
58.2175266791 1412725677.82
58.6293098741 1412725678.2
58.2735111639 1412725678.61
58.2882983075 1412725679.04
58.304834209 1412725679.47
58.3060877883 1412725679.89
58.4332466304 1412725680.31
58.3595802348 1412725680.72
58.3586834711 1412725681.1
58.3615511936 1412725681.5
58.4059624524 1412725681.88
