15.816366041 1412724583.09
15.373342023 1412724583.33
14.8571617484 1412724583.61
14.3395449125 1412724583.9
13.8029716063 1412724584.19
13.6226490098 1412724584.44
13.3336439993 1412724584.71
13.1394461907 1412724584.99
12.9962032392 1412724585.29
12.784573599 1412724585.7
12.7690754955 1412724586.03
12.4354867379 1412724586.32
12.1773069525 1412724586.65
11.9830424312 1412724586.97
11.8080616922 1412724587.31
11.7715873515 1412724587.66
11.7187261186 1412724588.01
11.7162369347 1412724588.32
11.5624005443 1412724588.69
11.519132425 1412724589.03
11.7694703354 1412724589.32
11.9294037647 1412724589.68
12.0398188474 1412724590.06
12.1309089604 1412724590.39
12.3496959852 1412724590.77
12.6382610773 1412724591.13
12.5789238985 1412724591.49
12.6586926558 1412724591.8
12.68769154 1412724592.1
12.8173921826 1412724592.41
12.7225179414 1412724592.74
12.8844653682 1412724593.08
12.801464062 1412724593.39
13.0878965421 1412724593.71
13.3564503898 1412724594.03
13.2560207875 1412724594.35
13.3557416185 1412724594.67
13.2996895512 1412724594.99
13.3101451066 1412724595.3
13.4055864982 1412724595.64
13.3979010163 1412724595.96
13.4714607197 1412724596.25
13.3855205559 1412724596.56
13.5386221945 1412724596.88
13.548368867 1412724597.2
13.6355232745 1412724597.5
13.6668861862 1412724597.83
13.6199026498 1412724598.19
13.5761068794 1412724598.51
13.5591968243 1412724598.89
13.6063824969 1412724599.22
13.9468483165 1412724599.57
14.1905211788 1412724599.94
14.2505114621 1412724600.29
14.3432793195 1412724600.62
14.2562100094 1412724601.04
14.2991519378 1412724601.38
14.3510017366 1412724601.75
14.3397798379 1412724602.26
14.3672229104 1412724602.68
14.4140368712 1412724603.05
14.2515341349 1412724603.43
14.2921508766 1412724603.82
14.1896686396 1412724604.28
14.1229017708 1412724604.64
13.9244370737 1412724605.02
13.9222357326 1412724605.39
13.9012550984 1412724605.76
13.865861209 1412724606.09
13.8748190471 1412724606.41
13.7546154382 1412724606.74
13.7925467132 1412724607.05
13.7152341811 1412724607.4
13.6965153604 1412724607.76
13.9624736101 1412724608.09
14.2755203627 1412724608.44
14.2181040312 1412724608.78
14.1153149566 1412724609.14
14.1177691447 1412724609.47
14.0099970138 1412724609.81
14.1087207373 1412724610.15
13.9961475352 1412724610.51
13.7723362456 1412724610.9
13.9234115352 1412724611.27
13.8510698804 1412724611.65
13.6858122146 1412724612.05
13.6871884141 1412724612.44
13.8188239997 1412724612.77
13.9060883278 1412724613.15
13.8369238131 1412724613.52
13.8383790228 1412724613.89
13.7952389848 1412724614.25
13.8226027249 1412724614.66
13.9403814213 1412724615.06
14.0040923709 1412724615.46
14.0753503303 1412724615.85
14.1136066855 1412724616.24
14.1339763665 1412724616.63
14.1899741611 1412724617.01
14.226126503 1412724617.37
14.239360381 1412724617.74
14.3183703849 1412724618.09
14.2916867824 1412724618.46
14.2798612548 1412724618.83
14.2166542088 1412724619.24
14.2901336857 1412724619.61
14.2334243258 1412724620.03
14.2921118974 1412724620.38
14.2896087208 1412724620.77
14.2397948114 1412724621.24
14.2969391035 1412724621.68
14.2474830257 1412724622.04
14.2440013887 1412724622.4
14.2537405402 1412724622.75
14.309155043 1412724623.14
14.2912240567 1412724623.52
14.2417659791 1412724623.89
14.2964936926 1412724624.25
14.2318634316 1412724624.61
14.2858906045 1412724624.98
14.236315397 1412724625.34
14.289855892 1412724625.74
14.2868216774 1412724626.1
14.237783989 1412724626.47
14.2928585408 1412724626.87
14.2453121411 1412724627.26
14.2992402855 1412724627.63
14.2986526363 1412724628.03
14.2485540141 1412724628.43
14.3058482305 1412724628.82
14.254588674 1412724629.17
14.3055391137 1412724629.58
14.2326113871 1412724629.95
14.2398886318 1412724630.37
14.2438969325 1412724630.77
14.2472817221 1412724631.14
14.250664558 1412724631.53
14.2151382555 1412724631.9
14.2167160223 1412724632.32
14.216377936 1412724632.7
14.3030190762 1412724633.06
14.3046305297 1412724633.43
14.2215277893 1412724633.79
14.3063033706 1412724634.29
14.307862645 1412724634.69
14.2257472443 1412724635.04
14.3105233832 1412724635.4
14.3130441413 1412724635.81
14.2296819142 1412724636.16
14.3156967283 1412724636.48
14.3173547069 1412724636.92
14.2331926197 1412724637.28
14.3215110253 1412724637.72
14.322933523 1412724638.09
14.2375173006 1412724638.43
14.3248825755 1412724638.78
14.3266340722 1412724639.14
14.1624391102 1412724639.49
14.2496235278 1412724639.86
14.2475165087 1412724640.22
14.1672201387 1412724640.58
14.2643004267 1412724640.95
14.2616714262 1412724641.32
14.1657615303 1412724641.67
14.287403383 1412724641.99
14.2787906279 1412724642.33
14.2773817302 1412724642.68
14.283465102 1412724643.04
14.2747897082 1412724643.39
14.2803004435 1412724643.76
14.2723033082 1412724644.12
14.2777690842 1412724644.46
14.270445197 1412724644.81
14.2699531158 1412724645.14
14.2759239189 1412724645.48
14.2684221712 1412724645.82
14.2739578521 1412724646.17
14.2670920398 1412724646.53
14.266975274 1412724646.87
14.2730196061 1412724647.25
14.2659831348 1412724647.64
14.2715607981 1412724648.05
14.2651496068 1412724648.42
14.2628818789 1412724648.81
14.172033866 1412724649.19
14.2601769931 1412724649.59
14.1691189601 1412724649.97
14.1675753562 1412724650.36
14.0767736046 1412724650.75
14.0753774627 1412724651.1
14.0787094 1412724651.46
13.8997591626 1412724651.81
14.0702293071 1412724652.15
13.8959354054 1412724652.53
13.7234900252 1412724652.89
13.7196752467 1412724653.26
13.7297494381 1412724653.62
13.7261120018 1412724653.99
13.7225288588 1412724654.37
13.718954331 1412724654.74
