1.43697551361 1412732787.43
1.54215688432 1412732788.03
1.60213763968 1412732788.62
1.8337148719 1412732789.21
2.01457565845 1412732789.82
2.29067885657 1412732790.41
2.62307744067 1412732791.0
2.77382460031 1412732791.56
3.00874455567 1412732792.12
3.23624451873 1412732792.69
3.37789979601 1412732793.27
3.49525620201 1412732793.82
3.54426447554 1412732794.41
3.64678382927 1412732794.97
3.69338219273 1412732795.51
3.67597341047 1412732796.06
3.71460897539 1412732796.6
3.69205321569 1412732797.18
3.75226699318 1412732797.75
3.7239205895 1412732798.3
3.76059804397 1412732798.88
3.72097799943 1412732799.41
3.72170472513 1412732799.96
3.73570811275 1412732800.5
3.77239035095 1412732801.04
3.78711624047 1412732801.59
3.85552622577 1412732802.16
3.81452671462 1412732802.7
3.80362484506 1412732803.25
3.82246208458 1412732803.77
3.86521915569 1412732804.29
3.95226204169 1412732804.82
4.07749153468 1412732805.37
4.24940602564 1412732805.92
4.36157045314 1412732806.42
4.43638213074 1412732806.93
4.50139969004 1412732807.45
4.55652826496 1412732807.97
4.60943218584 1412732808.51
4.65519390286 1412732809.02
4.71244748831 1412732809.54
4.75851979219 1412732810.07
4.79220884681 1412732810.62
4.82280946133 1412732811.15
4.89029129087 1412732811.68
4.87357164504 1412732812.21
4.84130771054 1412732812.76
4.8125598667 1412732813.26
4.76926730669 1412732813.76
4.77105568756 1412732814.32
4.7558946483 1412732814.83
4.73125163153 1412732815.37
4.76013172237 1412732815.88
4.78876830787 1412732816.42
4.80762046966 1412732816.95
4.83080074736 1412732817.47
4.87117612216 1412732817.97
4.90052017134 1412732818.48
4.88912246139 1412732818.98
4.89825535282 1412732819.49
4.90005072814 1412732820.0
4.89394110801 1412732820.52
4.92281417283 1412732821.03
4.96776816939 1412732821.56
5.04685794399 1412732822.07
5.09269711647 1412732822.58
5.15405442908 1412732823.04
5.21666760987 1412732823.56
5.17735649801 1412732824.09
4.94295458331 1412732824.6
4.75276810406 1412732825.13
4.10153955383 1412732825.64
4.3961449053 1412732826.16
3.99755695408 1412732826.68
4.09599847692 1412732827.2
3.91050555092 1412732827.7
4.0537398936 1412732828.2
3.84629350567 1412732828.74
3.91779394116 1412732829.24
3.77548672347 1412732829.75
3.83386999703 1412732830.27
3.71652880838 1412732830.81
3.78993342391 1412732831.32
3.70083927288 1412732831.8
3.76617169321 1412732832.32
3.6308376716 1412732832.83
3.65387603756 1412732833.34
3.60711569212 1412732833.85
3.62670191869 1412732834.36
3.5399295097 1412732834.85
3.54935788565 1412732835.39
3.47290812618 1412732835.87
3.50426880052 1412732836.33
3.4139961238 1412732836.84
3.44339447128 1412732837.33
3.37595537179 1412732837.87
3.41787184864 1412732838.38
3.34357967213 1412732838.89
3.38972919948 1412732839.39
3.2851805212 1412732839.9
3.28402766103 1412732840.41
3.21537289537 1412732840.93
3.23251522769 1412732841.41
3.16777836394 1412732841.9
3.21213972185 1412732842.37
3.14783021438 1412732842.86
3.11206885685 1412732843.35
3.09975939935 1412732843.86
3.06560717541 1412732844.38
3.01079384691 1412732844.89
3.02565042926 1412732845.38
2.98341439446 1412732845.89
2.9510230142 1412732846.37
2.94618467737 1412732846.87
2.95898916287 1412732847.36
2.8766661369 1412732847.83
2.88824186441 1412732848.33
2.79459123745 1412732848.81
2.76461801382 1412732849.32
2.76118894914 1412732849.8
2.74997685605 1412732850.29
2.73889637583 1412732850.79
2.7114247425 1412732851.31
2.71060096471 1412732851.8
2.67921840363 1412732852.29
2.66507749565 1412732852.77
2.6375269878 1412732853.25
2.63565412547 1412732853.77
2.62447782583 1412732854.25
2.59343837916 1412732854.75
2.59663924111 1412732855.24
2.56667617196 1412732855.75
2.54742986712 1412732856.26
2.53215524428 1412732856.73
2.482094507 1412732857.24
2.4914086438 1412732857.7
2.45564279682 1412732858.18
2.40988645484 1412732858.71
2.38631961593 1412732859.2
2.35992103664 1412732859.69
2.33362113909 1412732860.16
2.32759775156 1412732860.65
2.30400826522 1412732861.13
2.29711208178 1412732861.62
2.29859722981 1412732862.1
2.2749333825 1412732862.62
2.27632038343 1412732863.11
2.25307022328 1412732863.61
2.25434040867 1412732864.09
2.2269250815 1412732864.59
2.18540541207 1412732865.1
2.162151041 1412732865.63
2.14163858349 1412732866.14
2.14731537707 1412732866.6
2.11652293688 1412732867.12
2.09784426543 1412732867.59
2.09759565328 1412732868.08
2.08258626141 1412732868.58
2.07737926843 1412732869.06
2.05899106383 1412732869.55
2.05866694649 1412732870.05
2.05326241931 1412732870.55
2.02373239454 1412732871.05
2.00703856216 1412732871.51
2.00600272381 1412732871.99
1.98963898534 1412732872.48
1.98314795054 1412732872.97
1.98694212544 1412732873.45
1.96687141241 1412732873.96
1.95932304999 1412732874.42
1.94069527449 1412732874.94
1.94362193326 1412732875.43
1.94854040523 1412732875.95
1.93921053276 1412732876.43
1.93997610863 1412732876.93
1.922417698 1412732877.41
1.90306053048 1412732877.91
1.90510914294 1412732878.4
1.89141227112 1412732878.87
1.89647062568 1412732879.35
1.89164704246 1412732879.84
1.88580220547 1412732880.33
1.87640274939 1412732880.84
1.87134369342 1412732881.33
1.85275130324 1412732881.81
1.83519422605 1412732882.29
1.82922151762 1412732882.78
1.81689219718 1412732883.28
1.815091281 1412732883.76
1.80306534809 1412732884.27
1.79614756507 1412732884.74
1.79978393674 1412732885.2
1.78305781628 1412732885.69
1.78764058929 1412732886.15
1.7781794383 1412732886.68
1.77406739041 1412732887.17
1.75892459528 1412732887.64
1.76055692246 1412732888.16
1.74574586972 1412732888.66
1.75394537435 1412732889.14
