13.5787946917 1412731781.47
13.3103070399 1412731782.06
13.075754936 1412731782.62
12.8824575702 1412731783.21
12.2234143983 1412731783.8
11.7935149931 1412731784.39
11.7013049582 1412731784.97
11.2111008114 1412731785.54
11.0116529777 1412731786.11
10.7784429801 1412731786.69
10.6686718171 1412731787.28
10.5525418277 1412731787.86
10.4506447995 1412731788.47
10.4627265785 1412731789.07
10.3303810692 1412731789.67
10.2360140793 1412731790.24
10.1287906778 1412731790.83
9.86174813929 1412731791.4
9.91159411375 1412731791.97
9.71223907359 1412731792.51
9.75020282872 1412731793.08
9.86050555215 1412731793.64
9.71844362862 1412731794.22
9.59441581115 1412731794.76
9.59490769274 1412731795.31
9.46616325743 1412731795.87
9.34084097304 1412731796.44
9.36493770783 1412731797.0
9.32001702007 1412731797.55
9.38185407089 1412731798.08
9.42583067992 1412731798.61
9.49215878639 1412731799.17
9.41977848849 1412731799.71
9.29106328443 1412731800.26
9.34681506364 1412731800.8
9.31551783507 1412731801.38
9.21623262754 1412731801.92
9.27261162489 1412731802.46
9.25046389957 1412731803.01
9.24311037184 1412731803.55
9.17979630837 1412731804.12
9.16700574087 1412731804.68
9.27919097191 1412731805.26
9.11070984728 1412731805.83
9.18186708998 1412731806.38
9.233285309 1412731806.94
9.11035618332 1412731807.52
9.13988656259 1412731808.06
9.03563579359 1412731808.61
9.04391879608 1412731809.18
9.01658005339 1412731809.78
9.02097826142 1412731810.35
8.97986030813 1412731810.9
8.9301240488 1412731811.46
8.86508826142 1412731812.01
8.75692593703 1412731812.55
8.69969814448 1412731813.1
8.60996126046 1412731813.68
8.56093166067 1412731814.24
8.47934288942 1412731814.82
8.39604452384 1412731815.35
8.36381740969 1412731815.9
8.27338263259 1412731816.45
8.01484085103 1412731816.99
8.01196960658 1412731817.54
8.04058451598 1412731818.1
7.97159457431 1412731818.65
7.94753309139 1412731819.19
7.9194303927 1412731819.77
7.81789300527 1412731820.34
7.7511712794 1412731820.88
7.66003732894 1412731821.43
7.58179377533 1412731821.98
7.62282732429 1412731822.52
7.54551410669 1412731823.07
7.41355838563 1412731823.6
7.45815981581 1412731824.14
7.50738638715 1412731824.68
7.49047630605 1412731825.22
7.43483658808 1412731825.78
7.45530530852 1412731826.31
7.46694496169 1412731826.86
7.42021125524 1412731827.43
7.42221025512 1412731827.97
7.43687679292 1412731828.54
7.45190101314 1412731829.06
7.49903133274 1412731829.61
7.49602707807 1412731830.18
7.55752031916 1412731830.76
7.5582155804 1412731831.32
7.55461261426 1412731831.84
7.53007592598 1412731832.39
7.4918981912 1412731832.94
7.46815663742 1412731833.48
7.41407820293 1412731834.08
7.3769170021 1412731834.65
7.3390157174 1412731835.23
7.37453271256 1412731835.77
7.3148609974 1412731836.34
7.26795952688 1412731836.9
7.23942382248 1412731837.43
7.19540309288 1412731837.99
7.19821512652 1412731838.52
7.16154269354 1412731839.05
7.21406635208 1412731839.6
7.22004727289 1412731840.16
7.25471473116 1412731840.7
7.19803777876 1412731841.24
7.23302016422 1412731841.76
7.15154252922 1412731842.32
7.27965409226 1412731842.88
7.27082934604 1412731843.42
7.2849358148 1412731843.93
7.29146029748 1412731844.49
7.25611551258 1412731845.05
7.25874124636 1412731845.6
7.26513762801 1412731846.16
7.25946457618 1412731846.67
7.30502640265 1412731847.23
7.31006563955 1412731847.76
7.31553045708 1412731848.29
7.35651628175 1412731848.94
7.35768025876 1412731849.58
7.35801459105 1412731850.15
7.3581449817 1412731850.72
7.35900978884 1412731851.25
7.37649266744 1412731851.81
7.37176970247 1412731852.35
7.37237453085 1412731852.91
7.3750763326 1412731853.47
7.3695814924 1412731854.04
7.36927956446 1412731854.61
7.36843000547 1412731855.17
7.37340950675 1412731855.73
7.37135769744 1412731856.27
7.24549296392 1412731856.81
7.24267801375 1412731857.37
7.2396789327 1412731857.92
7.10999806941 1412731858.48
7.10344408376 1412731859.04
7.09689621027 1412731859.63
7.09485534009 1412731860.2
7.09202814146 1412731860.75
7.0901701486 1412731861.33
7.08456140975 1412731861.91
7.07777584309 1412731862.51
7.06718503948 1412731863.09
7.0598051819 1412731863.69
7.0521779185 1412731864.26
7.04171512494 1412731864.84
7.03324413969 1412731865.41
7.02292562994 1412731866.0
6.98078589903 1412731866.57
7.00360188095 1412731867.13
7.00287119789 1412731867.72
6.99537874098 1412731868.33
6.8853202645 1412731868.88
6.89039536738 1412731869.46
6.88279347498 1412731870.05
6.87300420175 1412731870.61
6.86464141909 1412731871.17
6.85602169384 1412731871.71
6.84518004289 1412731872.28
6.82255379381 1412731872.85
6.81211602402 1412731873.41
6.80383416872 1412731874.0
6.78745438435 1412731874.64
6.76811820137 1412731875.19
6.75579953689 1412731875.76
6.7428204903 1412731876.32
6.76305711284 1412731876.9
6.74981120066 1412731877.48
6.7956813703 1412731878.06
6.78390214582 1412731878.62
6.84974235739 1412731879.21
6.83839301155 1412731879.84
6.82355950819 1412731880.47
6.80860377628 1412731881.02
6.80712521346 1412731881.58
6.79127437842 1412731882.17
6.77228761009 1412731882.75
6.77796039639 1412731883.34
6.77697157288 1412731883.92
6.71034576578 1412731884.48
6.71695833309 1412731885.08
6.72375318908 1412731885.7
6.73207553426 1412731886.28
6.72636356222 1412731886.84
6.72117248129 1412731887.44
6.80813407853 1412731887.96
6.80805413135 1412731888.53
6.81436191992 1412731889.09
6.86184931001 1412731889.7
6.8641379377 1412731890.29
6.78890884313 1412731890.86
6.79440036541 1412731891.45
6.80192135141 1412731892.01
6.79770572077 1412731892.61
6.80142867963 1412731893.17
6.80784941408 1412731893.75
