15.2270261265 1412723947.69
15.2300283797 1412723947.95
14.9978488711 1412723948.23
14.7086362831 1412723948.51
14.5537055144 1412723948.8
14.2038672934 1412723949.11
13.9644128228 1412723949.44
14.3880352927 1412723949.73
14.3409849288 1412723950.01
14.2892418132 1412723950.27
14.3013790096 1412723950.53
14.5947152157 1412723950.87
14.8273434398 1412723951.17
14.9526032042 1412723951.49
14.9965181463 1412723951.78
14.7981703589 1412723952.07
14.9694812033 1412723952.42
15.0139101102 1412723952.75
14.8048151762 1412723953.09
15.021629323 1412723953.48
15.0863537841 1412723953.83
15.1592633089 1412723954.21
15.7598553454 1412723954.54
15.9588854938 1412723954.9
16.2242917077 1412723955.28
16.031275744 1412723955.63
16.1045108223 1412723956.02
16.2045112275 1412723956.44
16.2425052015 1412723956.84
16.3370800446 1412723957.18
16.5620374565 1412723957.52
16.6036246504 1412723957.87
16.6124356964 1412723958.41
16.7306538351 1412723958.78
17.1850733054 1412723959.17
17.3490882775 1412723959.57
17.3352662898 1412723959.92
17.4206266925 1412723960.27
17.1931617166 1412723960.64
17.2367413107 1412723961.02
17.244684713 1412723961.41
17.3013254503 1412723961.76
17.3130790708 1412723962.09
17.1864529807 1412723962.4
17.2122240622 1412723962.75
17.1547268384 1412723963.11
17.1867837027 1412723963.44
17.1535044561 1412723963.77
17.2513667985 1412723964.15
17.0922954714 1412723964.52
17.1293077255 1412723964.84
17.3292689271 1412723965.18
17.5043485023 1412723965.49
17.5292821826 1412723965.85
17.3287048404 1412723966.22
17.5617214253 1412723966.59
17.3571758438 1412723966.93
17.3156295853 1412723967.3
17.4324474566 1412723967.64
17.4963347476 1412723967.98
17.5536018966 1412723968.31
17.5446435199 1412723968.66
17.5348481331 1412723969.05
17.6761187023 1412723969.45
17.670230251 1412723969.86
17.6703245468 1412723970.21
17.7422454438 1412723970.62
17.8346892323 1412723971.02
18.0543210349 1412723971.36
17.866965945 1412723971.71
18.131292821 1412723972.08
17.8813205137 1412723972.46
17.7838488837 1412723973.0
17.8694563806 1412723973.36
17.8703997878 1412723973.74
17.8953922266 1412723974.16
17.7055929958 1412723974.57
17.8864114206 1412723974.95
17.8570245987 1412723975.34
17.8560537889 1412723975.75
17.8729164862 1412723976.12
17.8346752423 1412723976.51
17.8321190165 1412723976.9
17.8290130535 1412723977.34
18.05900464 1412723977.72
18.3043606465 1412723978.08
18.2222940923 1412723978.44
18.2184577856 1412723978.81
18.1283229022 1412723979.19
18.1682908517 1412723979.58
18.305709584 1412723979.94
18.2227968318 1412723980.3
18.3727458017 1412723980.65
18.3805768518 1412723981.01
18.4145274828 1412723981.36
18.9097900331 1412723981.73
18.6976339559 1412723982.07
19.2908858817 1412723982.39
19.3179917906 1412723982.77
19.2539026817 1412723983.13
19.1596628939 1412723983.47
19.1721834052 1412723983.82
19.2507277969 1412723984.15
19.2931796691 1412723984.48
19.2533989351 1412723984.84
19.2918522575 1412723985.17
19.329984505 1412723985.5
19.3679647833 1412723985.89
19.3846966181 1412723986.25
19.5256407332 1412723986.75
19.553944463 1412723987.13
19.6757258264 1412723987.47
19.9436320291 1412723987.83
19.9639068641 1412723988.2
19.7684200788 1412723988.55
19.799766333 1412723988.92
20.2040164494 1412723989.26
20.2439828483 1412723989.59
20.1676425072 1412723989.92
20.1850832432 1412723990.24
19.8511289984 1412723990.57
19.8937000437 1412723990.91
19.8716093859 1412723991.36
19.9136707699 1412723991.81
19.8914287465 1412723992.18
19.9330974353 1412723992.54
19.9107732433 1412723992.9
19.9519130846 1412723993.27
19.9998271553 1412723993.63
19.9699604045 1412723994.0
20.017256636 1412723994.39
19.9875502052 1412723994.75
20.0342173059 1412723995.13
20.0146172046 1412723995.45
19.9831267159 1412723995.81
20.3073210551 1412723996.18
20.2902862412 1412723996.54
20.2863815219 1412723996.87
20.5840812651 1412723997.22
20.2769423597 1412723997.67
20.3089309755 1412723998.12
20.2977070566 1412723998.49
20.627686004 1412723998.85
20.3223074269 1412723999.23
20.6835384133 1412723999.62
20.4183796896 1412724000.01
20.4199496551 1412724000.37
20.3995273196 1412724000.74
20.418075932 1412724001.13
20.3962958751 1412724001.53
20.4376553336 1412724001.88
20.3948719248 1412724002.26
20.4364676366 1412724002.64
20.453403723 1412724003.01
20.4514886758 1412724003.35
20.5430095243 1412724003.7
20.5515347555 1412724004.04
20.459803694 1412724004.41
20.4723549719 1412724004.75
20.3835464899 1412724005.09
20.4958613914 1412724005.43
20.4079155957 1412724005.76
20.5928639384 1412724006.14
20.6033202769 1412724006.51
20.5742464426 1412724006.85
20.3422729755 1412724007.21
20.6021199945 1412724007.59
20.5887519343 1412724007.96
20.6186964964 1412724008.35
20.5887250747 1412724008.74
20.4550020599 1412724009.12
20.4788918491 1412724009.48
20.4803171127 1412724009.86
20.5085699978 1412724010.25
20.6913324518 1412724010.64
21.0213809464 1412724011.03
21.0893436538 1412724011.39
21.1615491189 1412724011.78
21.2336056478 1412724012.13
21.3059839014 1412724012.49
21.2745254664 1412724012.87
21.0888803719 1412724013.22
21.4376600143 1412724013.58
21.2537396081 1412724013.96
21.771965917 1412724014.34
22.209070768 1412724014.72
22.2368550345 1412724015.06
21.9160575329 1412724015.43
22.2751078022 1412724015.8
21.9582646678 1412724016.21
22.5366341846 1412724016.66
22.0284596153 1412724016.97
22.6882558409 1412724017.34
22.9008503444 1412724017.7
23.0242132234 1412724018.05
23.1154432608 1412724018.4
23.2095245628 1412724018.77
23.0724437015 1412724019.12
23.1513767329 1412724019.53
23.0820863539 1412724019.98
