12.1037953528 1412753184.99
11.5384843235 1412753186.37
11.3918736732 1412753187.76
11.3697588177 1412753189.13
11.3945295822 1412753190.52
11.1900473715 1412753191.9
10.9213659383 1412753193.28
10.7453547025 1412753194.65
10.4422857468 1412753195.98
10.117839722 1412753197.36
9.81826282375 1412753198.7
9.58189611974 1412753200.05
9.39217088618 1412753201.37
9.32961313779 1412753202.72
9.12689034136 1412753204.05
8.88384007292 1412753205.4
8.82032556764 1412753206.72
8.65644715505 1412753208.05
8.46653060956 1412753209.37
8.42446359742 1412753210.73
8.1842806482 1412753212.05
8.12906236749 1412753213.34
7.70875220095 1412753214.63
7.55468880973 1412753215.94
7.68359493305 1412753217.23
7.77641489624 1412753218.57
6.93646322728 1412753219.91
6.57734880029 1412753221.16
6.18491205197 1412753222.49
6.20058699743 1412753223.82
5.94241114207 1412753225.16
5.87823191121 1412753226.44
5.56223496169 1412753227.74
5.54983195362 1412753229.09
5.36877344712 1412753230.42
5.30996789897 1412753231.78
5.29720000891 1412753233.09
5.1216821946 1412753234.41
5.13050386704 1412753235.69
5.23193598589 1412753237.0
5.08565195177 1412753238.3
5.07163549826 1412753239.61
5.10771028024 1412753240.94
5.04467207423 1412753242.27
4.92335365001 1412753243.55
4.82136925784 1412753244.9
4.84946556345 1412753246.18
4.79001159832 1412753247.48
4.79227220893 1412753248.84
4.7337491705 1412753250.17
4.70409879847 1412753251.49
4.66422880783 1412753252.8
4.56273382579 1412753254.13
4.50992528577 1412753255.45
4.55279073752 1412753256.76
4.59047827709 1412753258.11
4.43905547502 1412753259.49
4.46273365276 1412753260.82
4.46285045683 1412753262.14
4.52709449155 1412753263.54
4.57399623735 1412753264.9
4.42399463702 1412753266.28
4.32494342461 1412753267.69
4.30656782456 1412753269.12
4.30672334166 1412753270.55
4.25566428184 1412753271.94
4.17422552927 1412753273.36
4.16060887949 1412753274.81
4.08829898734 1412753276.27
4.03899103391 1412753277.69
4.01784441303 1412753279.17
4.00057438177 1412753280.56
4.01264988088 1412753281.97
4.02167430724 1412753283.38
4.01137886043 1412753284.8
3.98177348769 1412753286.23
3.93217072365 1412753287.69
3.8786900453 1412753289.15
3.87951350122 1412753290.58
3.87669670883 1412753292.02
3.867458011 1412753293.46
3.85856448423 1412753294.93
3.87370044964 1412753296.39
3.86184652931 1412753297.82
3.81380870973 1412753299.25
3.80823382496 1412753300.67
3.81218441077 1412753302.1
3.77328710519 1412753303.55
3.72247402188 1412753304.99
3.66885146492 1412753306.49
3.67432660301 1412753307.99
3.70511665719 1412753309.42
3.6376895149 1412753310.89
3.64649827077 1412753312.4
3.64447282092 1412753313.91
3.64919745182 1412753315.44
3.64743657874 1412753316.93
3.64319280832 1412753318.46
3.63809628922 1412753320.03
3.63470310652 1412753321.57
3.54289092618 1412753323.06
3.56278788985 1412753324.56
3.55275230006 1412753326.08
3.5664953938 1412753327.58
3.56252586517 1412753329.06
3.55949094682 1412753330.62
3.51863074102 1412753332.12
3.52553311239 1412753333.64
3.47738818277 1412753335.19
3.48781017588 1412753336.76
3.47082300937 1412753338.3
3.40717602123 1412753339.84
3.41633138357 1412753341.38
3.39425192578 1412753342.95
3.40004643062 1412753344.49
3.39182488486 1412753346.01
3.39786282071 1412753347.53
3.40063416809 1412753349.06
3.40629910704 1412753350.64
3.39626837614 1412753352.13
3.41411246055 1412753353.74
3.39856372508 1412753355.33
3.39433344658 1412753356.9
3.36014943134 1412753358.53
3.40680815769 1412753360.11
3.39619695355 1412753361.6
3.39694301362 1412753363.04
3.3839030526 1412753364.57
3.36416077597 1412753366.04
3.33898437743 1412753367.42
3.30988727502 1412753368.8
3.25001976378 1412753370.21
3.21818187119 1412753371.59
3.14220429551 1412753372.98
3.15058302807 1412753374.37
3.11361839684 1412753375.77
3.06718865101 1412753377.19
3.06334991593 1412753378.56
3.06039584568 1412753379.93
3.05391237697 1412753381.28
3.02317916511 1412753382.67
3.06985909191 1412753384.0
3.01029570637 1412753385.37
3.04877756094 1412753386.72
3.02469441865 1412753388.08
3.02436407311 1412753389.42
3.01483841743 1412753390.76
2.99147385616 1412753392.11
2.96554676114 1412753393.46
2.98108148172 1412753394.8
2.95316916882 1412753396.14
2.92768643534 1412753397.45
2.86923754342 1412753398.78
2.84388323423 1412753400.13
2.87416562437 1412753401.51
2.87600056375 1412753402.89
2.93427188403 1412753404.25
2.92960669255 1412753405.63
2.90405119239 1412753406.99
2.90570687029 1412753408.36
2.89613814803 1412753409.71
2.9069304247 1412753411.08
2.85107367845 1412753412.42
2.84124785958 1412753413.75
2.83377726286 1412753415.09
2.81305425129 1412753416.42
2.85417721777 1412753417.78
2.89471366155 1412753419.13
2.8978254738 1412753420.48
2.86776148201 1412753421.82
2.86288989315 1412753423.12
2.86375349964 1412753424.42
2.85009518639 1412753425.75
2.8464871234 1412753427.07
2.83573846516 1412753428.41
2.8321167011 1412753429.84
2.82452712363 1412753431.23
2.82093637459 1412753432.63
2.81740102857 1412753433.95
2.80856632173 1412753435.32
2.80319235797 1412753436.63
2.82633245171 1412753437.99
2.86423554268 1412753439.43
2.85835081302 1412753440.83
2.90590223464 1412753442.22
2.96097258051 1412753443.5
2.96300149169 1412753444.83
2.96102887652 1412753446.17
2.95979081172 1412753447.55
2.94912969161 1412753448.85
2.94673843336 1412753450.15
2.96699638902 1412753451.49
2.96382657401 1412753452.82
2.99593008544 1412753454.15
2.98126722962 1412753455.47
2.98002352057 1412753456.79
2.99185861571 1412753458.09
2.97710235469 1412753459.47
2.98812446958 1412753460.75
2.98235992789 1412753462.04
