9.77087973103 1412737929.48
9.98333153243 1412737930.48
10.1545980663 1412737931.51
10.3612438488 1412737932.52
10.6888678823 1412737933.58
10.9972618384 1412737934.6
11.1901749529 1412737935.54
11.356971147 1412737936.5
11.6772565918 1412737937.43
11.7318155317 1412737938.4
11.8009749866 1412737939.36
11.993039691 1412737940.33
11.9616716548 1412737941.29
11.9940926857 1412737942.29
12.1861618763 1412737943.23
12.2107959784 1412737944.17
12.2236292828 1412737945.1
12.2071376958 1412737946.09
12.1815118976 1412737946.98
12.2588176557 1412737947.93
12.2567349044 1412737948.91
12.2811274974 1412737949.86
12.1659046234 1412737950.86
12.1381694528 1412737951.84
12.1331584669 1412737952.84
12.1973021137 1412737953.86
12.2177754111 1412737954.88
12.2355829049 1412737955.92
12.1869182127 1412737956.96
12.2036179852 1412737958.01
12.2011768533 1412737959.05
12.1756614772 1412737960.09
12.3112655622 1412737961.26
12.2939325101 1412737962.33
12.1779779259 1412737963.37
12.1213981379 1412737964.44
12.0076652245 1412737965.52
11.9159104925 1412737966.62
11.9470851462 1412737967.72
11.8756447742 1412737968.75
11.7567786634 1412737969.84
11.7442784796 1412737970.94
11.541857356 1412737972.12
11.4659391143 1412737973.33
11.404212712 1412737974.41
11.3347049593 1412737975.52
11.2479976605 1412737976.6
11.1194309343 1412737977.67
11.0106177166 1412737978.77
10.9499148545 1412737979.84
10.9073084752 1412737980.93
10.9605666647 1412737981.97
10.8888092163 1412737983.14
10.8423954356 1412737984.24
10.7563390444 1412737985.35
10.6675180637 1412737986.46
10.6041322502 1412737987.54
10.4227146371 1412737988.63
10.3206930663 1412737989.7
10.1243225783 1412737990.74
9.92755433323 1412737991.8
9.80392906426 1412737992.85
9.73717083494 1412737993.94
9.72629099134 1412737994.97
9.5261312245 1412737996.07
9.47499991002 1412737997.16
9.28274171954 1412737998.19
9.15168450839 1412737999.21
8.97743035952 1412738000.26
8.94334518227 1412738001.27
8.82356312525 1412738002.31
8.77362874146 1412738003.39
8.65678185834 1412738004.43
8.60113444114 1412738005.47
8.44625636808 1412738006.49
8.51516781103 1412738007.52
8.33911783156 1412738008.55
8.30819054987 1412738009.62
8.19188698965 1412738010.63
8.19899058443 1412738011.66
8.25619701393 1412738012.71
8.13923523414 1412738013.77
8.16064820271 1412738014.79
8.07175910049 1412738015.87
8.06654557905 1412738016.93
7.94836912025 1412738017.93
7.94544615927 1412738018.91
7.8731170899 1412738019.93
7.85990697843 1412738021.0
7.72484060341 1412738022.03
7.67638859182 1412738023.09
7.58967799536 1412738024.12
7.63077925906 1412738025.13
7.72466815252 1412738026.2
7.60380597041 1412738027.24
7.60131936788 1412738028.31
7.48235520669 1412738029.34
7.45021038782 1412738030.41
7.32020749884 1412738031.42
7.34958590681 1412738032.42
7.25272867664 1412738033.42
7.25348343654 1412738034.45
7.30216144522 1412738035.48
7.13085441759 1412738036.55
7.04162201509 1412738037.58
7.05432938405 1412738038.62
7.01076176801 1412738039.68
7.02981468357 1412738040.76
6.89997666349 1412738041.81
6.87324436205 1412738042.84
6.86600788482 1412738043.9
6.82846052697 1412738044.95
6.72143105697 1412738045.96
6.66542376146 1412738046.98
6.58553319828 1412738048.0
6.55753852717 1412738049.05
6.5076805373 1412738050.07
6.460155546 1412738051.11
6.40376579963 1412738052.11
6.3435517998 1412738053.15
6.31081770146 1412738054.21
6.25212267051 1412738055.25
6.17552781946 1412738056.32
6.15222588986 1412738057.34
6.11321134498 1412738058.35
6.0285629365 1412738059.39
6.03640562459 1412738060.41
5.98789476201 1412738061.46
5.91351405424 1412738062.44
5.88038651997 1412738063.49
5.89014487639 1412738064.5
5.8292578664 1412738065.53
5.65740704237 1412738066.54
5.62485533513 1412738067.59
5.58627179741 1412738068.64
5.581881707 1412738069.67
5.5629156913 1412738070.71
5.60271881418 1412738071.76
5.62745692863 1412738072.85
5.63414798885 1412738073.89
5.65903415436 1412738074.96
5.66006700483 1412738076.02
5.64176733097 1412738077.1
5.64506940099 1412738078.19
5.6600891117 1412738079.26
5.5648295715 1412738080.36
5.56435897134 1412738081.46
5.59892426597 1412738082.56
5.52215295124 1412738083.65
5.47022168135 1412738084.71
5.43190576024 1412738085.77
5.38029177084 1412738086.82
5.38602700265 1412738087.89
5.4027285566 1412738089.01
5.37715919233 1412738090.08
5.30894731676 1412738091.17
5.25789703337 1412738092.23
5.26815985463 1412738093.28
5.2031978624 1412738094.38
5.18408843587 1412738095.48
5.1547711414 1412738096.56
5.09053582734 1412738097.63
5.12230349145 1412738098.72
5.10942665113 1412738099.84
5.06190151861 1412738100.95
5.05526255733 1412738102.02
5.05277712586 1412738103.13
5.01549668456 1412738104.22
5.00598051164 1412738105.33
4.94361192107 1412738106.39
4.96280526373 1412738107.47
4.91672445663 1412738108.55
4.92466045085 1412738109.62
4.92056968685 1412738110.69
4.91341626424 1412738111.74
4.89988989816 1412738112.75
4.86548725071 1412738113.81
4.88262254679 1412738114.88
4.86323030301 1412738115.92
4.8481265408 1412738116.97
4.87250271068 1412738118.03
4.85309048915 1412738119.11
4.81805931965 1412738120.18
4.81885207868 1412738121.31
4.82403976097 1412738122.36
4.79644770501 1412738123.47
4.74619045082 1412738124.58
4.7123919016 1412738125.68
4.68120344416 1412738126.75
4.67545893188 1412738127.86
4.65113353648 1412738128.94
4.65666021724 1412738130.01
4.6494776164 1412738131.09
4.62996814552 1412738132.17
4.64070828196 1412738133.24
4.62132069738 1412738134.34
4.63210723308 1412738135.42
4.61516791161 1412738136.48
4.6219272904 1412738137.52
4.62403098684 1412738138.6
