16.8006797116 1412741152.52
16.1209723925 1412741153.55
15.4983098043 1412741154.55
15.4442837302 1412741155.5
14.847310225 1412741156.5
14.215156058 1412741157.52
14.0750419196 1412741158.49
13.865810868 1412741159.45
13.1928753362 1412741160.42
12.4631088169 1412741161.37
11.6619135551 1412741162.38
11.3416667466 1412741163.34
11.3474695125 1412741164.26
11.0346543589 1412741165.23
10.9149132835 1412741166.18
10.7210537786 1412741167.13
10.6194613446 1412741168.08
10.5325934745 1412741169.03
10.487038824 1412741169.95
10.338928827 1412741170.93
10.1017968969 1412741171.89
9.95721084028 1412741172.82
9.74219250838 1412741173.72
9.48247369635 1412741174.64
9.29316474829 1412741175.56
9.19721952309 1412741176.53
9.13898367755 1412741177.44
9.10563023327 1412741178.36
9.13030324964 1412741179.28
9.02544260296 1412741180.19
9.01237660123 1412741181.15
9.11378258492 1412741182.06
9.156416729 1412741182.98
9.13595910084 1412741183.92
9.04912661344 1412741184.85
9.02862680212 1412741185.79
9.08678199318 1412741186.75
9.01373517389 1412741187.66
9.00454245167 1412741188.55
8.99700839921 1412741189.48
8.97576846693 1412741190.38
8.8047613951 1412741191.3
8.72293947854 1412741192.24
8.63302517486 1412741193.16
8.57714805438 1412741194.09
8.40091277963 1412741195.04
8.40211152376 1412741195.98
8.27620415259 1412741196.94
8.16315330606 1412741197.85
7.96907841979 1412741198.78
7.62945269934 1412741199.7
7.39924442426 1412741200.63
7.14314559461 1412741201.58
6.9780110486 1412741202.49
6.96840320651 1412741203.4
6.84803909098 1412741204.33
6.88742231032 1412741205.23
6.82910587663 1412741206.17
6.74872636652 1412741207.1
6.71692523184 1412741207.98
6.74446043217 1412741208.95
6.65457459192 1412741209.87
6.66656402726 1412741210.74
6.62867294087 1412741211.64
6.62590927614 1412741212.56
6.57630225956 1412741213.48
6.40184426385 1412741214.39
6.39196673918 1412741215.36
6.38131884545 1412741216.27
6.30856380262 1412741217.24
6.22389798726 1412741218.16
6.19125316832 1412741219.11
6.13160838278 1412741220.08
6.14004086037 1412741221.02
6.13317465965 1412741221.96
6.13043791187 1412741222.88
6.20300618892 1412741223.88
6.19734499643 1412741224.86
6.2394751146 1412741225.8
6.17527964967 1412741226.79
6.22349747223 1412741227.76
6.19067089948 1412741228.73
6.218558002 1412741229.76
6.16287131524 1412741230.77
6.19780175299 1412741231.74
6.13465673844 1412741232.69
6.07198864501 1412741233.67
5.97703139133 1412741234.65
5.94762689346 1412741235.61
5.95357842003 1412741236.59
5.9550965964 1412741237.56
5.9851842093 1412741238.53
5.98964650295 1412741239.55
5.98881473642 1412741240.57
5.9419752852 1412741241.55
5.93948881193 1412741242.52
5.89599328011 1412741243.47
5.89966617402 1412741244.45
5.91176402961 1412741245.44
5.83792746534 1412741246.46
5.75306625129 1412741247.48
5.70728353953 1412741248.49
5.71123997401 1412741249.52
5.67936976749 1412741250.49
5.69596907225 1412741251.51
5.642666331 1412741252.5
5.60769921702 1412741253.54
5.56765636418 1412741254.5
5.55553428594 1412741255.5
5.50091780224 1412741256.5
5.46723852001 1412741257.47
5.47998594457 1412741258.47
5.43677398446 1412741259.46
5.42607404717 1412741260.47
5.43969566939 1412741261.48
5.46059138492 1412741262.46
5.44060277805 1412741263.53
5.43363010216 1412741264.53
5.40354188601 1412741265.56
5.41465771855 1412741266.55
5.39892879229 1412741267.56
5.3748006666 1412741268.56
5.38933838296 1412741269.57
5.33607529966 1412741270.57
5.30779542498 1412741271.62
5.30008116032 1412741272.64
5.28794794399 1412741273.7
5.27545402449 1412741274.78
5.32329564441 1412741275.83
5.32859519569 1412741276.94
5.33535817869 1412741278.02
5.34700585163 1412741279.08
5.35685426127 1412741280.1
5.38212446548 1412741281.19
5.39209017633 1412741282.25
5.37096374786 1412741283.3
5.42099671017 1412741284.4
5.41377682883 1412741285.49
5.39032547238 1412741286.6
5.40157011637 1412741287.68
5.35806165758 1412741288.73
5.37618609337 1412741289.78
5.35444610382 1412741290.81
5.37309730008 1412741291.87
5.33649622758 1412741292.98
5.32726167636 1412741294.04
5.36080191897 1412741295.07
5.36236712582 1412741296.15
5.36226178191 1412741297.24
5.36441861501 1412741298.36
5.36433522194 1412741299.48
5.40522698348 1412741300.58
5.33196781788 1412741301.7
5.33760796939 1412741302.77
5.33275668989 1412741303.89
5.31798770215 1412741305.04
5.30612249413 1412741306.13
5.39599310608 1412741307.24
5.35383808319 1412741308.36
5.33862436125 1412741309.44
5.29135353875 1412741310.5
5.26073980528 1412741311.65
5.23198255465 1412741312.76
5.26491537071 1412741313.88
5.26610218252 1412741315.01
5.24845765776 1412741316.11
5.18539191985 1412741317.28
5.17038670728 1412741318.44
5.13924246588 1412741319.57
5.10727305033 1412741320.71
5.08645017324 1412741321.83
5.06991918937 1412741322.96
5.06183230585 1412741324.07
5.02684691389 1412741325.19
4.9463228019 1412741326.34
4.9279338909 1412741327.49
4.91863467538 1412741328.62
4.9094840573 1412741329.73
4.90418852821 1412741330.92
4.88441720397 1412741332.08
4.88088708594 1412741333.16
4.86429264122 1412741334.27
4.90105513554 1412741335.36
4.86693104106 1412741336.47
4.8496786923 1412741337.66
4.82254737077 1412741338.78
4.79618791533 1412741339.95
4.80322251229 1412741341.11
4.80039457902 1412741342.32
4.78923848641 1412741343.57
4.76810926589 1412741344.75
4.70068064258 1412741345.94
4.67886299392 1412741347.11
4.69487365916 1412741348.29
4.69167808401 1412741349.49
4.73148569816 1412741350.71
4.76200730219 1412741351.91
4.73923214584 1412741353.12
4.76883549217 1412741354.35
4.73418429738 1412741355.58
