18.3051209669 1412728749.32
17.4842391775 1412728749.95
17.0940056231 1412728750.6
16.6588969936 1412728751.23
16.4084547245 1412728751.87
17.0013827712 1412728752.5
17.4287120139 1412728753.14
17.9042440327 1412728753.77
17.9045059512 1412728754.43
17.7587617826 1412728755.08
17.3797576873 1412728755.69
16.9279249495 1412728756.33
16.9851020602 1412728756.94
17.4300027155 1412728757.59
16.4241896638 1412728758.17
16.9211794126 1412728758.83
17.7230199843 1412728759.5
18.4678034634 1412728760.17
18.2940573385 1412728760.82
18.2448279862 1412728761.45
18.3559600513 1412728762.08
18.4645893512 1412728762.69
18.4626382344 1412728763.32
18.4040297187 1412728763.92
18.3337157899 1412728764.54
18.4183968575 1412728765.14
18.4263368626 1412728765.74
18.4999813474 1412728766.33
18.2978099977 1412728766.91
18.1614279484 1412728767.5
18.0645169987 1412728768.07
18.0751131219 1412728768.67
18.1364385776 1412728769.31
18.1882836376 1412728770.01
18.222727808 1412728770.66
18.3705237806 1412728771.27
18.5192471561 1412728771.87
18.6125898372 1412728772.4
18.7091041866 1412728772.94
18.8629605306 1412728773.54
19.1435176592 1412728774.12
18.8610779413 1412728774.7
16.7468653171 1412728775.3
14.4480563353 1412728775.96
15.1572663549 1412728776.53
15.9335723799 1412728777.12
12.8973109095 1412728777.68
11.899965949 1412728778.26
11.1485255066 1412728778.87
10.4932836434 1412728779.47
9.49058014681 1412728780.07
8.99883556446 1412728780.62
9.2489885174 1412728781.18
9.55384964316 1412728781.78
9.86405277843 1412728782.3
10.2612187975 1412728782.9
10.0716959208 1412728783.47
9.28154455178 1412728784.03
9.14785777806 1412728784.65
9.13168471619 1412728785.25
9.10062865819 1412728785.88
9.11069919276 1412728786.48
9.34661352713 1412728787.09
9.86751362252 1412728787.72
9.52048725273 1412728788.37
9.53427242069 1412728788.98
10.133868677 1412728789.59
9.64770879368 1412728790.17
10.148581197 1412728790.74
9.72812437966 1412728791.3
9.54213601934 1412728791.9
9.90313178682 1412728792.49
9.46077910787 1412728793.07
9.84190035439 1412728793.69
9.57142363324 1412728794.26
10.0012046025 1412728794.86
9.54425761599 1412728795.41
9.38823770202 1412728795.96
9.589392925 1412728796.58
9.41775819284 1412728797.19
9.05315621098 1412728797.79
9.17586531197 1412728798.39
9.19686471568 1412728799.02
9.04832710385 1412728799.63
8.81609450413 1412728800.23
8.69985954524 1412728800.82
8.6125005926 1412728801.43
8.34275092754 1412728802.04
8.42723553499 1412728802.65
8.58030891448 1412728803.28
8.47111490702 1412728803.91
8.60539131166 1412728804.54
8.52030229406 1412728805.18
8.42254967127 1412728805.81
8.54334774829 1412728806.41
8.19030780718 1412728806.98
8.33765841733 1412728807.6
8.23966663105 1412728808.21
8.35164046348 1412728808.79
8.24566350008 1412728809.43
8.37278848187 1412728810.03
8.16264252876 1412728810.65
8.40655154729 1412728811.24
8.10627987883 1412728811.8
8.20356005565 1412728812.38
8.31178356553 1412728812.98
8.42468923388 1412728813.55
8.5105479633 1412728814.13
8.25851464567 1412728814.73
8.33027993999 1412728815.36
8.40465196095 1412728815.98
8.45562882257 1412728816.57
8.50077490167 1412728817.16
8.49112947302 1412728817.77
8.43829978166 1412728818.38
8.42626832505 1412728818.93
8.39884992511 1412728819.52
8.3595349607 1412728820.11
8.31533349951 1412728820.67
8.25907475034 1412728821.27
7.95728648374 1412728821.87
7.89889853587 1412728822.47
7.84893326483 1412728823.07
7.7474019604 1412728823.67
7.57018874405 1412728824.27
7.50593567151 1412728824.87
7.42587270829 1412728825.46
7.39371847234 1412728826.07
7.27188896749 1412728826.66
7.13281118899 1412728827.29
7.16532321483 1412728827.91
6.96529377911 1412728828.54
6.97435193589 1412728829.15
7.14077515369 1412728829.76
7.03032150263 1412728830.34
6.93311724848 1412728830.94
7.03570293387 1412728831.57
6.93348655967 1412728832.22
6.93285583204 1412728832.87
7.04073898018 1412728833.5
6.95271228684 1412728834.13
7.02425085954 1412728834.7
7.09478844619 1412728835.3
7.08851772582 1412728835.89
7.15938820159 1412728836.49
6.66340116672 1412728837.07
6.49942720103 1412728837.68
6.62986615769 1412728838.27
6.69445892894 1412728838.85
6.79469450471 1412728839.44
6.82479686103 1412728840.04
6.88611422447 1412728840.61
6.96008728786 1412728841.18
7.01409607474 1412728841.78
6.970848867 1412728842.34
6.90743771935 1412728842.92
6.98080826051 1412728843.53
6.93413147894 1412728844.14
6.89817442534 1412728844.73
6.93967662597 1412728845.3
6.85412350159 1412728845.89
6.89582263467 1412728846.45
6.97768795429 1412728847.02
6.94437800556 1412728847.63
6.91018221407 1412728848.21
6.65368850685 1412728848.86
6.71742314864 1412728849.45
6.6420309705 1412728850.07
6.46347338464 1412728850.65
6.44230500493 1412728851.25
6.42636338483 1412728851.86
6.43163370225 1412728852.43
6.40059433236 1412728853.05
6.21545073791 1412728853.64
6.40947565442 1412728854.28
6.2234982184 1412728854.89
6.26545464548 1412728855.49
6.24059833586 1412728856.08
6.28145759416 1412728856.69
6.26194449562 1412728857.26
6.27665559409 1412728857.88
6.32763155826 1412728858.51
6.3329312553 1412728859.1
6.31726862975 1412728859.73
6.24575816441 1412728860.33
6.33060518889 1412728860.94
6.30607876933 1412728861.52
6.15810239027 1412728862.12
6.35542737844 1412728862.74
6.2036548771 1412728863.35
6.03655969737 1412728863.95
6.01097302015 1412728864.55
5.99542825507 1412728865.17
6.02467755988 1412728865.77
6.02695779847 1412728866.36
6.05893942996 1412728866.95
5.94125783241 1412728867.56
5.93416645905 1412728868.19
5.91779447773 1412728868.84
5.93761361 1412728869.45
