5.54284468718 1412724452.71
5.55298727237 1412724452.96
5.65647293877 1412724453.24
5.36845307407 1412724453.48
5.2511100813 1412724453.75
5.04095902732 1412724454.01
4.84132609924 1412724454.26
4.75492651166 1412724454.51
4.51814125962 1412724454.77
4.3730318988 1412724455.02
4.21771165634 1412724455.27
4.06070212603 1412724455.52
3.92695976015 1412724455.78
4.01369759023 1412724456.01
3.96940627603 1412724456.26
4.0354376966 1412724456.51
4.08266757841 1412724456.82
4.06385712947 1412724457.15
4.01986339519 1412724457.44
4.02051039842 1412724457.7
4.06756375583 1412724458.1
4.07886658828 1412724458.43
4.06836196079 1412724458.74
3.95691299421 1412724459.06
3.72484160494 1412724459.41
3.5801716645 1412724459.69
3.37464886479 1412724459.95
3.30654444628 1412724460.27
3.26538340299 1412724460.56
3.05345134814 1412724460.82
2.97107797143 1412724461.06
2.78669894533 1412724461.31
2.69421489957 1412724461.58
2.67331937565 1412724461.86
2.54882017003 1412724462.13
2.57564544156 1412724462.38
2.59991390241 1412724462.66
2.56780721905 1412724462.94
2.55895377957 1412724463.21
2.52611207328 1412724463.46
2.54117931597 1412724463.86
2.50848068076 1412724464.15
2.4950094304 1412724464.41
2.47737377973 1412724464.66
2.45612491443 1412724464.92
2.46433963872 1412724465.18
2.45488994763 1412724465.43
2.44902453825 1412724465.71
2.4442083001 1412724466.0
2.43965878091 1412724466.27
2.4059603032 1412724466.54
2.38115415978 1412724466.81
2.42584809112 1412724467.08
2.42639023361 1412724467.37
2.42390917623 1412724467.75
2.42318379747 1412724468.16
2.42323797392 1412724468.5
2.37500208727 1412724468.84
2.3594115029 1412724469.22
2.27192655319 1412724469.56
2.27227227164 1412724469.87
2.27004795385 1412724470.17
2.26866010526 1412724470.42
2.24236653154 1412724470.72
2.22435615785 1412724470.98
2.14865903257 1412724471.23
2.14892974075 1412724471.49
2.11641307268 1412724471.75
2.10270893862 1412724472.01
2.08462458979 1412724472.29
2.06148490215 1412724472.55
2.06820364743 1412724472.82
2.04425409454 1412724473.08
2.0469186565 1412724473.32
2.03523156875 1412724473.57
1.93766014442 1412724473.83
1.94618876042 1412724474.1
1.89177161448 1412724474.36
1.93006950538 1412724474.6
1.93716625218 1412724474.86
1.94840211768 1412724475.12
1.96195241493 1412724475.37
1.97687532277 1412724475.63
1.9349850035 1412724475.88
1.96995227214 1412724476.11
1.92529967553 1412724476.37
1.89641194972 1412724476.62
1.91634650455 1412724476.89
1.89800211189 1412724477.13
1.78860012953 1412724477.39
1.81088195524 1412724477.62
1.83209882008 1412724477.89
1.85287938054 1412724478.11
1.87131626312 1412724478.36
1.84369813311 1412724478.59
1.86159286237 1412724478.84
1.83302430214 1412724479.09
1.85506844072 1412724479.32
1.80198675906 1412724479.62
1.81848857467 1412724479.85
1.7992928506 1412724480.1
1.76703798375 1412724480.38
1.72129168351 1412724480.63
1.6906879997 1412724480.89
1.6870276241 1412724481.12
1.65052402411 1412724481.37
1.67598761808 1412724481.61
1.64545915719 1412724481.86
1.66776172117 1412724482.14
1.6767858315 1412724482.39
1.68207838406 1412724482.62
1.64495637042 1412724482.88
1.64591732753 1412724483.11
1.63958976558 1412724483.37
1.61124907158 1412724483.61
1.61445282968 1412724483.85
1.54907257003 1412724484.1
1.53760023209 1412724484.37
1.52616999644 1412724484.62
1.51485354966 1412724484.87
1.50366448431 1412724485.11
1.53117793194 1412724485.36
1.5312853569 1412724485.63
1.52174525408 1412724485.88
1.51229961333 1412724486.13
1.50412703871 1412724486.37
1.49516616406 1412724486.6
1.48564921216 1412724486.85
1.47647659296 1412724487.1
1.46736275119 1412724487.36
1.45838815595 1412724487.63
1.44550337038 1412724487.87
1.50639031849 1412724488.13
1.44191584012 1412724488.49
1.44033877227 1412724488.81
1.42946986367 1412724489.11
1.42713147842 1412724489.34
1.47192881569 1412724489.61
1.45810181422 1412724489.85
1.45384960311 1412724490.11
1.47844645856 1412724490.37
1.39536469166 1412724490.61
1.38901603687 1412724490.87
1.38394534104 1412724491.15
1.37021242215 1412724491.39
1.3553364889 1412724491.66
1.34237764732 1412724491.92
1.32847134079 1412724492.19
1.34387416013 1412724492.44
1.32467969742 1412724492.67
1.35145469478 1412724492.94
1.21687384396 1412724493.23
1.19948384952 1412724493.49
1.1812860657 1412724493.71
1.14631596757 1412724493.96
1.14122161193 1412724494.21
1.15564040957 1412724494.47
1.16674137288 1412724494.74
1.14675202995 1412724495.0
1.14898758556 1412724495.23
1.14641457568 1412724495.48
1.14411978011 1412724495.74
1.14207176885 1412724495.98
1.14006010226 1412724496.23
1.13818727691 1412724496.5
1.15191833129 1412724496.77
1.13064164841 1412724497.01
1.13421820885 1412724497.26
1.20119610527 1412724497.51
1.20592574232 1412724497.75
1.23053130205 1412724498.01
1.2310253724 1412724498.24
1.13809137863 1412724498.49
1.13849957493 1412724498.76
1.13757059081 1412724499.03
1.13577032214 1412724499.28
1.10171081812 1412724499.51
1.17550694684 1412724499.76
1.17914029428 1412724500.03
1.18311787155 1412724500.27
1.18301656987 1412724500.51
1.18314815973 1412724500.78
1.18355323186 1412724501.05
1.17212542151 1412724501.32
1.17291618167 1412724501.59
1.16551289362 1412724501.84
1.19660817506 1412724502.09
1.18853498682 1412724502.33
1.18042007871 1412724502.58
1.16957975062 1412724502.82
1.12446361112 1412724503.08
1.11051097156 1412724503.35
1.10046643941 1412724503.62
1.09382692993 1412724503.89
1.11418973973 1412724504.15
1.09420860524 1412724504.4
1.09407364191 1412724504.65
1.09654159839 1412724504.9
1.09169365503 1412724505.16
1.09409176258 1412724505.41
