7.00397083394 1412724994.97
7.16555302158 1412724995.23
7.35283836206 1412724995.47
7.56242711323 1412724995.72
7.83866231754 1412724995.98
7.9923829712 1412724996.25
8.31424267833 1412724996.51
8.49332022733 1412724996.77
8.46487773863 1412724997.03
8.71407193566 1412724997.28
8.86363481609 1412724997.53
8.99332671975 1412724997.79
9.01154555458 1412724998.05
9.19795663769 1412724998.31
9.1728609778 1412724998.58
9.17680667493 1412724998.83
9.29931128996 1412724999.08
9.12038551184 1412724999.34
9.15890486149 1412724999.6
9.03888219329 1412724999.83
9.09300823907 1412725000.08
9.07308504977 1412725000.34
8.99518689658 1412725000.6
9.08792349998 1412725000.84
8.94187855099 1412725001.09
8.9460098244 1412725001.35
8.8633580092 1412725001.6
8.90041128856 1412725001.87
8.76421307381 1412725002.12
8.70933786164 1412725002.38
8.67603171245 1412725002.61
8.43473411082 1412725002.86
8.2774859753 1412725003.1
8.39453824391 1412725003.36
8.33055906667 1412725003.6
8.17845541615 1412725003.83
8.10555085135 1412725004.07
8.16596400042 1412725004.32
8.05899451893 1412725004.58
8.03502808518 1412725004.82
8.11004247447 1412725005.05
8.05232387783 1412725005.3
8.08994237079 1412725005.54
8.01615974883 1412725005.79
8.06508325971 1412725006.03
8.1673099593 1412725006.3
8.11688380955 1412725006.53
8.05230644204 1412725006.77
8.11454172331 1412725006.99
7.99839138684 1412725007.23
7.89699406155 1412725007.48
7.88052758485 1412725007.73
7.84301248152 1412725007.96
7.80756129223 1412725008.19
7.71737666631 1412725008.44
7.79943529324 1412725008.68
7.68286208317 1412725008.92
7.60177272964 1412725009.17
7.47637998789 1412725009.4
7.5755637383 1412725009.65
7.46880145848 1412725009.89
7.38689339031 1412725010.11
7.3302112027 1412725010.34
7.2198454555 1412725010.57
7.218414887 1412725010.79
7.05452448842 1412725011.02
7.07850337554 1412725011.26
6.88049202507 1412725011.52
6.77401241353 1412725011.79
6.77966644701 1412725012.02
6.68065458671 1412725012.25
6.54885132083 1412725012.49
6.54463894997 1412725012.73
6.5562207446 1412725012.96
6.5238683749 1412725013.26
6.45759791393 1412725013.5
6.39878364185 1412725013.73
6.38993137818 1412725013.94
6.33867433143 1412725014.18
6.24728187482 1412725014.47
6.08194993211 1412725014.72
6.12856781568 1412725015.02
6.18287346359 1412725015.35
5.94030734272 1412725015.64
5.88962283582 1412725015.99
5.91963258639 1412725016.3
5.83109238181 1412725016.63
5.73391624964 1412725016.92
5.63570429551 1412725017.21
5.83750689911 1412725017.47
5.76092190522 1412725017.79
5.41231047718 1412725018.06
5.47370659163 1412725018.33
5.32652529 1412725018.56
5.14020974942 1412725018.82
5.02192205038 1412725019.07
4.89865954852 1412725019.31
4.89540298943 1412725019.59
4.90755560247 1412725019.86
4.78306277569 1412725020.11
4.81767796385 1412725020.32
4.84792910387 1412725020.56
4.8312055698 1412725020.83
4.82608842103 1412725021.06
4.70184498167 1412725021.29
4.68598539957 1412725021.53
4.66678748825 1412725021.78
4.65005853303 1412725022.02
4.783042156 1412725022.27
4.61772163631 1412725022.5
4.54418746896 1412725022.75
4.35449412773 1412725022.99
4.26956375272 1412725023.24
4.18010334039 1412725023.45
4.14440667816 1412725023.71
4.21507499334 1412725023.96
4.33395899057 1412725024.17
4.45826014264 1412725024.4
4.38982085817 1412725024.63
4.46555366791 1412725024.87
4.38833102232 1412725025.13
4.45178438835 1412725025.36
4.47151021151 1412725025.61
4.41232222224 1412725025.83
4.4536892368 1412725026.06
4.48190093016 1412725026.32
4.47962971707 1412725026.55
4.43477969376 1412725026.8
4.39551794163 1412725027.06
4.35054456071 1412725027.3
4.32488595555 1412725027.55
4.40019803713 1412725027.81
4.37388115569 1412725028.09
4.32642109758 1412725028.34
4.38372631441 1412725028.55
4.37010909476 1412725028.89
4.35967272769 1412725029.12
4.35890376779 1412725029.36
4.3571798811 1412725029.6
4.36056207836 1412725029.84
4.37763488103 1412725030.06
4.31675876679 1412725030.36
4.28135680806 1412725030.63
4.28166124113 1412725030.88
4.26088950125 1412725031.13
4.26406073676 1412725031.4
4.24536336246 1412725031.65
4.25981428287 1412725031.9
4.2675240666 1412725032.2
4.25504377282 1412725032.45
4.26547220504 1412725032.7
4.28533672377 1412725032.93
4.34146260497 1412725033.16
4.30916132955 1412725033.46
4.29657052127 1412725033.72
4.2848681588 1412725034.0
4.2174482472 1412725034.27
4.22481268722 1412725034.51
4.13590367751 1412725034.77
4.14175234957 1412725035.14
4.16703558647 1412725035.46
4.15604448891 1412725035.74
4.16197356647 1412725035.98
4.16755218049 1412725036.33
4.17270711063 1412725036.74
4.18887937521 1412725037.25
4.19210815957 1412725037.91
4.15832552149 1412725038.22
4.08861802188 1412725038.49
4.08435427161 1412725038.73
4.0827413651 1412725039.26
4.06710885136 1412725039.53
4.08151689364 1412725039.79
4.08555055795 1412725040.05
4.1096797708 1412725040.53
4.11092990242 1412725041.06
4.11189606934 1412725041.58
4.11256383969 1412725041.95
4.11284975136 1412725042.32
4.08060178217 1412725042.63
4.0812845364 1412725042.98
4.08178675661 1412725043.36
4.07396592429 1412725043.78
4.07855819111 1412725044.13
4.0787203365 1412725044.4
4.03928267281 1412725044.66
4.06136786811 1412725045.06
4.06490187362 1412725045.37
4.07731833613 1412725045.64
4.07804631468 1412725045.89
4.07015395615 1412725046.12
4.0710883257 1412725046.37
4.07238019218 1412725046.61
4.07916845812 1412725046.86
4.07927610409 1412725047.09
4.07910246972 1412725047.36
4.07936358507 1412725047.59
4.07932281632 1412725048.0
4.07739258996 1412725048.4
4.07688656178 1412725048.75
