18.1573670053 1412747564.13
17.6674570215 1412747565.65
17.083067542 1412747567.14
16.7196456961 1412747568.59
16.5196097749 1412747570.04
15.8442115639 1412747571.5
15.6181619102 1412747572.99
15.6138132395 1412747574.41
15.241010721 1412747575.87
15.0200782613 1412747577.29
14.7169393657 1412747578.78
14.4152484066 1412747580.24
13.8918202353 1412747581.67
13.7240456293 1412747583.13
13.3959880797 1412747584.53
13.2238592771 1412747585.99
12.8004741421 1412747587.42
12.1959715864 1412747588.88
11.7151156929 1412747590.3
11.3533403662 1412747591.71
11.1200439436 1412747593.12
10.8172847122 1412747594.5
10.7403338352 1412747595.93
10.6154277439 1412747597.34
10.5377473163 1412747598.72
10.4054963568 1412747600.12
10.1617780382 1412747601.5
10.0159327042 1412747602.9
9.80072027872 1412747604.29
9.56214407837 1412747605.68
9.36513707419 1412747607.04
9.18352979647 1412747608.44
9.06188610551 1412747609.85
8.86400725517 1412747611.27
8.80721262795 1412747612.66
8.73787791791 1412747614.02
8.6916472543 1412747615.42
8.53062395281 1412747616.81
8.45782646651 1412747618.25
8.25674615673 1412747619.64
8.27272714556 1412747621.07
8.1451615705 1412747622.5
8.06541666472 1412747623.9
8.06871665107 1412747625.3
8.07782991069 1412747626.67
8.03674942756 1412747628.07
7.8900986774 1412747629.47
7.84926600015 1412747630.89
7.82878016616 1412747632.34
7.70581029252 1412747633.78
7.58925928287 1412747635.26
7.64876555604 1412747636.65
7.62227316384 1412747638.09
7.61383939539 1412747639.51
7.61425249998 1412747640.97
7.57754052057 1412747642.43
7.54253243441 1412747643.86
7.50755983631 1412747645.31
7.43945742412 1412747646.75
7.44073169965 1412747648.23
7.38008267207 1412747649.69
7.38437881002 1412747651.16
7.3415402268 1412747652.62
7.31975739592 1412747654.08
7.27843116312 1412747655.53
7.30731719871 1412747656.93
7.28810582351 1412747658.41
7.27048412925 1412747659.89
7.17066138962 1412747661.34
7.17849035345 1412747662.82
7.15674875208 1412747664.27
7.1834790256 1412747665.73
7.1370916984 1412747667.24
7.13982837186 1412747668.68
7.14281949452 1412747670.13
7.14455144801 1412747671.59
7.13152953948 1412747673.0
7.13220109964 1412747674.47
7.09977496088 1412747675.93
7.09766419453 1412747677.38
7.11016889896 1412747678.85
7.15009367786 1412747680.33
7.10119796517 1412747681.82
7.11605951672 1412747683.34
7.13853819066 1412747684.81
7.17137143795 1412747686.33
7.16682499596 1412747687.83
7.10968709885 1412747689.29
7.06996577363 1412747690.77
7.07875478558 1412747692.21
7.07204571713 1412747693.7
7.03460643103 1412747695.21
7.03479520344 1412747696.65
7.02252681965 1412747698.15
7.05037353801 1412747699.64
7.06389184285 1412747701.15
7.05551018016 1412747702.58
7.05077923539 1412747704.09
7.05741742452 1412747705.55
7.05784035647 1412747707.1
7.10976755603 1412747708.64
7.11597925265 1412747710.12
7.01549691597 1412747711.63
7.00624037993 1412747713.12
6.97251119654 1412747714.62
6.98456139107 1412747716.12
6.9942391887 1412747717.64
6.93932230615 1412747719.14
6.97966348162 1412747720.63
6.93643442249 1412747722.18
6.92381997158 1412747723.63
6.89400808496 1412747725.13
6.86497800399 1412747726.69
6.93170419398 1412747728.15
6.92148569983 1412747729.67
6.90039955637 1412747731.15
6.93258047811 1412747732.67
6.89239674469 1412747734.23
6.92828597769 1412747735.74
6.92878733103 1412747737.26
6.87369259781 1412747738.76
6.90173286481 1412747740.24
6.84169630386 1412747741.71
6.86856840113 1412747743.23
6.85028182633 1412747744.73
6.86153876096 1412747746.23
6.86944447745 1412747747.73
6.89297975867 1412747749.32
6.90425567411 1412747750.81
6.93438808558 1412747752.34
6.87716982377 1412747753.89
6.91001704108 1412747755.41
6.88260003588 1412747756.9
6.89565641091 1412747758.37
6.88047025107 1412747759.93
6.90606157386 1412747761.41
6.91071813565 1412747762.88
6.8759863325 1412747764.42
6.87595293963 1412747765.92
6.87764841006 1412747767.43
6.92993860264 1412747768.92
6.86863891152 1412747770.4
6.88339810483 1412747771.96
6.92845989882 1412747773.45
6.93271884903 1412747774.93
6.89059949956 1412747776.41
6.89945767866 1412747777.93
6.89014969826 1412747779.42
6.86280296948 1412747780.89
6.8543834611 1412747782.4
6.76703230656 1412747783.97
6.77961689313 1412747785.51
6.82559666821 1412747787.04
6.81105832841 1412747788.55
6.76710583597 1412747790.07
6.78907546516 1412747791.64
6.77827232321 1412747793.18
6.78074908276 1412747794.71
6.82100703449 1412747796.22
6.80907352078 1412747797.67
6.83045629003 1412747799.21
6.85744555794 1412747800.69
6.84630461481 1412747802.25
6.86278526431 1412747803.75
6.8747404118 1412747805.24
6.87656613702 1412747806.73
6.86409018216 1412747808.21
6.8773919197 1412747809.72
6.84412611618 1412747811.23
6.8650693823 1412747812.75
6.87748507036 1412747814.26
6.87238658819 1412747815.78
6.86776125599 1412747817.28
6.85121157712 1412747818.79
6.86301727484 1412747820.29
6.87037479167 1412747821.78
6.87678320268 1412747823.31
6.91259303786 1412747824.85
6.90365378038 1412747826.35
6.89370242625 1412747827.87
6.90535991198 1412747829.36
6.88660575199 1412747830.86
6.89020011308 1412747832.38
6.90435977484 1412747833.93
6.90656490415 1412747835.45
6.89505638138 1412747836.98
6.89813231945 1412747838.48
6.90143241796 1412747839.96
6.90399454696 1412747841.45
6.83167410027 1412747842.96
6.81367361364 1412747844.46
6.80914281932 1412747845.96
6.80392274714 1412747847.49
6.79502651712 1412747849.03
6.74622175092 1412747850.53
6.75030155938 1412747852.01
6.73346550418 1412747853.54
6.68321201701 1412747855.08
6.64558638246 1412747856.56
6.62304325469 1412747858.05
