9.6701931932 1412752913.24
9.21363871605 1412752914.63
8.94134123983 1412752916.07
9.01135060867 1412752917.48
9.0533282269 1412752918.86
8.76340235109 1412752920.24
8.64809670488 1412752921.69
8.89357556189 1412752923.15
8.9844548647 1412752924.51
9.06030333125 1412752925.87
9.16395151721 1412752927.29
9.27581782685 1412752928.72
9.38643587273 1412752930.06
9.43652262357 1412752931.44
9.64613783761 1412752932.82
9.75348232286 1412752934.21
9.89599701605 1412752935.59
9.93774192922 1412752936.97
9.88091835443 1412752938.36
9.88615726238 1412752939.71
9.85595750299 1412752941.12
9.85700397958 1412752942.48
9.68074614074 1412752943.84
9.72638862511 1412752945.23
9.59616553683 1412752946.57
9.65813708528 1412752947.92
9.60584466693 1412752949.26
9.60679116604 1412752950.64
9.66217676145 1412752951.98
9.64040580232 1412752953.34
9.689375438 1412752954.67
9.73857448474 1412752955.98
9.73246769574 1412752957.31
9.65129219512 1412752958.71
9.67256367268 1412752960.08
9.75858127118 1412752961.43
9.59549709135 1412752962.8
9.63481407183 1412752964.21
9.68515061762 1412752965.55
9.64840459712 1412752966.91
9.65906703356 1412752968.28
9.6480138973 1412752969.7
9.60795300678 1412752971.05
9.50149974792 1412752972.42
9.39054818501 1412752973.78
9.32390407313 1412752975.19
9.25495875987 1412752976.58
9.18147711325 1412752977.93
9.10410337008 1412752979.29
9.00768938619 1412752980.62
8.97375153014 1412752981.96
8.91826410376 1412752983.29
8.71618393692 1412752984.67
8.62775031556 1412752986.05
8.52500098644 1412752987.33
8.43369122231 1412752988.63
8.40751662351 1412752990.0
8.40875768613 1412752991.34
8.4773541741 1412752992.73
8.41809831182 1412752994.07
8.49922378972 1412752995.43
8.47156434887 1412752996.76
8.50478248399 1412752998.12
8.41647991794 1412752999.42
8.40618562939 1412753000.8
8.38816128982 1412753002.13
8.38878287326 1412753003.46
8.42525801194 1412753004.78
8.37695904292 1412753006.16
8.3097874274 1412753007.52
8.14258064753 1412753008.86
7.86167923297 1412753010.16
7.43476524687 1412753011.51
7.68060227761 1412753012.86
7.28864806925 1412753014.24
7.21213208981 1412753015.61
7.3093611735 1412753016.93
7.21137598478 1412753018.25
7.11464910862 1412753019.6
7.11652252018 1412753020.96
7.15955997296 1412753022.32
6.96627506982 1412753023.64
6.95002852704 1412753025.02
6.99018151853 1412753026.35
6.94386541537 1412753027.7
6.87081105806 1412753029.04
6.81904658476 1412753030.42
6.81106690131 1412753031.76
6.76321639357 1412753033.14
6.65629510144 1412753034.46
6.63708854556 1412753035.79
6.63198857862 1412753037.16
6.53336719949 1412753038.54
6.44693469034 1412753039.87
6.45614452377 1412753041.22
6.33565811794 1412753042.59
6.22223231378 1412753043.95
6.27548252168 1412753045.31
6.10081176529 1412753046.67
6.16047573429 1412753048.02
6.08090423623 1412753049.4
6.11121910149 1412753050.72
6.1786554219 1412753052.08
6.36040534288 1412753053.42
6.16322268124 1412753054.77
6.29909609827 1412753056.15
6.12451768842 1412753057.51
6.24766107949 1412753058.82
5.96844059193 1412753060.2
6.04720155158 1412753061.53
6.16164385972 1412753062.84
5.89901903606 1412753064.16
6.0144450832 1412753065.48
5.88120813911 1412753066.8
5.93970727178 1412753068.17
6.01944308164 1412753069.53
5.77904512017 1412753070.86
5.70951416923 1412753072.17
5.6391551335 1412753073.49
5.48878337664 1412753074.85
5.55695664717 1412753076.13
5.61358006753 1412753077.5
5.49981517102 1412753078.81
5.59306573207 1412753080.13
5.48630035657 1412753081.45
5.51964944469 1412753082.81
5.41547288959 1412753084.16
5.49455658554 1412753085.49
5.31356951667 1412753086.84
5.37375759178 1412753088.19
5.41826751003 1412753089.55
5.43218929551 1412753090.89
5.44104523377 1412753092.23
5.48122827476 1412753093.54
5.40713550827 1412753094.93
5.46164503028 1412753096.28
5.37951369826 1412753097.64
5.46394675579 1412753098.98
5.41227190531 1412753100.31
5.3940561282 1412753101.65
5.41395407352 1412753102.96
5.3892367265 1412753104.3
5.34540087085 1412753105.69
5.42669980796 1412753107.05
5.44280455787 1412753108.37
5.50463814522 1412753109.69
5.43297821152 1412753111.02
5.48078746963 1412753112.38
5.41423655765 1412753113.74
5.43605206404 1412753115.11
5.42363127725 1412753116.44
5.44962667314 1412753117.83
5.38467994073 1412753119.18
5.43983955493 1412753120.55
5.48348148349 1412753121.91
5.47448425752 1412753123.3
5.46420185152 1412753124.61
5.39887606747 1412753125.99
5.3577666178 1412753127.35
5.30588502181 1412753128.74
5.36144959029 1412753130.13
5.25614890318 1412753131.47
5.28421457363 1412753132.84
5.26550739261 1412753134.22
5.30753012879 1412753135.56
5.28979875064 1412753136.93
5.27483013639 1412753138.29
5.2763098004 1412753139.68
5.24187030235 1412753141.05
5.19289752335 1412753142.42
5.23131705751 1412753143.8
5.19515274993 1412753145.17
5.1662797638 1412753146.52
5.18292760464 1412753147.87
5.18786788224 1412753149.22
5.18883923671 1412753150.58
5.14813243106 1412753151.97
5.15829582938 1412753153.34
5.10863516376 1412753154.67
5.09381611597 1412753156.05
5.10616754851 1412753157.44
5.09684083561 1412753158.78
4.9917226822 1412753160.13
4.99773792934 1412753161.45
4.99005930686 1412753162.81
4.98671347303 1412753164.22
4.96600589892 1412753165.59
4.94731089445 1412753167.0
4.90102717616 1412753168.38
4.88599040188 1412753169.81
4.89373916288 1412753171.22
4.84862491365 1412753172.6
4.82451230337 1412753173.99
4.80969939124 1412753175.38
4.77173829821 1412753176.76
4.71009209117 1412753178.14
4.71380722842 1412753179.51
4.70225817139 1412753180.84
4.7608688042 1412753182.2
4.74626542051 1412753183.59
