10.4066257157 1412746295.06
10.4420207495 1412746296.56
10.5500780482 1412746298.03
10.712182923 1412746299.54
10.9066902121 1412746301.08
10.7777700325 1412746302.56
10.8621586908 1412746304.07
10.7973387799 1412746305.59
10.6977143356 1412746307.08
10.7449279696 1412746308.67
10.7532185822 1412746310.26
10.5121279207 1412746311.8
10.362772877 1412746313.32
10.0939821523 1412746314.78
10.0232466531 1412746316.27
10.0923891237 1412746317.74
9.963100167 1412746319.21
9.99986560204 1412746320.76
10.083302561 1412746322.2
10.23185442 1412746323.68
10.2399060182 1412746325.14
10.3560458704 1412746326.57
10.4104804711 1412746327.96
9.43741272034 1412746329.46
9.41886068921 1412746330.89
9.1578850173 1412746332.32
9.25226178142 1412746333.73
9.37603144284 1412746335.13
9.41544463066 1412746336.58
9.33650196644 1412746338.11
9.2618461165 1412746339.65
9.09906385244 1412746341.13
9.03002699353 1412746342.63
8.85935728854 1412746344.15
8.83776048181 1412746345.65
8.71816247709 1412746347.09
8.69647381007 1412746348.54
8.59490313188 1412746350.05
8.42899454102 1412746351.5
8.38412968235 1412746352.89
8.29276644861 1412746354.41
8.12932641599 1412746355.95
7.90339782944 1412746357.41
7.76718541262 1412746358.9
7.73997741531 1412746360.39
7.61949025652 1412746361.92
7.46839403505 1412746363.34
7.38319339106 1412746364.81
7.321245432 1412746366.23
7.10099037454 1412746367.7
7.11557312554 1412746369.22
7.05929147958 1412746370.82
6.88281751128 1412746372.41
6.83936706031 1412746373.95
6.77012221255 1412746375.51
6.71992500098 1412746377.05
6.65865924642 1412746378.6
6.58867600552 1412746380.08
6.57399977433 1412746381.61
6.5888392097 1412746383.15
6.61793805717 1412746384.68
6.45172756212 1412746386.21
6.41637018412 1412746387.75
6.34442991323 1412746389.3
6.37930780213 1412746390.8
6.3672023868 1412746392.35
6.30768301942 1412746393.91
6.23117274296 1412746395.46
6.18802508017 1412746397.06
6.16073696668 1412746398.61
6.04390214218 1412746400.15
5.98711510859 1412746401.81
5.86034228505 1412746403.5
5.86045561189 1412746405.12
5.82937844485 1412746406.72
5.85501080825 1412746408.35
5.80125856906 1412746410.02
5.73865100759 1412746411.65
5.71394657766 1412746413.3
5.68584686872 1412746415.01
5.65973044216 1412746416.69
5.67510277289 1412746418.4
5.62931874104 1412746420.09
5.60582828011 1412746421.77
5.52948657101 1412746423.43
5.5172015584 1412746425.14
5.47866920419 1412746426.89
5.43959987428 1412746428.59
5.40784744995 1412746430.38
5.3805504027 1412746432.13
5.33650579124 1412746433.87
5.33131596383 1412746435.68
5.33106145191 1412746437.49
5.2994877164 1412746439.23
5.26616453926 1412746441.03
5.11722479314 1412746442.8
5.11178174269 1412746444.64
5.03553669311 1412746446.42
5.09330722344 1412746448.2
5.06229446808 1412746449.9
5.01624040328 1412746451.63
4.97237962482 1412746453.34
5.01696599149 1412746455.14
5.01302580161 1412746456.98
4.93140528011 1412746458.73
4.94227821481 1412746460.47
4.94460049693 1412746462.29
4.95389483138 1412746464.07
4.92225765534 1412746465.82
4.93640205596 1412746467.55
4.8839533881 1412746469.34
4.87282132509 1412746471.03
4.89397397864 1412746472.83
4.83400713806 1412746474.54
4.86981768677 1412746476.33
4.88337214538 1412746478.13
4.87914950005 1412746479.92
4.80407177663 1412746481.71
4.7617472245 1412746483.55
4.76514819471 1412746485.34
4.77041468513 1412746487.13
4.74762842736 1412746488.94
4.76401486678 1412746490.71
4.75794381832 1412746492.45
4.75087113443 1412746494.17
4.75767134256 1412746495.93
4.76629146037 1412746497.63
4.76217677044 1412746499.4
4.77063470421 1412746501.13
4.82264808768 1412746502.88
4.9240778622 1412746504.6
4.86646614805 1412746506.36
4.91198746992 1412746508.14
5.01778764873 1412746509.91
4.92564925384 1412746511.69
4.93203695188 1412746513.4
4.94773092265 1412746515.15
5.09212620508 1412746516.86
4.98704425187 1412746518.62
4.9139272734 1412746520.38
4.90576719955 1412746522.16
4.91774442369 1412746523.9
4.87197703624 1412746525.69
4.83457346674 1412746527.36
4.82848958923 1412746529.13
4.77493756369 1412746530.89
4.6653446953 1412746532.66
4.70124667171 1412746534.48
4.71890914833 1412746536.21
4.73127604091 1412746537.95
4.72415851647 1412746539.68
4.74250162093 1412746541.41
4.74836055815 1412746543.15
4.77735939188 1412746544.92
4.73075850329 1412746546.73
4.76470343813 1412746548.56
4.88362242388 1412746550.36
4.94128439665 1412746552.1
4.90926925404 1412746553.94
4.91158863504 1412746555.72
4.87850248609 1412746557.48
4.90519238758 1412746559.25
4.90830004318 1412746561.0
4.93813294111 1412746562.82
4.94694850938 1412746564.61
4.88357639059 1412746566.39
4.94394849909 1412746568.12
4.961122639 1412746569.92
4.96633050264 1412746571.71
5.10012899489 1412746573.51
5.21806130921 1412746575.3
5.06887363174 1412746577.1
5.16143931222 1412746578.92
5.19065457624 1412746580.76
5.15426500088 1412746582.56
5.1126555545 1412746584.36
4.99566473904 1412746586.15
5.02598131681 1412746587.91
5.12751681324 1412746589.64
5.05117815016 1412746591.35
5.08890040245 1412746593.1
4.97937510677 1412746594.88
4.98416916866 1412746596.72
4.90878730912 1412746598.51
4.91264438783 1412746600.26
4.90391955686 1412746602.04
4.90818551548 1412746603.81
4.90786512929 1412746605.61
4.89998572837 1412746607.37
4.90580135922 1412746609.15
4.77640154158 1412746610.9
4.76259397541 1412746612.63
4.68093009022 1412746614.37
4.70869815035 1412746616.12
4.7217206287 1412746617.91
4.74075948653 1412746619.72
4.75198515815 1412746621.43
4.76188439706 1412746623.21
4.74755168535 1412746625.05
4.68139716138 1412746626.86
