12.3116321778 1412745210.83
12.2703540321 1412745212.35
12.0130185175 1412745213.81
11.4312136006 1412745215.28
11.0781299063 1412745216.72
11.0883331589 1412745218.12
10.7957409418 1412745219.54
10.6483179978 1412745220.94
10.6344923534 1412745222.33
10.6077330272 1412745223.68
10.6853078674 1412745225.04
10.3687504162 1412745226.37
10.2320374545 1412745227.73
10.2682036115 1412745229.09
10.151301373 1412745230.4
10.1099203953 1412745231.75
10.0807017787 1412745233.07
10.0538693542 1412745234.42
10.1708201546 1412745235.7
10.1084783039 1412745236.96
10.0057404945 1412745238.31
9.95732518222 1412745239.68
9.76182767771 1412745241.01
9.75076120001 1412745242.37
9.71224032631 1412745243.7
9.6059545341 1412745245.04
9.47911525712 1412745246.39
9.37260122988 1412745247.71
9.23562857993 1412745249.07
9.10671150334 1412745250.43
8.86942834846 1412745251.75
8.60616213224 1412745253.07
8.5747818697 1412745254.41
8.44448610278 1412745255.74
8.27264650176 1412745257.05
8.14673544531 1412745258.35
8.03556813247 1412745259.65
7.93342803596 1412745260.93
7.88625838403 1412745262.27
7.73176151777 1412745263.59
7.72957569258 1412745264.88
7.69692346201 1412745266.18
7.57106454281 1412745267.44
7.5174463911 1412745268.75
7.42338917203 1412745270.06
7.42149722436 1412745271.37
7.41705804883 1412745272.67
7.38948841697 1412745273.99
7.20503172438 1412745275.29
7.06419954219 1412745276.63
7.09368484335 1412745277.96
7.05978530964 1412745279.29
7.04564001509 1412745280.61
7.10493191877 1412745281.91
7.06552595522 1412745283.28
6.9579711739 1412745284.59
6.75302932363 1412745285.87
6.62360014576 1412745287.19
6.55959349478 1412745288.46
6.49890436941 1412745289.77
6.39814807889 1412745291.08
6.40449759318 1412745292.43
6.31772071303 1412745293.75
6.24834274107 1412745295.08
6.21480624645 1412745296.39
6.24037782457 1412745297.7
6.17950092133 1412745299.04
6.16695775338 1412745300.34
6.1489854499 1412745301.66
6.08619773279 1412745302.97
6.06456105596 1412745304.3
6.07912321146 1412745305.64
6.15235391832 1412745306.96
5.9605501523 1412745308.29
5.95537692199 1412745309.62
5.90037182888 1412745310.89
5.83012494855 1412745312.22
5.83846754186 1412745313.52
5.78577796381 1412745314.82
5.71538804678 1412745316.12
5.7111641463 1412745317.43
5.65340865034 1412745318.74
5.55826389133 1412745320.03
5.54816843204 1412745321.35
5.51678050285 1412745322.61
5.52805715063 1412745323.92
5.44911369902 1412745325.18
5.36172565153 1412745326.47
5.28285583561 1412745327.76
5.17213340673 1412745329.03
5.12662317392 1412745330.32
5.12180722367 1412745331.62
5.15023865308 1412745332.88
5.11823323732 1412745334.14
5.13469818026 1412745335.45
5.10694194903 1412745336.74
5.0832178608 1412745337.98
5.14246348143 1412745339.29
5.09340553055 1412745340.56
5.09812259412 1412745341.79
5.15081601703 1412745343.06
5.08318035151 1412745344.34
5.04894971435 1412745345.63
5.07622055333 1412745346.88
5.02911649201 1412745348.14
4.98884981794 1412745349.42
4.94828149649 1412745350.67
4.98782603042 1412745351.94
4.97730787558 1412745353.21
4.99887216219 1412745354.52
4.92223782015 1412745355.75
4.95198291694 1412745357.04
4.99262274431 1412745358.31
4.91749818313 1412745359.61
4.94394766417 1412745360.85
4.92305981831 1412745362.13
4.98821822973 1412745363.4
4.93189047499 1412745364.69
4.95164712959 1412745365.95
5.02420034519 1412745367.22
4.92203369703 1412745368.43
4.97638017715 1412745369.67
4.90002978041 1412745370.96
4.92731702403 1412745372.27
4.96413207351 1412745373.58
4.90655290074 1412745374.81
4.8760690976 1412745376.09
4.85184602643 1412745377.38
4.81911524086 1412745378.66
4.76554600013 1412745379.95
4.82248436334 1412745381.28
4.79890001568 1412745382.58
4.7604282209 1412745383.87
4.7211840097 1412745385.18
4.63327678572 1412745386.5
4.62333610485 1412745387.83
4.6066175977 1412745389.11
4.5942280897 1412745390.44
4.60622686837 1412745391.77
4.58898270242 1412745393.03
4.59638388092 1412745394.29
4.5566138549 1412745395.6
4.56085934304 1412745396.94
4.49874940402 1412745398.26
4.49955896775 1412745399.57
4.53742871433 1412745400.88
4.52163631936 1412745402.15
4.46414853068 1412745403.38
4.4647096674 1412745404.65
4.50769833483 1412745405.92
4.47042758582 1412745407.19
4.43863567945 1412745408.43
4.45052464979 1412745409.68
4.37938524647 1412745410.96
4.31448306874 1412745412.27
4.34689707311 1412745413.52
4.31380851566 1412745414.8
4.25029965426 1412745416.07
4.31632312874 1412745417.3
4.24704922566 1412745418.57
4.27045290107 1412745419.79
4.24345704219 1412745421.01
4.24684237079 1412745422.26
4.24336048906 1412745423.51
4.2556120186 1412745424.75
4.21243038404 1412745425.98
4.21555661039 1412745427.23
4.25081397334 1412745428.49
4.2237125443 1412745429.75
4.20847179193 1412745431.02
4.1774192025 1412745432.25
4.22685808142 1412745433.52
4.19208821083 1412745434.74
4.21613970343 1412745435.99
4.19519275474 1412745437.24
4.11382920691 1412745438.48
4.19736375309 1412745439.71
4.12572997432 1412745440.98
4.15054329966 1412745442.25
4.24057427068 1412745443.55
4.17557868061 1412745444.84
4.1368466821 1412745446.14
4.17053732418 1412745447.45
4.13379072045 1412745448.72
4.16573818017 1412745450.02
4.14957345283 1412745451.32
4.1675240111 1412745452.63
4.1457597314 1412745453.95
4.17039925621 1412745455.28
4.13959204691 1412745456.6
4.1563004101 1412745457.92
4.1567804196 1412745459.24
4.15903766971 1412745460.55
4.18120191903 1412745461.86
4.16888326628 1412745463.19
4.15664355112 1412745464.5
4.14923243341 1412745465.83
4.15808989619 1412745467.16
4.14570458655 1412745468.48
4.154600609 1412745469.79
