17.0433687823 1412732662.59
17.2543483756 1412732663.22
17.4291350621 1412732663.81
17.0788678662 1412732664.43
17.3997714219 1412732665.02
17.4485107108 1412732665.63
17.3329098985 1412732666.22
17.2660295326 1412732666.83
16.8787623569 1412732667.42
16.6272961613 1412732668.02
16.5871607194 1412732668.64
16.3150006014 1412732669.23
16.0473264289 1412732669.81
15.5428541797 1412732670.39
15.4733930973 1412732670.97
15.2955903094 1412732671.55
15.2137216931 1412732672.14
14.7316628853 1412732672.71
14.5104966911 1412732673.29
14.7780669412 1412732673.86
14.2694919099 1412732674.42
13.8066670689 1412732674.99
13.8785979749 1412732675.53
13.62316785 1412732676.1
13.3101863565 1412732676.65
13.4096100545 1412732677.2
12.9682228413 1412732677.76
12.7126118872 1412732678.34
12.5465285333 1412732678.9
12.3947578408 1412732679.45
11.9114821143 1412732680.03
11.9877262148 1412732680.61
11.796171047 1412732681.16
11.6849507596 1412732681.72
11.4274942531 1412732682.29
11.2282585791 1412732682.86
10.9407159339 1412732683.46
10.7048082652 1412732684.03
10.3834302478 1412732684.6
10.2841226768 1412732685.2
10.0230289641 1412732685.77
9.81068707025 1412732686.38
9.77005180881 1412732686.97
9.92066694761 1412732687.58
9.75532169992 1412732688.16
9.53531950768 1412732688.75
9.52235036291 1412732689.34
9.32949817301 1412732689.94
9.12315278668 1412732690.55
9.04454539748 1412732691.13
8.92893153819 1412732691.76
8.83763078531 1412732692.36
8.83306825023 1412732692.93
8.76079544246 1412732693.55
8.74682367265 1412732694.15
8.6326017543 1412732694.73
8.56831177083 1412732695.36
8.49664643618 1412732695.99
8.22058189688 1412732696.6
8.09349679155 1412732697.23
8.12469410162 1412732697.83
7.92064372171 1412732698.51
7.85795040738 1412732699.16
7.82605322214 1412732699.81
7.77532438927 1412732700.41
7.75359061339 1412732701.01
7.79438744551 1412732701.6
7.74783626938 1412732702.23
7.74615842818 1412732702.83
7.64136395981 1412732703.49
7.66323216421 1412732704.13
7.564869128 1412732704.75
7.52886319021 1412732705.4
7.47507275578 1412732706.07
7.55049250179 1412732706.68
7.53590848023 1412732707.4
7.35909414074 1412732708.04
7.20901602704 1412732708.72
7.25043489459 1412732709.39
7.24190173511 1412732710.05
7.16299793632 1412732710.74
7.18158349863 1412732711.43
7.07575561076 1412732712.11
7.1112454956 1412732712.79
7.04577903695 1412732713.46
7.01687310879 1412732714.14
6.97905559791 1412732714.79
6.9180246198 1412732715.46
6.9308378272 1412732716.13
6.90026671913 1412732716.77
6.82759112673 1412732717.45
6.79247483099 1412732718.13
6.82578598473 1412732718.81
6.70192115096 1412732719.51
6.71356349086 1412732720.2
6.69448167042 1412732720.89
6.69730702391 1412732721.59
6.55197861565 1412732722.31
6.46929742063 1412732723.05
6.5868837012 1412732723.8
6.6003911162 1412732724.54
6.41449881318 1412732725.28
6.40850588068 1412732726.05
6.40079582648 1412732726.82
6.42966095537 1412732727.59
6.38782831176 1412732728.22
6.40821636403 1412732728.86
6.32516705401 1412732729.52
6.38126214507 1412732730.12
6.31538056884 1412732730.77
6.3873788377 1412732731.41
6.36570327425 1412732732.03
6.35590643245 1412732732.68
6.33281819588 1412732733.34
6.24604176048 1412732733.97
6.23003049517 1412732734.6
6.1335312125 1412732735.22
6.12052755321 1412732735.85
6.15284407189 1412732736.48
6.09903880235 1412732737.09
6.04792334185 1412732737.72
5.97841023819 1412732738.35
6.02216662589 1412732738.98
5.99416249314 1412732739.61
5.94720903692 1412732740.24
5.99767010781 1412732740.85
5.99795353653 1412732741.5
5.91621624413 1412732742.13
5.94941374179 1412732742.75
5.9742393634 1412732743.39
5.95215814134 1412732744.01
5.88304292028 1412732744.63
5.89262867883 1412732745.26
5.8542787311 1412732745.86
5.90726109271 1412732746.48
5.86534822402 1412732747.1
5.83033701766 1412732747.7
5.88534432293 1412732748.31
5.84147599576 1412732748.94
5.85746742049 1412732749.58
5.83096164229 1412732750.17
5.86888970195 1412732750.76
5.84631575975 1412732751.37
5.85138115072 1412732751.98
5.88899563917 1412732752.62
5.84637020648 1412732753.25
6.00237698695 1412732753.86
5.98774039269 1412732754.47
5.98228676497 1412732755.05
5.99134912253 1412732755.66
5.97308871477 1412732756.28
5.93254658485 1412732756.9
5.89984958908 1412732757.49
5.94343622312 1412732758.12
5.88313347674 1412732758.74
5.86933401957 1412732759.33
5.8710641932 1412732759.93
5.83064668863 1412732760.53
5.96111936938 1412732761.15
6.00833484213 1412732761.76
6.00492234131 1412732762.38
5.94585409621 1412732763.01
6.04476458102 1412732763.64
6.03794970717 1412732764.25
6.02842310799 1412732764.89
5.97978652923 1412732765.51
5.98686152867 1412732766.13
5.97924528214 1412732766.76
6.0404227736 1412732767.38
5.98507236994 1412732767.99
6.03936691588 1412732768.62
5.95984090643 1412732769.25
5.97353649228 1412732769.88
5.99806218372 1412732770.49
5.96671104031 1412732771.1
5.95713979319 1412732771.72
5.96277918306 1412732772.34
5.98963900564 1412732772.97
5.99550758432 1412732773.6
5.98619205825 1412732774.25
5.97099371129 1412732774.88
5.99192876781 1412732775.53
5.96594224241 1412732776.18
5.99061375265 1412732776.8
5.95849774022 1412732777.43
5.90975251564 1412732778.05
5.95646488102 1412732778.66
5.94903151185 1412732779.28
5.89585829789 1412732779.89
5.94647993531 1412732780.54
5.95370516732 1412732781.17
5.89951503772 1412732781.83
5.9513060929 1412732782.43
5.93807362516 1412732783.03
5.86584579267 1412732783.69
5.9558103162 1412732784.31
5.90381402243 1412732784.95
5.95377173495 1412732785.57
5.91601867744 1412732786.18
5.93488030105 1412732786.81
