11.9168960227 1412729533.77
12.2989764578 1412729534.41
12.5073437935 1412729535.09
12.7775491276 1412729535.74
12.9010027507 1412729536.38
12.8648002122 1412729537.03
12.980740402 1412729537.79
13.140572106 1412729538.53
13.1499537612 1412729539.24
13.2054819675 1412729539.99
13.2621260889 1412729540.65
13.0026065476 1412729541.28
12.9821892626 1412729541.86
13.1142392907 1412729542.5
13.5533873156 1412729543.14
13.3256819456 1412729543.78
13.2264804009 1412729544.47
13.2659963527 1412729545.16
13.2938870669 1412729545.73
13.2786234007 1412729546.34
13.2326343606 1412729546.96
13.5438548136 1412729547.61
13.4688063067 1412729548.28
13.6435979419 1412729548.85
13.6280118624 1412729549.71
13.6342073829 1412729550.77
13.7767713969 1412729551.41
13.7252959116 1412729552.01
13.680104705 1412729552.61
13.5156900503 1412729553.17
13.3852609793 1412729553.82
13.2275900568 1412729554.5
13.1739898741 1412729555.13
13.0585263763 1412729555.74
13.0092245135 1412729556.37
12.8555335302 1412729556.96
12.7550041957 1412729557.59
12.7096134091 1412729558.15
12.5680222781 1412729558.7
12.4804355054 1412729559.26
12.3296268969 1412729559.83
12.3731133499 1412729560.42
12.2019111294 1412729560.94
12.1169814897 1412729561.51
12.1991411534 1412729562.08
12.1211885891 1412729562.62
12.2208749864 1412729563.19
12.0776078054 1412729563.7
12.1230432094 1412729564.23
11.9315205456 1412729564.83
11.7703499549 1412729565.41
11.5880020202 1412729566.0
11.5129463755 1412729566.57
11.3744539618 1412729567.15
11.0610397629 1412729567.71
10.8692750401 1412729568.31
10.5464813729 1412729568.87
10.1772170922 1412729569.5
10.184760734 1412729570.13
10.1635578764 1412729570.71
10.0019262085 1412729571.32
9.86887121362 1412729571.96
9.76874456948 1412729572.58
9.69930008558 1412729573.17
9.62531308658 1412729573.74
9.473673423 1412729574.33
9.56576769085 1412729574.96
9.41773875122 1412729575.63
9.3636142566 1412729576.26
9.26013377643 1412729577.0
9.1938030487 1412729577.64
9.10957833522 1412729578.27
8.96363463926 1412729579.0
8.9302393115 1412729579.6
8.78105345667 1412729580.18
8.77043806388 1412729580.83
8.746877162 1412729581.46
8.79607402341 1412729582.22
8.87691409917 1412729583.3
8.67509927665 1412729584.2
8.65176153859 1412729585.02
8.59891433006 1412729585.93
8.59262086005 1412729586.86
8.49925503032 1412729588.03
8.53644577281 1412729588.95
8.50593510428 1412729589.73
8.53885313145 1412729590.47
8.55041022477 1412729591.19
8.4383001272 1412729591.88
8.37053958524 1412729592.87
8.30328861838 1412729593.7
8.25386595546 1412729594.45
8.37237127722 1412729595.24
8.37706626942 1412729596.12
8.32490566236 1412729597.14
8.26301529043 1412729598.11
8.26604982884 1412729598.84
8.29531175114 1412729599.62
8.32139822911 1412729600.35
8.27027348234 1412729601.07
8.28797699845 1412729601.77
8.27528964974 1412729602.52
8.20380469954 1412729603.24
8.17569232466 1412729603.93
8.22390761468 1412729604.63
8.17883599754 1412729605.32
8.17344932568 1412729606.04
8.18400638835 1412729606.72
8.14418258803 1412729607.44
8.14564170245 1412729608.19
8.06038769758 1412729608.9
8.11526301261 1412729609.57
8.13501588371 1412729610.27
8.13319960672 1412729610.97
8.10756333498 1412729611.68
7.99260681502 1412729612.37
7.95305383526 1412729613.05
7.95933942637 1412729613.72
7.96035677901 1412729614.42
8.02906662912 1412729615.14
8.12662290623 1412729615.83
8.07940892633 1412729616.53
8.12191607251 1412729617.24
8.11101537659 1412729617.93
8.09560428025 1412729618.63
8.08017511888 1412729619.35
8.09310370082 1412729620.07
8.05599601504 1412729620.85
8.04032134891 1412729621.57
7.964520725 1412729622.27
7.99032196892 1412729623.01
7.99544839457 1412729623.73
8.1036720827 1412729624.46
8.21688959145 1412729625.09
8.20514754847 1412729625.79
8.22709797704 1412729626.47
8.19071359409 1412729627.18
8.1293514638 1412729627.84
8.14646642271 1412729628.52
8.11855137985 1412729629.2
8.19367980526 1412729629.92
8.11593605036 1412729630.66
8.13113319501 1412729631.36
8.19303036054 1412729632.06
8.18656624224 1412729632.76
8.01845629555 1412729633.45
8.02794490015 1412729634.16
8.19443331688 1412729634.84
8.03698314415 1412729635.54
8.02589245016 1412729636.22
8.04048768154 1412729636.87
8.10002199619 1412729637.54
8.02845988293 1412729638.21
7.91875676923 1412729638.92
7.87105880912 1412729639.62
7.85244078671 1412729640.29
7.81541956722 1412729640.97
7.71502669379 1412729641.66
7.73933801287 1412729642.35
7.78365709023 1412729643.06
7.78346113783 1412729643.76
7.82972971004 1412729644.48
7.79433645517 1412729645.16
7.80433565338 1412729645.86
7.79003043448 1412729646.54
7.71597215545 1412729647.23
7.70402402194 1412729647.92
7.4988046081 1412729648.63
7.61615096072 1412729649.3
7.6459368089 1412729650.0
7.69648015389 1412729650.7
7.67855798176 1412729651.39
7.66820594365 1412729652.06
7.69372336834 1412729652.73
7.68618548851 1412729653.42
7.62633780921 1412729654.13
7.61531547282 1412729654.88
7.57116755357 1412729655.58
7.62617324167 1412729656.29
7.62154049425 1412729656.99
7.63682213688 1412729657.69
7.60387846363 1412729658.42
7.63108545544 1412729659.12
7.6589797707 1412729659.8
7.65186958018 1412729660.51
7.67579550686 1412729661.25
7.6095832696 1412729661.94
7.64752541794 1412729662.61
7.62728326288 1412729663.32
7.62056794733 1412729664.01
7.65763061004 1412729664.68
7.62102881947 1412729665.37
7.62402760661 1412729666.04
7.63512237916 1412729666.72
7.61519699364 1412729667.38
7.61834999019 1412729668.09
7.64131612012 1412729668.78
7.62518724764 1412729669.43
7.58957276023 1412729670.09
7.59262318616 1412729670.75
