30.716675473 1412722339.96
30.6126250815 1412722340.09
30.3788040989 1412722340.24
29.9605373787 1412722340.38
29.2547373449 1412722340.5
28.357372596 1412722340.62
27.6014456294 1412722340.77
26.2347628486 1412722340.9
24.6581967017 1412722341.05
23.0065668899 1412722341.2
22.0663577338 1412722341.33
21.7598205589 1412722341.5
21.3207422752 1412722341.63
20.8569171898 1412722341.78
20.3169206927 1412722341.9
19.6979571947 1412722342.0
19.2616530613 1412722342.12
18.9545833547 1412722342.28
18.1587692898 1412722342.42
18.6020044951 1412722342.54
18.4637347178 1412722342.66
18.0184501388 1412722342.78
17.3292526268 1412722342.9
17.1028959417 1412722343.03
16.6571331685 1412722343.18
16.5850932624 1412722343.31
16.4782959563 1412722343.44
16.1525569733 1412722343.59
16.0816236461 1412722343.73
15.475484566 1412722343.86
15.3136529832 1412722343.99
14.8651279668 1412722344.14
14.6907461671 1412722344.27
14.0818761767 1412722344.4
13.9183426805 1412722344.56
13.4860820523 1412722344.71
13.0921045285 1412722344.82
13.051445192 1412722344.94
12.9248986046 1412722345.1
12.8341757212 1412722345.26
12.7816395684 1412722345.39
12.2688728178 1412722345.51
12.3655705344 1412722345.64
12.4861092801 1412722345.76
12.7479929275 1412722345.87
12.6843050545 1412722346.0
12.9111693105 1412722346.15
12.8794505816 1412722346.28
12.7672271763 1412722346.41
12.9169150416 1412722346.52
13.0570943807 1412722346.65
12.9117291506 1412722346.8
12.8389695517 1412722346.95
12.9041251979 1412722347.1
12.7808136524 1412722347.21
12.6826293336 1412722347.33
12.5871952459 1412722347.47
12.7755502925 1412722347.61
12.9349784988 1412722347.75
12.8514739851 1412722347.88
12.7587776918 1412722348.0
12.884724513 1412722348.15
13.0720852496 1412722348.3
13.1049812673 1412722348.45
12.9497136043 1412722348.58
13.0135811726 1412722348.71
12.9631045386 1412722348.84
13.0052832136 1412722348.97
12.8810395047 1412722349.12
12.8530898387 1412722349.27
12.8184561045 1412722349.42
12.7854383658 1412722349.57
12.8591663004 1412722349.69
12.7910980026 1412722349.82
12.8186983597 1412722349.95
12.7363799223 1412722350.08
12.8125461827 1412722350.19
12.6101769073 1412722350.31
12.5907734038 1412722350.43
12.5721184545 1412722350.57
12.5540758945 1412722350.71
12.536801952 1412722350.85
12.267006375 1412722350.97
12.3948882279 1412722351.09
12.0973499504 1412722351.2
12.2290123021 1412722351.35
12.0200836789 1412722351.48
12.2011864385 1412722351.6
11.9912356699 1412722351.73
12.1747727864 1412722351.92
11.9637894735 1412722352.04
12.1497298354 1412722352.18
12.1377139221 1412722352.31
11.7521909636 1412722352.47
11.7404480099 1412722352.58
11.6074190107 1412722352.76
11.5358715349 1412722352.94
11.5255680614 1412722353.08
11.3477874636 1412722353.22
11.2570645745 1412722353.36
11.2505054788 1412722353.5
11.2850177258 1412722353.63
11.0665704899 1412722353.8
11.0924490373 1412722353.95
11.0891563814 1412722354.15
10.9306798738 1412722354.29
10.8865135141 1412722354.45
10.8964394028 1412722354.59
10.9262601669 1412722354.73
10.8476000759 1412722354.88
10.9172540261 1412722355.13
10.8344113743 1412722355.26
10.7367547679 1412722355.39
10.6951638855 1412722355.55
10.6408148302 1412722355.7
10.5963699647 1412722355.84
10.6403065097 1412722355.97
10.2633412428 1412722356.1
10.3703117613 1412722356.29
10.3234524329 1412722356.44
10.2933986275 1412722356.67
9.89203156926 1412722356.82
9.82645721541 1412722356.98
9.60538286408 1412722357.12
9.59504214266 1412722357.32
9.53590803907 1412722357.48
9.46443003813 1412722357.68
9.46756074982 1412722357.85
9.47158299285 1412722358.02
9.47651408612 1412722358.17
9.34593938166 1412722358.32
9.35697339959 1412722358.48
9.27951744186 1412722358.61
9.04304383844 1412722358.77
9.02584122473 1412722358.91
9.00858981516 1412722359.04
8.99137561515 1412722359.21
9.12072576476 1412722359.43
9.11092623475 1412722359.64
9.07934601533 1412722359.77
8.66455328285 1412722359.91
8.51834253288 1412722360.06
8.51802363934 1412722360.27
8.5178239202 1412722360.4
8.51770686649 1412722360.53
8.51512366026 1412722360.64
8.51495296989 1412722360.77
8.51242356739 1412722361.04
8.51002388294 1412722361.19
8.50968281574 1412722361.38
8.50733437042 1412722361.6
8.41113074777 1412722361.74
8.40907788463 1412722361.9
8.40709700148 1412722362.07
8.40513077934 1412722362.2
8.40322025853 1412722362.35
8.40179157814 1412722362.51
8.3995635528 1412722362.67
8.4190973264 1412722362.8
8.41734853086 1412722362.94
8.27085448705 1412722363.06
8.26845150198 1412722363.21
8.26628405199 1412722363.36
8.26438884237 1412722363.49
8.26273977545 1412722363.6
8.22855113573 1412722363.73
8.22713541529 1412722363.88
8.15890530726 1412722364.03
8.15836922087 1412722364.17
8.1864844021 1412722364.3
8.18660411012 1412722364.42
8.18717643588 1412722364.57
8.43511952069 1412722364.72
8.40044266145 1412722364.86
8.41677498477 1412722364.98
8.52140612831 1412722365.12
8.56042065777 1412722365.27
8.55263182442 1412722365.43
8.45312345599 1412722365.56
8.44530051361 1412722365.71
8.43707927193 1412722365.89
8.42855004935 1412722366.16
8.27044854376 1412722366.36
8.11976348191 1412722366.57
8.12466689348 1412722366.78
8.1297749599 1412722366.96
8.13506548092 1412722367.11
8.14051687153 1412722367.24
8.14613828008 1412722367.38
8.15192395523 1412722367.53
8.1579090254 1412722367.67
8.16399900247 1412722367.83
8.12306453977 1412722367.98
8.13226005603 1412722368.11
8.14175636778 1412722368.23
8.21921395479 1412722368.39
8.2246976817 1412722368.52
8.23022627807 1412722368.68
8.22922316303 1412722368.85
8.23481604353 1412722368.99
