18.248054496 1412739910.26
17.8257467782 1412739911.3
17.1617915784 1412739912.38
16.5969183164 1412739913.41
16.3193221301 1412739914.46
16.3728329502 1412739915.51
15.9413087108 1412739916.59
15.3642615304 1412739917.62
15.1576365828 1412739918.65
14.5583061874 1412739919.68
13.9522679212 1412739920.68
13.652105756 1412739921.64
13.2091722393 1412739922.61
12.8731688986 1412739923.66
12.5646193487 1412739924.65
12.2436582366 1412739925.68
12.0574459207 1412739926.69
12.0255486175 1412739927.7
11.8339778076 1412739928.67
11.5670908869 1412739929.66
11.5717772269 1412739930.73
11.424070327 1412739931.77
11.2227616253 1412739932.86
11.1219220276 1412739933.93
11.1148192842 1412739935.02
10.8064983957 1412739936.1
10.6529934434 1412739937.2
10.6089171425 1412739938.28
10.4530043851 1412739939.36
10.3413613651 1412739940.45
10.2209451927 1412739941.52
10.1499393565 1412739942.61
10.1191039856 1412739943.74
10.0347239347 1412739944.85
10.0158380944 1412739945.94
9.86941506134 1412739947.04
9.76956920506 1412739948.18
9.83357617134 1412739949.32
9.81508541647 1412739950.43
9.65376839289 1412739951.51
9.65118976314 1412739952.62
9.55285540849 1412739953.8
9.47316686986 1412739954.91
9.37861851756 1412739956.02
9.41444106427 1412739957.12
9.40141136334 1412739958.25
9.40660150271 1412739959.35
9.3357137805 1412739960.44
9.31128731058 1412739961.56
9.23300466394 1412739962.67
9.22677727237 1412739963.81
9.27077567784 1412739964.96
9.23811109839 1412739966.06
9.22938342594 1412739967.22
9.21178644048 1412739968.34
9.2902262973 1412739969.44
9.30929347862 1412739970.58
9.29482553708 1412739971.72
9.26619121419 1412739972.88
9.22879253911 1412739974.04
9.20204764411 1412739975.19
9.13177125029 1412739976.36
9.16299945358 1412739977.49
9.05086958937 1412739978.66
9.06236409764 1412739979.81
9.02594609241 1412739980.99
8.96899811171 1412739982.18
8.81378926103 1412739983.36
8.78552545167 1412739984.55
8.75899249403 1412739985.82
8.72389584857 1412739987.0
8.7215007323 1412739988.24
8.68903032148 1412739989.54
8.69895467452 1412739990.75
8.67278040339 1412739992.03
8.67558721185 1412739993.36
8.70959586452 1412739994.61
8.65178514699 1412739995.86
8.69602726729 1412739997.0
8.75645129813 1412739998.04
8.7308027357 1412739999.14
8.8372174879 1412740000.21
8.82597484886 1412740001.28
8.81015503237 1412740002.34
8.79387921414 1412740003.4
8.72903665842 1412740004.5
8.73462112837 1412740005.57
8.70023022782 1412740006.64
8.69229161136 1412740007.73
8.64622592872 1412740008.81
8.62729853727 1412740009.9
8.69157739132 1412740010.97
8.62857261736 1412740012.04
8.60495104157 1412740013.13
8.61949148436 1412740014.22
8.53925131181 1412740015.26
8.65239117899 1412740016.34
8.60363962396 1412740017.45
8.58186292776 1412740018.52
8.56419387072 1412740019.58
8.56627676789 1412740020.62
8.56855456643 1412740021.71
8.58212797599 1412740022.77
8.58447385924 1412740023.85
8.5797582776 1412740024.94
8.60588153313 1412740026.04
8.6107936078 1412740027.1
8.59871793787 1412740028.2
8.61074036923 1412740029.28
8.57882434341 1412740030.36
8.61171078597 1412740031.4
8.58325050257 1412740032.46
8.60337783429 1412740033.51
8.60704069129 1412740034.55
8.60836546487 1412740035.64
8.61513791068 1412740036.7
8.54745616179 1412740037.8
8.54775879238 1412740038.9
8.46307299675 1412740039.96
8.47826390977 1412740041.06
8.44687576306 1412740042.13
8.46977750374 1412740043.23
8.42483448484 1412740044.3
8.44800456999 1412740045.39
8.41674989301 1412740046.49
8.36863137602 1412740047.61
8.35928831136 1412740048.7
8.38328158529 1412740050.23
8.35027157278 1412740051.38
8.37732180435 1412740052.51
8.3442583553 1412740053.58
8.38508877987 1412740054.66
8.39148437119 1412740055.79
8.37326875457 1412740056.91
8.44606998386 1412740058.05
8.43555878507 1412740059.15
8.42966816288 1412740060.25
8.42729248717 1412740061.35
8.44256977626 1412740062.43
8.43855403042 1412740063.49
8.44962045088 1412740064.62
8.43725417903 1412740065.77
8.42645156168 1412740066.89
8.42079311099 1412740068.03
8.4349365181 1412740069.15
8.42864090823 1412740070.26
8.38757323138 1412740071.36
8.38936586983 1412740072.47
8.35579258215 1412740073.58
8.35585312084 1412740074.72
8.34666655667 1412740075.81
8.33843069892 1412740076.94
8.33051134411 1412740078.09
8.33991102018 1412740079.22
8.37532935812 1412740080.3
8.35770254365 1412740081.4
8.36410588484 1412740082.54
8.37977060945 1412740083.67
8.34677601596 1412740084.73
8.34665289932 1412740085.78
8.3612235333 1412740086.86
8.37332857104 1412740087.93
8.41135198277 1412740089.02
8.40016712121 1412740090.13
8.37174965343 1412740091.26
8.37041802328 1412740092.38
8.35699978895 1412740093.48
8.3654446826 1412740094.57
8.39551024813 1412740095.67
8.32666637363 1412740096.74
8.29774183572 1412740097.89
8.29196958764 1412740099.04
8.28694761374 1412740100.1
8.22966684403 1412740101.18
8.22848318915 1412740102.27
8.2174463093 1412740103.4
8.22211792867 1412740104.52
8.31603416557 1412740105.63
8.32077231481 1412740106.72
8.28888582708 1412740107.84
8.29317980428 1412740108.96
8.29749937675 1412740110.11
8.30321747319 1412740111.22
8.42608685628 1412740112.34
8.26877698342 1412740113.46
8.27477509813 1412740114.56
8.21125101998 1412740115.7
8.21710852913 1412740116.87
8.18079959293 1412740118.04
8.19054515227 1412740119.18
8.24121080426 1412740120.3
8.24801304608 1412740121.43
8.25454519336 1412740122.56
8.28466114967 1412740123.71
8.36415021718 1412740124.82
8.39971257419 1412740125.95
8.416575782 1412740127.16
8.37150069359 1412740128.34
8.39565039333 1412740129.45
8.42237807551 1412740130.59
