17.2857677558 1412748430.07
16.9973945825 1412748431.49
16.7529555897 1412748432.96
16.5435498203 1412748434.38
16.2434109245 1412748435.82
16.1670503515 1412748437.25
15.962966192 1412748438.68
15.640839177 1412748440.12
15.5739494814 1412748441.55
15.2005783476 1412748443.01
14.9719037208 1412748444.43
14.6512281104 1412748445.83
14.2742087918 1412748447.31
14.1142121264 1412748448.73
14.0535832377 1412748450.14
13.8692715763 1412748451.57
13.7784471863 1412748452.96
13.6471786782 1412748454.37
13.2013752879 1412748455.81
12.5773743188 1412748457.26
12.2096282052 1412748458.72
13.0154524981 1412748460.15
12.1591660494 1412748461.57
11.6076801137 1412748463.01
12.2039999242 1412748464.43
11.6559941079 1412748465.84
11.9126723594 1412748467.27
11.9192656523 1412748468.65
12.0038371315 1412748470.08
11.9020221907 1412748471.53
11.7827152197 1412748472.9
11.7275269502 1412748474.31
11.5403686599 1412748475.74
11.5969832677 1412748477.19
11.5419595899 1412748478.65
11.4671548622 1412748480.08
11.3440830098 1412748481.49
11.4323966006 1412748482.96
11.4812612057 1412748484.39
11.5238483579 1412748485.89
11.2400916263 1412748487.37
11.2428835785 1412748488.87
11.2824917626 1412748490.38
11.2671709293 1412748491.91
11.0251648419 1412748493.43
10.9862876939 1412748494.9
11.003198052 1412748496.4
11.0078069486 1412748497.95
10.8546266351 1412748499.45
10.8569176325 1412748500.88
10.8688601277 1412748502.38
10.9906765493 1412748503.9
11.0096085453 1412748505.46
10.9792265635 1412748506.96
11.1281557543 1412748508.45
11.068588205 1412748509.94
11.0760227406 1412748511.43
10.9623575993 1412748512.97
10.9282584634 1412748514.5
10.8886279207 1412748516.07
10.9352517914 1412748517.59
10.9524795067 1412748519.13
11.0125696779 1412748520.68
11.0039789351 1412748522.13
10.96988307 1412748523.63
10.9402866469 1412748525.14
10.8811525133 1412748526.63
10.9127712023 1412748528.16
10.9428839398 1412748529.71
10.9653400283 1412748531.27
10.8606153108 1412748532.84
10.7883121614 1412748534.42
10.710270083 1412748535.92
10.7384257712 1412748537.48
10.6898257422 1412748539.03
10.676258393 1412748540.51
10.6669479245 1412748542.03
10.6810420554 1412748543.52
10.6688223459 1412748545.06
10.5742337555 1412748546.63
10.4971812983 1412748548.18
10.417408734 1412748549.71
10.5275235208 1412748551.26
10.5117037318 1412748552.8
10.4363599015 1412748554.34
10.4348734942 1412748555.94
10.4062336371 1412748557.56
10.4131332636 1412748559.13
10.385780687 1412748560.66
10.3948289071 1412748562.24
10.3677577624 1412748563.8
10.2781415785 1412748565.43
10.395633727 1412748566.99
10.3713808416 1412748568.55
10.4091268808 1412748570.11
10.416549116 1412748571.68
10.3962785671 1412748573.26
10.4052077009 1412748574.81
10.4022451537 1412748576.34
10.3943099028 1412748577.92
10.3688011653 1412748579.48
10.397659917 1412748581.05
10.3456564822 1412748582.62
10.4013135693 1412748584.21
10.450852764 1412748585.83
10.4896770793 1412748587.39
10.3958976052 1412748588.97
10.3977969399 1412748590.59
10.4501756792 1412748592.15
10.4547093288 1412748593.71
10.3385592574 1412748595.28
10.3146167765 1412748596.93
10.2551502842 1412748598.56
10.211873885 1412748600.18
10.2160055348 1412748601.84
10.4027599102 1412748603.46
10.354112124 1412748605.07
10.3396011564 1412748606.69
10.2821273921 1412748608.3
10.154172827 1412748609.91
10.2232333795 1412748611.5
10.1803740823 1412748613.11
10.1291634366 1412748614.74
10.1540907781 1412748616.34
10.2178152443 1412748617.93
10.2351348637 1412748619.55
10.2712822672 1412748621.14
10.2022913067 1412748622.72
10.1905124788 1412748624.3
10.1839000624 1412748625.91
10.160620984 1412748627.49
10.1281555869 1412748629.06
10.1435682206 1412748630.7
10.1530340441 1412748632.26
10.2065630658 1412748633.86
10.1655350158 1412748635.48
10.1905564096 1412748637.08
10.1536302104 1412748638.69
10.1538001616 1412748640.32
10.2550551668 1412748641.89
10.3035855018 1412748643.52
10.2490458127 1412748645.1
10.2784711604 1412748646.77
10.2688426644 1412748648.42
10.2429607163 1412748650.03
10.2364272338 1412748651.66
10.3855592457 1412748653.31
10.3523409251 1412748654.97
10.3297262366 1412748656.62
10.2913889375 1412748658.24
10.2772951447 1412748659.85
10.2250175386 1412748661.48
10.2127050522 1412748663.08
10.0692789185 1412748664.7
10.0112487831 1412748666.32
9.99299539502 1412748667.93
10.1582244396 1412748669.53
10.1317178252 1412748671.18
10.0396117677 1412748672.83
10.0363673452 1412748674.51
10.0658902724 1412748676.2
10.0517780487 1412748678.03
9.98110921335 1412748679.77
9.8864874343 1412748681.45
9.81683082335 1412748683.07
9.81707577036 1412748684.68
9.82570941962 1412748686.41
9.68422688249 1412748688.08
9.50530201862 1412748689.75
9.45649205645 1412748691.46
9.38288286674 1412748693.13
9.30836426896 1412748694.78
9.26307576294 1412748696.44
9.27721464165 1412748698.09
9.2650243959 1412748699.77
9.24778137911 1412748701.45
9.28858876051 1412748703.15
9.14734219947 1412748704.8
9.16081348868 1412748706.44
9.15084496099 1412748708.09
9.24882155245 1412748709.74
9.167997696 1412748711.43
8.96830763558 1412748713.04
9.03176768922 1412748714.7
8.98459973492 1412748716.39
8.95092408142 1412748718.13
8.97567772921 1412748719.79
8.96789763464 1412748721.48
8.98635633991 1412748723.18
9.07831373812 1412748724.9
9.07849835954 1412748726.62
9.05177713036 1412748728.29
9.06186156916 1412748729.96
9.05421385451 1412748731.72
9.04823286018 1412748733.38
9.09186886104 1412748735.1
9.08107329109 1412748736.87
9.07811574247 1412748738.61
9.12288281648 1412748740.3
9.11938206187 1412748742.02
