32.0409554286 1412721870.68
31.0024313719 1412721870.81
29.4865744173 1412721870.94
30.0526377095 1412721871.08
28.3281972293 1412721871.18
27.8168236184 1412721871.33
27.9320949644 1412721871.49
27.020033351 1412721871.61
27.3456110264 1412721871.77
26.3818356005 1412721871.91
23.3169705553 1412721872.04
22.3187795081 1412721872.16
21.4371410201 1412721872.29
19.4572517831 1412721872.4
18.7097689103 1412721872.51
17.5715075942 1412721872.63
16.7389349569 1412721872.73
16.8508929445 1412721872.85
16.3151545856 1412721872.99
16.0749759008 1412721873.1
16.4951592208 1412721873.2
15.0172929551 1412721873.37
15.4952007607 1412721873.47
14.0796720179 1412721873.58
13.9270967519 1412721873.69
14.7744563766 1412721873.81
13.7971412635 1412721873.94
13.7453551595 1412721874.05
13.671262564 1412721874.18
13.8298388237 1412721874.3
14.0670277693 1412721874.41
14.6766436785 1412721874.54
14.0454402659 1412721874.67
14.5027887104 1412721874.8
14.9897445611 1412721874.93
14.7106221015 1412721875.11
14.4643018064 1412721875.24
14.1579553778 1412721875.41
13.3799171027 1412721875.54
13.4688807453 1412721875.68
12.5640594041 1412721875.81
12.6696098702 1412721875.97
12.5580903714 1412721876.09
12.5492941602 1412721876.29
12.1332616335 1412721876.46
12.2194647556 1412721876.64
12.3126173719 1412721876.8
12.3906040712 1412721876.97
12.6677350859 1412721877.12
12.7237340374 1412721877.29
12.7408935061 1412721877.5
12.7935609204 1412721877.64
12.8460206553 1412721877.78
12.8989712876 1412721877.9
12.9515501612 1412721878.05
12.7834374857 1412721878.21
12.9181473638 1412721878.4
12.8227564181 1412721878.55
12.8372832441 1412721878.71
12.8515196698 1412721878.86
12.8855498329 1412721879.01
12.8968277044 1412721879.17
12.948110645 1412721879.4
12.9770410567 1412721879.59
13.0055585785 1412721879.76
13.033412329 1412721879.93
13.0931592652 1412721880.16
13.7693901981 1412721880.3
13.8462943803 1412721880.46
14.000788584 1412721880.63
14.1361923378 1412721880.8
14.1830892637 1412721880.97
14.2531882533 1412721881.19
14.2736337456 1412721881.4
14.3140412006 1412721881.59
14.3622769646 1412721881.76
14.4114609061 1412721881.94
14.5138857807 1412721882.1
14.5653290476 1412721882.24
14.6183766434 1412721882.4
14.6729637251 1412721882.61
13.9547728944 1412721882.8
14.0378831676 1412721882.98
14.0903303927 1412721883.15
14.746276955 1412721883.36
14.8422929602 1412721883.56
14.9134023398 1412721883.75
15.0114450401 1412721883.93
15.7488200924 1412721884.11
15.7985501592 1412721884.32
15.8427174353 1412721884.49
15.8958386671 1412721884.73
16.0734481698 1412721884.93
16.1080054806 1412721885.1
16.0635624616 1412721885.26
16.0859494509 1412721885.46
16.1454946025 1412721885.63
16.2240056239 1412721885.78
15.3668305464 1412721885.96
15.4365344017 1412721886.12
15.0904680752 1412721886.27
15.1928748554 1412721886.45
15.4465888066 1412721886.63
15.2146179027 1412721886.79
15.1555055965 1412721886.97
15.2161195595 1412721887.13
15.2779576358 1412721887.31
15.3307200951 1412721887.49
15.7257290032 1412721887.65
15.7776699336 1412721887.79
15.8305149123 1412721887.94
16.31794365 1412721888.1
16.3909543993 1412721888.25
16.4619192571 1412721888.41
17.0337301301 1412721888.55
17.0930010692 1412721888.7
16.9393095482 1412721888.86
17.0040255289 1412721888.99
16.9674887031 1412721889.17
17.0314885776 1412721889.41
16.9981621024 1412721889.58
17.0614934425 1412721889.76
17.0300363926 1412721889.92
17.0928062753 1412721890.07
17.1197780101 1412721890.25
17.0928756176 1412721890.42
17.1543706767 1412721890.57
16.990438278 1412721890.72
17.0494390883 1412721890.89
17.1068452632 1412721891.04
17.1627437568 1412721891.2
17.2170064998 1412721891.4
15.8574026486 1412721891.55
15.9222905293 1412721891.71
15.9605841922 1412721891.89
14.6960442359 1412721892.05
14.7203763319 1412721892.21
14.5873645988 1412721892.36
14.5972864879 1412721892.51
14.606852956 1412721892.65
14.6163609986 1412721892.78
14.6256804876 1412721892.9
14.6347176722 1412721893.02
14.6436116894 1412721893.17
14.6509313792 1412721893.31
14.6582689772 1412721893.49
14.6657548368 1412721893.61
14.673194963 1412721893.74
14.6807592353 1412721893.88
14.6882300171 1412721894.0
14.6976448719 1412721894.15
14.7051898595 1412721894.29
14.761210787 1412721894.41
14.7740632535 1412721894.53
14.7862355206 1412721894.68
14.7978874696 1412721894.82
14.8090178656 1412721894.96
14.8196521281 1412721895.1
14.9051411856 1412721895.24
14.932854443 1412721895.41
14.9610096878 1412721895.54
14.914714356 1412721895.69
14.925660508 1412721895.84
14.9371543976 1412721895.95
14.4571971987 1412721896.09
14.46645172 1412721896.23
14.4762509494 1412721896.38
14.4727238711 1412721896.51
14.4775774146 1412721896.64
14.5566814 1412721896.8
14.580676895 1412721896.95
14.6049831018 1412721897.1
14.62964121 1412721897.24
14.5828324688 1412721897.4
14.6608798445 1412721897.53
14.6860002841 1412721897.67
14.7114894734 1412721897.81
14.6672200326 1412721897.94
14.6741599161 1412721898.07
14.6814345597 1412721898.2
14.6890829808 1412721898.35
14.647045354 1412721898.48
15.6414278528 1412721898.63
15.6911693279 1412721898.76
16.8054405321 1412721898.89
16.8839627652 1412721899.02
16.9617117027 1412721899.16
17.0388662984 1412721899.34
17.1152613387 1412721899.49
17.137872316 1412721899.62
17.2421920168 1412721899.78
17.3454586064 1412721899.92
17.4477200697 1412721900.07
17.5489848007 1412721900.24
17.747316434 1412721900.38
17.8312217584 1412721900.53
17.9143444886 1412721900.66
17.9966877652 1412721900.79
18.0783361318 1412721900.91
18.2448014907 1412721901.06
