17.0005878503 1412725191.38
17.2258721629 1412725191.68
17.2669966982 1412725192.01
17.1878623437 1412725192.35
17.1402813682 1412725192.69
16.5994444825 1412725193.01
16.4925838913 1412725193.36
16.2910455722 1412725193.72
15.9199178703 1412725194.11
16.1869684215 1412725194.46
15.8286157336 1412725194.85
15.7557214548 1412725195.22
15.55869108 1412725195.59
15.7530504576 1412725195.93
15.8600343226 1412725196.25
15.7517905197 1412725196.58
15.5506597906 1412725196.92
15.6041661403 1412725197.29
15.6226290423 1412725197.63
15.4413136651 1412725197.98
15.4701064333 1412725198.33
15.2154533352 1412725198.71
15.0883580874 1412725199.17
15.0536938236 1412725199.56
14.9842546096 1412725199.93
15.1168728012 1412725200.28
14.9499889794 1412725200.65
14.9150985406 1412725200.97
14.9143226502 1412725201.32
14.8226229275 1412725201.66
14.8029108043 1412725201.98
14.7341846036 1412725202.31
14.5661339517 1412725202.62
14.3743910474 1412725202.92
14.1749584331 1412725203.24
13.8748028957 1412725203.56
13.7400441848 1412725203.87
13.8941304723 1412725204.24
13.9004150923 1412725204.54
13.4005174663 1412725204.86
13.3017946081 1412725205.19
13.1045113763 1412725205.52
13.0538942864 1412725205.85
13.1371883753 1412725206.15
13.3854319803 1412725206.39
13.1958936995 1412725206.66
13.1007740815 1412725206.96
12.9858345077 1412725207.24
12.9795108822 1412725207.56
12.8880841207 1412725207.82
12.7711145295 1412725208.1
12.4660017056 1412725208.37
12.3866736406 1412725208.66
12.3723352229 1412725208.97
12.4004651889 1412725209.23
12.2511286867 1412725209.51
12.2715568025 1412725209.79
12.196318951 1412725210.08
11.8835033148 1412725210.35
11.899373575 1412725210.63
11.8160568559 1412725210.94
11.8741722792 1412725211.25
11.7348538667 1412725211.53
11.8531702165 1412725211.93
11.4669777526 1412725212.27
11.2120216335 1412725212.61
11.0651194712 1412725212.91
11.0993177775 1412725213.26
10.9277815244 1412725213.58
10.9900820402 1412725213.94
10.8470550212 1412725214.23
10.6390501235 1412725214.54
10.3725556821 1412725214.87
10.4435560692 1412725215.18
10.5684104083 1412725215.5
10.6857679491 1412725215.89
10.6448917123 1412725216.21
10.7150963923 1412725216.51
10.5107194313 1412725216.83
10.3044799334 1412725217.13
10.2093722562 1412725217.42
10.4282868674 1412725217.69
10.5917465836 1412725217.98
10.2084676436 1412725218.26
10.1462733396 1412725218.61
10.0633971696 1412725218.93
10.248432101 1412725219.32
10.1856793326 1412725219.64
10.4661902534 1412725219.95
10.3958303736 1412725220.26
10.1668887644 1412725220.55
9.9869849741 1412725220.9
9.86813154151 1412725221.2
9.85939152183 1412725221.5
9.73172585203 1412725221.8
9.4925010938 1412725222.1
9.54728633237 1412725222.35
9.76818979316 1412725222.65
9.90709627585 1412725222.94
10.1522166239 1412725223.24
10.0286582505 1412725223.56
10.0110479751 1412725223.89
9.94312076155 1412725224.27
9.8923758684 1412725224.6
9.86843093368 1412725224.95
10.1690676733 1412725225.27
10.1232491009 1412725225.61
9.95193625969 1412725225.92
9.84477494067 1412725226.23
9.84548118092 1412725226.58
9.86207479628 1412725226.91
9.64680501917 1412725227.25
9.6909169444 1412725227.59
9.74196829006 1412725227.94
9.78266313632 1412725228.25
10.0432202682 1412725228.55
9.81816265224 1412725228.82
9.72429801193 1412725229.15
9.76578638025 1412725229.44
9.73751215349 1412725229.73
9.7864825045 1412725230.05
9.90455974887 1412725230.44
9.67529725257 1412725231.03
9.69993788842 1412725231.57
9.69803254384 1412725232.14
9.69838131641 1412725232.75
9.68959182547 1412725233.08
9.6960938638 1412725233.39
9.64285457767 1412725233.68
9.58931452545 1412725233.97
9.2302030701 1412725234.27
9.1454666458 1412725234.59
9.1681660142 1412725235.08
9.18417224549 1412725235.48
9.203467109 1412725235.87
9.27325051302 1412725236.18
9.16978394859 1412725236.52
9.14666015809 1412725237.02
9.15282850118 1412725237.47
9.18465261376 1412725238.07
9.26735157261 1412725238.46
9.31882618851 1412725238.78
9.3527966144 1412725239.11
9.36310572099 1412725239.49
9.24565995696 1412725239.85
9.28699844342 1412725240.19
9.42827380401 1412725240.68
9.44951594402 1412725241.19
9.3889658256 1412725241.64
9.40036371959 1412725242.15
9.6402970683 1412725242.68
9.70213331751 1412725243.06
9.53897836871 1412725243.47
9.53144991209 1412725243.97
9.55762331535 1412725244.3
9.58446295756 1412725244.74
9.55345491746 1412725245.07
9.60385688217 1412725245.46
9.45068470563 1412725245.8
9.52556753571 1412725246.16
9.56300377349 1412725246.54
9.58582926204 1412725246.88
9.56562290836 1412725247.23
9.41872265356 1412725247.58
9.55235617431 1412725247.97
9.43520511332 1412725248.36
9.55829685039 1412725248.73
9.72445456037 1412725249.09
9.83971541582 1412725249.46
9.84015331367 1412725249.83
9.89021593881 1412725250.16
9.98229495522 1412725250.51
10.0859448141 1412725250.87
10.1140397314 1412725251.23
10.2604081858 1412725251.75
10.3029168147 1412725252.12
10.1957550606 1412725252.59
10.2643471214 1412725252.97
10.3666998653 1412725253.5
10.4050165726 1412725253.89
10.4237101797 1412725254.29
10.3729287028 1412725254.84
10.4214759285 1412725255.22
10.5075112068 1412725255.66
10.5714478195 1412725256.05
10.7041804914 1412725256.43
10.6201037183 1412725256.8
10.669217834 1412725257.24
10.7128392077 1412725257.66
10.9543193458 1412725258.02
11.0545584164 1412725258.41
11.08522725 1412725258.8
11.118130232 1412725259.17
11.1301014698 1412725259.56
11.0922135269 1412725259.96
11.1659226907 1412725260.34
11.1241695895 1412725260.73
11.1775252961 1412725261.09
11.2210492128 1412725261.49
11.3677902226 1412725261.9
