7.38776225402 1412744691.74
7.26395634557 1412744693.21
7.44278004063 1412744694.58
7.24845792552 1412744695.98
7.01003820962 1412744697.33
6.77841578248 1412744698.73
6.46490183766 1412744700.09
6.30340718021 1412744701.42
6.0748829334 1412744702.81
6.01061731496 1412744704.25
5.91211343514 1412744705.71
5.81563403244 1412744707.13
5.82430508559 1412744708.48
5.71866144413 1412744709.78
5.80234488996 1412744711.15
5.64306640104 1412744712.51
5.63658320019 1412744713.85
5.69285881818 1412744715.2
5.7202336354 1412744716.54
5.57757804106 1412744717.83
5.50545930175 1412744719.12
5.47701635531 1412744720.45
5.36987649186 1412744721.75
5.43559683008 1412744723.06
5.49640741453 1412744724.36
5.53959018446 1412744725.69
5.53193373823 1412744727.01
5.59486246987 1412744728.37
5.54641410448 1412744729.68
5.4715884279 1412744730.96
5.46773700168 1412744732.23
5.43614123741 1412744733.54
5.3874951809 1412744734.84
5.31479637112 1412744736.13
5.34669805377 1412744737.47
5.24341544616 1412744738.8
5.13374311147 1412744740.09
5.10303529645 1412744741.37
5.10659281569 1412744742.69
5.07385721894 1412744743.99
4.99410347596 1412744745.21
4.99669958115 1412744746.47
4.93526535005 1412744747.76
4.8289468795 1412744749.07
4.76698541314 1412744750.38
4.75033716086 1412744751.66
4.7186487513 1412744752.96
4.67802075266 1412744754.21
4.60796959601 1412744755.5
4.55890026787 1412744756.78
4.48404053593 1412744758.05
4.44219110229 1412744759.31
4.44305691466 1412744760.6
4.39481231471 1412744761.89
4.33411335489 1412744763.15
4.31971636215 1412744764.44
4.27673956667 1412744765.75
4.25561222076 1412744767.01
4.2340559263 1412744768.29
4.22840333701 1412744769.56
4.16956983891 1412744770.82
4.11067775894 1412744772.01
4.06013508727 1412744773.27
4.0532089189 1412744774.53
4.0141014409 1412744775.81
3.98303705016 1412744777.06
3.93632788322 1412744778.31
3.89947793927 1412744779.54
3.86788719735 1412744780.76
3.77335183454 1412744782.01
3.74324119277 1412744783.26
3.74853416093 1412744784.45
3.73189944855 1412744785.68
3.74199465042 1412744786.88
3.7219268687 1412744788.06
3.72880900959 1412744789.29
3.7308722914 1412744790.53
3.71561344902 1412744791.77
3.71355985001 1412744793.02
3.68143195144 1412744794.27
3.66175798708 1412744795.55
3.62118267323 1412744796.8
3.60216495185 1412744798.07
3.60333671234 1412744799.31
3.61618578897 1412744800.57
3.60350009617 1412744801.78
3.60378841034 1412744803.04
3.61009181706 1412744804.31
3.60574272773 1412744805.57
3.60282994282 1412744806.8
3.57808462378 1412744808.02
3.54159556782 1412744809.25
3.54548821569 1412744810.51
3.50779189925 1412744811.77
3.48016409097 1412744813.05
3.43469305597 1412744814.28
3.41099518439 1412744815.49
3.36789050928 1412744816.71
3.38069134047 1412744817.93
3.39226916926 1412744819.17
3.3986742402 1412744820.41
3.40410785735 1412744821.68
3.41333650127 1412744822.95
3.42517989561 1412744824.24
3.41294660657 1412744825.5
3.409546567 1412744826.75
3.39049370829 1412744828.0
3.3880445898 1412744829.24
3.35731250737 1412744830.47
3.36871317216 1412744831.74
3.37339642824 1412744833.01
3.38551485947 1412744834.24
3.35272691918 1412744835.5
3.34092084915 1412744836.71
3.33230334243 1412744837.96
3.30685339902 1412744839.24
3.28876162375 1412744840.52
3.28003318146 1412744841.79
3.27565605958 1412744843.05
3.31595657711 1412744844.28
3.28667413908 1412744845.54
3.33346441374 1412744846.78
3.30600341717 1412744848.01
3.32764633095 1412744849.25
3.28966719965 1412744850.53
3.30462077497 1412744851.77
3.3088129132 1412744853.05
3.29303998749 1412744854.35
3.27662614776 1412744855.61
3.25430795388 1412744856.9
3.22808806574 1412744858.17
3.21104225617 1412744859.42
3.2203667943 1412744860.64
3.22648212461 1412744861.87
3.22748642872 1412744863.14
3.27899032175 1412744864.4
3.24906062429 1412744865.68
3.26361453273 1412744866.94
3.27692095146 1412744868.19
3.25364300018 1412744869.43
3.25054297022 1412744870.69
3.25718128166 1412744871.94
3.28047837326 1412744873.19
3.26168034987 1412744874.44
3.25589497248 1412744875.68
3.24365424289 1412744876.94
3.23316016629 1412744878.21
3.23967798938 1412744879.44
3.26088190441 1412744880.68
3.2434191579 1412744881.89
3.22557399642 1412744883.1
3.25889892466 1412744884.37
3.23561667493 1412744885.62
3.24154393937 1412744886.9
3.21349104792 1412744888.15
3.21025016324 1412744889.41
3.20116583083 1412744890.65
3.20393919085 1412744891.86
3.2443779064 1412744893.08
3.25465271318 1412744894.33
3.2460165643 1412744895.54
3.22365256531 1412744896.8
3.19704627167 1412744898.01
3.16492295923 1412744899.24
3.14805061685 1412744900.48
3.09795634799 1412744901.74
3.0637293736 1412744902.99
3.01338109481 1412744904.21
3.02496822081 1412744905.43
3.0449782428 1412744906.65
3.01677901584 1412744907.84
2.97714685102 1412744909.06
2.98014065563 1412744910.29
2.92356916267 1412744911.49
2.93310279969 1412744912.71
2.93522454797 1412744913.95
2.93868545729 1412744915.17
2.95491148838 1412744916.4
2.95183009656 1412744917.66
2.95357428823 1412744918.9
2.93776122969 1412744920.18
2.92817713176 1412744921.41
2.92783961013 1412744922.64
2.90138093081 1412744923.9
2.90471793368 1412744925.13
2.90821137735 1412744926.4
2.8997332422 1412744927.65
2.89923912472 1412744928.93
2.90532582644 1412744930.18
2.89540205043 1412744931.43
2.86748934507 1412744932.66
2.87167139366 1412744933.92
2.85841435419 1412744935.18
2.85238380946 1412744936.4
2.85495399585 1412744937.71
2.85890257512 1412744938.97
2.82724948171 1412744940.23
2.8109630471 1412744941.5
2.78346758874 1412744942.75
2.77429235119 1412744943.99
