9.276485352 1412731894.36
9.37046408568 1412731894.93
9.29034944091 1412731895.5
9.1128449209 1412731896.06
9.03545544691 1412731896.65
8.85418937857 1412731897.2
8.7906788998 1412731897.76
8.77402251607 1412731898.31
8.7503700585 1412731898.85
8.79121897324 1412731899.41
8.87234590282 1412731900.0
8.89524162751 1412731900.59
8.95751981851 1412731901.15
8.97910800189 1412731901.7
9.03081572134 1412731902.28
9.12424008886 1412731902.85
9.10558397988 1412731903.38
9.06023870868 1412731903.93
9.0511525822 1412731904.45
9.05232889393 1412731904.98
9.01603902912 1412731905.52
9.1037041605 1412731906.06
9.12873746832 1412731906.59
9.14447026208 1412731907.14
9.061288459 1412731907.67
9.01445320783 1412731908.23
8.9219727397 1412731908.78
9.03247543403 1412731909.33
9.06865703389 1412731909.86
9.08135640043 1412731910.41
9.13694631234 1412731910.95
9.18868149877 1412731911.48
9.07000726945 1412731912.06
9.12439415906 1412731912.63
9.08005648108 1412731913.22
9.08819540765 1412731913.83
9.12943159582 1412731914.38
9.12520549101 1412731914.94
9.13134172596 1412731915.48
9.14604471252 1412731916.02
9.15884278068 1412731916.59
9.13401107947 1412731917.13
9.14499434529 1412731917.67
9.12173188627 1412731918.23
9.1267854958 1412731918.75
9.06120396844 1412731919.3
9.05688174152 1412731919.85
8.98421571827 1412731920.4
8.95078853728 1412731920.98
8.93768021277 1412731921.57
8.9255762593 1412731922.13
8.92284887011 1412731922.69
8.90976509842 1412731923.26
8.89785972228 1412731923.89
8.90096267593 1412731924.53
8.90566850611 1412731925.16
8.90542849724 1412731925.72
8.90991786713 1412731926.3
8.89436523162 1412731926.84
8.95575995202 1412731927.39
8.96414065252 1412731927.95
8.96317108368 1412731928.52
8.96470703224 1412731929.09
8.99454599678 1412731929.64
9.00470655477 1412731930.26
9.00246716173 1412731930.82
9.01616980809 1412731931.41
9.01662001814 1412731931.97
9.01714697935 1412731932.55
9.02514615087 1412731933.12
9.11779005553 1412731933.7
9.10450152027 1412731934.26
9.06454047703 1412731934.78
9.06445720281 1412731935.38
9.00322008142 1412731935.95
8.95818300901 1412731936.5
8.88094132397 1412731937.06
8.73702967255 1412731937.64
8.42639948473 1412731938.21
8.17931424544 1412731938.81
7.90366027533 1412731939.37
7.8146751559 1412731939.91
7.88113444692 1412731940.49
7.90307179126 1412731941.06
7.82986521221 1412731941.66
7.74219814044 1412731942.22
7.91500397582 1412731942.81
7.81273636801 1412731943.38
7.83837460032 1412731943.98
7.76150066323 1412731944.55
7.77351690706 1412731945.14
7.68877469606 1412731945.74
7.74050539004 1412731946.32
7.57168218188 1412731946.91
7.59573429127 1412731947.49
7.55662659904 1412731948.07
7.62398475999 1412731948.65
7.60873686468 1412731949.22
7.53121381518 1412731949.82
7.37015996179 1412731950.43
7.34761863475 1412731951.01
7.36257617231 1412731951.61
7.25391188733 1412731952.22
7.03599815981 1412731952.84
6.99958268239 1412731953.45
7.12149881249 1412731954.06
7.09607076054 1412731954.64
7.05895882812 1412731955.26
7.13966293452 1412731955.88
7.0518716507 1412731956.5
7.00227674065 1412731957.13
7.02986058192 1412731957.75
6.98625728895 1412731958.36
7.00087597177 1412731958.99
7.00978144703 1412731959.57
6.95859539962 1412731960.2
6.87487196396 1412731960.81
6.80997814773 1412731961.44
6.81413952757 1412731962.05
6.80067644368 1412731962.65
6.86627494403 1412731963.29
6.83085907533 1412731963.9
6.88863964569 1412731964.55
6.91822117702 1412731965.23
6.90117537462 1412731965.89
6.87604416312 1412731966.54
6.86757643931 1412731967.22
6.85011549317 1412731967.86
6.85353946172 1412731968.56
6.79727842518 1412731969.32
6.77414554536 1412731970.05
6.76373720224 1412731970.79
6.78267180767 1412731971.5
6.72206816895 1412731972.26
6.68881998417 1412731973.02
6.63466737085 1412731973.74
6.61995681863 1412731974.5
6.61028593314 1412731975.33
6.57014175149 1412731975.92
6.58703947339 1412731976.5
6.57077456067 1412731977.09
6.56668048087 1412731977.69
6.5664469658 1412731978.22
6.55725206827 1412731978.86
6.55158266546 1412731979.48
6.55685697622 1412731980.08
6.55248958484 1412731980.68
6.53698911492 1412731981.32
6.57738291061 1412731981.93
6.5800444187 1412731982.55
6.57199082969 1412731983.17
6.54844656553 1412731983.8
6.54555942303 1412731984.42
6.5611713545 1412731985.06
6.56289435557 1412731985.66
6.55663454041 1412731986.27
6.5401828747 1412731986.89
6.53223595115 1412731987.53
6.50656710335 1412731988.13
6.52912107012 1412731988.76
6.5466480246 1412731989.39
6.53614264971 1412731990.0
6.52192410575 1412731990.63
6.53939322071 1412731991.21
6.53309395414 1412731991.85
6.51793328424 1412731992.47
6.49494608618 1412731993.08
6.48162235192 1412731993.67
6.46693071812 1412731994.28
6.4474289247 1412731994.94
6.43055571529 1412731995.55
6.4004378547 1412731996.17
6.38740081869 1412731996.81
6.35653687267 1412731997.41
6.33168314647 1412731998.02
6.31860300779 1412731998.61
6.31121052738 1412731999.21
6.30082609454 1412731999.81
6.33285540025 1412732000.42
6.32422381756 1412732001.03
6.27733280465 1412732001.6
6.30042187905 1412732002.21
6.25660104658 1412732002.81
6.28799748073 1412732003.42
6.28000747556 1412732004.02
6.25389311822 1412732004.64
6.26798508276 1412732005.26
6.27058918912 1412732005.87
6.26548010537 1412732006.46
6.27398439749 1412732007.06
6.26528065559 1412732007.66
6.2732249792 1412732008.27
6.27880654349 1412732008.87
6.27130512665 1412732009.48
6.28156967638 1412732010.1
6.25251264315 1412732010.74
6.25120798547 1412732011.34
6.25270982544 1412732011.94
6.25110997027 1412732012.57
6.24885779889 1412732013.15
