4.14088040328 1412721660.7
4.38174728717 1412721660.85
4.72145137689 1412721661.0
4.93015180723 1412721661.15
5.58098202883 1412721661.29
6.0503633326 1412721661.43
6.26147448903 1412721661.58
6.63057442667 1412721661.73
6.68836719747 1412721661.88
6.99482618697 1412721662.08
7.38380700204 1412721662.22
7.70790377478 1412721662.38
7.92815972862 1412721662.53
8.12701202525 1412721662.67
7.99714875076 1412721662.81
8.13020505221 1412721662.95
8.40639470097 1412721663.08
8.61417790794 1412721663.21
8.73146769594 1412721663.33
8.8919774156 1412721663.45
9.10077471182 1412721663.56
8.79105066459 1412721663.66
8.91398773418 1412721663.77
9.03790125887 1412721663.89
9.16946861759 1412721664.0
9.22828787931 1412721664.09
8.98096291269 1412721664.2
9.3762768147 1412721664.4
9.37778015294 1412721664.52
9.40245422353 1412721664.62
9.45460767112 1412721664.71
9.6547262952 1412721664.83
9.65497471468 1412721664.93
9.57609326627 1412721665.05
9.53632708743 1412721665.16
9.55260486415 1412721665.29
9.53989876088 1412721665.38
9.4077224827 1412721665.51
9.37203855725 1412721665.61
9.33579162865 1412721665.71
9.29628730704 1412721665.85
9.44351999704 1412721665.98
9.35428090761 1412721666.1
9.31648359064 1412721666.24
9.26108314909 1412721666.38
9.29146043414 1412721666.48
9.21972804595 1412721666.59
8.96791382632 1412721666.71
8.94266528985 1412721666.84
8.91357395702 1412721666.97
8.88471190472 1412721667.12
8.89559189446 1412721667.24
8.85358891328 1412721667.35
8.86558883754 1412721667.44
8.79459780439 1412721667.54
8.85308073655 1412721667.63
8.80267970218 1412721667.74
8.77723503445 1412721667.84
8.76619407162 1412721667.97
8.74191837708 1412721668.09
8.6857345986 1412721668.21
8.66176338546 1412721668.38
8.66719829004 1412721668.49
8.60626604547 1412721668.63
8.56795956337 1412721668.76
8.53649556239 1412721668.91
8.49734504994 1412721669.04
8.45803750856 1412721669.17
8.00811452565 1412721669.3
7.96470849232 1412721669.4
7.94279610107 1412721669.49
7.84039809211 1412721669.59
7.79913312029 1412721669.7
7.78712807343 1412721669.81
7.71194410337 1412721669.93
7.66741415283 1412721670.05
7.46185074048 1412721670.17
7.22074288363 1412721670.3
7.08415773127 1412721670.43
6.99698128941 1412721670.54
6.91421607491 1412721670.66
6.57610943232 1412721670.77
6.62953143881 1412721670.89
6.51350703501 1412721671.01
6.33640923009 1412721671.09
6.4385020524 1412721671.18
6.24500919381 1412721671.4
6.2158839053 1412721671.54
6.13337740235 1412721671.68
6.14386091361 1412721671.82
5.91814785598 1412721671.96
5.8649368851 1412721672.07
5.73187988088 1412721672.2
5.58960392086 1412721672.37
5.52337742228 1412721672.51
5.40297647023 1412721672.65
5.27459898951 1412721672.83
5.06698612364 1412721673.04
5.02902310393 1412721673.19
4.88476744141 1412721673.33
4.84440700934 1412721673.47
4.75021309275 1412721673.59
4.65359020758 1412721673.71
4.47292510421 1412721673.85
4.60429957335 1412721673.97
4.56929293017 1412721674.1
4.50018624662 1412721674.23
4.43796883121 1412721674.37
4.37927395481 1412721674.49
4.33651161064 1412721674.58
4.30839302659 1412721674.72
4.31700372498 1412721674.82
4.23633025253 1412721674.93
4.17279514987 1412721675.06
4.10254501871 1412721675.22
4.06673406438 1412721675.36
4.09912497459 1412721675.47
4.04978697112 1412721675.6
4.00832622911 1412721675.71
3.97860853735 1412721675.79
3.86189412535 1412721675.95
3.94805656937 1412721676.05
3.92048380689 1412721676.15
3.7614782188 1412721676.26
3.80423336757 1412721676.43
3.78278913238 1412721676.53
3.74410219529 1412721676.64
3.70052845435 1412721676.78
3.67943581003 1412721676.88
3.71345303189 1412721676.98
3.6906083032 1412721677.08
3.64439309282 1412721677.16
3.59540336083 1412721677.26
3.67315472933 1412721677.4
3.58313390965 1412721677.48
3.55964042581 1412721677.62
3.53589001709 1412721677.72
3.54829322442 1412721677.81
3.53215151837 1412721677.89
3.51617797693 1412721677.99
3.50040645462 1412721678.19
3.47689523508 1412721678.31
3.47251759917 1412721678.46
3.45466453094 1412721678.58
3.43912060228 1412721678.68
3.47956327896 1412721678.79
3.46041724469 1412721678.89
3.38132769672 1412721679.0
3.37457412469 1412721679.11
3.43483189725 1412721679.21
3.43860613734 1412721679.32
3.44263508367 1412721679.43
3.44560061704 1412721679.54
3.44973202989 1412721679.64
3.47758477858 1412721679.72
3.48107928865 1412721679.83
3.41832385255 1412721679.93
3.42434680633 1412721680.05
3.43030627865 1412721680.16
3.26969137773 1412721680.29
3.18654114631 1412721680.43
3.20988231411 1412721680.54
3.21350236997 1412721680.66
3.21718096049 1412721680.79
3.22063992472 1412721680.89
3.22409553347 1412721681.05
3.22753943176 1412721681.2
3.19560468833 1412721681.36
3.21996128411 1412721681.5
3.18893762636 1412721681.63
3.21292847939 1412721681.73
3.16176967664 1412721681.85
3.18569480813 1412721681.95
3.15552584467 1412721682.09
3.17912581955 1412721682.23
3.14952158107 1412721682.4
3.17279291633 1412721682.54
3.13775305796 1412721682.69
3.14264441128 1412721682.8
3.14772850272 1412721682.95
3.15205536624 1412721683.09
3.14612995846 1412721683.21
3.15104956059 1412721683.34
3.16894664678 1412721683.47
3.18033950488 1412721683.6
3.17390259482 1412721683.72
3.18426145315 1412721683.83
3.1872427054 1412721683.94
3.1900666955 1412721684.04
3.19278489054 1412721684.13
3.19536467843 1412721684.22
3.19785807099 1412721684.3
3.20015996646 1412721684.41
3.1952619583 1412721684.48
3.19777608164 1412721684.58
3.20091617211 1412721684.67
3.20314776729 1412721684.75
3.09861066188 1412721684.82
3.0952253707 1412721684.9
3.0917704902 1412721684.98
