10.7496104719 1412721553.41
11.5870279523 1412721553.49
12.1977968581 1412721553.58
12.7253560667 1412721553.64
13.3220588252 1412721553.71
13.7697313711 1412721553.78
14.1410514906 1412721553.85
14.5485677658 1412721553.92
14.8913532729 1412721553.98
15.0520803198 1412721554.04
15.4191293211 1412721554.11
15.9419793354 1412721554.18
16.1866766957 1412721554.24
16.419796096 1412721554.34
16.1205834022 1412721554.41
15.9498940239 1412721554.49
15.6450434411 1412721554.55
15.2865717176 1412721554.62
15.2393344356 1412721554.68
15.2392902563 1412721554.75
14.9285266879 1412721554.81
14.8297227337 1412721554.87
14.6908775828 1412721554.95
14.5063956987 1412721555.02
14.1896137467 1412721555.08
13.9016920333 1412721555.15
13.5913338516 1412721555.22
13.3206307513 1412721555.3
13.0482627161 1412721555.38
12.7418820262 1412721555.45
12.4448018663 1412721555.51
12.2534420519 1412721555.57
11.7937575032 1412721555.64
11.5274319018 1412721555.7
11.4210156958 1412721555.76
11.289740502 1412721555.83
10.6517115135 1412721555.9
10.5071795833 1412721555.97
10.2133634984 1412721556.03
10.0752650114 1412721556.09
9.95769145693 1412721556.15
9.95878740801 1412721556.22
9.78904021882 1412721556.3
9.65686348711 1412721556.36
9.56362074954 1412721556.42
9.07135563851 1412721556.48
8.97624416966 1412721556.54
8.90702180238 1412721556.6
8.62935224278 1412721556.67
8.56508570837 1412721556.73
8.5016947905 1412721556.79
8.36686985016 1412721556.85
8.06376478417 1412721556.9
7.9941719605 1412721556.96
7.81113639637 1412721557.02
7.76466909097 1412721557.12
7.71855219621 1412721557.18
7.67287105537 1412721557.24
7.4067645047 1412721557.32
7.36545442943 1412721557.39
7.32415455795 1412721557.45
7.26890155398 1412721557.52
7.22857202462 1412721557.58
7.16063639942 1412721557.64
6.91688348721 1412721557.71
6.88458960745 1412721557.77
6.8177107712 1412721557.83
6.78237798668 1412721557.89
6.69207191884 1412721557.95
6.6644163773 1412721558.02
6.50999358473 1412721558.08
6.46343791879 1412721558.15
6.41503415885 1412721558.22
6.12408002755 1412721558.3
6.06957015445 1412721558.4
5.96830413495 1412721558.49
5.6471419043 1412721558.57
5.59624370534 1412721558.68
5.57338943314 1412721558.81
5.51946060539 1412721558.88
5.37626291933 1412721558.94
5.18889258114 1412721558.99
5.16583685452 1412721559.05
5.12637873844 1412721559.11
5.00372344016 1412721559.16
4.95425709649 1412721559.22
4.93215595346 1412721559.29
4.7609529162 1412721559.34
4.71312748012 1412721559.4
4.66562409115 1412721559.46
4.48052205171 1412721559.53
4.45382975559 1412721559.58
4.41182706429 1412721559.64
4.32946888552 1412721559.71
4.2934589679 1412721559.77
4.25793509835 1412721559.82
4.13759787947 1412721559.88
3.94378846851 1412721559.95
3.91245286489 1412721560.01
3.76084700778 1412721560.08
3.73094012419 1412721560.14
3.71165391937 1412721560.2
3.71188271788 1412721560.28
3.62462412245 1412721560.36
3.60034395524 1412721560.43
3.55541198643 1412721560.52
3.53613289371 1412721560.58
3.48145668388 1412721560.64
3.46660401124 1412721560.7
3.44469981662 1412721560.77
3.42842822687 1412721560.83
3.32741444461 1412721560.89
3.33102712754 1412721560.96
3.29323908342 1412721561.02
3.27959537944 1412721561.09
3.21333840053 1412721561.15
3.21854119745 1412721561.21
3.20465019256 1412721561.3
3.19470901557 1412721561.37
3.19661748262 1412721561.43
3.12594868766 1412721561.49
3.11739720779 1412721561.55
3.10999978164 1412721561.61
3.08755775302 1412721561.68
3.09415282862 1412721561.74
3.07162154616 1412721561.81
3.06087847495 1412721561.88
3.05405598835 1412721561.95
3.04470132648 1412721562.01
3.00235355909 1412721562.07
3.02798093019 1412721562.13
3.00104886104 1412721562.19
2.99051675026 1412721562.27
2.98290738382 1412721562.37
2.97245153926 1412721562.46
2.96201566911 1412721562.54
2.95332760882 1412721562.64
2.94294037635 1412721562.73
2.93263139878 1412721562.81
2.92543216582 1412721562.89
2.91511327885 1412721562.96
2.89920282289 1412721563.05
2.89221865963 1412721563.16
2.88222270653 1412721563.26
2.87119132158 1412721563.35
2.86122108752 1412721563.44
2.854125015 1412721563.52
2.84421631793 1412721563.61
2.84085424733 1412721563.69
2.83159964335 1412721563.78
2.82479652395 1412721563.86
2.82737734489 1412721563.94
2.81394378302 1412721564.03
2.81361575583 1412721564.12
2.8119262796 1412721564.2
2.80310299476 1412721564.29
2.79431200496 1412721564.39
2.82289253032 1412721564.47
2.8164985194 1412721564.56
2.80897570518 1412721564.64
2.80662021129 1412721564.73
2.79832923504 1412721564.81
2.79160246025 1412721564.88
2.78333614858 1412721564.95
2.77499725575 1412721565.03
2.77108086416 1412721565.11
2.76488273542 1412721565.19
2.75675085812 1412721565.27
2.70642644716 1412721565.35
2.69951722682 1412721565.44
2.73313894039 1412721565.51
2.72425580141 1412721565.6
2.71540157904 1412721565.69
2.67514742138 1412721565.78
2.66620005277 1412721565.86
2.65621645225 1412721565.94
2.64588001187 1412721566.03
2.63304263613 1412721566.13
2.62274164805 1412721566.21
2.6066192118 1412721566.29
2.53030752994 1412721566.37
2.52242516055 1412721566.46
2.51467114373 1412721566.53
2.50703432281 1412721566.6
2.49956525804 1412721566.68
2.49196828633 1412721566.77
2.4846934578 1412721566.85
2.47761660966 1412721566.94
2.47059220503 1412721567.02
2.49498861246 1412721567.11
2.48758554783 1412721567.19
2.45256461661 1412721567.26
2.44555237524 1412721567.35
2.43882529861 1412721567.43
2.43225926842 1412721567.51
2.36036502726 1412721567.59
2.34323375674 1412721567.68
2.33802595539 1412721567.76
2.3330380447 1412721567.83
2.32822425141 1412721567.91
