11.5292573871 1412746628.33
11.5371926438 1412746629.79
11.2664401729 1412746631.16
11.2601804903 1412746632.56
10.9969222737 1412746633.96
10.9296693522 1412746635.36
10.9665045534 1412746636.73
11.1589365414 1412746638.13
11.1656568699 1412746639.48
11.0796939697 1412746640.8
11.1812788612 1412746642.17
11.2866384664 1412746643.49
11.377702242 1412746644.79
11.3356727682 1412746646.1
11.0231057294 1412746647.41
10.8742049692 1412746648.71
10.5457827584 1412746650.03
10.3068187789 1412746651.34
10.1743324613 1412746652.63
10.1767519828 1412746653.95
10.1298887086 1412746655.25
10.0130384096 1412746656.58
9.84685848825 1412746657.92
9.60082032687 1412746659.21
9.37970349056 1412746660.49
9.13753440701 1412746661.81
8.94330553684 1412746663.1
8.85958186121 1412746664.37
8.55443414904 1412746665.71
8.38963192099 1412746667.01
8.32570216118 1412746668.3
8.18921535386 1412746669.63
8.1848014292 1412746670.97
8.18493891366 1412746672.26
8.04695448098 1412746673.58
8.0462034537 1412746674.86
7.92620290832 1412746676.18
7.70270003377 1412746677.44
7.62291011928 1412746678.74
7.58608453206 1412746680.06
7.49071432338 1412746681.33
7.47479326075 1412746682.63
7.38288392472 1412746683.94
7.34914949264 1412746685.24
7.17678944258 1412746686.57
7.25223074634 1412746687.87
7.23797959989 1412746689.17
7.25503159017 1412746690.47
7.42738607208 1412746691.75
7.43333171997 1412746693.09
6.67493375332 1412746694.4
6.71942802082 1412746695.73
6.5155407122 1412746697.03
6.59649922892 1412746698.35
6.69100731139 1412746699.71
6.51451105622 1412746701.0
6.65298774722 1412746702.31
6.48505148784 1412746703.61
6.5851397301 1412746704.95
6.48604050513 1412746706.23
6.51734228709 1412746707.57
6.49600156599 1412746708.88
6.47604678227 1412746710.19
6.36422987023 1412746711.54
6.42514488051 1412746712.88
6.34115506466 1412746714.26
6.33678004017 1412746715.61
6.31603995834 1412746716.96
6.28357656573 1412746718.36
6.20210495831 1412746719.66
6.0958923099 1412746720.97
5.99294099582 1412746722.3
6.04624406815 1412746723.63
5.96835101497 1412746724.94
5.8787781693 1412746726.32
5.91902976432 1412746727.68
5.80618042336 1412746729.06
5.8163061381 1412746730.4
5.75707638803 1412746731.71
5.72223233001 1412746733.04
5.75262438859 1412746734.37
5.72196962338 1412746735.73
5.67190746622 1412746737.07
5.6374849754 1412746738.45
5.57713252643 1412746739.75
5.52551989245 1412746741.09
5.45586323186 1412746742.47
5.42534730319 1412746743.85
5.31105366982 1412746745.18
5.28880237952 1412746746.53
5.26577449579 1412746747.87
5.24280929166 1412746749.27
5.16207036191 1412746750.6
5.07216096886 1412746751.99
5.10253720464 1412746753.37
5.02080960606 1412746754.73
5.03584449363 1412746756.08
4.96442416429 1412746757.45
4.95960927885 1412746758.77
4.94474972547 1412746760.11
4.91794876352 1412746761.48
4.93088134736 1412746762.84
4.8978757941 1412746764.21
4.90074969651 1412746765.57
4.8786543186 1412746766.93
4.80007590003 1412746768.27
4.77894903916 1412746769.64
4.72798370423 1412746770.99
4.72631819027 1412746772.38
4.64516297075 1412746773.75
4.63200404553 1412746775.18
4.72132575153 1412746776.52
4.76286844565 1412746777.91
4.80950803959 1412746779.3
4.77200344487 1412746780.69
4.75368660804 1412746782.06
4.71748350912 1412746783.43
4.75181558419 1412746784.81
4.7450715107 1412746786.23
4.73702912414 1412746787.65
4.71515197563 1412746789.06
4.70341845984 1412746790.43
4.70957134762 1412746791.89
4.71170714673 1412746793.27
4.62594998783 1412746794.66
4.62386412158 1412746796.03
4.71480294487 1412746797.46
4.66029599818 1412746798.88
4.72842192394 1412746800.29
4.67979408028 1412746801.69
4.67424479678 1412746803.07
4.67320338599 1412746804.46
4.6485752041 1412746805.91
4.63062988114 1412746807.31
4.65264743377 1412746808.75
4.62568424173 1412746810.16
4.6508830226 1412746811.54
4.61480145623 1412746812.95
4.60576209013 1412746814.33
4.63095427987 1412746815.76
4.6566387208 1412746817.18
4.63060746808 1412746818.57
4.70668439149 1412746820.01
4.66763693699 1412746821.46
4.70122319231 1412746822.86
4.65949362332 1412746824.31
4.71910907809 1412746825.69
4.71819327313 1412746827.14
4.68041919454 1412746828.63
4.72920875728 1412746830.15
4.68908323967 1412746831.61
4.75458131421 1412746833.11
4.71293696558 1412746834.61
4.72103393228 1412746836.08
4.73057845183 1412746837.55
4.72763264997 1412746838.99
4.72682855413 1412746840.44
4.71487483698 1412746841.94
4.71086057616 1412746843.41
4.81847817007 1412746844.87
4.71390200768 1412746846.37
4.71032615127 1412746847.78
4.71627610502 1412746849.26
4.72099052264 1412746850.75
4.74219462909 1412746852.19
4.8371732696 1412746853.66
4.72133689217 1412746855.14
4.73380099004 1412746856.59
4.73060291796 1412746858.06
4.69758299579 1412746859.51
4.67711449526 1412746861.03
4.67176514645 1412746862.48
4.77855530705 1412746863.94
4.77204431105 1412746865.41
4.77770470565 1412746866.89
4.77160538591 1412746868.38
4.77660669175 1412746869.87
4.7704541909 1412746871.36
4.77260710701 1412746872.85
4.76966134118 1412746874.34
4.78087294023 1412746875.84
4.77233139863 1412746877.32
4.76420787001 1412746878.82
4.75836121116 1412746880.31
4.75865067572 1412746881.87
4.75665038179 1412746883.38
4.76241898921 1412746884.83
4.7684633296 1412746886.37
4.75582172374 1412746887.84
4.72984736395 1412746889.32
4.73234745494 1412746890.85
4.73788539772 1412746892.34
4.73070837974 1412746893.82
4.71231041494 1412746895.28
4.71787102019 1412746896.8
4.71016484091 1412746898.26
4.71568188698 1412746899.8
4.70795687538 1412746901.49
4.70800893535 1412746902.97
4.71222526917 1412746904.49
