12.337920172 1412722198.37
11.9173268593 1412722198.48
11.5856040709 1412722198.59
11.3233376802 1412722198.69
11.2790070968 1412722198.83
11.2919213492 1412722198.96
10.8208439652 1412722199.1
10.9772446887 1412722199.2
10.7745435065 1412722199.3
10.7784107527 1412722199.42
10.5752199515 1412722199.61
10.3651233841 1412722199.78
10.4145830936 1412722199.93
10.1775829426 1412722200.05
10.34329489 1412722200.2
10.443569701 1412722200.39
10.8846812798 1412722200.56
10.8898576113 1412722200.69
11.2094948954 1412722200.8
10.8909990317 1412722200.91
11.658153364 1412722201.04
11.466599065 1412722201.17
11.5232406908 1412722201.28
11.4223384538 1412722201.39
11.255327981 1412722201.51
11.7121579302 1412722201.62
11.6505349309 1412722201.71
11.7632671337 1412722201.8
11.6588849367 1412722201.94
11.3137597453 1412722202.04
11.3084863999 1412722202.14
11.0346908118 1412722202.25
12.1312881016 1412722202.37
12.3198224201 1412722202.48
12.2572735867 1412722202.61
12.2518078699 1412722202.71
12.6145729279 1412722202.83
12.5314306156 1412722202.96
13.64749993 1412722203.12
13.7954460421 1412722203.28
13.4744719567 1412722203.4
13.7978714794 1412722203.51
13.4877813898 1412722203.71
13.7423515584 1412722203.87
13.7411064129 1412722204.02
13.9510254405 1412722204.17
13.4202302134 1412722204.31
13.3763141068 1412722204.48
13.3358298449 1412722204.63
13.1351983167 1412722204.75
14.0558579406 1412722204.87
14.0598131997 1412722205.01
14.0513897672 1412722205.15
13.9820202071 1412722205.27
13.9492097959 1412722205.4
13.9502250224 1412722205.52
13.7821433143 1412722205.65
13.8024044533 1412722205.77
13.8012242475 1412722205.89
13.8175521033 1412722206.0
13.7047338841 1412722206.15
13.9500343548 1412722206.28
13.9690490235 1412722206.4
13.9708049448 1412722206.51
13.9889978819 1412722206.64
13.7450599346 1412722206.75
14.0010145875 1412722206.87
13.8960200143 1412722206.97
14.0177008391 1412722207.08
13.9142501617 1412722207.2
13.890428641 1412722207.32
13.9057071885 1412722207.45
13.9455341102 1412722207.56
13.9232807226 1412722207.67
13.9385376447 1412722207.79
13.9771389159 1412722207.9
13.9563402401 1412722208.06
13.9716660284 1412722208.17
14.0090791682 1412722208.28
13.9896556864 1412722208.4
14.0050287396 1412722208.54
12.8589016047 1412722208.72
12.8636475598 1412722208.81
12.6900833971 1412722208.93
12.694287143 1412722209.03
12.7069750883 1412722209.13
12.7019719642 1412722209.28
12.7161927669 1412722209.39
12.7280799339 1412722209.52
12.7229108048 1412722209.64
12.7343406039 1412722209.76
12.729240214 1412722209.92
12.182225047 1412722210.05
12.1899833135 1412722210.18
12.1917436908 1412722210.31
12.2349761413 1412722210.45
12.2375395735 1412722210.6
12.2463006293 1412722210.76
12.2465235168 1412722210.93
12.2493629712 1412722211.09
12.265129367 1412722211.33
12.2521187456 1412722211.51
12.2674571557 1412722211.7
12.2544658139 1412722211.83
12.2693645443 1412722211.98
11.8987889016 1412722212.13
11.904654609 1412722212.35
11.9103567681 1412722212.51
11.9879044739 1412722212.63
12.0313366709 1412722212.79
11.9047763387 1412722213.01
11.9077885381 1412722213.23
11.9108083242 1412722213.39
11.9138803065 1412722213.56
11.9169302814 1412722213.76
11.9199852403 1412722213.91
11.9230293577 1412722214.08
11.9261426724 1412722214.23
11.9292340235 1412722214.37
11.932433614 1412722214.5
11.9355788396 1412722214.61
11.9387289611 1412722214.73
11.9419616546 1412722214.84
11.9450610208 1412722215.0
11.9482583145 1412722215.13
11.9515495564 1412722215.24
11.9547488788 1412722215.38
11.95802397 1412722215.51
11.961335823 1412722215.65
11.9646313175 1412722215.76
11.9678993248 1412722215.89
11.9712675754 1412722216.03
11.9745927109 1412722216.14
11.9779721653 1412722216.27
11.9813092576 1412722216.65
11.9847281417 1412722216.8
11.9880869126 1412722216.99
11.9915363866 1412722217.19
12.0645530854 1412722217.42
12.0006255237 1412722217.58
12.004072396 1412722217.7
12.0090209812 1412722217.86
12.0140225921 1412722218.0
12.0189561137 1412722218.14
12.0240006054 1412722218.29
12.2757620331 1412722218.48
12.2877052514 1412722218.64
11.8724231843 1412722218.77
11.8737990516 1412722218.93
11.8751518519 1412722219.07
11.8764472783 1412722219.23
11.8777855559 1412722219.35
11.8790693488 1412722219.48
11.8801197184 1412722219.61
11.8811503249 1412722219.75
11.8821767695 1412722219.92
11.883203857 1412722220.06
11.8841740423 1412722220.18
11.8852614166 1412722220.31
11.886261388 1412722220.42
11.8873157282 1412722220.56
11.8883806747 1412722220.69
11.8894239244 1412722220.87
11.8905071908 1412722221.0
11.8915057352 1412722221.12
11.8926413726 1412722221.23
11.8936732404 1412722221.35
11.8947954354 1412722221.51
11.8959559295 1412722221.63
11.8970504712 1412722221.76
11.8982394974 1412722221.87
11.8993039642 1412722221.98
11.9004827855 1412722222.09
11.9016368324 1412722222.2
11.9028519156 1412722222.32
11.9039982087 1412722222.45
11.9051961949 1412722222.58
11.9064645836 1412722222.71
11.9076429916 1412722222.83
11.9088470342 1412722222.97
11.9101622383 1412722223.08
11.911422861 1412722223.2
11.8959302906 1412722223.33
11.8968442623 1412722223.44
11.8977115098 1412722223.6
11.8986617009 1412722223.83
11.8995516565 1412722224.07
11.9004416818 1412722224.18
11.9013836459 1412722224.48
11.9808772397 1412722224.71
11.9842371098 1412722224.97
11.6827187802 1412722225.18
11.616857215 1412722225.35
11.6281785194 1412722225.52
11.6394131919 1412722225.84
11.7088847303 1412722226.06
11.7173893761 1412722226.19
11.7256633181 1412722226.46
11.733832152 1412722226.61
11.7420349085 1412722226.78
