9.73733004911 1412727581.07
9.61844217007 1412727581.68
9.54933037052 1412727582.3
9.58251790874 1412727582.95
9.50381464435 1412727583.58
9.4468724532 1412727584.16
9.53123219887 1412727584.77
9.32280429518 1412727585.37
9.30564269528 1412727585.93
9.18413144276 1412727586.49
8.8877989475 1412727587.08
8.7688283307 1412727587.63
8.71315258815 1412727588.21
8.56431010882 1412727588.77
8.36861486161 1412727589.34
8.27298250455 1412727589.91
8.05680485904 1412727590.49
8.29712420347 1412727591.09
8.09333702152 1412727591.71
7.68463949709 1412727592.33
7.58266767524 1412727592.92
7.43799128731 1412727593.51
7.19340901152 1412727594.12
7.01484178469 1412727594.71
6.81426907285 1412727595.3
6.42716739711 1412727595.91
6.28559937695 1412727596.49
6.0113930291 1412727597.08
5.66797180692 1412727597.7
5.39384009845 1412727598.3
5.47045283803 1412727598.89
5.50262500453 1412727599.48
5.5095934436 1412727600.06
5.57100810944 1412727600.64
5.5254923545 1412727601.24
5.50758535524 1412727601.83
5.50092938938 1412727602.42
5.51509397097 1412727602.99
5.52604242323 1412727603.57
5.34216236206 1412727604.16
5.37742426184 1412727604.75
5.38090473832 1412727605.33
5.37958279289 1412727605.92
5.18213955473 1412727606.47
5.10409905877 1412727607.03
5.14017039993 1412727607.63
5.09041688413 1412727608.2
5.08980723266 1412727608.76
5.08129359905 1412727609.36
5.02730083802 1412727609.95
4.95850254956 1412727610.55
5.00500501625 1412727611.14
5.02097036497 1412727611.72
5.1264869785 1412727612.3
5.128897106 1412727612.93
5.09045356783 1412727613.52
5.14099555264 1412727614.09
5.1527773093 1412727614.68
5.18664373301 1412727615.24
5.19879699323 1412727615.82
5.21447142333 1412727616.44
5.27468512353 1412727617.07
5.34188345011 1412727617.69
5.35286798597 1412727618.3
5.35859615396 1412727618.89
5.28517160369 1412727619.45
5.29771568108 1412727620.02
5.27625147948 1412727620.61
5.2884430883 1412727621.2
5.27960539013 1412727621.78
5.2420644974 1412727622.37
5.31237321986 1412727622.97
5.30012527417 1412727623.55
5.2935728643 1412727624.13
5.32878681801 1412727624.69
5.33991843796 1412727625.26
5.40840196867 1412727625.83
5.32701446777 1412727626.44
5.38552138258 1412727627.0
5.40942643573 1412727627.59
5.37255990431 1412727628.15
5.38631172889 1412727628.74
5.39269826936 1412727629.31
5.40092113068 1412727629.88
5.44488278773 1412727630.45
5.42932685185 1412727631.01
5.42923735449 1412727631.58
5.39524411412 1412727632.16
5.4344747133 1412727632.73
5.38841509229 1412727633.32
5.39585756897 1412727633.88
5.38279428564 1412727634.43
5.35621426612 1412727635.0
5.36260629049 1412727635.62
5.37123407677 1412727636.23
5.36718681721 1412727636.88
5.35427233064 1412727637.5
5.35974941898 1412727638.09
5.36503096773 1412727638.66
5.37012994355 1412727639.27
5.37540559172 1412727639.86
5.363232947 1412727640.48
5.37137445845 1412727641.07
5.36345916709 1412727641.64
5.3554482223 1412727642.21
5.36002239513 1412727642.79
5.33073896206 1412727643.37
5.38355281482 1412727643.96
5.35283126419 1412727644.52
5.35684901911 1412727645.1
5.31590493539 1412727645.72
5.319732321 1412727646.3
5.32329856613 1412727646.9
5.32937882597 1412727647.49
5.33283092602 1412727648.07
5.33598530061 1412727648.68
5.3066785824 1412727649.27
5.3044169407 1412727649.86
5.30834496538 1412727650.42
5.28254865316 1412727651.05
5.28666377724 1412727651.66
5.29072094739 1412727652.24
5.40764591469 1412727652.87
5.42378375217 1412727653.43
5.33296675971 1412727654.02
5.31603260838 1412727654.6
5.31776737745 1412727655.19
5.31941997319 1412727655.77
5.32142271925 1412727656.32
5.31479812598 1412727656.89
5.30800056097 1412727657.48
5.28913700568 1412727658.07
5.27153233549 1412727658.66
5.26840673242 1412727659.24
5.26526436264 1412727659.83
5.26219352552 1412727660.41
5.25908617732 1412727660.99
5.24767963391 1412727661.56
5.24939811253 1412727662.15
5.25105843969 1412727662.75
5.2525936049 1412727663.35
5.24598852989 1412727663.94
5.24761918005 1412727664.53
5.23995531768 1412727665.13
5.24140578898 1412727665.68
5.23644347781 1412727666.27
5.23139612876 1412727666.9
5.23296535534 1412727667.52
5.20651445065 1412727668.11
5.20090378309 1412727668.7
5.19527174027 1412727669.32
5.19720677087 1412727669.95
5.19181202001 1412727670.55
5.19286807555 1412727671.13
5.18737997575 1412727671.71
5.2176837352 1412727672.32
5.21464679924 1412727672.92
5.19322980461 1412727673.52
5.20803505049 1412727674.14
5.20837832402 1412727674.71
5.20341757069 1412727675.3
5.1978844388 1412727675.9
5.19509166934 1412727676.45
5.18664324455 1412727677.03
5.08798518312 1412727677.63
5.06991550659 1412727678.25
5.08420020067 1412727678.84
5.07885935182 1412727679.41
5.08590731735 1412727679.98
5.04058253261 1412727680.57
5.12993687705 1412727681.16
5.12374248674 1412727681.74
5.11755371792 1412727682.33
5.11151810517 1412727682.93
5.10627572649 1412727683.54
5.10029781112 1412727684.15
5.08022872828 1412727684.74
5.08017065849 1412727685.32
5.13739490683 1412727685.9
5.13586698332 1412727686.48
5.13427152991 1412727687.07
5.12696401467 1412727687.67
5.12546594272 1412727688.23
5.11839863148 1412727688.85
5.11139379303 1412727689.43
5.11011698305 1412727690.03
5.09428694381 1412727690.62
5.09120731993 1412727691.3
5.09134895104 1412727691.99
5.09160053779 1412727692.66
5.06330487158 1412727693.33
4.99913375427 1412727693.98
5.04244344862 1412727694.6
5.03752518473 1412727695.2
5.03265945702 1412727695.8
5.02784440958 1412727696.38
5.02313292639 1412727697.05
5.01845579504 1412727697.73
5.01386754137 1412727698.35
5.00932221406 1412727698.99
