8.84016262526 1412734150.38
8.78419696039 1412734151.4
9.05181370209 1412734152.42
8.89440005969 1412734153.44
8.76066294425 1412734154.45
8.93496672224 1412734155.45
8.94072449099 1412734156.42
9.01892146876 1412734157.41
9.06657461609 1412734158.4
8.98264631289 1412734159.36
9.05520122362 1412734160.33
9.20600950276 1412734161.28
9.27563878427 1412734162.23
9.30040982245 1412734163.18
9.30553172796 1412734164.14
9.45352740266 1412734165.09
9.60477195615 1412734166.08
9.67412646126 1412734167.08
9.71667525662 1412734168.07
9.90262561404 1412734169.09
9.59819809746 1412734170.05
9.51997630629 1412734171.0
9.26603639889 1412734171.99
9.3238908707 1412734172.97
9.48406203011 1412734173.92
9.2947098536 1412734174.88
9.3411653873 1412734175.89
9.4381293915 1412734176.92
9.31169454295 1412734177.9
9.31449189643 1412734178.95
9.07018949531 1412734180.0
9.23627020672 1412734180.97
9.0082571262 1412734181.97
8.91786299508 1412734182.97
8.99190264417 1412734183.96
9.06521137928 1412734184.93
9.0896339779 1412734185.91
8.95148810801 1412734186.9
8.93112134629 1412734187.86
8.77842000199 1412734188.83
8.89385518455 1412734189.81
8.65583378791 1412734190.75
8.27243426329 1412734191.66
7.94198291197 1412734192.59
7.50835339244 1412734193.56
7.42685073997 1412734194.48
7.37959219748 1412734195.46
7.38991669564 1412734196.42
7.29443317427 1412734197.4
7.24627516336 1412734198.37
7.34234212288 1412734199.32
7.2964813971 1412734200.29
7.24157509048 1412734201.25
7.3161299053 1412734202.17
7.30388548583 1412734203.16
7.36510803143 1412734204.1
7.34269565406 1412734205.05
7.31083958914 1412734206.0
7.25350382077 1412734206.94
7.25032501902 1412734207.92
7.18780418166 1412734208.88
7.18685472341 1412734209.82
7.17066485882 1412734210.76
7.16089975741 1412734211.72
7.13442459986 1412734212.85
7.14398563354 1412734214.06
7.12770318968 1412734215.05
7.12071527184 1412734216.03
7.06158862957 1412734217.0
6.94501281246 1412734217.96
6.94204664846 1412734218.91
6.956005969 1412734219.85
6.90024591264 1412734220.83
6.90810519089 1412734221.83
6.83159788998 1412734222.78
6.77305241791 1412734223.8
6.69141086969 1412734224.76
6.66650589827 1412734225.76
6.59916318588 1412734226.72
6.57210468912 1412734227.72
6.53801661592 1412734228.69
6.45515614641 1412734229.66
6.41632507631 1412734230.59
6.36720703773 1412734231.52
6.37305318346 1412734232.48
6.37457790181 1412734233.47
6.35359738385 1412734234.41
6.27298107388 1412734235.39
6.24793042226 1412734236.38
6.20975569691 1412734237.37
6.18085337992 1412734238.37
6.18771735288 1412734239.34
6.17519468049 1412734240.32
6.0848257461 1412734241.31
6.04321045018 1412734242.32
6.08786607264 1412734243.28
6.0539125118 1412734244.25
6.03974292639 1412734245.24
5.97951189066 1412734246.25
5.94297085631 1412734247.25
5.9639560262 1412734248.24
5.96403263317 1412734249.21
5.98025424381 1412734250.19
5.95793540999 1412734251.14
5.9434292748 1412734252.12
5.91345555648 1412734253.18
5.89002350537 1412734254.27
5.77734967573 1412734255.22
5.80987476247 1412734256.23
5.74983621202 1412734257.17
5.73520997984 1412734258.18
5.63095646122 1412734259.21
5.62638672171 1412734260.2
5.59582493673 1412734261.25
5.60590383302 1412734262.26
5.4852078957 1412734263.27
5.47541279675 1412734264.27
5.43016088447 1412734265.22
5.35711194171 1412734266.21
5.29492282534 1412734267.24
5.36735738727 1412734268.25
5.27873830118 1412734269.26
5.21326853685 1412734270.25
5.13026662953 1412734271.26
5.16299082908 1412734272.3
5.1645320921 1412734273.3
5.00528799402 1412734274.33
5.02365787279 1412734275.36
5.02738488008 1412734276.41
5.05775927266 1412734277.39
5.0600769825 1412734278.4
5.0387424878 1412734279.42
5.03327071642 1412734280.41
5.02122146375 1412734281.46
4.97475297573 1412734282.52
5.02318314252 1412734283.59
5.03630250392 1412734284.63
5.14038875211 1412734285.66
5.12337092453 1412734286.74
5.15607149391 1412734287.78
5.14712222622 1412734288.83
5.13608879772 1412734289.91
5.15751253102 1412734290.94
5.13574588755 1412734291.96
5.16884469291 1412734293.0
5.1397362054 1412734294.06
5.19984355723 1412734295.07
5.16653135153 1412734296.1
5.11950752496 1412734297.09
5.12022680115 1412734298.16
5.09239923073 1412734299.22
5.09613352073 1412734300.25
5.06622913404 1412734301.26
5.09456262066 1412734302.29
5.07349167366 1412734303.29
5.08368718426 1412734304.33
5.04631213868 1412734305.35
5.0607918657 1412734306.41
5.09719977785 1412734307.44
4.9783177747 1412734308.46
4.98078601369 1412734309.52
4.89200187284 1412734310.58
4.83817699107 1412734311.64
4.81534199853 1412734312.72
4.8304934899 1412734313.8
4.91837692156 1412734314.85
4.86137322778 1412734315.88
4.87457467282 1412734316.91
4.93420916791 1412734317.94
4.91558126728 1412734319.0
4.92566111651 1412734320.05
4.86447699955 1412734321.11
4.8658665108 1412734322.17
4.96839716294 1412734323.21
4.86336954294 1412734324.25
4.91166638418 1412734325.33
4.86287666653 1412734326.37
4.88737485982 1412734327.45
5.03891598666 1412734328.52
4.90296400579 1412734329.58
4.88526114236 1412734330.64
4.96087906878 1412734331.67
4.85006468762 1412734332.73
4.83054510435 1412734333.81
4.8195173049 1412734334.88
4.84894791493 1412734335.94
4.93218497297 1412734337.03
4.88917158253 1412734338.12
4.94748866296 1412734339.14
4.90921255199 1412734340.23
4.94907465645 1412734341.31
4.88274531858 1412734342.34
4.90277522719 1412734343.47
4.87233143411 1412734344.54
4.90029619657 1412734345.6
4.87721907978 1412734346.65
4.85810378387 1412734347.72
4.93161797985 1412734348.79
4.89799648432 1412734349.85
4.82401693505 1412734350.89
