12.4914540902 1412723568.52
12.5596009582 1412723568.88
12.4129364584 1412723569.28
12.2318253542 1412723569.67
12.0728597892 1412723570.03
11.5173460604 1412723570.49
11.583100101 1412723570.94
11.607071483 1412723571.36
11.715237515 1412723571.8
11.7692302623 1412723572.25
11.9190138202 1412723572.68
11.7612669047 1412723573.09
12.0824693961 1412723573.5
12.2191549253 1412723573.94
12.3899410191 1412723574.37
12.4902656738 1412723574.93
12.5659373658 1412723575.42
12.5229097215 1412723575.82
12.5563346141 1412723576.23
12.5909586705 1412723576.65
12.6417713412 1412723577.14
12.8446649385 1412723577.59
13.0214265125 1412723578.12
13.1023329341 1412723578.61
13.0737670285 1412723579.06
12.9131102303 1412723579.53
12.9609963984 1412723580.0
13.0299776053 1412723580.44
13.1980032689 1412723580.86
13.3121306669 1412723581.29
13.350899834 1412723581.8
13.1246637111 1412723582.24
13.1225813755 1412723582.66
13.1735386267 1412723583.04
13.2150871782 1412723583.49
13.0656719296 1412723583.92
13.1785915318 1412723584.37
13.2196189421 1412723584.79
13.3201314581 1412723585.22
13.2618734846 1412723585.64
12.98563831 1412723586.09
12.9860316522 1412723586.48
12.9622523319 1412723586.88
13.2109915189 1412723587.31
13.2112939907 1412723587.72
13.3774603109 1412723588.11
13.2304307227 1412723588.56
13.4405987383 1412723589.0
13.3780528186 1412723589.39
13.3353102994 1412723589.77
13.5129303036 1412723590.2
12.9399373224 1412723590.62
12.9059096085 1412723591.0
12.9026605032 1412723591.36
12.9197400517 1412723591.75
12.7890582073 1412723592.16
12.8296069976 1412723592.56
12.9664960332 1412723592.94
12.950245746 1412723593.31
13.051646421 1412723593.69
12.9678679041 1412723594.1
12.8027497302 1412723594.59
12.8610287374 1412723595.05
12.961051484 1412723595.55
12.966544044 1412723595.95
13.0062547196 1412723596.52
13.2375060453 1412723597.06
13.2613108632 1412723597.61
13.2986563573 1412723597.99
13.2474088782 1412723598.38
13.3256191601 1412723598.78
13.4150615512 1412723599.21
13.4264597505 1412723599.6
13.4811557118 1412723600.0
13.6280020464 1412723600.4
13.4761876465 1412723601.06
13.7028589481 1412723601.63
13.6170827604 1412723602.12
13.7648198773 1412723602.69
13.7032876517 1412723603.22
13.6143039104 1412723603.76
13.7272246652 1412723604.26
13.4475628176 1412723604.74
13.4537812226 1412723605.21
13.6031233142 1412723605.59
13.7274458958 1412723605.98
13.7056912196 1412723606.37
13.698290237 1412723606.82
13.6037100453 1412723607.28
13.6177822628 1412723607.81
13.733833218 1412723608.36
13.8210898471 1412723608.82
13.8683453836 1412723609.18
13.745109155 1412723609.59
13.7490562928 1412723610.03
13.9341808312 1412723610.41
13.8649692342 1412723610.76
14.0010691958 1412723611.13
14.0031935333 1412723611.57
14.0636220315 1412723612.11
14.0601942696 1412723612.84
14.1342383599 1412723613.48
14.1024010852 1412723614.13
14.1667367999 1412723614.71
14.2168073154 1412723615.2
14.3169223645 1412723615.84
14.3333772519 1412723616.38
14.2787575937 1412723616.87
14.251332422 1412723617.47
14.5197682739 1412723618.07
14.7256756681 1412723618.85
14.6117552164 1412723619.47
14.7122834641 1412723620.02
14.9420819706 1412723620.56
14.9255633998 1412723621.17
14.9483506136 1412723621.72
15.0201338589 1412723622.26
15.1091819195 1412723622.78
15.2272478893 1412723623.28
15.2705517096 1412723623.79
15.3418847572 1412723624.29
15.5420837167 1412723624.72
15.5931843746 1412723625.27
15.4700095519 1412723625.86
15.7000187499 1412723626.54
15.6585979958 1412723627.26
15.7243185306 1412723627.88
15.7071508285 1412723628.6
15.483985568 1412723629.3
15.5845227278 1412723629.96
15.6871663425 1412723630.62
15.6694969027 1412723631.13
15.7513884886 1412723631.62
15.6297274717 1412723632.13
15.7116638818 1412723632.58
15.9289949623 1412723632.98
15.9988611691 1412723633.38
15.9507908378 1412723633.81
15.8535729682 1412723634.25
15.9362801571 1412723634.68
15.9202729462 1412723635.1
16.0034821287 1412723635.52
15.8407453078 1412723635.94
15.9089443346 1412723636.42
15.8888897838 1412723636.88
16.1851280187 1412723637.29
16.2377152008 1412723637.72
16.2910671352 1412723638.15
16.291405037 1412723638.61
16.216891059 1412723639.1
15.7594995369 1412723639.53
15.9037272016 1412723639.95
15.9415572405 1412723640.38
15.9995207359 1412723640.81
16.0210388897 1412723641.26
15.9043610775 1412723641.75
15.6474044751 1412723642.26
15.4820921462 1412723642.88
15.4807231457 1412723643.34
15.8507602301 1412723643.77
15.7293191226 1412723644.21
15.6511804391 1412723644.64
15.6527009465 1412723645.05
15.7375795914 1412723645.68
15.728559122 1412723646.49
15.6960682945 1412723647.2
15.736965138 1412723647.99
15.6655724132 1412723648.75
15.7409423918 1412723649.38
15.669689853 1412723650.01
15.562726529 1412723650.51
15.6904896711 1412723650.94
15.6221831978 1412723651.58
15.6340260353 1412723652.15
15.6056827525 1412723652.79
15.6606442483 1412723653.44
15.6718468587 1412723654.08
15.6431972231 1412723654.77
15.6969238724 1412723655.41
15.7123049628 1412723655.96
15.7279370615 1412723656.54
15.5825828339 1412723657.04
15.5867627308 1412723657.53
15.596196429 1412723657.98
15.5441642953 1412723658.57
15.6560914368 1412723659.22
15.6595716059 1412723659.79
15.725849795 1412723660.28
15.7214337192 1412723660.78
15.7170744764 1412723661.26
15.7131493508 1412723661.75
15.7093232908 1412723662.29
15.6775723412 1412723662.88
15.6727614574 1412723663.4
15.6746351458 1412723663.86
15.6764417765 1412723664.41
15.6718010192 1412723664.86
15.6737458728 1412723665.29
15.6756234335 1412723665.76
15.6583628251 1412723666.28
