12.2077667706 1412728513.02
11.9832096503 1412728513.67
11.8485993887 1412728514.31
11.65721731 1412728514.93
11.4497754928 1412728515.58
11.2890946858 1412728516.25
11.3822092275 1412728516.87
11.5094988599 1412728517.48
11.5354611144 1412728518.07
11.6136577973 1412728518.71
11.6218869091 1412728519.29
11.6179696595 1412728519.89
11.4892265112 1412728520.48
11.3668234358 1412728521.08
11.3413191744 1412728521.61
11.348020151 1412728522.19
11.1969688679 1412728522.75
11.2164894666 1412728523.33
11.1661356966 1412728523.9
11.2067755558 1412728524.51
11.2534673455 1412728525.1
11.2698364308 1412728525.67
11.3441255141 1412728526.29
11.2659379081 1412728526.87
11.229933887 1412728527.47
11.1091882293 1412728528.05
11.2056605097 1412728528.67
11.364757481 1412728529.28
11.5317659807 1412728529.92
11.7080592185 1412728530.52
11.6444273024 1412728531.1
11.8077905059 1412728531.69
11.6771314202 1412728532.29
12.0073560576 1412728532.89
11.9108811209 1412728533.48
11.848510501 1412728534.09
11.8982100185 1412728534.7
11.8820636992 1412728535.29
11.9156111462 1412728535.89
11.85188482 1412728536.48
11.8563025842 1412728537.05
12.3032647756 1412728537.63
12.1825872393 1412728538.21
12.1243934447 1412728538.77
12.1604848471 1412728539.35
12.1262253246 1412728539.89
12.1706660862 1412728540.44
12.4979472994 1412728541.0
12.4175696712 1412728541.6
12.4024541906 1412728542.15
12.2466253893 1412728542.7
12.3061848532 1412728543.27
12.3629631922 1412728543.85
12.2788119718 1412728544.41
12.3242196557 1412728545.0
12.8318079847 1412728545.58
12.5760959144 1412728546.16
10.0654061289 1412728546.74
9.89542429351 1412728547.28
9.60730016213 1412728547.83
12.3641505659 1412728548.4
12.3463821538 1412728548.96
12.3131750194 1412728549.51
12.1577384644 1412728550.02
9.32111785326 1412728550.57
12.1112703669 1412728551.18
11.965270229 1412728551.73
9.26773230165 1412728552.27
9.32955305602 1412728552.82
9.19272714932 1412728553.41
9.20386643466 1412728554.0
9.09978972375 1412728554.56
9.0923912688 1412728555.12
9.04573370788 1412728555.71
8.92642485387 1412728556.28
8.98960806897 1412728556.85
8.80224969608 1412728557.43
8.52036342041 1412728558.02
8.60803265205 1412728558.6
8.56571548896 1412728559.19
8.52730775699 1412728559.76
8.51348067034 1412728560.33
8.39734557529 1412728560.92
8.41225911771 1412728561.54
8.46695947465 1412728562.12
8.36280300054 1412728562.69
8.15608192045 1412728563.25
8.21713097967 1412728563.82
8.20198969839 1412728564.43
8.17007132422 1412728565.01
8.14730129822 1412728565.59
8.09252578805 1412728566.16
7.99544417205 1412728566.74
7.90639596223 1412728567.29
7.76467812766 1412728567.86
7.83161127521 1412728568.42
7.80374011972 1412728568.97
7.68828055525 1412728569.53
7.62607881018 1412728570.08
7.59859156275 1412728570.63
7.36731662914 1412728571.22
7.40179413726 1412728571.79
7.35483976515 1412728572.39
7.39618424015 1412728572.94
7.33323693117 1412728573.5
7.37530729454 1412728574.06
7.50267850715 1412728574.64
7.46419718448 1412728575.21
7.45769870398 1412728575.77
7.56190088783 1412728576.34
7.48956023845 1412728576.91
7.62096958588 1412728577.46
7.54778379524 1412728578.03
7.66410598416 1412728578.59
7.52398959921 1412728579.17
7.55000266299 1412728579.73
7.55082736713 1412728580.31
7.56005385971 1412728580.89
7.45651052411 1412728581.45
7.47014999343 1412728582.01
7.61605902929 1412728582.58
7.52559409436 1412728583.12
7.49262214468 1412728583.7
7.54077133703 1412728584.25
7.61020981544 1412728584.81
7.55025515455 1412728585.36
7.52252951746 1412728585.92
7.57321871982 1412728586.47
7.53049217025 1412728587.02
7.54177721859 1412728587.6
7.59344680158 1412728588.19
7.65281844502 1412728588.74
7.65808889916 1412728589.33
7.67027487002 1412728589.88
7.70593767325 1412728590.45
7.76850229761 1412728591.04
7.83258675315 1412728591.65
7.85517293626 1412728592.23
7.87402826893 1412728592.87
7.86653427665 1412728593.46
7.87349867912 1412728594.02
7.8346571261 1412728594.58
7.79184051769 1412728595.13
7.8721619667 1412728595.69
7.86922803351 1412728596.26
7.8344030347 1412728596.86
7.81633514857 1412728597.47
7.80860395091 1412728598.06
7.79533361321 1412728598.65
7.72421137372 1412728599.21
7.7283977999 1412728599.79
7.61886808542 1412728600.39
7.65290328139 1412728600.93
7.6639620455 1412728601.49
7.69797525431 1412728602.07
7.72911624143 1412728602.66
7.820780932 1412728603.23
7.85681147452 1412728603.83
7.81596060962 1412728604.44
7.69398687464 1412728605.03
7.54557350615 1412728605.58
7.50347923238 1412728606.14
7.46688897977 1412728606.73
7.4666799539 1412728607.29
7.48973422614 1412728607.86
7.53701055933 1412728608.46
7.58101733795 1412728609.03
7.5601106522 1412728609.64
7.55663416406 1412728610.24
7.55302384752 1412728610.84
7.61541754428 1412728611.42
7.60423668883 1412728612.01
7.60050879122 1412728612.61
7.50838763143 1412728613.21
7.50629512527 1412728613.8
7.5244539195 1412728614.41
7.51692673807 1412728615.0
7.51551136367 1412728615.59
7.51443504135 1412728616.2
7.50902531233 1412728616.8
7.49164806875 1412728617.39
7.49090841157 1412728617.97
7.26955730548 1412728618.59
7.25653203021 1412728619.19
7.07600236231 1412728619.8
7.09120782803 1412728620.36
7.11107826564 1412728620.94
7.10395341912 1412728621.56
7.09706064802 1412728622.18
7.13640151234 1412728622.79
7.13061028051 1412728623.41
7.09851170047 1412728624.01
7.12853239874 1412728624.62
7.17272278002 1412728625.27
7.1731505533 1412728625.91
7.1692289369 1412728626.54
7.16833521127 1412728627.16
7.16447717692 1412728627.79
7.27399616984 1412728628.39
7.26989895051 1412728629.01
