9.36469118984 1412723083.6
9.27702124655 1412723083.95
9.07636566288 1412723084.29
8.59563746442 1412723084.63
8.34708587535 1412723084.99
8.11092119379 1412723085.32
8.09259738737 1412723085.67
7.93580316781 1412723086.22
7.87446978155 1412723086.58
7.89785757018 1412723086.88
7.87317254984 1412723087.16
7.8485880715 1412723087.45
7.85909517904 1412723087.75
7.69937566004 1412723088.05
7.56632831215 1412723088.34
7.53727439106 1412723088.64
7.65059139182 1412723088.94
7.49608213338 1412723089.25
7.57488646452 1412723089.55
7.50800501851 1412723089.87
7.51397716906 1412723090.19
7.82233635628 1412723090.47
8.21871330249 1412723090.76
8.34046685554 1412723091.08
8.53103018062 1412723091.37
8.63831914173 1412723091.65
8.68610587879 1412723091.95
8.73237305937 1412723092.23
8.69135386113 1412723092.5
8.66944707359 1412723092.79
8.62889598274 1412723093.07
8.52440082307 1412723093.37
8.56126054 1412723093.67
8.42611675314 1412723093.96
8.37591751291 1412723094.25
8.32735990745 1412723094.54
8.32579616114 1412723094.85
8.21876306775 1412723095.13
8.07187219937 1412723095.41
7.9351475752 1412723095.7
7.88955720728 1412723095.97
7.74149119125 1412723096.22
7.5904972882 1412723096.49
7.64491265609 1412723096.78
7.66617105186 1412723097.03
7.53619889567 1412723097.3
7.72665812583 1412723097.58
7.49236036417 1412723097.88
7.4869514205 1412723098.18
7.30625407606 1412723098.5
7.32799851559 1412723098.76
7.22913653729 1412723099.0
7.49244119874 1412723099.3
7.19329335377 1412723099.56
7.56507810195 1412723099.82
7.22765450166 1412723100.11
7.0316086176 1412723100.39
7.39558938919 1412723100.67
6.9678712567 1412723100.94
7.3481051333 1412723101.26
6.86319370435 1412723101.54
7.2418629941 1412723101.85
6.77951857633 1412723102.1
7.05877132684 1412723102.35
6.58992842329 1412723102.6
6.85153864746 1412723102.85
6.43113332427 1412723103.09
6.71794133767 1412723103.34
6.19565904064 1412723103.59
6.34784134977 1412723103.81
6.01331245895 1412723104.1
6.15761998378 1412723104.37
5.84001188738 1412723104.59
5.9517075582 1412723104.83
5.72553254323 1412723105.08
5.8564681581 1412723105.32
5.54556754132 1412723105.55
5.68241930774 1412723105.81
5.89204691111 1412723106.07
5.65352878151 1412723106.32
5.42707769111 1412723106.58
5.42507751898 1412723106.82
5.52302932755 1412723107.07
5.31892872122 1412723107.32
5.29380905377 1412723107.57
5.15713723397 1412723107.82
5.11832959648 1412723108.07
5.07467455518 1412723108.34
5.16482461462 1412723108.59
5.0672591361 1412723108.81
5.04014479409 1412723109.06
4.97876968049 1412723109.3
4.98385642093 1412723109.58
4.88132919516 1412723109.83
4.8516092674 1412723110.11
4.82179396632 1412723110.33
4.76524742791 1412723110.62
4.66476286626 1412723110.93
4.59504252752 1412723111.19
4.45126997575 1412723111.46
4.39899868486 1412723111.73
4.32354287833 1412723111.99
4.18922392137 1412723112.26
4.20875921568 1412723112.52
4.04609213338 1412723112.76
4.00545584419 1412723113.04
3.88514793773 1412723113.28
3.72969878796 1412723113.56
3.62505638315 1412723113.82
3.5878789318 1412723114.1
3.580923374 1412723114.37
3.54552434441 1412723114.62
3.48374028507 1412723114.88
3.44715480838 1412723115.15
3.40790098786 1412723115.41
3.20251750722 1412723115.69
3.18382182584 1412723115.97
3.14314422454 1412723116.22
3.13498645661 1412723116.49
3.14088664629 1412723116.75
3.14760609221 1412723117.02
3.23718712139 1412723117.3
3.27599508004 1412723117.66
3.31318432704 1412723118.02
3.27275591125 1412723118.28
3.30992992298 1412723118.52
3.20652803287 1412723118.8
3.16056691575 1412723119.05
3.19149333881 1412723119.29
3.14650828563 1412723119.53
3.18041505625 1412723119.77
3.16670712042 1412723120.04
3.2067894106 1412723120.34
3.13466411101 1412723120.63
3.20060962915 1412723120.87
3.15098344033 1412723121.13
3.09857744209 1412723121.39
3.15337061561 1412723121.67
3.08699244977 1412723121.91
3.16070689125 1412723122.18
3.09454406759 1412723122.45
3.14920771524 1412723122.73
3.08275937109 1412723122.98
3.03898953665 1412723123.25
3.07016413598 1412723123.55
2.99129428893 1412723123.79
3.01573570221 1412723124.04
3.02809007623 1412723124.29
3.0873467043 1412723124.54
3.0419117785 1412723124.78
2.98103478999 1412723125.03
3.0163943554 1412723125.31
2.95690602859 1412723125.56
3.01060508374 1412723125.84
2.95184181014 1412723126.11
2.93753989239 1412723126.33
2.98671723058 1412723126.64
3.01571377003 1412723126.88
3.03943802581 1412723127.14
3.0139357687 1412723127.39
3.03561333015 1412723127.64
3.01756393317 1412723127.9
3.03403345716 1412723128.2
3.00411318789 1412723128.48
2.99515149089 1412723128.76
2.95293703599 1412723129.01
2.98024779665 1412723129.27
2.91620237042 1412723129.53
2.94605185422 1412723129.78
2.91192537189 1412723130.03
2.93549284969 1412723130.3
2.97629435299 1412723130.55
2.93398686922 1412723130.83
2.97289343682 1412723131.1
2.93160554154 1412723131.34
3.01036896004 1412723131.61
2.9657270837 1412723131.86
2.93902896772 1412723132.11
2.96023333876 1412723132.38
2.97221874089 1412723132.63
2.94415527862 1412723132.89
2.91910432729 1412723133.15
2.94286870705 1412723133.41
2.90620147772 1412723133.67
2.9235975883 1412723133.92
2.89975465701 1412723134.19
2.91636190159 1412723134.43
2.89332044695 1412723134.71
2.90925905319 1412723134.97
2.8703275254 1412723135.24
2.89753608049 1412723135.5
2.85974390028 1412723135.73
2.88713264227 1412723135.97
2.86502083485 1412723136.22
2.87500248975 1412723136.47
2.85315301146 1412723136.74
2.86321981529 1412723137.01
2.84140809006 1412723137.25
2.85154205413 1412723137.51
2.73351202341 1412723137.78
