11.5520294108 1412756333.09
11.4845042999 1412756334.53
11.4933822591 1412756336.02
11.5911837149 1412756337.59
11.6598247528 1412756339.04
11.7061397373 1412756340.48
11.6474394416 1412756341.9
11.5250562721 1412756343.33
11.4995045303 1412756344.77
11.515260938 1412756346.2
11.6584867505 1412756347.65
11.688772497 1412756349.1
11.7008115232 1412756350.58
11.8652286379 1412756352.02
11.7658092471 1412756353.49
11.7262962524 1412756354.92
11.6182312606 1412756356.34
11.4475967122 1412756357.8
11.3866648595 1412756359.17
11.4676263247 1412756360.59
11.394684513 1412756361.99
11.2724756163 1412756363.38
11.1060099702 1412756364.74
10.9730390433 1412756366.1
10.7409392426 1412756367.52
10.6272513433 1412756368.9
10.4769098863 1412756370.27
10.2590121252 1412756371.63
10.1621104165 1412756373.0
10.2542460447 1412756374.4
10.2167708066 1412756375.8
10.0953797561 1412756377.18
10.0676504197 1412756378.55
9.94810730207 1412756379.91
9.71612523489 1412756381.31
9.5329528806 1412756382.65
9.43183453542 1412756384.02
9.33958401469 1412756385.36
9.15814111049 1412756386.69
9.08350180111 1412756388.04
8.99161140923 1412756389.45
8.89225069095 1412756390.8
8.73607961301 1412756392.13
8.69253724007 1412756393.5
8.68807500602 1412756394.84
8.72654868978 1412756396.19
8.67579827029 1412756397.53
8.62546943911 1412756398.87
8.54021418859 1412756400.22
8.51712803136 1412756401.59
8.49132991217 1412756402.96
8.46177720025 1412756404.3
8.35678500415 1412756405.62
8.27578336427 1412756406.98
8.26534394741 1412756408.25
8.15303122195 1412756409.57
7.98559276025 1412756410.93
7.97102069717 1412756412.26
7.85998635753 1412756413.6
7.77284310643 1412756414.93
7.69736579284 1412756416.26
7.68446757472 1412756417.54
7.67715230802 1412756418.87
7.67316648969 1412756420.23
7.66626755222 1412756421.59
7.68794857765 1412756422.97
7.62054708798 1412756424.35
7.51345247708 1412756425.68
7.36941389653 1412756427.04
7.24254803236 1412756428.41
7.16261592951 1412756429.76
7.16611185238 1412756431.1
7.01699589284 1412756432.42
6.89060519401 1412756433.78
6.76642495807 1412756435.13
6.7361769604 1412756436.46
6.62107459426 1412756437.84
6.58959368437 1412756439.18
6.51421150053 1412756440.51
6.4436406355 1412756441.84
6.42208896563 1412756443.18
6.44102898063 1412756444.47
6.40938733103 1412756445.77
6.40445015543 1412756447.08
6.3702348284 1412756448.44
6.34810261881 1412756449.81
6.32130937437 1412756451.16
6.25128966525 1412756452.5
6.1139480163 1412756453.83
6.03806648798 1412756455.15
5.99133230498 1412756456.46
5.99334275809 1412756457.78
5.93928553152 1412756459.13
5.93348355519 1412756460.43
5.9006782461 1412756461.77
5.87237252015 1412756463.07
5.86543579302 1412756464.38
5.87077118605 1412756465.7
5.80454121512 1412756467.0
5.83849228382 1412756468.36
5.73076963269 1412756469.67
5.77536266911 1412756471.0
5.69688011868 1412756472.35
5.69398272206 1412756473.64
5.64824402596 1412756474.93
5.66811190314 1412756476.25
5.64697761101 1412756477.57
5.6706722137 1412756478.9
5.52126293512 1412756480.22
5.53991982099 1412756481.54
5.63967248394 1412756482.89
5.63851607289 1412756484.21
5.56720838318 1412756485.51
5.50312788849 1412756486.81
5.4451552762 1412756488.12
5.45052919704 1412756489.43
5.42008046403 1412756490.77
5.31432002302 1412756492.07
5.25081707748 1412756493.36
5.27758624096 1412756494.71
5.16450767224 1412756496.03
5.17199502942 1412756497.38
5.07204493646 1412756498.72
5.10275161967 1412756499.97
5.13191830282 1412756501.3
5.10684886181 1412756502.64
5.02887970001 1412756503.94
5.04840762344 1412756505.25
5.08985323619 1412756506.56
5.11951898955 1412756507.91
5.08142026268 1412756509.25
5.12585355912 1412756510.6
5.1499176617 1412756511.93
5.11815278183 1412756513.24
5.11186754194 1412756514.57
5.03516831263 1412756515.94
5.04907865572 1412756517.27
5.09458041883 1412756518.63
5.03547698861 1412756519.98
5.08308115556 1412756521.34
5.03542284674 1412756522.7
5.05762095442 1412756524.04
5.10359739682 1412756525.4
5.04842609028 1412756526.77
5.07146219442 1412756528.12
5.02820870015 1412756529.49
5.00471781408 1412756530.8
4.93080353776 1412756532.14
4.91640677996 1412756533.45
4.87745824124 1412756534.77
4.84992374103 1412756536.1
4.82687647497 1412756537.43
4.77326874975 1412756538.79
4.73459035101 1412756540.14
4.74836844155 1412756541.46
4.73661031905 1412756542.81
4.65962629586 1412756544.19
4.62056704519 1412756545.53
4.57368240289 1412756546.84
4.52400599203 1412756548.22
4.53700949249 1412756549.58
4.52502879552 1412756550.91
4.52412210249 1412756552.21
4.48932671234 1412756553.51
4.46369483153 1412756554.81
4.46365314322 1412756556.13
4.45550420953 1412756557.44
4.4613149837 1412756558.76
4.4837163008 1412756560.13
4.44217449596 1412756561.51
4.44637319986 1412756562.84
4.42713965297 1412756564.17
4.45503251766 1412756565.56
4.41785000152 1412756566.99
4.41890908604 1412756568.35
4.37938556433 1412756569.68
4.36900751148 1412756571.09
4.39081066116 1412756572.47
4.3652930425 1412756573.82
4.3940412562 1412756575.18
4.37597272292 1412756576.55
4.33306951202 1412756577.95
4.36918714132 1412756579.31
4.34655305208 1412756580.69
4.3687382706 1412756582.05
4.34762874379 1412756583.42
4.36405049445 1412756584.79
4.34804269487 1412756586.16
4.35090345099 1412756587.55
4.42009368423 1412756589.0
4.37057390188 1412756590.37
4.35069007857 1412756591.74
4.31732430092 1412756593.13
4.35823565725 1412756594.56
4.34597861797 1412756595.96
4.23622439932 1412756597.32
4.17654996782 1412756598.75
4.19656292772 1412756600.13
4.16266593114 1412756601.51
4.15068922955 1412756602.92
