17.8462913826 1412724814.0
17.4200018529 1412724814.27
17.1496341116 1412724814.55
17.4802029558 1412724814.84
17.066853677 1412724815.13
16.6019607286 1412724815.4
16.5213875101 1412724815.66
16.2911848882 1412724815.94
16.0953673829 1412724816.22
16.024914925 1412724816.48
15.8650116837 1412724816.76
15.6171099704 1412724817.05
15.5027140242 1412724817.3
15.2054157334 1412724817.57
15.1779691116 1412724817.86
15.3722025233 1412724818.14
15.1923040344 1412724818.4
15.1675636236 1412724818.69
15.2232977706 1412724819.0
15.093874393 1412724819.29
14.9493590144 1412724819.56
14.8821997127 1412724819.84
15.3140903644 1412724820.11
15.4398616309 1412724820.48
14.9817907186 1412724820.86
14.4651119994 1412724821.16
14.7065714635 1412724821.44
14.3887241008 1412724821.75
14.4897713434 1412724822.04
14.9293665066 1412724822.33
14.5170642392 1412724822.63
14.6929090868 1412724822.93
14.4050480807 1412724823.22
14.6048403151 1412724823.52
14.7183735504 1412724823.81
14.672327314 1412724824.11
14.2770819842 1412724824.41
14.5153042592 1412724824.67
14.5308508881 1412724824.95
14.5351026477 1412724825.23
14.3750230263 1412724825.49
14.667192685 1412724825.78
14.5598864857 1412724826.1
14.7412077904 1412724826.39
14.5268202612 1412724826.74
14.7033166034 1412724827.12
14.9303054398 1412724827.47
14.9564485566 1412724827.75
15.1414340673 1412724828.08
15.1855667312 1412724828.39
15.1536636616 1412724828.71
15.2759677223 1412724829.02
15.3169872348 1412724829.33
15.2891285008 1412724829.62
15.2121848739 1412724829.93
15.2958379174 1412724830.24
15.2200070211 1412724830.53
15.2744606676 1412724830.83
15.4058180472 1412724831.16
15.338870747 1412724831.48
15.4177173562 1412724831.77
15.2136784527 1412724832.08
15.0512593422 1412724832.4
15.1513828246 1412724832.7
15.2467640002 1412724832.96
15.2577054736 1412724833.28
15.1569203855 1412724833.58
15.1568402378 1412724833.87
15.2114253138 1412724834.17
15.1799504127 1412724834.47
15.2225878125 1412724834.74
15.1549257314 1412724835.06
15.2726659492 1412724835.37
14.983585475 1412724835.7
15.1537080841 1412724836.01
14.8831530306 1412724836.33
14.932968444 1412724836.65
15.2132784963 1412724836.94
15.2180044532 1412724837.26
15.287000924 1412724837.57
15.2331730963 1412724837.85
15.2025724685 1412724838.16
15.3084250814 1412724838.43
15.1299174903 1412724838.72
15.1623516835 1412724839.02
15.228698997 1412724839.31
15.1035904156 1412724839.62
15.1179414824 1412724839.92
15.1092278463 1412724840.24
15.0295263752 1412724840.54
14.99069787 1412724840.84
14.8773122661 1412724841.16
14.8752509389 1412724841.5
14.9270099172 1412724841.79
15.0712131604 1412724842.09
15.0628271857 1412724842.38
15.2730807432 1412724842.66
15.3278811828 1412724842.94
15.2077104221 1412724843.24
14.817507685 1412724843.57
15.1968937417 1412724843.88
15.0061379516 1412724844.19
14.5353300998 1412724844.51
14.4249147856 1412724844.82
14.8302439422 1412724845.09
14.7739992501 1412724845.39
14.5555590091 1412724845.71
14.6810411054 1412724846.0
14.2179139598 1412724846.35
14.2403126463 1412724846.64
14.1651187646 1412724846.94
14.123036649 1412724847.24
14.1032466675 1412724847.55
14.0842168859 1412724847.83
13.9092402508 1412724848.25
13.6103477867 1412724848.62
13.3711081081 1412724848.92
13.3289574658 1412724849.25
13.2438362996 1412724849.58
13.2060966919 1412724849.92
13.2231741914 1412724850.25
13.0735146487 1412724850.66
13.1297511504 1412724851.09
13.3898253371 1412724851.4
13.3256565171 1412724851.72
13.3213714561 1412724852.05
13.3096325519 1412724852.37
13.3324067212 1412724852.72
13.070946217 1412724853.02
12.9443721787 1412724853.33
12.9310944333 1412724853.65
13.1970268854 1412724853.99
13.213904295 1412724854.33
13.237662089 1412724854.64
13.2296291309 1412724854.97
13.2243844759 1412724855.3
13.2130100183 1412724855.64
13.1983155346 1412724855.99
13.065380461 1412724856.3
13.3968643154 1412724856.66
13.1648822768 1412724856.95
12.9356693637 1412724857.25
12.8803298774 1412724857.58
12.818830264 1412724857.91
12.8714284271 1412724858.22
12.8177895364 1412724858.55
12.8304168247 1412724858.88
12.8279319619 1412724859.22
12.9054058475 1412724859.51
12.9056639591 1412724859.84
12.9333956489 1412724860.25
12.8954837925 1412724860.65
12.8486153319 1412724860.99
12.8778086013 1412724861.33
12.840013886 1412724861.69
12.8424940003 1412724862.02
12.8005173123 1412724862.34
12.7431054351 1412724862.65
12.757044549 1412724862.97
12.7534612299 1412724863.31
12.7401154996 1412724863.6
12.7807337452 1412724863.92
12.7807558948 1412724864.24
12.7806654257 1412724864.56
12.7804609 1412724864.9
12.7841492534 1412724865.2
12.7725516037 1412724865.54
12.761209281 1412724865.85
12.7496391833 1412724866.23
12.7956199164 1412724866.65
12.7822599261 1412724867.02
12.7243718098 1412724867.36
12.6919468315 1412724867.68
12.681869808 1412724867.98
12.7140370258 1412724868.28
12.7226993202 1412724868.6
12.7144442398 1412724868.9
12.7739622863 1412724869.22
12.760980503 1412724869.51
12.8734494577 1412724869.82
12.9103162935 1412724870.14
12.9005007907 1412724870.47
12.8461998836 1412724870.77
12.7868207702 1412724871.11
12.8126748318 1412724871.41
12.7861434272 1412724871.71
12.8260901247 1412724872.04
12.8466456565 1412724872.36
12.9187829811 1412724872.7
12.9908768419 1412724873.01
12.8994163418 1412724873.33
12.931622465 1412724873.64
12.9659168479 1412724873.96
12.9601279263 1412724874.3
12.987430396 1412724874.63
12.9804727318 1412724874.94
13.0528376063 1412724875.23
13.0097908828 1412724875.55
13.0016103541 1412724875.89
13.0307097269 1412724876.2
