9.9344143259 1412722176.58
9.67174695224 1412722176.67
9.40022732905 1412722176.76
9.27132910504 1412722176.85
8.78776856733 1412722176.96
8.79571011653 1412722177.05
8.69541375831 1412722177.15
8.48047643183 1412722177.25
8.42405828192 1412722177.36
8.46150339491 1412722177.46
8.19222144457 1412722177.57
7.86496524565 1412722177.64
7.85932403994 1412722177.72
7.61314635533 1412722177.8
7.63995669184 1412722177.88
7.29001564789 1412722177.97
7.25395189154 1412722178.07
7.12394385704 1412722178.17
6.98896007633 1412722178.26
7.11517411043 1412722178.38
6.92635257066 1412722178.47
6.87331429261 1412722178.55
6.86151202991 1412722178.65
6.71984097628 1412722178.73
6.62842866042 1412722178.82
6.52541191089 1412722178.91
6.44502303387 1412722178.99
6.28958075687 1412722179.07
6.27281190312 1412722179.15
6.27502513113 1412722179.24
6.20010717433 1412722179.34
6.16001304922 1412722179.45
6.05838372954 1412722179.54
6.08444338545 1412722179.63
5.85959743807 1412722179.72
5.84844098932 1412722179.81
5.67953249683 1412722179.9
5.65299496788 1412722179.99
5.54709150773 1412722180.09
5.47911607196 1412722180.17
5.48128623588 1412722180.27
5.45618518137 1412722180.38
5.46910479271 1412722180.47
5.27958107735 1412722180.57
5.31862513488 1412722180.65
5.20801262383 1412722180.74
5.27304690641 1412722180.84
5.16055940162 1412722180.94
4.95840280689 1412722181.03
5.05366117329 1412722181.16
4.80198776284 1412722181.25
4.81031319101 1412722181.35
4.82457890778 1412722181.46
4.67650355982 1412722181.57
4.53508574027 1412722181.66
4.6317398651 1412722181.76
4.50795727321 1412722181.85
4.37808503084 1412722181.95
4.44625213397 1412722182.06
4.20227203907 1412722182.15
4.1783725658 1412722182.25
4.30033510953 1412722182.38
4.13996285636 1412722182.48
4.07524819286 1412722182.58
4.14627368056 1412722182.68
3.90305225673 1412722182.77
3.97262341318 1412722182.97
3.88082966076 1412722183.1
3.93216677889 1412722183.23
3.84197978579 1412722183.37
3.89337214981 1412722183.55
3.74820995401 1412722183.68
3.71825399625 1412722183.8
3.57861484303 1412722183.91
3.58211459384 1412722184.1
3.53496685038 1412722184.23
3.53912437215 1412722184.42
3.57184711933 1412722184.55
3.47335357112 1412722184.75
3.4714527374 1412722184.92
3.40275905314 1412722185.14
3.34534756911 1412722185.35
3.32010053101 1412722185.52
3.2805602367 1412722185.62
3.29103433331 1412722185.71
3.25210545299 1412722185.82
3.26264499783 1412722185.92
3.22429680469 1412722186.03
3.16944159828 1412722186.12
3.18859646789 1412722186.22
3.11400798825 1412722186.35
3.15874554258 1412722186.49
3.08510666915 1412722186.6
3.09139579126 1412722186.71
2.99309626474 1412722186.82
2.99308667823 1412722186.91
3.09570919545 1412722187.02
2.9728559725 1412722187.11
2.94908325151 1412722187.2
2.90452787031 1412722187.3
2.92452115832 1412722187.4
2.89734202941 1412722187.52
2.90002566105 1412722187.74
2.87333718767 1412722187.87
2.87607671732 1412722187.99
2.84989248241 1412722188.13
2.85274977612 1412722188.26
2.76144514771 1412722188.44
2.76337476293 1412722188.55
2.76678323714 1412722188.7
2.74509023282 1412722188.83
2.72082216247 1412722188.97
2.68144057377 1412722189.12
2.70085094551 1412722189.27
2.6619112511 1412722189.38
2.68125649589 1412722189.47
2.64281435227 1412722189.58
2.66206370532 1412722189.69
2.60329861303 1412722189.8
2.60555010635 1412722189.89
2.58562359345 1412722189.99
2.54348919943 1412722190.1
2.54805956167 1412722190.19
2.51921231536 1412722190.32
2.45125106962 1412722190.44
2.43111647753 1412722190.55
2.44632743363 1412722190.65
2.45773457895 1412722190.76
2.43940275115 1412722190.85
2.34465802984 1412722190.95
2.32724719564 1412722191.1
2.29320128348 1412722191.21
2.27937461291 1412722191.32
2.26704032469 1412722191.41
2.26366291891 1412722191.49
2.25050045577 1412722191.6
2.24700044165 1412722191.76
2.24466363748 1412722191.86
2.23190919233 1412722191.97
2.20108235655 1412722192.11
2.1928393758 1412722192.23
2.18732570784 1412722192.38
2.16702651159 1412722192.5
2.1614876687 1412722192.6
2.16372441963 1412722192.7
2.135257663 1412722192.79
2.1278648724 1412722192.89
2.12262270279 1412722192.96
2.12021069666 1412722193.04
2.11417039051 1412722193.13
2.10801818118 1412722193.24
2.10213934412 1412722193.4
2.09596896213 1412722193.51
2.09694950675 1412722193.61
2.09024078654 1412722193.71
2.08490837027 1412722193.79
2.07838410921 1412722193.9
2.07316109831 1412722193.98
2.0068131078 1412722194.08
2.02533577446 1412722194.19
1.97874248485 1412722194.29
1.97741463375 1412722194.43
1.97667969805 1412722194.59
2.01533273566 1412722194.78
2.01593164801 1412722194.88
2.01564736584 1412722194.97
2.01586263998 1412722195.08
1.96652182703 1412722195.17
1.9560362699 1412722195.26
1.94598544738 1412722195.36
1.89797708577 1412722195.47
1.88840369981 1412722195.57
1.87941739054 1412722195.68
1.87234296668 1412722195.78
1.84906085971 1412722195.87
1.86292678496 1412722195.96
1.83981653494 1412722196.03
1.85232274516 1412722196.12
1.7791401721 1412722196.22
1.77571721835 1412722196.32
1.77948642825 1412722196.42
1.75929231142 1412722196.51
1.77025543571 1412722196.62
1.75011483632 1412722196.72
1.78082528943 1412722196.84
1.75831220257 1412722196.92
1.75161141499 1412722197.04
1.7501344007 1412722197.13
1.743557966 1412722197.23
1.74057463941 1412722197.3
1.73410672355 1412722197.4
1.73123820302 1412722197.47
1.70383723093 1412722197.57
1.69795048356 1412722197.66
1.70385273212 1412722197.76
1.69901551751 1412722197.85
1.68326947676 1412722197.94
1.66902530153 1412722198.04
1.67501252058 1412722198.13
1.66083158358 1412722198.23
