8.05456795635 1412721976.84
7.53484719848 1412721976.94
7.34518597568 1412721977.07
7.07573841533 1412721977.17
6.62235149201 1412721977.28
6.88801917781 1412721977.37
6.9303700404 1412721977.46
7.29606889817 1412721977.59
7.45685938689 1412721977.72
7.72260922606 1412721977.85
7.89056089931 1412721977.96
8.13351943882 1412721978.06
8.20880336803 1412721978.18
8.16242690761 1412721978.31
8.24591327703 1412721978.48
8.02766087646 1412721978.6
7.88754867117 1412721978.72
7.97265735895 1412721978.85
7.86549197355 1412721978.98
7.95893096631 1412721979.09
7.97889342512 1412721979.2
8.00536254947 1412721979.31
7.90056666552 1412721979.49
7.9476167776 1412721979.58
8.00267582681 1412721979.67
7.85202894456 1412721979.78
7.86656947683 1412721979.88
7.94132207068 1412721979.97
7.9015232193 1412721980.06
8.04326157082 1412721980.15
8.08953936568 1412721980.26
8.0855720344 1412721980.4
7.9220623558 1412721980.5
7.65968405393 1412721980.61
7.40433655096 1412721980.71
7.10865829395 1412721980.84
6.5665804322 1412721981.0
5.47082345253 1412721981.17
5.78947621607 1412721981.28
5.37742030877 1412721981.44
5.28912043831 1412721981.58
5.30416795733 1412721981.72
5.34338855932 1412721981.84
5.27398204025 1412721981.99
5.28595942647 1412721982.11
5.26796025568 1412721982.21
5.34751623649 1412721982.35
5.34423066452 1412721982.47
5.30020773933 1412721982.6
5.30058940299 1412721982.72
5.3113284045 1412721982.84
5.2686405459 1412721982.95
5.01880706588 1412721983.09
4.83836949446 1412721983.25
4.84514694362 1412721983.35
4.82746694316 1412721983.46
4.83679707074 1412721983.57
4.84563580317 1412721983.69
4.8389240378 1412721983.8
4.89537564229 1412721983.89
4.78601124144 1412721983.99
4.49966446487 1412721984.08
4.40951997056 1412721984.17
4.49133455923 1412721984.31
4.49502394967 1412721984.42
4.54886816651 1412721984.52
4.54750777192 1412721984.62
4.61506209645 1412721984.74
4.52095508683 1412721984.85
4.50957273011 1412721984.95
4.51711936849 1412721985.05
4.24554175426 1412721985.16
4.17581389147 1412721985.26
4.18063226517 1412721985.36
4.17317410734 1412721985.52
4.25804309217 1412721985.67
4.14622920943 1412721985.85
4.15340989392 1412721985.96
4.06565221902 1412721986.07
3.93881779693 1412721986.17
3.9472578648 1412721986.31
3.82248107002 1412721986.61
3.82916161873 1412721986.8
3.83591234954 1412721986.98
3.74490280368 1412721987.12
3.75014232099 1412721987.3
3.72515142375 1412721987.46
3.75045485633 1412721987.57
3.75532791874 1412721987.7
3.72732732808 1412721987.79
3.73228226984 1412721987.89
3.68824061622 1412721988.02
3.69303279325 1412721988.13
3.71861943744 1412721988.26
3.39195652595 1412721988.43
3.44058794988 1412721988.62
3.28870083471 1412721988.79
3.29377805038 1412721988.94
3.25080367536 1412721989.09
3.20059085847 1412721989.22
3.20624452012 1412721989.35
3.21196406072 1412721989.48
3.28019998364 1412721989.61
3.28556784211 1412721989.72
3.29099768035 1412721989.84
3.33144054828 1412721989.94
3.51472746634 1412721990.04
3.57107554573 1412721990.15
3.41215476279 1412721990.27
3.41585285101 1412721990.41
3.41924907723 1412721990.53
3.37256423741 1412721990.65
3.24961596694 1412721990.78
3.25286737603 1412721990.89
3.35878701752 1412721990.99
3.27510586461 1412721991.1
3.2082519269 1412721991.22
3.19297072639 1412721991.33
3.19974891057 1412721991.46
3.20395927131 1412721991.6
3.04220729983 1412721991.74
3.03860305707 1412721991.86
3.03498409642 1412721991.99
3.03131568478 1412721992.15
3.02762602977 1412721992.29
3.01719404264 1412721992.47
2.98016481509 1412721992.58
2.94908388572 1412721992.72
2.9433545564 1412721992.88
2.9454235557 1412721993.03
2.94749924671 1412721993.16
2.94957136498 1412721993.3
2.9516465888 1412721993.44
2.94378184481 1412721993.59
2.94168790876 1412721993.8
2.93959361055 1412721993.95
2.90925631367 1412721994.12
2.90824922247 1412721994.3
2.90725841465 1412721994.48
2.90207911498 1412721994.62
2.90168275672 1412721994.78
2.88844491153 1412721994.94
2.90394258422 1412721995.09
2.8909680887 1412721995.24
2.89373204536 1412721995.36
2.89644644682 1412721995.5
2.89910749929 1412721995.66
2.90166268619 1412721995.83
2.9042230669 1412721995.98
2.93254724906 1412721996.13
2.93245507602 1412721996.31
2.93405130336 1412721996.49
2.93404404052 1412721996.65
2.93405352342 1412721996.81
2.9340634377 1412721996.98
2.93406525524 1412721997.12
2.93408113033 1412721997.25
2.93409870349 1412721997.38
2.93412022605 1412721997.51
2.93411537963 1412721997.64
2.93413715884 1412721997.77
2.93411245975 1412721997.9
2.93415119572 1412721998.02
2.93410809774 1412721998.14
2.93412620895 1412721998.25
2.93932995087 1412721998.43
2.93932250878 1412721998.61
2.93933167592 1412721998.76
2.9393432412 1412721998.9
2.93930767819 1412721999.04
2.9393008021 1412721999.17
2.93928053933 1412721999.34
2.93921094436 1412721999.52
2.94010085895 1412721999.66
2.94086857644 1412721999.8
2.9408577513 1412721999.95
2.94166639981 1412722000.1
2.94240201934 1412722000.25
2.56203096981 1412722000.5
2.56257762171 1412722000.66
2.53292908832 1412722000.81
2.53278288075 1412722000.97
2.53684367408 1412722001.09
2.53748660295 1412722001.21
2.53810744245 1412722001.33
2.53877587412 1412722001.47
2.53942266456 1412722001.59
2.53888279534 1412722001.71
2.53824878796 1412722001.82
2.64628140463 1412722001.93
2.88233663511 1412722002.08
2.88168129087 1412722002.2
2.88086766299 1412722002.34
2.88010905113 1412722002.47
2.87917888984 1412722002.6
2.86133683483 1412722002.73
2.7563117773 1412722002.84
2.7579928457 1412722002.97
2.65524525001 1412722003.08
2.65819196686 1412722003.21
