15.1862835735 1412732890.21
15.0536631877 1412732891.29
15.0854066241 1412732892.31
15.0786054961 1412732893.36
14.9682310158 1412732894.4
14.708201998 1412732895.38
14.0712611416 1412732896.35
13.9095950072 1412732897.46
13.814157863 1412732898.49
13.8433503749 1412732899.56
13.9421521451 1412732900.61
13.8738839651 1412732901.69
13.9303036266 1412732902.78
13.6647344346 1412732903.86
13.3750326003 1412732904.94
13.1161760305 1412732905.96
13.0486149579 1412732907.0
12.9347363106 1412732908.1
12.9672693807 1412732909.16
12.9511694009 1412732910.24
12.7800625284 1412732911.31
12.8218241228 1412732912.38
12.8627910996 1412732913.45
12.9144567409 1412732914.57
12.9360172656 1412732915.71
12.9219399494 1412732916.84
13.0494131584 1412732918.02
12.8905905555 1412732919.2
12.8179649753 1412732920.39
12.826734655 1412732921.61
12.8348039259 1412732922.84
12.9153635984 1412732924.09
12.9129549058 1412732925.34
12.9569195158 1412732926.6
13.0053718831 1412732927.82
13.1173662037 1412732929.11
13.114014361 1412732930.3
13.3608547725 1412732931.46
13.4335202883 1412732932.63
13.5813707192 1412732933.78
13.555136349 1412732935.02
13.5962566499 1412732936.23
13.5084619242 1412732937.62
13.2564811954 1412732938.92
12.9915783068 1412732940.23
13.1709036182 1412732941.65
13.4109281959 1412732943.0
13.0668920155 1412732944.34
13.2895219099 1412732945.71
13.0240600541 1412732947.07
13.2483487415 1412732948.35
12.9556541556 1412732949.66
12.5680115951 1412732950.96
12.2945084229 1412732952.29
12.58696195 1412732953.67
12.3754756447 1412732955.06
12.2874605646 1412732956.42
12.4508114396 1412732957.73
12.368840416 1412732959.06
12.2123563451 1412732960.42
12.1625059641 1412732961.7
12.3363405711 1412732963.01
12.5147458715 1412732964.38
12.6281672154 1412732965.74
12.7214948076 1412732967.01
12.8485602037 1412732968.42
12.8856148557 1412732969.79
12.9350714138 1412732971.14
13.0778975024 1412732972.52
13.2011643286 1412732973.85
13.2506453936 1412732975.2
13.2037872731 1412732976.6
12.9884337388 1412732977.97
12.5913760754 1412732979.37
12.3771813084 1412732980.77
12.2597553059 1412732982.16
12.1727470423 1412732983.49
12.0591475746 1412732984.97
12.0965706306 1412732986.36
12.0266550681 1412732987.77
12.0968810748 1412732989.19
12.0810876581 1412732990.71
12.0892313081 1412732992.1
12.1192542412 1412732993.64
12.2006089137 1412732995.21
12.1773972801 1412732996.7
12.2007754549 1412732998.23
12.1988947409 1412732999.81
12.2788888308 1412733001.34
12.3627348208 1412733002.83
12.4112558084 1412733004.51
12.4626416229 1412733006.24
12.4477174869 1412733007.9
12.5049127301 1412733009.53
12.5652142984 1412733011.18
12.5218890811 1412733012.78
12.612914614 1412733014.4
12.6077857078 1412733015.98
12.598131786 1412733017.59
12.5914194863 1412733019.12
12.552791627 1412733020.7
12.6608236144 1412733022.31
12.6681581393 1412733023.95
12.7406032441 1412733025.57
12.7825268875 1412733027.2
12.9285971967 1412733028.83
13.148578012 1412733030.48
13.3547848137 1412733032.08
13.3520670789 1412733033.71
13.2734031347 1412733035.29
13.3918626172 1412733036.89
13.3122161552 1412733038.48
13.3539689185 1412733039.98
13.3025775549 1412733041.57
13.4079484801 1412733043.14
13.4433654321 1412733044.68
13.7069794524 1412733046.24
13.6893785085 1412733047.87
13.6926954722 1412733049.92
13.6786853295 1412733051.74
13.6474283102 1412733053.36
13.6116782876 1412733055.01
13.5815046624 1412733056.66
13.6018689346 1412733058.26
13.624444627 1412733059.84
13.6248875832 1412733061.41
13.7037606554 1412733063.07
13.6954584422 1412733064.71
13.6507249836 1412733066.39
13.6929661979 1412733068.02
13.6865494181 1412733069.66
13.6690585253 1412733071.31
13.6330892957 1412733072.94
13.6645559091 1412733074.61
13.6287505112 1412733076.3
13.6762788155 1412733077.98
13.7226471608 1412733079.59
13.7679968301 1412733081.28
13.8416390556 1412733082.93
13.9053676079 1412733084.59
13.9661091579 1412733086.25
13.8713003165 1412733087.93
13.9092202645 1412733089.56
13.9080479502 1412733091.22
13.9564005422 1412733092.84
13.9698955273 1412733094.58
14.0467364662 1412733096.23
13.9632652847 1412733097.91
13.9942952708 1412733099.54
14.058465343 1412733101.21
14.0724765667 1412733102.79
14.1108230716 1412733104.49
14.2997893323 1412733106.17
14.3119715046 1412733107.81
14.3465347454 1412733109.51
14.3410672081 1412733111.14
14.373542407 1412733112.84
14.3415785033 1412733114.5
14.2992269884 1412733116.25
14.2937821559 1412733117.96
14.311475302 1412733119.68
14.2834398951 1412733121.39
14.3031027519 1412733123.15
14.2894806723 1412733124.88
14.3111383993 1412733126.63
14.3092439481 1412733128.38
14.3294310891 1412733130.1
14.3643650487 1412733131.78
14.4839582032 1412733133.51
14.4361249592 1412733135.26
14.460488812 1412733137.09
14.2506389108 1412733138.77
14.1933489398 1412733140.48
14.1658151703 1412733142.28
14.1417119198 1412733144.01
14.2132591509 1412733145.72
14.1846380346 1412733147.4
14.187129907 1412733149.17
14.2061488323 1412733150.87
14.2069284772 1412733152.59
14.2423083459 1412733154.33
14.1788908824 1412733156.12
14.2090266158 1412733157.89
14.2301837855 1412733159.75
14.2498539531 1412733161.51
14.2730672934 1412733163.26
14.2934088932 1412733164.98
14.2610468006 1412733166.73
14.3023929747 1412733168.49
14.3272222669 1412733170.24
14.251030226 1412733171.99
14.3382171754 1412733173.77
14.3221186062 1412733175.45
14.314829584 1412733177.22
14.4684091103 1412733178.94
14.4962418447 1412733180.74
14.528941582 1412733182.46
14.5241297231 1412733184.23
14.6178016153 1412733186.09
14.5128750526 1412733187.85
