11.5230364887 1412740131.65
10.9419435133 1412740132.73
10.8090544641 1412740133.79
10.8566788241 1412740134.77
10.6341362341 1412740135.77
10.7375158921 1412740136.73
10.7366948128 1412740137.72
10.7963034201 1412740138.69
10.8353935169 1412740139.68
10.8379085369 1412740140.65
10.7722915837 1412740141.62
10.7481523769 1412740142.58
10.7428500308 1412740143.55
10.5179536687 1412740144.5
10.4456542697 1412740145.47
10.3468620165 1412740146.41
10.2461356712 1412740147.36
10.1584253771 1412740148.3
10.1079229143 1412740149.27
10.0868716851 1412740150.26
9.98837894086 1412740151.2
9.98604028576 1412740152.18
9.89475231473 1412740153.14
9.78599555308 1412740154.07
9.76373070737 1412740155.03
9.64925917462 1412740155.96
9.55250336741 1412740156.92
9.59352091709 1412740157.89
9.54871035821 1412740158.82
9.53019980232 1412740159.76
9.42806339824 1412740160.72
9.39039166008 1412740161.65
9.30277071862 1412740162.62
9.27222614206 1412740163.61
9.26097422031 1412740164.55
9.17042591657 1412740165.47
9.11824885584 1412740166.42
9.04021187588 1412740167.36
8.99699500292 1412740168.34
8.87539764887 1412740169.27
8.77935884094 1412740170.23
8.6714000083 1412740171.1
8.44163731251 1412740172.04
8.24995868378 1412740172.98
8.25249562572 1412740173.9
8.12935495894 1412740174.83
8.04416910019 1412740175.74
7.95037247829 1412740176.65
7.89597176596 1412740177.6
7.84198851013 1412740178.53
7.81265449454 1412740179.44
7.75354497491 1412740180.36
7.70400286276 1412740181.28
7.65800540885 1412740182.18
7.61348611528 1412740183.11
7.50932565933 1412740184.04
7.42394446527 1412740184.95
7.36304220148 1412740185.89
7.28065256155 1412740186.76
7.11678900299 1412740187.66
7.00995294261 1412740188.59
6.96327997214 1412740189.49
6.819297234 1412740190.44
6.76906800013 1412740191.39
6.64438146461 1412740192.34
6.63836617631 1412740193.25
6.54132599399 1412740194.17
6.49739103475 1412740195.08
6.47719316705 1412740195.99
6.5229257075 1412740196.93
6.49574497235 1412740197.8
6.47568282741 1412740198.71
6.47180673691 1412740199.6
6.46426837183 1412740200.5
6.41545444224 1412740201.38
6.40849388745 1412740202.3
6.35419700747 1412740203.18
6.31154365252 1412740204.11
6.28347356174 1412740205.0
6.17226692843 1412740205.92
6.03733091837 1412740206.82
5.89384348535 1412740207.71
5.83667091129 1412740208.64
5.80385998133 1412740209.54
5.88435431482 1412740210.45
5.93379559563 1412740211.39
5.96063956912 1412740212.31
6.01389640616 1412740213.2
6.04236772504 1412740214.1
5.93907116353 1412740215.05
5.93251671906 1412740215.92
5.92607568933 1412740216.83
5.94278451552 1412740217.73
5.9576704653 1412740218.62
5.9893466071 1412740219.54
6.01848798449 1412740220.41
6.03486147864 1412740221.33
6.0121704904 1412740222.22
5.88523264976 1412740223.14
5.86074756493 1412740224.07
5.7773737594 1412740224.95
5.69061037041 1412740225.84
5.72389400712 1412740226.77
5.750384036 1412740227.65
5.76855592469 1412740228.56
5.78666979849 1412740229.45
5.84676280383 1412740230.37
5.80075527585 1412740231.31
5.74337274398 1412740232.19
5.76427519967 1412740233.11
5.7657749492 1412740233.99
5.76929721349 1412740234.86
5.76241371689 1412740235.73
5.76731251765 1412740236.65
5.7275239385 1412740237.56
5.68553084951 1412740238.44
5.62951581231 1412740239.34
5.59545706206 1412740240.27
5.53330521189 1412740241.19
5.50071595629 1412740242.04
5.45064321202 1412740242.92
5.40967577191 1412740243.77
5.38784082918 1412740244.66
5.40753904727 1412740245.56
5.40050942354 1412740246.47
5.4204760991 1412740247.38
5.4148569175 1412740248.27
5.40348493018 1412740249.2
5.43496535839 1412740250.12
5.46406878652 1412740251.06
5.44140647974 1412740251.97
5.44262235301 1412740252.92
5.39740441819 1412740253.81
5.4005171489 1412740254.74
5.41151089233 1412740255.66
5.45222225416 1412740256.56
5.42045853939 1412740257.51
5.40841877749 1412740258.47
5.38514450297 1412740259.46
5.43139207512 1412740260.37
5.41325324331 1412740261.31
5.42236970609 1412740262.26
5.43396579749 1412740263.27
5.45561650811 1412740264.31
5.46039428541 1412740265.23
5.47157361981 1412740266.18
5.47863502423 1412740267.16
5.47147798173 1412740268.14
5.47831070453 1412740269.1
5.50063092029 1412740270.03
5.49668886526 1412740270.94
5.52530674564 1412740271.86
5.49283349036 1412740272.78
5.5045015973 1412740273.72
5.58322573435 1412740274.66
5.57636157303 1412740275.62
5.57258648559 1412740276.57
5.57830300029 1412740277.49
5.58107966723 1412740278.47
5.56996937078 1412740279.42
5.59098998218 1412740280.38
5.61712649161 1412740281.35
5.62229580379 1412740282.3
5.64163075222 1412740283.25
5.62718757312 1412740284.2
5.56969730152 1412740285.17
5.54285992685 1412740286.14
5.41175905018 1412740287.09
5.38902206983 1412740288.1
5.379547817 1412740289.05
5.4006094883 1412740289.99
5.36571685769 1412740290.98
5.38739769973 1412740291.96
5.40603556094 1412740292.93
5.4185305857 1412740293.95
5.42915883656 1412740294.88
5.41564257226 1412740295.9
5.40067020612 1412740296.9
5.43647105609 1412740297.88
5.45313390034 1412740298.88
5.45121531369 1412740299.87
5.45724955971 1412740300.86
5.47469423901 1412740301.81
5.51082190505 1412740302.81
5.5050382248 1412740303.79
5.48541319224 1412740304.85
5.47360950496 1412740305.83
5.47361228028 1412740306.83
5.48409669057 1412740307.82
5.48677461384 1412740308.81
5.47654476706 1412740309.83
5.47949290029 1412740310.86
5.46128705671 1412740311.9
5.48036170538 1412740312.96
5.4621987701 1412740313.97
5.48295368643 1412740315.0
5.4585450608 1412740316.04
5.45451236558 1412740317.08
5.42224676488 1412740318.09
5.41544757701 1412740319.14
