15.3546912559 1412756604.36
15.2292474506 1412756605.84
15.0376153962 1412756607.27
15.1579315521 1412756608.76
14.9210013819 1412756610.24
14.5768863913 1412756611.69
14.2664931846 1412756613.16
14.1406496571 1412756614.62
14.037449898 1412756616.08
14.084959888 1412756617.49
14.1685428549 1412756618.9
14.3314449454 1412756620.34
14.3358902673 1412756621.85
14.3853080248 1412756623.51
14.1651188439 1412756625.17
14.0358986013 1412756626.75
14.0965160979 1412756628.3
13.8050172252 1412756629.9
13.7656104846 1412756631.44
13.7470101867 1412756633.01
13.6112170527 1412756634.59
13.4152383746 1412756636.16
13.302693184 1412756637.74
13.3074241314 1412756639.31
13.2705168105 1412756640.85
13.16010839 1412756642.43
13.1382531526 1412756643.95
13.0183723792 1412756645.47
12.9031379527 1412756647.05
12.8542486217 1412756648.63
12.820167099 1412756650.17
12.7371181313 1412756651.71
12.7048345523 1412756653.23
12.6512406631 1412756654.78
12.7125618057 1412756656.4
12.3225790772 1412756657.97
11.7286378739 1412756659.53
11.6945498208 1412756661.11
11.5552057906 1412756662.69
11.5506274906 1412756664.3
11.441102335 1412756665.88
11.0335571738 1412756667.5
11.0827501899 1412756669.1
10.9895359349 1412756670.71
10.8878099845 1412756672.33
10.7682312609 1412756674.0
10.7550219452 1412756675.62
10.6559967332 1412756677.33
10.6000185775 1412756678.98
10.6122481716 1412756680.63
10.7796741156 1412756682.32
10.8661696673 1412756684.01
10.6676376175 1412756685.72
10.6925983647 1412756687.53
10.7433477648 1412756689.44
10.7673803235 1412756691.23
10.7569070622 1412756692.99
10.7126082316 1412756694.85
10.7078469213 1412756696.69
10.7316363073 1412756698.52
10.79259326 1412756700.36
10.6887355375 1412756702.17
10.5062291431 1412756703.94
10.5522014493 1412756705.74
10.4775919412 1412756707.56
10.3255438048 1412756709.31
10.3021868623 1412756711.13
10.2709804064 1412756712.92
10.3234994014 1412756714.77
10.3159248653 1412756716.64
10.2863343465 1412756718.56
10.162480515 1412756720.43
10.0084842654 1412756722.29
10.0145205979 1412756724.15
9.88192098529 1412756726.03
9.94178496799 1412756727.96
9.99472556658 1412756729.84
9.93344829218 1412756731.79
9.96744584079 1412756733.65
9.95798454624 1412756735.62
9.86511364635 1412756737.55
9.88198191718 1412756739.48
9.90365129687 1412756741.36
9.87077535673 1412756743.33
9.90240715389 1412756745.33
9.84536331979 1412756747.26
9.80937210004 1412756749.21
9.78017782067 1412756751.17
9.77858769016 1412756753.07
9.79488419494 1412756755.07
9.79498264835 1412756757.06
9.80567903249 1412756759.02
9.77027472599 1412756761.01
9.73491062724 1412756763.0
9.64564269512 1412756764.93
9.64321763385 1412756766.85
9.61604205663 1412756768.86
9.6424874875 1412756770.92
9.69925378664 1412756772.95
9.75689929774 1412756775.05
9.63590641011 1412756777.11
9.559320439 1412756779.15
9.61700844151 1412756781.2
9.5218807953 1412756783.23
9.54733566265 1412756785.18
9.47350621594 1412756787.24
9.4521886499 1412756789.23
9.34162309243 1412756791.33
9.33067914865 1412756793.33
9.31039798847 1412756795.31
9.32492586078 1412756797.38
9.38709460771 1412756799.51
9.37272574024 1412756801.55
9.36621894223 1412756803.66
9.23911926834 1412756805.79
9.21210972734 1412756807.92
9.2098736318 1412756810.0
9.12033798922 1412756812.11
9.13141619664 1412756814.28
9.08292321573 1412756816.48
9.02126705132 1412756818.69
9.05081674224 1412756820.83
8.94774132436 1412756822.99
8.74900554218 1412756825.17
8.56591284237 1412756827.41
8.57382411479 1412756829.63
8.38195717763 1412756831.86
8.38872153742 1412756834.11
8.25064742488 1412756836.36
8.24917752959 1412756838.62
8.28766171077 1412756840.84
8.38028105591 1412756843.02
8.40587326982 1412756845.29
8.32814653161 1412756847.58
8.34790527395 1412756849.87
8.34938460711 1412756852.18
8.42821845056 1412756854.52
8.49723697869 1412756856.91
8.43809585442 1412756858.76
8.45748224899 1412756860.37
8.46336492519 1412756861.99
8.5122642579 1412756863.59
8.5295600116 1412756865.26
8.58066806015 1412756866.87
8.6119478324 1412756868.55
8.63562390944 1412756870.24
8.68052040139 1412756871.9
8.70675165848 1412756873.5
8.55857003836 1412756875.14
8.62278632324 1412756876.83
8.56797310799 1412756878.55
8.6300063714 1412756880.22
8.59041159799 1412756881.91
8.61627779326 1412756883.63
8.70427482175 1412756885.31
8.59584041283 1412756887.03
8.64853325998 1412756888.74
8.67465265015 1412756890.45
8.66809447876 1412756892.14
8.72313507966 1412756893.85
8.75713466102 1412756895.56
8.71733631019 1412756897.24
8.72407262607 1412756898.95
8.72699797098 1412756900.64
8.72243727325 1412756902.35
8.68084264098 1412756904.1
8.54845491101 1412756905.78
8.51416412265 1412756907.41
8.5151626408 1412756909.16
8.48215608544 1412756910.84
8.50781841404 1412756912.54
8.45941860335 1412756914.24
8.56740400078 1412756915.92
8.56405016641 1412756917.6
8.58574675488 1412756919.29
8.56366846241 1412756920.95
8.52448402497 1412756922.63
8.49017016899 1412756924.35
8.47207250163 1412756926.09
8.47050139726 1412756927.78
8.47650941642 1412756929.49
8.45281078573 1412756931.2
8.49568788611 1412756932.81
8.35627006031 1412756934.5
8.40148784775 1412756936.21
8.25309209832 1412756937.89
8.24914632633 1412756939.6
8.29930269611 1412756941.31
8.29114575497 1412756943.07
8.30171519108 1412756944.8
8.24398974613 1412756946.54
8.23563278716 1412756948.3
8.29647618256 1412756950.05
8.23709629966 1412756951.75
8.3932960806 1412756953.49
8.38345924834 1412756955.21
8.36817196504 1412756956.91
8.28431052754 1412756958.64
8.43621889313 1412756960.36
8.40887038888 1412756962.05
