4.94031070026 1412756074.36
4.8771239887 1412756075.9
4.77517682212 1412756077.36
4.75627169202 1412756078.81
4.80889688551 1412756080.24
4.79839415857 1412756081.68
4.79353779792 1412756083.1
4.78084324893 1412756084.49
4.80746186292 1412756085.89
4.78221012961 1412756087.26
4.69732794648 1412756088.65
4.56788133863 1412756090.07
4.50489477928 1412756091.42
4.43484425722 1412756092.77
4.37684325292 1412756094.1
4.36117871207 1412756095.49
4.35730521704 1412756096.85
4.32450985241 1412756098.18
4.30580555883 1412756099.51
4.30775938109 1412756100.86
4.25825268584 1412756102.13
4.25351141345 1412756103.43
4.25899326536 1412756104.73
4.27073319094 1412756106.03
4.23989100612 1412756107.31
4.26541075856 1412756108.66
4.27445663254 1412756109.95
4.28966010373 1412756111.27
4.31749667786 1412756112.54
4.22948772774 1412756113.8
4.13551487986 1412756115.12
4.05587230147 1412756116.35
4.00940767827 1412756117.63
3.96092778564 1412756118.87
3.88505139215 1412756120.14
3.84925068081 1412756121.36
3.7692906457 1412756122.58
3.80865575313 1412756123.8
3.85985981594 1412756125.0
3.89770124047 1412756126.24
3.97117820012 1412756127.49
4.04604107489 1412756128.75
4.06023581777 1412756130.0
4.01476978455 1412756131.22
4.07343451958 1412756132.45
4.10196065647 1412756133.71
4.11097154739 1412756134.95
4.1266420583 1412756136.2
4.15511633685 1412756137.45
4.13512117134 1412756138.68
4.14276806633 1412756139.97
4.15339794486 1412756141.19
4.1176843081 1412756142.46
4.14109311015 1412756143.73
4.11637061745 1412756145.02
4.1188028815 1412756146.28
4.11652780293 1412756147.54
4.12335059804 1412756148.82
4.13102161333 1412756150.14
4.14497746162 1412756151.41
4.14465606766 1412756152.64
4.15874465827 1412756153.97
4.14342465638 1412756155.26
4.16073992526 1412756156.49
4.13855025528 1412756157.77
4.15509677128 1412756159.06
4.19511237828 1412756160.33
4.17877727912 1412756161.58
4.19935336556 1412756162.84
4.20282818103 1412756164.13
4.18699856628 1412756165.44
4.19158273971 1412756166.74
4.20268285648 1412756168.02
4.18928743066 1412756169.3
4.17379077232 1412756170.62
4.16455729262 1412756171.94
4.13225080302 1412756173.2
4.10207049196 1412756174.48
4.09014686292 1412756175.77
4.08440335682 1412756177.03
4.06960523162 1412756178.32
4.05355098887 1412756179.64
4.00772304701 1412756180.9
3.99809969406 1412756182.22
3.99345675534 1412756183.55
3.99990169309 1412756184.85
3.96727444011 1412756186.14
3.96837781871 1412756187.43
3.95633732537 1412756188.69
3.99549066112 1412756189.95
3.93193467921 1412756191.21
3.95127291088 1412756192.51
3.99114941202 1412756193.81
3.99457981728 1412756195.09
4.00062780672 1412756196.4
3.98905718128 1412756197.69
3.84487150594 1412756198.98
3.48678225512 1412756200.24
3.61246889517 1412756201.59
3.42237712916 1412756202.9
3.52069361047 1412756204.2
3.33719975042 1412756205.51
3.43194469759 1412756206.81
3.26391108132 1412756208.12
3.26945266982 1412756209.37
3.32628755783 1412756210.7
3.21266372253 1412756211.96
3.17748416997 1412756213.22
3.06094951051 1412756214.5
2.95967100835 1412756215.75
3.00177546921 1412756217.07
3.0058425578 1412756218.35
2.93243801524 1412756219.58
2.89332115651 1412756220.86
2.86267792138 1412756222.14
2.7799285576 1412756223.39
2.77507727558 1412756224.64
2.77663257002 1412756225.92
2.70520160357 1412756227.18
2.69358812842 1412756228.51
2.68124637984 1412756229.81
2.6644927519 1412756231.1
2.65322397979 1412756232.4
2.62385810522 1412756233.73
2.61518862413 1412756235.03
2.59975582522 1412756236.35
2.58405972303 1412756237.63
2.57336831552 1412756238.97
2.56374146178 1412756240.22
2.53916471497 1412756241.61
2.48393915697 1412756242.92
2.46567146365 1412756244.21
2.44001264283 1412756245.48
2.36923334504 1412756246.79
2.31922484714 1412756248.09
2.31821127796 1412756249.42
2.32782492009 1412756250.73
2.35403198044 1412756252.02
2.35233610992 1412756253.27
2.352064422 1412756254.54
2.35241269071 1412756255.81
2.33642380924 1412756257.11
2.30261353029 1412756258.37
2.31073496397 1412756259.65
2.28829532876 1412756260.98
2.29376510135 1412756262.29
2.28959424801 1412756263.59
2.25404190805 1412756264.84
2.24670218867 1412756266.11
2.24164846691 1412756267.39
2.24348610913 1412756268.66
2.20841459454 1412756269.92
2.20287543059 1412756271.23
2.20506149225 1412756272.49
2.1956812739 1412756273.78
2.16851487061 1412756275.08
2.17025831153 1412756276.36
2.1574960835 1412756277.63
2.15575162873 1412756278.94
2.14378878518 1412756280.2
2.12949349216 1412756281.45
2.11579082296 1412756282.72
2.11514432186 1412756284.02
2.10357258164 1412756285.3
2.08588022872 1412756286.56
2.08346709176 1412756287.8
2.00247538912 1412756289.1
1.95420939583 1412756290.39
1.95253404605 1412756291.69
1.93288477687 1412756292.97
1.91757853086 1412756294.22
1.91049439162 1412756295.46
1.90991022033 1412756296.73
1.89906858906 1412756298.0
1.89370263749 1412756299.29
1.8856558593 1412756300.5
1.87807727008 1412756301.79
1.8811131767 1412756303.06
1.85916461139 1412756304.38
1.83869644102 1412756305.61
1.83342225 1412756306.89
1.81946130345 1412756308.17
1.81684189427 1412756309.48
1.80439673451 1412756310.75
1.81791666345 1412756312.04
1.81393478529 1412756313.31
1.80184201717 1412756314.57
1.79820391546 1412756315.85
1.78284614657 1412756317.18
1.77763763948 1412756318.43
1.77084309044 1412756319.69
1.76702350837 1412756321.0
1.76105757186 1412756322.31
1.75471158483 1412756323.64
1.76118258253 1412756324.93
1.76635994528 1412756326.22
1.75978340322 1412756327.47
1.74684057195 1412756328.76
1.74347727081 1412756330.09
1.74300115311 1412756331.4
