22.8754868954 1412722740.74
24.1360095621 1412722740.86
24.9581854265 1412722740.97
25.3166707081 1412722741.08
25.2678642925 1412722741.23
25.7153427038 1412722741.34
25.8256257333 1412722741.47
26.1731122399 1412722741.59
26.3706535073 1412722741.7
26.7825377806 1412722741.84
26.8639283 1412722741.97
26.9038768367 1412722742.1
26.8874366219 1412722742.23
26.7015344437 1412722742.37
27.3223744954 1412722742.49
27.368914701 1412722742.61
27.8646581004 1412722742.77
27.9413263936 1412722742.89
27.8532866254 1412722743.01
28.2823676196 1412722743.11
28.2704064018 1412722743.24
28.2094483873 1412722743.36
28.8323368207 1412722743.46
28.7154724142 1412722743.59
28.7335895789 1412722743.73
28.8117516965 1412722743.84
28.2336772978 1412722743.96
28.2107103189 1412722744.08
28.1668263121 1412722744.2
28.2141333527 1412722744.33
28.1782167237 1412722744.44
28.1256740586 1412722744.55
28.3433966759 1412722744.67
28.3215231864 1412722744.8
28.2568574656 1412722744.91
28.2349083279 1412722745.01
27.9578523436 1412722745.14
27.8638411643 1412722745.27
27.7859201263 1412722745.4
27.731875952 1412722745.51
27.400060034 1412722745.62
27.2166492357 1412722745.75
27.1068446688 1412722745.88
26.587878219 1412722746.01
26.4094426423 1412722746.12
24.8824680009 1412722746.25
24.2051659577 1412722746.38
23.4059792465 1412722746.49
22.6163302446 1412722746.63
20.8109276457 1412722746.76
20.1438097226 1412722746.9
18.921440921 1412722747.02
18.7922084736 1412722747.14
18.2118575585 1412722747.26
17.1094259357 1412722747.38
16.4492011642 1412722747.51
16.5127077715 1412722747.65
15.9339731394 1412722747.76
15.4635030493 1412722747.87
15.1880609938 1412722747.99
15.2537291695 1412722748.12
15.1788682785 1412722748.26
14.9890453973 1412722748.4
14.8749320636 1412722748.54
14.8502248519 1412722748.66
14.9330860126 1412722748.8
14.9152417303 1412722748.91
15.1400198522 1412722749.04
14.8766676607 1412722749.17
14.8281634509 1412722749.31
14.7644923851 1412722749.43
14.7563189676 1412722749.56
14.7184784175 1412722749.69
15.1197087378 1412722749.81
15.028268969 1412722749.93
15.1095610403 1412722750.05
15.0483765398 1412722750.17
15.0876162701 1412722750.31
15.1026852688 1412722750.44
15.1266408 1412722750.56
15.1998653173 1412722750.68
15.225812459 1412722750.81
15.3628653519 1412722750.94
15.6811048038 1412722751.06
15.7410574445 1412722751.18
15.8719913397 1412722751.29
15.8873024357 1412722751.42
15.6805640993 1412722751.55
15.682345827 1412722751.67
15.6841736657 1412722751.8
15.5423758095 1412722751.94
15.5392865687 1412722752.06
15.8798980544 1412722752.19
15.9045008979 1412722752.3
15.9123959431 1412722752.43
15.9201649708 1412722752.57
15.927687006 1412722752.71
15.9320981238 1412722752.83
15.936015414 1412722752.97
15.939377092 1412722753.11
16.111073932 1412722753.25
15.9821642647 1412722753.39
15.972279931 1412722753.52
15.9692359564 1412722753.64
15.9773838052 1412722753.77
15.9858541163 1412722753.91
15.9947314724 1412722754.04
16.003934322 1412722754.17
15.8528292461 1412722754.31
15.8683597176 1412722754.47
15.9051721773 1412722754.6
15.9258049018 1412722754.75
15.947319538 1412722754.89
15.969611461 1412722755.08
15.9928075635 1412722755.23
16.0169320915 1412722755.38
16.0419944036 1412722755.52
16.0610901387 1412722755.66
16.0867726006 1412722755.79
16.0548625113 1412722755.95
16.0647122846 1412722756.09
16.0748812114 1412722756.26
16.0409662339 1412722756.42
16.0526848386 1412722756.55
15.8980550112 1412722756.68
15.910306865 1412722756.83
15.9230102358 1412722757.06
15.9522877794 1412722757.25
15.9655750098 1412722757.39
15.9793939262 1412722757.54
16.0102339387 1412722757.72
16.0247780192 1412722757.87
16.0398610977 1412722758.04
15.7481823445 1412722758.19
15.7540043445 1412722758.34
15.7598201246 1412722758.53
15.7017705414 1412722758.67
15.7036401105 1412722758.81
15.7054883408 1412722758.94
15.7098978243 1412722759.09
15.7116677292 1412722759.2
15.7133930003 1412722759.31
15.7176270068 1412722759.43
15.7193403737 1412722759.55
15.7209776643 1412722759.67
15.7250341961 1412722759.79
15.7266953996 1412722759.93
15.7282459056 1412722760.05
15.7321072916 1412722760.17
15.6729564014 1412722760.27
15.6741857776 1412722760.38
15.6753542151 1412722760.49
15.6765342789 1412722760.62
16.0690060174 1412722760.76
15.6955354265 1412722760.89
15.6965936309 1412722761.02
15.6976989241 1412722761.14
15.698699208 1412722761.25
15.6997325399 1412722761.36
15.7007650803 1412722761.47
15.7017613841 1412722761.6
15.7026974312 1412722761.74
15.7035676572 1412722761.9
15.7044043455 1412722762.1
15.7052394632 1412722762.23
15.7059910676 1412722762.37
16.0973937981 1412722762.54
16.0852429517 1412722762.65
16.0732776105 1412722762.77
16.0615399129 1412722762.89
16.0499192996 1412722763.01
16.0384745302 1412722763.12
16.0271651952 1412722763.27
16.0160208062 1412722763.5
15.8203370235 1412722763.63
15.8164369665 1412722763.79
15.8125952917 1412722763.95
15.8087593212 1412722764.06
15.8050105054 1412722764.18
15.8013447211 1412722764.35
15.7976463218 1412722764.47
15.7940466104 1412722764.61
15.7904404236 1412722764.72
15.7869422393 1412722764.83
15.7834723183 1412722764.95
15.7800380405 1412722765.06
15.7766163597 1412722765.15
15.7732996095 1412722765.24
15.7699380126 1412722765.35
15.7667361832 1412722765.48
15.7635095992 1412722765.59
15.7603272755 1412722765.72
15.7582759295 1412722765.86
15.75635426 1412722765.96
15.7544502246 1412722766.09
15.8084416977 1412722766.17
15.8062684624 1412722766.29
15.8040297401 1412722766.41
15.8018364881 1412722766.53
15.7995856117 1412722766.62
