14.5925990905 1412726526.98
14.4759974918 1412726527.83
14.5138948738 1412726528.79
14.3961615705 1412726529.52
14.3449732735 1412726530.23
14.1691995941 1412726530.94
14.2331675837 1412726531.56
14.0087130697 1412726532.23
13.5284502675 1412726532.86
13.2027253154 1412726533.44
13.0378566814 1412726534.14
12.8182566596 1412726534.96
12.7106224668 1412726535.55
12.6825307033 1412726536.4
12.4355934501 1412726537.03
12.4210972098 1412726537.73
12.3980753699 1412726538.5
12.2898391646 1412726539.12
12.1743474062 1412726539.75
12.1932801226 1412726540.32
12.0921918797 1412726540.97
11.9985358436 1412726541.51
11.7483595999 1412726542.12
11.7393783925 1412726542.84
11.6271509169 1412726543.54
11.5377098382 1412726544.24
11.499778904 1412726544.82
11.4977967094 1412726545.67
11.3527466815 1412726546.51
11.307819295 1412726547.38
11.4572764876 1412726548.32
11.2627614342 1412726549.04
11.2893792996 1412726549.59
11.311231417 1412726550.13
11.1610280336 1412726550.67
11.1407734241 1412726551.14
11.1913737172 1412726551.7
11.1069200687 1412726552.31
11.1242360046 1412726553.19
11.0776287501 1412726554.02
11.1229576775 1412726554.85
11.0130498696 1412726555.59
10.8198917774 1412726556.41
10.7736576231 1412726557.3
10.7547196757 1412726558.1
10.7353364822 1412726558.78
10.7566342303 1412726559.38
10.7557199503 1412726560.14
10.6935894149 1412726560.95
10.6856137847 1412726561.84
10.7764166113 1412726562.57
10.7173952327 1412726563.11
10.7019145094 1412726563.64
10.5810325941 1412726564.24
10.6000012223 1412726564.84
10.6260954377 1412726565.56
10.6450784546 1412726566.4
10.5874425746 1412726567.15
10.6067145221 1412726567.79
10.5871181526 1412726568.56
10.5686143637 1412726569.33
10.4908773755 1412726569.97
10.4920334931 1412726570.74
10.4910716464 1412726571.59
10.4476935478 1412726572.4
10.474907299 1412726573.1
10.4743481992 1412726573.74
10.474881034 1412726574.43
10.5095440279 1412726575.26
10.5132454547 1412726576.07
10.4623644948 1412726576.82
10.4667623176 1412726577.63
10.493468221 1412726578.39
10.4990311296 1412726579.02
10.4818281787 1412726579.59
10.4484476519 1412726580.3
10.4255214433 1412726580.89
10.4427779313 1412726581.43
10.4443929419 1412726581.96
10.4084265037 1412726582.57
10.4553505191 1412726583.23
10.4613791345 1412726583.79
10.4139669605 1412726584.31
10.4179849047 1412726585.04
10.3199458947 1412726585.86
10.2412674954 1412726586.52
10.218311115 1412726587.36
10.2422536051 1412726587.95
10.2033127241 1412726588.74
10.1869160425 1412726589.49
10.1002172264 1412726590.37
10.09025629 1412726591.16
10.0769692521 1412726591.88
10.0826809557 1412726592.59
10.0872798899 1412726593.35
10.071525355 1412726594.13
10.0790440612 1412726594.9
10.1247486408 1412726595.75
10.0689564369 1412726596.53
10.1172590922 1412726597.27
10.1732060779 1412726598.1
10.143980863 1412726598.99
10.1383228212 1412726599.71
10.0051308177 1412726600.49
10.0816339936 1412726601.3
10.0436581759 1412726602.07
10.0505203205 1412726602.85
10.0482128504 1412726603.59
10.0323992262 1412726604.29
10.0316613086 1412726604.9
10.04473047 1412726605.46
10.0343279591 1412726606.34
9.98835607864 1412726607.12
9.97403137019 1412726607.86
9.96640299638 1412726608.68
10.0284701931 1412726609.4
10.0510183264 1412726610.07
9.99171863553 1412726610.66
10.0372218017 1412726611.21
10.0100004621 1412726611.73
10.0433570503 1412726612.35
10.0166835847 1412726612.96
10.0176178662 1412726613.49
9.99021753775 1412726614.2
9.99367667076 1412726614.94
9.91916734713 1412726615.66
9.92192695199 1412726616.28
10.0081731514 1412726617.04
10.0214094966 1412726617.78
10.0410141579 1412726618.5
10.0236109882 1412726619.21
10.0032397306 1412726619.84
9.92973158274 1412726620.69
9.9465803298 1412726621.53
10.0115245939 1412726622.25
9.94259953115 1412726622.98
9.91257251369 1412726623.67
9.91924330561 1412726624.55
9.87834852784 1412726625.36
9.80807749246 1412726626.15
9.81182540654 1412726627.02
9.80680245413 1412726627.63
9.66942643215 1412726628.27
9.72711011131 1412726629.1
9.66790957939 1412726629.86
9.67489208523 1412726630.47
9.72602723401 1412726631.18
9.67571603425 1412726631.93
9.71308008256 1412726632.6
9.68286139335 1412726633.14
9.74058829561 1412726633.89
9.71156250463 1412726634.68
9.63700209613 1412726635.56
9.58604986384 1412726636.41
9.58954121625 1412726637.2
9.58614274313 1412726637.87
9.59530799685 1412726638.42
9.59284053582 1412726639.02
9.6024271292 1412726639.57
9.61765428154 1412726640.19
9.59131316084 1412726640.81
9.56887678492 1412726641.43
9.58420901375 1412726642.24
9.56443548511 1412726643.06
9.54019406425 1412726643.8
9.5877578167 1412726644.51
9.6059378167 1412726645.3
9.55716637321 1412726646.02
9.54815450944 1412726646.73
9.53775686523 1412726647.45
9.53393953262 1412726648.11
9.47069192573 1412726648.74
9.39165469307 1412726649.3
9.34711777403 1412726649.86
9.35393064334 1412726650.43
9.34912289613 1412726651.02
9.35638709765 1412726651.57
9.36897310934 1412726652.15
9.38850301977 1412726652.7
9.40137588063 1412726653.27
9.40967206885 1412726653.85
9.41752895473 1412726654.4
9.38752343893 1412726655.17
9.40778435997 1412726655.75
9.32703172087 1412726656.37
9.32478370194 1412726657.21
9.32225896647 1412726658.03
9.32111362613 1412726658.89
9.32064227182 1412726659.76
9.30385946285 1412726660.57
9.29617038441 1412726661.38
9.23764390075 1412726662.09
9.2514166896 1412726663.02
9.31718437501 1412726663.93
9.26864083938 1412726664.82
9.27773898013 1412726665.56
9.26939432754 1412726666.34
9.27693222008 1412726667.06
9.27936628591 1412726667.83
9.2871163087 1412726668.52
