8.3403918595 1412721943.54
7.9242446185 1412721943.64
8.10120987194 1412721943.76
7.76105403944 1412721943.91
7.81927408948 1412721944.05
7.84132570181 1412721944.19
8.0485758865 1412721944.37
8.066108051 1412721944.51
8.05728213855 1412721944.64
7.93087393773 1412721944.79
7.64746436133 1412721944.92
7.57778668889 1412721945.12
7.37732424361 1412721945.32
7.43957894096 1412721945.53
7.47064480751 1412721945.69
7.54688390428 1412721945.86
7.50830814078 1412721946.0
7.6630343105 1412721946.16
7.2819579795 1412721946.35
7.37793937816 1412721946.48
7.3611157656 1412721946.59
7.35314315092 1412721946.7
7.36000664264 1412721946.82
7.2074051533 1412721946.99
7.31203508685 1412721947.18
7.16463419621 1412721947.32
7.26844881563 1412721947.47
7.28579281647 1412721947.62
7.2736910854 1412721947.76
7.23412790668 1412721947.89
6.84802291456 1412721947.99
6.81861125108 1412721948.12
6.82126017164 1412721948.28
6.79417178031 1412721948.45
6.79854702712 1412721948.6
6.723553181 1412721948.71
6.73099529746 1412721948.82
6.80316279548 1412721948.95
6.81485544243 1412721949.1
6.79952686024 1412721949.31
6.81313710708 1412721949.49
11.8392618 1412721949.62
12.1783606589 1412721949.79
12.600210063 1412721949.92
12.7827971135 1412721950.04
13.0502744283 1412721950.15
13.174464791 1412721950.29
13.2918496083 1412721950.45
13.507920188 1412721950.59
5.94806708016 1412721950.71
5.9413809549 1412721950.84
5.93485915642 1412721950.95
5.96297084302 1412721951.06
5.95548006828 1412721951.16
13.5644981934 1412721951.3
13.6827669179 1412721951.44
13.7165496977 1412721951.56
13.7485941569 1412721951.74
13.7589747844 1412721951.86
13.772807574 1412721952.04
13.8274750767 1412721952.19
13.8261996451 1412721952.41
13.8777480492 1412721952.54
13.8739540982 1412721952.66
13.8940352478 1412721952.79
13.915792601 1412721952.94
13.9344246299 1412721953.12
13.9770598994 1412721953.25
13.96720845 1412721953.37
13.983042851 1412721953.51
14.0236227812 1412721953.65
14.0348086784 1412721953.83
14.0261626715 1412721953.99
14.0728582861 1412721954.16
14.0623091019 1412721954.31
14.0769742003 1412721954.47
5.67460000556 1412721954.66
5.66552587519 1412721954.83
5.65649620165 1412721955.02
5.64746925879 1412721955.2
5.53581314258 1412721955.36
5.5028734933 1412721955.51
5.49589049591 1412721955.65
14.0365720265 1412721955.85
5.49913931742 1412721956.0
5.49235006001 1412721956.22
5.39554933636 1412721956.44
5.39084625399 1412721956.62
5.38606942627 1412721956.8
5.38136939728 1412721956.96
5.37662066838 1412721957.13
5.37190044794 1412721957.33
5.36717678211 1412721957.55
5.3624805651 1412721957.77
5.3795473659 1412721957.94
5.37427776617 1412721958.13
5.36904976217 1412721958.41
5.3225128774 1412721958.61
5.31632590466 1412721958.84
5.31013089173 1412721959.05
5.30286888629 1412721959.26
5.29655765136 1412721959.46
5.29024906497 1412721959.65
5.28384752748 1412721959.87
5.21114981529 1412721960.05
5.12985446412 1412721960.25
5.12555461715 1412721960.5
5.12121104372 1412721960.69
5.11681540402 1412721960.89
5.11241634513 1412721961.06
5.0275062938 1412721961.26
5.02080080468 1412721961.45
4.94330225784 1412721961.67
4.93683932555 1412721961.89
4.93030570341 1412721962.11
4.92370617156 1412721962.35
4.91712719601 1412721962.63
4.91049638122 1412721962.87
4.90965153327 1412721963.1
4.96554792507 1412721963.32
4.9605649938 1412721963.6
4.95559331241 1412721963.84
4.95054879652 1412721964.1
4.94550473577 1412721964.43
4.94042351955 1412721964.6
4.93532031185 1412721964.76
4.93016360039 1412721964.87
4.92497151601 1412721965.0
4.91970074132 1412721965.13
4.9039496151 1412721965.27
13.8662641776 1412721965.46
4.91923462683 1412721965.66
4.87945996847 1412721965.83
4.65377199779 1412721966.01
4.80914947145 1412721966.23
4.8046392845 1412721966.51
4.68972749139 1412721966.66
4.68503071046 1412721966.79
4.68034634372 1412721966.91
4.67568347805 1412721967.05
4.67101900945 1412721967.17
4.6663249989 1412721967.33
4.67779812426 1412721967.5
13.7945905358 1412721967.73
4.58708482778 1412721967.87
4.5547885144 1412721968.01
4.58505984851 1412721968.15
4.55278587251 1412721968.29
4.58317838711 1412721968.53
4.55097371174 1412721968.72
4.58143000221 1412721968.88
4.57838125496 1412721969.03
4.54624293559 1412721969.18
4.54259016246 1412721969.35
4.53895302749 1412721969.49
4.5353085019 1412721969.64
4.53155835194 1412721969.8
4.52781494322 1412721970.01
4.52403682309 1412721970.15
4.52026908035 1412721970.4
4.40004488659 1412721970.58
4.39644046069 1412721970.73
4.39286206752 1412721970.89
4.38927371605 1412721971.03
4.38570728352 1412721971.21
4.38211784565 1412721971.39
4.37854041832 1412721971.53
4.37494130396 1412721971.69
4.23133064206 1412721971.9
4.37613301493 1412721972.04
4.37264103875 1412721972.17
4.36913116506 1412721972.41
4.00528069054 1412721972.57
3.99841664594 1412721972.7
3.99148370678 1412721972.83
4.05095212216 1412721972.97
4.04251039188 1412721973.11
4.07685886528 1412721973.27
4.06930205586 1412721973.43
4.06178564182 1412721973.62
4.05424143723 1412721973.74
4.0467421431 1412721973.84
4.0392622736 1412721974.01
3.9668250723 1412721974.14
3.82818144605 1412721974.33
3.84672830936 1412721974.51
3.87341303276 1412721974.65
3.86686186808 1412721974.8
3.86037203701 1412721974.94
3.85393215228 1412721975.11
3.85377759968 1412721975.23
3.84727431755 1412721975.41
3.81891466763 1412721975.55
3.81240491351 1412721975.75
3.9568622882 1412721975.88
3.95243708522 1412721976.02
3.94805668202 1412721976.19
3.94358397647 1412721976.36
4.06642058036 1412721976.52
4.0630905232 1412721976.69
