14.6940268805 1412731638.99
14.5897450587 1412731639.62
14.236281057 1412731640.22
14.0372762979 1412731640.92
13.8737848422 1412731641.66
13.9608216915 1412731642.34
13.7328377844 1412731642.96
13.9221013008 1412731643.58
13.8220371367 1412731644.18
13.6028288883 1412731644.79
13.473649479 1412731645.4
13.2374994753 1412731646.05
13.025684034 1412731646.69
12.8235746373 1412731647.35
12.869215222 1412731647.99
12.5968802338 1412731648.64
12.4651852264 1412731649.36
12.4768510437 1412731649.95
12.5597982463 1412731650.64
12.3582655527 1412731651.29
12.3382974555 1412731651.96
12.1275342591 1412731652.6
12.1429301288 1412731653.23
12.1949594821 1412731653.9
12.6806323739 1412731654.57
12.9335676762 1412731655.26
12.6248199282 1412731655.97
12.3641191176 1412731656.65
11.6899046287 1412731657.37
11.1538676063 1412731658.03
10.5816694989 1412731658.7
10.2897427171 1412731659.38
10.5793502758 1412731660.04
10.2736056665 1412731660.66
10.4230317239 1412731661.32
10.1279561671 1412731661.97
10.1579671599 1412731662.64
9.92624518512 1412731663.28
10.0396598647 1412731663.99
10.0289947135 1412731664.65
9.96239677626 1412731665.31
9.84717900891 1412731665.98
9.87621118177 1412731666.7
9.69782874809 1412731667.44
9.69595155497 1412731668.13
9.7125074882 1412731668.87
9.67809655711 1412731669.6
9.54808970503 1412731670.29
9.36687148906 1412731670.98
9.38674599461 1412731671.66
9.33779825227 1412731672.33
9.26398582057 1412731673.03
9.32990998782 1412731673.73
9.39205783284 1412731674.49
9.37390116419 1412731675.23
9.31962209487 1412731675.94
9.44940227854 1412731676.62
9.33724205715 1412731677.31
9.41794069801 1412731677.99
9.32710250523 1412731678.7
9.20797886669 1412731679.38
9.15931756767 1412731680.1
9.22229719338 1412731680.8
9.28288958345 1412731681.52
9.26577688143 1412731682.25
9.24157183284 1412731682.92
9.36721404494 1412731683.62
9.46085341079 1412731684.36
9.47022935225 1412731685.09
9.32350827642 1412731685.77
9.2186149783 1412731686.52
9.29417664947 1412731687.22
9.23460805777 1412731687.96
9.31650648854 1412731688.66
9.26216135223 1412731689.34
9.38828170357 1412731690.01
9.33295452427 1412731690.74
9.34019455681 1412731691.46
9.3130080128 1412731692.15
9.34355366574 1412731692.85
9.3156764579 1412731693.56
9.40444276102 1412731694.29
9.43233762877 1412731695.02
9.37175803891 1412731695.72
9.42855606865 1412731696.45
9.46046778954 1412731697.17
9.44843636671 1412731697.88
9.40254931609 1412731698.59
9.34728460858 1412731699.32
9.37059175077 1412731700.04
9.34756949215 1412731700.73
9.39514266605 1412731701.42
9.28820080453 1412731702.12
9.33047497344 1412731702.83
9.29780201622 1412731703.54
9.2402357325 1412731704.24
9.28818815931 1412731704.93
9.27000636719 1412731705.63
9.2811583241 1412731706.36
9.3536282981 1412731707.08
9.42996211076 1412731707.76
9.38829856218 1412731708.41
9.35444122449 1412731709.09
9.46194191755 1412731709.8
9.42793500185 1412731710.49
9.43500831928 1412731711.16
9.43727644994 1412731711.83
9.60557559229 1412731712.5
9.55258592532 1412731713.14
9.53546991686 1412731713.79
9.63276307843 1412731714.47
9.64042711072 1412731715.15
9.640462002 1412731715.82
9.6797355122 1412731716.49
9.68583924807 1412731717.16
9.64419780439 1412731717.85
9.62683505209 1412731718.53
9.48826751275 1412731719.24
9.66017539304 1412731719.94
9.68533387881 1412731720.63
9.88033001257 1412731721.31
10.1288442001 1412731722.05
10.1186413188 1412731722.74
9.937441634 1412731723.46
9.77514126101 1412731724.12
9.74622922987 1412731724.82
9.80460200221 1412731725.48
9.92052162652 1412731726.17
9.84560786565 1412731726.89
9.77117721293 1412731727.56
9.66314377503 1412731728.26
9.61860478139 1412731728.94
9.79326606603 1412731729.75
9.79190199188 1412731730.52
9.83020668398 1412731731.34
9.74197507761 1412731732.09
9.67786088205 1412731732.88
9.62183239707 1412731733.64
9.61471756098 1412731734.38
9.70632293856 1412731735.1
9.64187016867 1412731735.87
9.62226993908 1412731736.61
9.66075341439 1412731737.32
9.77285930532 1412731738.08
9.77609025965 1412731738.78
9.66637072006 1412731739.58
9.60167093068 1412731740.37
9.77449229684 1412731741.12
9.59172992687 1412731741.84
9.63710542717 1412731742.58
9.71276338992 1412731743.33
9.79527716415 1412731744.09
9.86326049111 1412731744.88
9.87164048258 1412731745.64
9.88388401344 1412731746.38
9.98393607367 1412731747.15
9.9718430742 1412731747.89
10.1743709607 1412731748.64
10.3731945919 1412731749.39
10.4114855194 1412731750.17
10.4632672452 1412731750.94
10.4680094294 1412731751.67
10.8547746578 1412731752.4
10.7609290103 1412731753.15
10.8521163182 1412731753.9
11.1630658223 1412731754.65
11.275910838 1412731755.54
11.3912506134 1412731756.29
11.3499782895 1412731757.08
11.2789073193 1412731757.82
11.3438464425 1412731758.59
11.3753481848 1412731759.33
11.4033837166 1412731760.14
11.5852979977 1412731760.91
11.5827993349 1412731761.69
11.6329773894 1412731762.41
11.6564359396 1412731763.16
11.5286152193 1412731763.92
11.5319327646 1412731764.65
11.5017334498 1412731765.45
11.5368702842 1412731766.2
11.5724842526 1412731766.92
11.7850209689 1412731767.68
11.6966314716 1412731768.48
11.6119259588 1412731769.27
11.6881796367 1412731770.06
11.7265939874 1412731770.88
11.7654856195 1412731771.66
11.9686620705 1412731772.41
11.8882990638 1412731773.17
11.7861676459 1412731773.96
11.791364389 1412731774.72
12.2246588595 1412731775.48
12.2468639897 1412731776.23
12.3088749367 1412731777.01
12.1092183134 1412731777.8
12.1784123408 1412731778.6
12.8207068182 1412731779.38
12.4031854126 1412731780.16
12.3917126879 1412731780.89
