20.3727205913 1412744233.62
20.1861240918 1412744235.28
20.0417051392 1412744236.97
19.9472523772 1412744238.65
19.8329840267 1412744240.36
19.7156020385 1412744242.1
19.5919867163 1412744243.81
19.5257745068 1412744245.62
19.5263234717 1412744247.42
19.5424318739 1412744249.2
19.499691899 1412744251.01
19.547070849 1412744252.82
19.65259996 1412744254.66
19.6559890055 1412744256.56
19.6448665309 1412744258.5
19.7092297113 1412744260.41
19.5531509741 1412744262.37
19.3948612857 1412744264.38
19.1491461547 1412744266.27
19.4195160834 1412744268.14
19.664605271 1412744270.03
19.3690110111 1412744271.98
19.5204043687 1412744273.89
19.2499662695 1412744275.71
19.331128569 1412744277.67
19.4975362198 1412744279.6
19.2084910322 1412744281.56
19.0301555361 1412744283.54
18.8305209513 1412744285.39
18.7525483568 1412744287.28
18.6359294875 1412744289.19
18.6386309555 1412744291.12
18.5761808946 1412744293.02
18.6012070888 1412744294.99
18.6030176853 1412744296.93
18.6531731113 1412744298.94
18.8186155327 1412744300.93
18.8263303619 1412744303.0
19.0850282081 1412744305.1
18.8493868813 1412744307.31
18.734814898 1412744309.2
18.8424627692 1412744311.01
19.1418109417 1412744312.86
18.7726550005 1412744314.68
18.8873372299 1412744316.46
19.0085153962 1412744318.29
18.8877822606 1412744320.19
18.8019684957 1412744322.05
18.946482407 1412744323.91
19.3628748747 1412744325.82
19.3483473093 1412744327.67
19.5915046903 1412744329.55
19.7570519647 1412744331.35
19.6883160134 1412744333.32
19.9208791797 1412744335.25
19.976187028 1412744337.23
19.7295690825 1412744339.15
19.9258480996 1412744341.09
20.1283906828 1412744342.99
20.033768268 1412744344.84
20.1986431089 1412744346.79
20.2543177365 1412744348.67
19.9165426076 1412744350.68
19.9634587842 1412744353.15
20.240850943 1412744355.59
20.2421449303 1412744357.96
20.3194097126 1412744360.41
20.6715618984 1412744362.95
20.637323557 1412744365.44
20.6984364079 1412744367.97
20.6863999761 1412744370.48
20.6818178843 1412744373.09
20.4110817129 1412744375.68
20.2427614982 1412744378.24
20.3947976258 1412744380.86
20.4610057536 1412744383.45
20.449823468 1412744385.95
20.3937287943 1412744388.57
20.4480234667 1412744391.21
20.4822784868 1412744393.89
20.453236263 1412744396.48
20.6944576725 1412744399.37
20.5593081019 1412744401.58
20.5462923511 1412744403.86
20.7033882957 1412744405.98
20.9965634683 1412744408.05
21.0707961976 1412744410.22
20.5652969899 1412744412.35
20.6883961209 1412744414.44
20.6598636741 1412744416.47
20.737382736 1412744418.57
20.714904502 1412744420.73
20.432607596 1412744422.79
20.4786860858 1412744424.95
20.5948018453 1412744427.03
20.5367831862 1412744429.06
20.5165012886 1412744431.2
20.5212303076 1412744433.37
20.5680948195 1412744435.56
20.526132481 1412744437.68
20.2379081408 1412744439.78
20.4111792326 1412744442.02
20.3639506822 1412744444.24
20.4751435443 1412744446.38
20.4405829268 1412744448.57
20.7058281426 1412744450.73
20.9603911529 1412744452.96
20.6442875206 1412744455.14
20.5020500142 1412744457.45
20.5836508166 1412744459.73
20.655051726 1412744462.1
20.471220424 1412744464.36
20.5265841615 1412744466.64
20.450913635 1412744468.97
20.4568878837 1412744471.36
20.407179491 1412744473.75
20.414561305 1412744476.14
20.2755947537 1412744478.6
20.2244380629 1412744481.02
20.1999327817 1412744483.47
20.1166240396 1412744485.98
20.1285076817 1412744488.37
20.1643226841 1412744490.86
20.1502114692 1412744493.37
20.1827090537 1412744495.83
20.2155260338 1412744498.32
20.1780440669 1412744500.68
20.1717389119 1412744503.03
20.2193988585 1412744505.47
20.1926896264 1412744507.83
20.1824333537 1412744510.23
20.2054294896 1412744512.67
20.1996891498 1412744515.1
20.1825149853 1412744517.52
20.2060485866 1412744519.99
20.2004036863 1412744522.38
19.9734988833 1412744524.77
19.9958482306 1412744527.14
20.0456659216 1412744529.48
20.2647434298 1412744531.86
20.2244561464 1412744534.3
20.0012286764 1412744536.75
20.159677358 1412744539.16
20.3817440598 1412744541.55
20.3221821645 1412744544.02
20.2001958572 1412744546.5
20.0893122331 1412744549.02
20.1479582645 1412744551.68
20.1881698439 1412744554.25
20.2228349296 1412744556.82
20.102034227 1412744559.26
20.2042495438 1412744561.83
20.2819110656 1412744564.39
20.4520273549 1412744566.89
20.5193155998 1412744569.46
20.4864098377 1412744572.06
20.6181753257 1412744574.63
20.9234589616 1412744577.23
20.8838929432 1412744579.86
20.8990506908 1412744582.44
20.9241546229 1412744585.09
20.8295250369 1412744587.69
20.9362812955 1412744590.16
20.7411210007 1412744592.68
20.9120778269 1412744595.2
20.9459863285 1412744597.79
20.980401659 1412744600.38
20.9568075571 1412744602.97
21.023356858 1412744605.53
21.0272322582 1412744608.28
21.0574960985 1412744610.96
21.0862501581 1412744613.58
21.1083036324 1412744616.2
21.0614540855 1412744618.92
21.2238600218 1412744621.51
21.1815493059 1412744624.12
21.3557617647 1412744626.74
21.1970924933 1412744629.33
21.4433104896 1412744632.01
21.4686174076 1412744634.69
21.6455263993 1412744637.38
22.2182711477 1412744639.98
22.2717472462 1412744642.62
22.4845632923 1412744645.38
22.7533142564 1412744648.09
22.9494769263 1412744650.83
22.8907528146 1412744653.59
22.9440041933 1412744656.23
23.1040341984 1412744659.09
23.3223536707 1412744661.88
23.3369861673 1412744664.75
23.2325625561 1412744667.38
23.4762137268 1412744670.18
23.0943641697 1412744673.01
23.2607224515 1412744675.86
23.2600466776 1412744678.74
23.6414215664 1412744681.54
23.8303232151 1412744684.47
23.9988360521 1412744687.44
23.6074481912 1412744690.33
