16.4035904415 1412730366.49
16.1972175389 1412730367.12
16.2294397484 1412730367.74
16.0974017775 1412730368.34
15.7202922224 1412730368.93
15.4937459472 1412730369.54
15.2102115232 1412730370.16
14.8639788413 1412730370.81
14.4896137877 1412730371.4
14.393248819 1412730371.98
14.2148478511 1412730372.63
14.0070141872 1412730373.26
13.6082106862 1412730373.93
13.4471482747 1412730374.55
13.1862738905 1412730375.17
13.1014366286 1412730375.8
12.9793853172 1412730376.44
12.8550827966 1412730377.06
12.658648444 1412730377.71
12.6164754764 1412730378.33
12.5377195595 1412730379.03
12.3980601983 1412730379.67
12.4305761756 1412730380.32
12.4816431315 1412730380.99
12.3366365179 1412730381.68
12.4258785861 1412730382.33
12.563242198 1412730382.97
12.4720962364 1412730383.83
12.5813439614 1412730384.52
12.4625929033 1412730385.21
12.4520098216 1412730385.9
12.4384475057 1412730386.61
12.4833827953 1412730387.42
12.4892679925 1412730388.21
12.5151200035 1412730388.96
12.5857756264 1412730389.62
12.4747928048 1412730390.32
12.4402919115 1412730390.97
12.4877496935 1412730391.64
12.4699436595 1412730392.32
12.4362742902 1412730393.04
12.440134208 1412730393.76
12.4329119743 1412730394.46
12.3028954634 1412730395.18
12.2643247024 1412730395.85
12.2730788343 1412730396.51
12.2818018656 1412730397.19
12.2913561777 1412730397.9
12.278176903 1412730398.6
12.2913231317 1412730399.31
12.2731055195 1412730400.02
12.219731605 1412730400.72
12.2316286601 1412730401.41
12.1225857597 1412730402.11
12.1511832774 1412730402.82
12.1429456215 1412730403.52
12.1557544964 1412730404.22
12.1564089018 1412730404.95
12.1577339115 1412730405.67
12.2019757718 1412730406.34
12.1017027795 1412730407.03
11.9863881812 1412730407.73
12.0234673239 1412730408.43
12.0114992799 1412730409.13
11.987182181 1412730409.85
12.0300150094 1412730410.57
11.98049901 1412730411.26
11.9649949102 1412730411.96
11.88098231 1412730412.7
11.9055531477 1412730413.4
11.9343200349 1412730414.14
11.9426557369 1412730414.86
11.9072077432 1412730415.54
11.8712764941 1412730416.27
11.8971950689 1412730417.0
11.9153941029 1412730417.7
11.913614984 1412730418.4
11.9661833427 1412730419.16
11.9332670561 1412730419.88
11.9662338372 1412730420.59
11.9446097234 1412730421.32
11.9502157392 1412730422.0
11.9553856955 1412730422.71
11.9256594312 1412730423.43
12.0071395235 1412730424.15
11.9876378085 1412730424.85
12.0393818301 1412730425.57
12.0450154372 1412730426.31
12.0429170821 1412730427.04
11.98800558 1412730427.77
12.1873242354 1412730428.45
12.0519619779 1412730429.18
12.1341786972 1412730429.91
12.1469001958 1412730430.63
12.1508348556 1412730431.33
12.2999898395 1412730432.05
12.3504034786 1412730432.8
12.4304159772 1412730433.53
12.4455985756 1412730434.28
12.5377613903 1412730435.01
12.2537425142 1412730435.75
12.1271701327 1412730436.49
12.4273161638 1412730437.23
12.3427705095 1412730438.0
12.3076799546 1412730438.73
12.5247778877 1412730439.49
12.3408316544 1412730440.21
12.4725739859 1412730440.94
12.3354400715 1412730441.66
12.4321334635 1412730442.38
12.2759288326 1412730443.12
11.939199645 1412730443.88
11.8607893354 1412730444.62
11.866345275 1412730445.35
11.8711782645 1412730446.08
11.8772911111 1412730446.86
11.8718990304 1412730447.58
11.8783757297 1412730448.31
11.8034294614 1412730449.02
11.8380127873 1412730449.78
11.8206191278 1412730450.52
11.7875453612 1412730451.26
11.9072537802 1412730452.0
11.9175681472 1412730452.74
11.8499769111 1412730453.47
11.7488002099 1412730454.25
11.6206462843 1412730454.97
11.6312512661 1412730455.71
11.7888609188 1412730456.46
11.8505210462 1412730457.17
11.8778396665 1412730457.9
11.8380000558 1412730458.63
11.8225566772 1412730459.36
11.8895690371 1412730460.12
11.8995600302 1412730460.84
11.864241017 1412730461.55
11.7218166733 1412730462.29
11.7097357245 1412730463.01
11.6846054245 1412730463.8
11.6989140971 1412730464.57
11.7052266779 1412730465.36
11.6928560131 1412730466.12
11.7024307679 1412730466.9
11.6005857468 1412730467.7
11.6031626114 1412730468.43
11.6125206675 1412730469.2
11.4289817549 1412730469.96
11.3788694082 1412730470.73
11.3834086469 1412730471.49
11.2590941897 1412730472.28
11.160745643 1412730473.0
11.1693603882 1412730473.79
11.1349975442 1412730474.54
11.1815163298 1412730475.3
11.0555450772 1412730476.06
11.2244427662 1412730476.81
11.2325963732 1412730477.54
11.2375743579 1412730478.29
11.3246702248 1412730479.03
11.3345725639 1412730479.77
11.3445607045 1412730480.52
11.3603137378 1412730481.28
11.3351159647 1412730482.02
11.3795057598 1412730482.8
11.3506438786 1412730483.54
11.1620165703 1412730484.32
11.1740354453 1412730485.1
11.180140524 1412730485.88
11.2194926887 1412730486.64
11.2274838491 1412730487.41
11.2357647187 1412730488.16
11.2441589975 1412730488.92
11.2582029816 1412730489.67
11.2657296892 1412730490.49
11.2733202606 1412730491.28
11.2812815965 1412730492.06
11.2888368799 1412730492.84
11.2764306725 1412730493.6
11.2564561053 1412730494.38
11.3520928565 1412730495.19
11.3856354065 1412730496.0
11.3672892606 1412730496.76
11.2508039643 1412730497.54
11.2825412141 1412730498.32
11.2997056905 1412730499.13
11.3104239431 1412730499.93
11.3212744657 1412730500.72
11.3253552691 1412730501.51
11.3341064064 1412730502.33
11.3460444353 1412730503.16
11.3580865267 1412730503.98
11.3970314343 1412730504.74
11.4217238649 1412730505.54
11.4719786132 1412730506.31
11.624682582 1412730507.12
11.6193910344 1412730507.92
11.6665145669 1412730508.73
11.663897202 1412730509.51
11.7136579891 1412730510.27
11.7327389903 1412730511.05
