10.39331424 1412742266.8
10.2086717319 1412742267.83
9.77992883303 1412742268.85
9.69559909319 1412742269.9
9.51811197269 1412742270.93
9.49508400126 1412742271.98
9.25289924457 1412742273.05
8.97601420837 1412742274.11
8.64121665314 1412742275.18
8.36271256937 1412742276.21
8.11814384852 1412742277.27
7.8620460289 1412742278.33
7.55163393693 1412742279.36
7.43664862011 1412742280.35
7.37722112484 1412742281.38
7.1727332632 1412742282.39
6.9051438043 1412742283.44
6.70278929334 1412742284.48
6.69659003943 1412742285.53
6.71686453774 1412742286.57
6.55983771327 1412742287.57
6.53398840021 1412742288.59
6.5513149452 1412742289.63
6.29904019577 1412742290.67
6.26334980486 1412742291.71
6.30204747787 1412742292.71
6.26479931312 1412742293.77
6.17056514517 1412742294.82
6.05225570457 1412742295.87
5.90144890962 1412742296.89
5.94342866034 1412742297.93
5.95100164686 1412742298.99
5.95581603874 1412742300.03
5.88779626382 1412742301.05
5.90532241164 1412742302.02
5.88942316862 1412742303.03
5.87511631348 1412742304.06
5.8771881471 1412742305.08
5.8574055343 1412742306.14
5.82239910743 1412742307.18
5.76402861014 1412742308.23
5.74121350029 1412742309.28
5.50436182784 1412742310.32
5.52052768429 1412742311.35
5.4538664692 1412742312.41
5.51435412321 1412742313.47
5.47799893184 1412742314.52
5.43503401511 1412742315.57
5.47382216006 1412742316.64
5.46731226302 1412742317.7
5.50064068014 1412742318.76
5.51686223074 1412742319.79
5.56463686855 1412742320.87
5.38252983822 1412742321.93
5.41512789298 1412742322.97
5.37842456343 1412742324.05
5.34998864355 1412742325.12
5.34155866323 1412742326.19
5.34756524878 1412742327.26
5.31205249198 1412742328.35
5.32277221217 1412742329.43
5.34722173434 1412742330.47
5.39728178465 1412742331.56
5.39492537006 1412742332.66
5.43042241796 1412742333.74
5.36791424066 1412742334.79
5.41546789919 1412742335.88
5.45093082058 1412742336.96
5.47992964118 1412742338.05
5.46158443324 1412742339.14
5.46352953613 1412742340.26
5.46991061202 1412742341.33
5.48495730074 1412742342.45
5.48644311412 1412742343.56
5.49727816987 1412742344.69
5.52209884913 1412742345.82
5.56907365325 1412742346.91
5.51937283715 1412742348.01
5.50660529556 1412742349.09
5.49956038201 1412742350.18
5.54704509725 1412742351.32
5.5307460917 1412742352.47
5.54649219715 1412742353.63
5.51858465044 1412742354.76
5.54935957347 1412742355.89
5.49008287718 1412742357.04
5.56464204241 1412742358.19
5.48665194396 1412742359.33
5.56265135806 1412742360.47
5.54595126922 1412742361.62
5.52703227926 1412742362.76
5.4832730238 1412742363.91
5.51082019525 1412742365.06
5.47305627703 1412742366.22
5.46231525038 1412742367.33
5.47842843988 1412742368.53
5.52264827621 1412742369.64
5.56009140645 1412742370.77
5.54766269364 1412742371.97
5.50984282449 1412742373.09
5.50199754423 1412742374.22
5.54912295688 1412742375.32
5.4707874511 1412742376.39
5.50161573715 1412742377.5
5.51424434211 1412742378.61
5.4904372976 1412742379.67
5.54585525056 1412742380.77
5.56311938569 1412742381.84
5.57166851295 1412742382.94
5.56300420514 1412742384.01
5.47451364002 1412742385.14
5.46567352295 1412742386.28
5.45461456324 1412742387.42
5.38327080372 1412742388.6
5.39715136627 1412742389.74
5.46052749924 1412742390.91
5.44237213456 1412742392.08
5.44813381475 1412742393.23
5.44886923789 1412742394.39
5.51146908977 1412742395.53
5.5093841944 1412742396.67
5.39403943462 1412742397.8
5.41452145984 1412742398.93
5.38413550784 1412742400.07
5.39919030281 1412742401.22
5.43872051155 1412742402.34
5.29457519091 1412742403.49
5.22604005349 1412742404.65
5.3631056446 1412742405.84
5.37310603634 1412742407.05
5.24419293213 1412742408.2
5.23857356542 1412742409.32
5.28788064118 1412742410.49
5.23729882874 1412742411.71
5.2459789082 1412742412.88
5.19339086251 1412742414.05
5.20864368519 1412742415.26
5.19579516875 1412742416.45
5.23995741558 1412742417.59
5.22444624477 1412742418.78
5.23501244151 1412742419.93
5.25598770434 1412742421.13
5.2817171608 1412742422.3
5.28704992328 1412742423.48
5.29607965383 1412742424.66
5.3395272906 1412742425.8
5.33125713981 1412742426.93
5.28037307142 1412742428.06
5.27138992286 1412742429.21
5.27240482791 1412742430.4
5.21819634818 1412742431.62
5.22592551034 1412742432.76
5.2814017745 1412742433.96
5.25974035648 1412742435.14
5.25823348807 1412742436.28
5.31703074128 1412742437.5
5.1831028214 1412742438.75
5.24906189492 1412742439.96
5.21142896583 1412742441.18
5.25814446925 1412742442.37
5.26366164825 1412742443.61
5.29408322728 1412742444.84
5.30510153554 1412742446.06
5.35115863186 1412742447.23
5.32862204082 1412742448.44
5.29824486699 1412742449.65
5.35954232196 1412742450.9
5.32889435363 1412742452.12
5.29766717483 1412742453.32
5.29678791619 1412742454.51
5.3218422512 1412742455.74
5.29916193978 1412742456.94
5.28407956264 1412742458.17
5.11899766666 1412742459.41
5.12016308117 1412742460.62
5.11061294224 1412742461.81
5.10679437975 1412742463.04
5.03309861861 1412742464.27
5.22577298857 1412742465.53
5.18855654556 1412742466.74
5.03372727433 1412742467.94
5.00868336559 1412742469.16
5.07750638624 1412742470.38
5.06515854918 1412742471.61
5.14486119613 1412742472.82
5.11503395283 1412742474.04
5.12769963108 1412742475.27
5.15202622433 1412742476.49
5.0321215033 1412742477.68
5.04965528645 1412742478.91
5.11807176245 1412742480.16
5.06083789934 1412742481.41
5.08915509328 1412742482.66
5.04395884046 1412742483.93
5.08509080946 1412742485.14
5.10586985204 1412742486.4
5.06277948347 1412742487.64
4.96092253418 1412742488.9
5.07887431339 1412742490.13
4.97408991954 1412742491.39
