11.9920082078 1412721685.1
12.2340080131 1412721685.18
12.9738234229 1412721685.27
13.3291335522 1412721685.36
13.8117577168 1412721685.46
14.1377200796 1412721685.56
14.6645044603 1412721685.64
14.607308575 1412721685.73
14.6717985905 1412721685.83
15.0949021886 1412721685.92
14.7786747766 1412721686.03
14.5942055177 1412721686.13
14.4532867508 1412721686.21
14.0188135844 1412721686.31
14.5962583793 1412721686.43
13.7617818912 1412721686.53
12.8037624916 1412721686.63
12.8270536124 1412721686.73
12.8129726084 1412721686.83
12.9705065689 1412721686.97
13.1767383498 1412721687.16
13.1544078197 1412721687.27
13.0509463586 1412721687.43
12.6449707466 1412721687.6
12.0449438855 1412721687.75
11.7413293392 1412721687.9
11.3111761781 1412721688.04
11.5445308989 1412721688.19
11.4714252166 1412721688.32
11.5453379042 1412721688.46
11.3723970739 1412721688.61
11.1077651628 1412721688.77
11.0641870786 1412721688.92
11.1983249045 1412721689.08
11.3998097901 1412721689.24
11.4192328604 1412721689.43
11.3033441971 1412721689.55
11.5057191617 1412721689.67
11.3416062354 1412721689.8
11.3319842679 1412721689.91
11.4622277676 1412721690.05
11.3537517592 1412721690.17
11.3426263904 1412721690.31
11.1521367757 1412721690.44
11.1388422391 1412721690.55
11.1254827817 1412721690.67
11.0848448173 1412721690.78
11.1904426744 1412721690.9
11.1773554974 1412721691.06
11.1319554808 1412721691.19
11.0989094742 1412721691.32
11.073168331 1412721691.44
10.8974153901 1412721691.58
10.8697711771 1412721691.69
10.842205598 1412721691.81
10.7391967877 1412721691.92
10.3032306197 1412721692.06
10.3155807677 1412721692.17
10.0878860861 1412721692.27
10.1714358644 1412721692.39
10.1483438099 1412721692.52
10.1561476367 1412721692.63
10.1921258297 1412721692.75
10.2002404105 1412721692.86
10.1106365575 1412721692.96
10.1267725616 1412721693.07
10.1226527648 1412721693.18
10.1300047525 1412721693.31
10.1261148673 1412721693.44
10.1333185386 1412721693.56
10.1295155253 1412721693.68
10.1366765328 1412721693.8
10.1330364963 1412721693.92
10.1400383991 1412721694.02
10.074929031 1412721694.12
10.0809367443 1412721694.25
10.0773587794 1412721694.36
10.073734646 1412721694.47
10.0795859467 1412721694.6
10.0760715816 1412721694.73
9.98615616187 1412721694.84
9.98150573923 1412721694.96
10.0087500414 1412721695.08
10.0047475593 1412721695.18
10.0007318319 1412721695.34
9.99672295484 1412721695.52
10.0579017088 1412721695.66
10.0534330628 1412721695.81
10.0399531603 1412721695.96
10.0354001058 1412721696.11
10.0324702249 1412721696.25
9.91791887072 1412721696.37
9.91274633444 1412721696.55
9.90561711427 1412721696.7
9.90033270755 1412721696.81
9.89500061668 1412721696.94
9.91125000132 1412721697.06
9.90624677948 1412721697.23
9.89937354881 1412721697.37
9.64088053174 1412721697.53
9.47734367191 1412721697.68
9.46964564935 1412721697.8
9.44985995667 1412721697.93
9.41082887834 1412721698.06
9.39468581162 1412721698.17
9.37846867409 1412721698.31
9.29274722193 1412721698.46
9.27321394009 1412721698.6
9.25352937841 1412721698.73
9.23199830779 1412721698.84
9.1992199335 1412721698.98
9.08078895583 1412721699.11
8.76028523979 1412721699.23
8.74236678553 1412721699.39
8.72478711545 1412721699.53
8.61546352909 1412721699.66
8.60621525072 1412721699.78
8.50290266156 1412721699.9
8.47974195769 1412721700.02
8.45660194186 1412721700.14
8.34970280985 1412721700.27
8.2587566396 1412721700.39
8.05165972724 1412721700.5
7.93156837881 1412721700.6
7.67431512974 1412721700.72
7.40141887428 1412721700.83
7.40688993624 1412721700.96
6.71142276094 1412721701.08
6.53913290715 1412721701.18
6.68267513144 1412721701.32
6.859382387 1412721701.43
6.83521773843 1412721701.57
6.66898034998 1412721701.68
6.47313132927 1412721701.79
6.44588128563 1412721701.88
6.35458670046 1412721701.98
6.12017797725 1412721702.08
5.98205939001 1412721702.19
5.96292255649 1412721702.29
5.93997541026 1412721702.4
5.69371799427 1412721702.51
5.67268878922 1412721702.63
5.58378093686 1412721702.76
5.64965326484 1412721702.86
5.43047787463 1412721702.95
5.29126601551 1412721703.08
5.30219474888 1412721703.19
5.21804501845 1412721703.32
5.39695577349 1412721703.45
5.41934732435 1412721703.58
5.47704310949 1412721703.71
5.56097704801 1412721703.84
5.34561521244 1412721703.97
5.36165784224 1412721704.09
5.65521396189 1412721704.22
5.62188086043 1412721704.34
5.63683100169 1412721704.46
5.76561377405 1412721704.62
5.77329174239 1412721704.74
5.79132868325 1412721704.84
5.81913271204 1412721704.98
5.81431189448 1412721705.09
5.62101721548 1412721705.2
5.8985581404 1412721705.38
5.83875801971 1412721705.51
5.65106477265 1412721705.64
5.65800648096 1412721705.76
5.44372702264 1412721705.89
5.39243559073 1412721706.02
5.254869541 1412721706.13
5.36522782971 1412721706.26
5.37809203907 1412721706.38
5.22943884922 1412721706.51
5.23980582583 1412721706.63
5.30871455069 1412721706.74
5.29257349338 1412721706.87
5.11298091574 1412721706.99
5.13040876163 1412721707.11
5.14147227227 1412721707.26
4.94154999769 1412721707.42
4.93249894217 1412721707.55
4.94047400904 1412721707.68
4.93725133776 1412721707.8
4.45464171332 1412721707.93
4.67083993166 1412721708.05
4.71804480741 1412721708.17
4.5622824054 1412721708.29
4.30316228648 1412721708.43
4.53471201485 1412721708.55
4.53132244733 1412721708.69
4.39831820221 1412721708.84
4.39510202928 1412721708.98
4.35986910471 1412721709.12
4.35639153335 1412721709.25
4.34963573661 1412721709.41
4.35923432423 1412721709.55
4.09147872504 1412721709.7
3.99706296832 1412721709.84
3.99388261441 1412721709.98
3.99253516347 1412721710.14
