16.787488629 1412724505.73
16.4864644987 1412724506.0
16.8968117588 1412724506.29
17.2331399411 1412724506.59
17.6587116575 1412724506.89
18.1053546406 1412724507.21
18.3515592605 1412724507.52
18.9894183017 1412724507.83
19.0171985061 1412724508.16
18.9053773303 1412724508.48
19.2315768634 1412724508.8
19.1490996951 1412724509.12
19.6051065929 1412724509.43
19.76237059 1412724509.78
20.1646098704 1412724510.1
20.3455199501 1412724510.4
20.5058909313 1412724510.73
20.5083861645 1412724511.04
20.5678631983 1412724511.35
20.4156788743 1412724511.68
20.5685589265 1412724512.02
20.7655856183 1412724512.36
20.3527754468 1412724512.67
19.9111000322 1412724512.97
20.0718933363 1412724513.29
20.0023521345 1412724513.59
19.7214373855 1412724513.87
19.3760601879 1412724514.18
19.1007075219 1412724514.57
18.9886630386 1412724514.97
18.8251502082 1412724515.31
18.7119874044 1412724515.62
18.3000167935 1412724515.96
18.0950496852 1412724516.34
18.193298133 1412724516.71
18.4855064473 1412724517.05
18.5385422002 1412724517.38
18.4249942391 1412724517.72
18.3488096145 1412724518.03
18.0420526113 1412724518.34
17.7728168521 1412724518.67
17.7809437143 1412724518.95
17.4029972945 1412724519.26
17.1978820708 1412724519.58
17.0438056232 1412724519.91
16.9731597321 1412724520.22
16.8025757992 1412724520.52
16.4559016234 1412724520.83
15.8473906567 1412724521.13
15.5424163557 1412724521.46
15.4914465476 1412724521.77
15.4200561862 1412724522.08
15.4925212542 1412724522.39
15.8009956356 1412724522.73
15.7811268904 1412724523.06
15.9848056358 1412724523.42
15.9138996714 1412724523.75
16.1847827507 1412724524.1
16.2068266939 1412724524.45
16.2568730561 1412724524.81
16.3256663314 1412724525.18
16.390246099 1412724525.52
16.5504021514 1412724525.91
16.5855762142 1412724526.33
16.7157175588 1412724526.68
16.7657670971 1412724527.07
16.8562803643 1412724527.52
16.8621687839 1412724527.91
16.8130911699 1412724528.3
16.8785806596 1412724528.7
17.0203583173 1412724529.17
16.6055705265 1412724529.7
16.9249811403 1412724530.15
17.1747848908 1412724530.54
17.1019437789 1412724530.96
17.1026850323 1412724531.35
16.8378187944 1412724531.76
16.5394084412 1412724532.15
16.2162370672 1412724532.54
16.0479441984 1412724532.95
15.9608689098 1412724533.33
15.8830233011 1412724533.7
15.79624594 1412724534.24
15.6253796917 1412724534.65
15.8377712459 1412724535.02
15.6508270974 1412724535.43
15.7494321631 1412724535.81
15.764803748 1412724536.23
15.7482701436 1412724536.65
15.8482063462 1412724537.04
15.9486290383 1412724537.43
15.9452876985 1412724537.83
15.8588663271 1412724538.2
15.700105669 1412724538.59
15.9814662889 1412724538.99
15.8249403099 1412724539.39
15.8564496014 1412724539.78
15.8914626694 1412724540.15
15.7815553753 1412724540.57
15.3511781781 1412724541.03
15.4753127435 1412724541.41
15.3175690881 1412724541.79
15.41310143 1412724542.17
15.4003195962 1412724542.51
15.4085179689 1412724542.91
15.3450103675 1412724543.25
15.1837196796 1412724543.64
15.0358600199 1412724544.02
15.1732275439 1412724544.41
15.5151932807 1412724544.78
15.5524522609 1412724545.17
15.5456700828 1412724545.6
15.7215347707 1412724546.01
15.8035991781 1412724546.36
15.785261098 1412724546.72
15.705757646 1412724547.09
15.9712073966 1412724547.45
15.6701361122 1412724547.84
15.6910012022 1412724548.22
15.6435478844 1412724548.62
15.6677391269 1412724548.99
15.6906955488 1412724549.34
15.5853320487 1412724549.79
15.9457525916 1412724550.19
15.9174538184 1412724550.57
15.9332861784 1412724550.96
15.9587860187 1412724551.34
15.4245448253 1412724551.7
15.6226692913 1412724552.05
15.5871092456 1412724552.37
15.5041544846 1412724552.77
14.6022049384 1412724553.1
14.3688851928 1412724553.47
14.3187791221 1412724553.83
14.3413573328 1412724554.22
14.3199411706 1412724554.57
14.3857085252 1412724554.92
14.5470298933 1412724555.33
14.5515380433 1412724555.81
14.6094561777 1412724556.23
14.3713063895 1412724556.61
14.3669331898 1412724556.94
14.3785982981 1412724557.28
14.3743080708 1412724557.65
14.5095454931 1412724557.98
14.5984913656 1412724558.34
14.6400845617 1412724558.7
14.6137860642 1412724559.05
14.7291809768 1412724559.48
14.7404859642 1412724559.85
14.7887665427 1412724560.21
14.8001794641 1412724560.64
14.5020261769 1412724561.02
14.505162415 1412724561.39
14.5083647788 1412724561.8
14.5853509008 1412724562.2
14.7780319529 1412724562.58
14.2103133106 1412724562.96
14.1973910484 1412724563.35
14.16380489 1412724563.71
14.154936728 1412724564.09
14.2575046104 1412724564.47
14.160894763 1412724564.86
14.2539024228 1412724565.25
14.2496524055 1412724565.61
14.2158733436 1412724566.0
14.2129658581 1412724566.41
14.2100447945 1412724566.79
13.6384518105 1412724567.17
13.6184823394 1412724567.53
13.2665876258 1412724567.91
13.1785256262 1412724568.28
13.176205225 1412724568.66
13.1738949612 1412724569.05
13.0649548378 1412724569.39
13.1405090111 1412724569.74
13.1381592637 1412724570.13
13.1911399232 1412724570.52
13.2427841337 1412724570.96
13.1917448968 1412724571.47
13.0895439366 1412724571.87
13.0852942031 1412724572.31
13.1882313881 1412724572.73
13.1854041036 1412724573.17
13.238768318 1412724573.67
13.2404363538 1412724574.21
13.0878261271 1412724574.79
13.0959905069 1412724575.36
13.4961799907 1412724575.97
13.3926920289 1412724576.58
13.2739964424 1412724577.15
13.2811401826 1412724577.76
13.2485364264 1412724578.39
13.2576790406 1412724578.99
13.2956031238 1412724579.62
13.2609461324 1412724580.3
13.2726274547 1412724580.92
13.656694591 1412724581.55
13.6569004831 1412724582.22
13.344554712 1412724582.82
