12.0459305215 1412722280.09
12.5293938837 1412722280.19
12.7366738316 1412722280.31
13.1350166828 1412722280.42
12.8219178154 1412722280.52
12.7898988194 1412722280.63
13.0399030758 1412722280.75
12.582770199 1412722280.85
12.3091290167 1412722281.0
12.4274419067 1412722281.12
12.2729962334 1412722281.22
12.6039321087 1412722281.35
12.8588191092 1412722281.45
12.5553965943 1412722281.55
12.637748409 1412722281.66
12.5890019224 1412722281.77
12.6025244521 1412722281.88
12.7518979812 1412722281.98
12.3681662917 1412722282.1
12.4401013364 1412722282.22
12.1293193454 1412722282.33
12.0643233738 1412722282.47
12.1130555525 1412722282.6
11.9878074675 1412722282.7
12.032470413 1412722282.84
11.8488919642 1412722282.94
11.8750911415 1412722283.06
11.7807593493 1412722283.17
11.3399230709 1412722283.31
11.3420070669 1412722283.43
11.3113986077 1412722283.54
11.3473504382 1412722283.65
11.2917265895 1412722283.77
11.3088074939 1412722283.96
11.4299578696 1412722284.1
11.34054134 1412722284.23
11.2456171837 1412722284.32
11.2641763298 1412722284.41
11.2544365258 1412722284.55
11.3794803366 1412722284.67
11.4121327746 1412722284.81
11.5327343149 1412722284.93
11.2809069283 1412722285.05
11.3624756947 1412722285.15
11.35823622 1412722285.26
11.3409214244 1412722285.38
11.3232380531 1412722285.5
11.3202877157 1412722285.63
11.3027310929 1412722285.74
11.2218541664 1412722285.84
11.2600169872 1412722285.95
11.2026035027 1412722286.07
11.1810418879 1412722286.21
11.1804587728 1412722286.34
11.1281588889 1412722286.46
11.1065034363 1412722286.57
11.107085151 1412722286.68
11.0857548796 1412722286.8
11.0868923714 1412722286.96
10.9965469591 1412722287.08
11.0215531012 1412722287.2
11.2031279254 1412722287.36
11.198124448 1412722287.49
11.2051110669 1412722287.62
11.1519818513 1412722287.78
11.1413110378 1412722287.91
11.1397725011 1412722288.04
11.1293681555 1412722288.16
11.1188014529 1412722288.26
11.169465437 1412722288.41
11.1588237066 1412722288.53
11.1479872766 1412722288.66
11.137196178 1412722288.78
11.1359028087 1412722288.89
11.1251473926 1412722289.02
11.1143621412 1412722289.15
11.1131947707 1412722289.27
11.1025655773 1412722289.39
11.0918576338 1412722289.51
11.0907296552 1412722289.64
11.0801839173 1412722289.77
11.1344208141 1412722289.89
11.1936153805 1412722290.01
11.1943672767 1412722290.12
11.1895395079 1412722290.23
11.1902596856 1412722290.36
11.185622116 1412722290.48
11.1863240441 1412722290.6
11.1816727777 1412722290.74
11.182351053 1412722290.9
11.1777644998 1412722291.02
11.1730410737 1412722291.11
11.1738327481 1412722291.24
11.1692069919 1412722291.37
11.1698834024 1412722291.48
11.1652812978 1412722291.58
11.1660483182 1412722291.72
11.0428165491 1412722291.85
11.0384187009 1412722291.96
11.0390736657 1412722292.12
11.0347524083 1412722292.31
11.0353995533 1412722292.43
11.0828070211 1412722292.57
11.0802246738 1412722292.71
11.0776235189 1412722292.84
10.9635246552 1412722292.95
10.9512327533 1412722293.07
10.9386565236 1412722293.22
10.9259481296 1412722293.36
10.9130834491 1412722293.48
10.8998698341 1412722293.62
10.8905688171 1412722293.77
10.8771717383 1412722293.93
10.8381638807 1412722294.04
10.8238198329 1412722294.16
10.7666784897 1412722294.28
10.7702617668 1412722294.4
10.7735147494 1412722294.54
10.7766585151 1412722294.67
10.805631889 1412722294.84
10.7740485133 1412722294.98
10.9270732817 1412722295.11
10.9744405783 1412722295.23
10.9720164437 1412722295.36
10.9696105511 1412722295.49
10.9371778163 1412722295.62
10.9344005344 1412722295.74
10.9316648703 1412722295.9
10.9232274297 1412722296.05
10.914574444 1412722296.16
10.9058231048 1412722296.28
10.7643112292 1412722296.45
10.6708567936 1412722296.58
10.6772792442 1412722296.72
10.6651740822 1412722296.84
10.776594268 1412722296.97
10.7646362576 1412722297.09
10.65596546 1412722297.2
10.6423613747 1412722297.32
10.6281949248 1412722297.52
10.6372632709 1412722297.62
10.623488573 1412722297.74
10.6325416157 1412722297.91
10.8297548767 1412722298.05
10.8197280524 1412722298.17
10.809348603 1412722298.33
10.7601261195 1412722298.46
10.7471903529 1412722298.57
10.7339113748 1412722298.7
10.7562450125 1412722298.82
10.6945596971 1412722298.96
10.5788397033 1412722299.11
10.5616016267 1412722299.25
10.5394322434 1412722299.4
10.5209469114 1412722299.56
10.50187605 1412722299.7
10.4935731868 1412722299.85
10.4161920582 1412722299.98
10.4336231369 1412722300.1
10.4501528784 1412722300.23
10.4556599899 1412722300.34
10.4998924314 1412722300.48
10.5144023724 1412722300.59
10.5316186084 1412722300.7
10.4846749678 1412722300.84
10.4935358497 1412722300.99
10.5020838225 1412722301.12
10.4970667929 1412722301.26
10.5055085121 1412722301.38
10.5006544135 1412722301.5
10.5089600727 1412722301.63
10.504227785 1412722301.76
10.5576571227 1412722301.9
10.727515381 1412722302.02
10.5542758006 1412722302.13
10.7322074726 1412722302.23
10.5583879677 1412722302.41
10.7367966009 1412722302.52
10.5624613126 1412722302.68
10.7313712514 1412722302.8
10.5547697884 1412722302.92
10.7362716215 1412722303.19
10.5590667835 1412722303.46
10.7412447905 1412722303.77
10.5634370366 1412722304.13
10.736272075 1412722304.47
10.7315940328 1412722304.7
10.9244399455 1412722304.9
10.7427356342 1412722305.14
10.7510614246 1412722305.27
10.928503601 1412722305.41
10.4405274021 1412722305.54
10.9151234302 1412722305.66
10.9101566534 1412722305.78
10.9213293017 1412722305.87
10.9165779244 1412722305.98
10.9893991027 1412722306.17
10.9952860385 1412722306.29
10.9947347925 1412722306.42
11.0006190237 1412722306.57
