9.13640648379 1412730511.67
9.15280334696 1412730512.29
9.27756847228 1412730512.91
9.57274414281 1412730513.53
9.88512614725 1412730514.12
10.2946400044 1412730514.68
10.6421862166 1412730515.31
10.9761365655 1412730515.9
11.0599516761 1412730516.51
11.0857966543 1412730517.16
11.240966044 1412730517.91
11.0286653904 1412730518.65
11.0189763394 1412730519.3
11.0274356176 1412730520.01
10.9620174702 1412730520.7
10.9164511067 1412730521.31
11.0450733764 1412730521.93
11.214333509 1412730522.49
11.4519353973 1412730523.06
11.4866978949 1412730523.67
11.6459270429 1412730524.3
11.7585479895 1412730524.97
11.6035974272 1412730525.62
11.5868215534 1412730526.5
11.4719446412 1412730527.38
11.484559399 1412730528.11
11.5023410313 1412730528.85
11.4816938694 1412730529.71
11.5172129304 1412730530.36
11.5810292244 1412730530.93
11.5842543957 1412730531.57
11.7414685322 1412730532.15
11.6720201055 1412730532.78
11.7022021689 1412730533.3
11.8250936095 1412730533.91
11.7688600086 1412730534.51
11.780695047 1412730535.2
11.7548192298 1412730536.05
11.7676803555 1412730537.05
11.7331776385 1412730537.82
11.5801538326 1412730538.44
11.6471649805 1412730539.11
11.6271920703 1412730539.8
11.5578273337 1412730540.45
11.5906164176 1412730541.29
11.6407827851 1412730542.2
11.6059346622 1412730542.86
11.5400798099 1412730543.47
11.6270619144 1412730544.04
11.710210378 1412730544.73
11.6787856529 1412730545.3
11.667334787 1412730545.89
11.7501873395 1412730546.49
11.7856161862 1412730547.07
11.821931676 1412730547.66
11.9380080026 1412730548.23
12.0433534032 1412730548.79
12.1896827613 1412730549.37
12.2823600339 1412730549.96
12.2931868905 1412730550.54
12.2578494789 1412730551.16
12.2908808692 1412730551.74
12.1849305041 1412730552.35
12.3304548709 1412730552.92
12.2992825497 1412730553.53
12.4938678041 1412730554.14
12.7229157196 1412730554.72
12.6202595729 1412730555.37
12.7640366124 1412730555.98
12.1122897927 1412730556.57
12.8602121803 1412730557.18
11.3376914153 1412730557.78
7.68436520408 1412730558.38
7.75945359485 1412730558.96
7.46843354235 1412730559.51
7.61390853288 1412730560.09
7.39585566406 1412730560.67
7.30894245995 1412730561.25
7.38070282687 1412730561.83
7.41938395842 1412730562.4
7.49541251395 1412730562.95
7.45068810428 1412730563.56
7.4299066534 1412730564.36
7.44121383362 1412730565.01
7.41148387082 1412730565.65
7.17287251091 1412730566.29
7.21345968725 1412730566.92
7.12844247436 1412730567.55
7.14025058315 1412730568.15
6.93613510001 1412730568.75
6.84397458466 1412730569.33
6.65450348549 1412730569.94
6.63859309155 1412730570.63
6.71696366367 1412730571.28
6.75406235522 1412730571.92
6.69574876901 1412730572.55
6.69967810288 1412730573.15
6.69126596956 1412730573.77
6.74307551047 1412730574.39
6.7820324074 1412730575.01
6.80858395753 1412730575.62
6.86318015227 1412730576.23
6.86464397421 1412730576.91
6.88030282645 1412730577.6
6.85140775246 1412730578.29
6.82764738066 1412730578.93
6.77623733104 1412730579.63
6.76728639955 1412730580.31
6.81115672859 1412730581.02
6.78779816639 1412730581.72
6.75260243523 1412730582.44
6.723793229 1412730583.19
6.68832389008 1412730583.96
6.6538173586 1412730584.7
6.60242480998 1412730585.43
6.53714916574 1412730586.16
6.57838691448 1412730586.85
6.59401469369 1412730587.58
6.540824478 1412730588.32
6.56801694469 1412730589.09
6.59544645021 1412730589.84
6.5176896282 1412730590.61
6.50506120035 1412730591.37
6.44391163897 1412730592.14
6.38219881782 1412730592.91
6.39149347178 1412730593.67
6.41158251948 1412730594.38
6.34118957048 1412730595.05
6.37530530136 1412730595.69
6.35680357334 1412730596.32
6.43082605663 1412730597.0
6.44587076208 1412730597.68
6.45541710913 1412730598.31
6.41667589075 1412730598.96
6.43550046492 1412730599.61
6.43987412439 1412730600.26
6.49058491121 1412730600.93
6.51411911374 1412730601.58
6.55476087115 1412730602.27
6.54803001375 1412730602.96
6.56802584849 1412730603.61
6.58447356507 1412730604.3
6.59356662917 1412730604.95
6.58856800946 1412730605.6
6.58028913664 1412730606.28
6.55452078012 1412730606.92
6.54316456084 1412730607.62
6.52584597207 1412730608.34
6.52446708365 1412730609.01
6.51008131862 1412730609.7
6.49351004165 1412730610.36
6.54816544626 1412730611.05
6.52125675928 1412730611.73
6.51514962583 1412730612.4
6.50539595947 1412730613.08
6.4971208739 1412730613.72
6.47729953381 1412730614.4
6.46659562976 1412730615.12
6.43741886188 1412730615.79
6.42612889089 1412730616.49
6.41525707337 1412730617.15
6.40826630157 1412730617.82
6.39425642418 1412730618.52
6.38712644008 1412730619.2
6.41876869684 1412730619.93
6.40911696258 1412730620.59
6.39443935406 1412730621.25
6.38665566561 1412730621.92
6.37899018464 1412730622.58
6.37719861139 1412730623.27
6.38050147228 1412730623.95
6.37010527611 1412730624.62
6.33965901802 1412730625.3
6.34507408353 1412730625.98
6.33565647061 1412730626.68
6.3304427343 1412730627.35
6.31627992655 1412730628.01
6.29948487569 1412730628.67
6.25363947726 1412730629.35
6.2356752787 1412730630.02
6.22270876485 1412730630.71
6.20918395457 1412730631.37
6.22427686831 1412730632.07
6.2126970209 1412730632.76
6.20726474176 1412730633.46
6.20281987005 1412730634.18
6.19739135059 1412730634.89
6.19611430632 1412730635.65
6.19232900357 1412730636.38
6.16140227663 1412730637.09
6.16020002978 1412730637.84
6.14469047 1412730638.53
6.15211500601 1412730639.24
6.15763839419 1412730639.93
6.14259580259 1412730640.62
6.13074800519 1412730641.34
6.08365214631 1412730642.09
6.09286928137 1412730642.81
6.06759808389 1412730643.51
6.06086961759 1412730644.24
