13.1342406335 1412731425.66
12.970303209 1412731426.22
12.5348072987 1412731426.78
12.3791845458 1412731427.33
11.9520301025 1412731427.9
11.9054031611 1412731428.5
11.7170508798 1412731429.04
11.5249431497 1412731429.6
11.1408788531 1412731430.15
10.9031287933 1412731430.71
10.7615631117 1412731431.23
10.7332536006 1412731431.76
10.9252549236 1412731432.28
10.9703228119 1412731432.84
10.9467606306 1412731433.39
10.989757164 1412731433.96
10.8525189853 1412731434.48
10.8522540388 1412731435.0
10.8375407331 1412731435.53
10.8506215297 1412731436.08
10.7400887753 1412731436.61
10.7852548415 1412731437.12
10.8629546349 1412731437.67
10.9769814115 1412731438.23
11.1356342663 1412731438.77
10.8576909516 1412731439.36
11.1365624015 1412731439.91
11.2449702581 1412731440.44
10.7942527905 1412731441.0
11.0876279806 1412731441.58
10.3076150571 1412731442.1
10.8115614146 1412731442.62
10.9532457349 1412731443.17
10.4989050599 1412731443.7
10.3926771724 1412731444.21
10.6085667154 1412731444.73
10.722372869 1412731445.27
10.4392591584 1412731445.8
10.9298305712 1412731446.32
10.2487608287 1412731446.83
10.5743171983 1412731447.33
10.2314575537 1412731447.85
10.5814619244 1412731448.38
10.4213093316 1412731448.89
10.672390162 1412731449.43
7.36442180572 1412731449.94
7.24762793702 1412731450.47
6.96980448918 1412731450.97
6.6278324504 1412731451.49
5.90260206432 1412731452.0
5.67220141692 1412731452.52
5.11824200084 1412731453.04
5.13647261466 1412731453.57
4.72418285371 1412731454.09
4.76165612145 1412731454.63
4.89028856499 1412731455.16
4.63584264988 1412731455.69
4.43417926082 1412731456.17
4.56136027646 1412731456.7
4.58208428225 1412731457.22
4.33045618574 1412731457.69
4.38387819645 1412731458.21
4.13276982445 1412731458.73
4.10835340348 1412731459.26
3.97952904525 1412731459.78
4.0339957297 1412731460.26
4.051629952 1412731460.78
3.95730238875 1412731461.3
3.91897702027 1412731461.77
3.82366600499 1412731462.26
3.86934968053 1412731462.76
3.86377809181 1412731463.29
3.64651487479 1412731463.8
3.84954647614 1412731464.32
3.6990350047 1412731464.81
3.59210163869 1412731465.28
3.51278495021 1412731465.8
3.46647477261 1412731466.31
3.51848267692 1412731466.83
3.54791003759 1412731467.36
3.42997648107 1412731467.87
3.42221618283 1412731468.4
3.43338240465 1412731468.9
3.40647094275 1412731469.44
3.37424078937 1412731469.93
3.28545913441 1412731470.44
3.28128968554 1412731470.94
3.2260125983 1412731471.46
3.14295131598 1412731471.94
3.08211402852 1412731472.43
3.03861880959 1412731472.94
3.01135775163 1412731473.44
2.95197996345 1412731473.98
2.89908042478 1412731474.51
2.87268263404 1412731475.03
2.86799971274 1412731475.55
2.84088989074 1412731476.06
2.82509031583 1412731476.57
2.79204717555 1412731477.08
2.78384752115 1412731477.59
2.79059819085 1412731478.07
2.7927643861 1412731478.59
2.7967806153 1412731479.07
2.78067944447 1412731479.58
2.81519328883 1412731480.08
2.80080964502 1412731480.6
2.81446411723 1412731481.12
2.82077190118 1412731481.6
2.8533459478 1412731482.07
2.85290599123 1412731482.57
2.86648398881 1412731483.07
2.86308904608 1412731483.57
2.87492403211 1412731484.11
2.83754457731 1412731484.63
2.8770688173 1412731485.14
2.87243435192 1412731485.64
2.91420928031 1412731486.15
2.89008021764 1412731486.64
2.89925090811 1412731487.16
2.86343545072 1412731487.67
2.83912803301 1412731488.19
2.81446676804 1412731488.68
2.80213676021 1412731489.19
2.77560667876 1412731489.71
2.77371794524 1412731490.19
2.77705632652 1412731490.68
2.7701719978 1412731491.18
2.77296723079 1412731491.67
2.7777746288 1412731492.18
2.77482284256 1412731492.72
2.77989852156 1412731493.21
2.78686312144 1412731493.74
2.79118645703 1412731494.26
2.76012599203 1412731494.79
2.7288292499 1412731495.34
2.73172486527 1412731495.86
2.70369432389 1412731496.38
2.68399674857 1412731496.96
2.67458458118 1412731497.52
2.64365326106 1412731498.03
2.63130817923 1412731498.56
2.62227049654 1412731499.07
2.59680965268 1412731499.61
2.6132189326 1412731500.13
2.56463044371 1412731500.68
2.57209855632 1412731501.17
2.55310915838 1412731501.69
2.55288867445 1412731502.17
2.5387314513 1412731502.68
2.51405250045 1412731503.21
2.49518188959 1412731503.73
2.47391176159 1412731504.24
2.47430626633 1412731504.77
2.47541607575 1412731505.29
2.47430848983 1412731505.81
2.4757601469 1412731506.32
2.47093897825 1412731506.84
2.47134545272 1412731507.34
2.47418909116 1412731507.88
2.46010960097 1412731508.38
2.47260045316 1412731508.91
2.45919519923 1412731509.41
2.46360056376 1412731509.92
2.45244606746 1412731510.42
2.43929962471 1412731510.92
2.43174524573 1412731511.42
2.40807952033 1412731511.93
2.40049595124 1412731512.47
2.39521194676 1412731512.99
2.3857601273 1412731513.48
2.38634423488 1412731514.04
2.37714895472 1412731514.54
2.36586273222 1412731515.04
2.36837172643 1412731515.56
2.35565158219 1412731516.09
2.35821123259 1412731516.61
2.35724502076 1412731517.15
2.34466779934 1412731517.7
2.34634620921 1412731518.25
2.33118623736 1412731518.81
2.32952946388 1412731519.34
2.31862996947 1412731519.87
2.32088694435 1412731520.39
2.32353343358 1412731520.91
2.32364841912 1412731521.42
2.31543238153 1412731521.93
2.30539417842 1412731522.46
2.30819385337 1412731522.97
2.29833564096 1412731523.46
2.30260896133 1412731523.95
2.31374006482 1412731524.48
2.33236539243 1412731525.01
2.32660012221 1412731525.52
2.33590222742 1412731526.03
2.3260192261 1412731526.52
2.30142363207 1412731527.03
2.28549232649 1412731527.55
2.27712890094 1412731528.11
2.26824718664 1412731528.64
2.26922434177 1412731529.13
