12.0883226389 1412737036.85
11.7317177188 1412737037.86
11.6396007225 1412737038.91
11.4775747336 1412737039.95
11.6028531666 1412737040.98
11.4166392152 1412737041.98
11.3716878318 1412737042.99
11.3846942888 1412737044.01
11.6084424952 1412737045.02
11.4721017038 1412737046.0
11.5015642311 1412737047.0
11.5402456078 1412737048.01
11.4148997919 1412737049.0
11.0440117217 1412737049.95
10.9641511218 1412737050.94
10.7376952246 1412737051.93
10.5633082052 1412737052.95
10.3407132024 1412737053.95
10.3653580974 1412737054.92
10.2484943837 1412737055.93
10.1404010804 1412737056.88
10.2893905362 1412737057.84
10.1808195802 1412737058.84
10.210594862 1412737059.84
10.206209343 1412737060.85
10.2504495965 1412737061.88
10.0913181062 1412737062.89
10.1852397151 1412737063.93
10.0306786508 1412737064.96
10.062909193 1412737065.98
9.82317966672 1412737066.98
9.67582912546 1412737068.01
9.79404613066 1412737069.04
9.74805803805 1412737070.02
9.61465712699 1412737071.01
9.69234671681 1412737072.02
9.56381257738 1412737073.07
9.65387208084 1412737074.08
9.57740486249 1412737075.17
9.70302354052 1412737076.24
9.79055029475 1412737077.33
9.76319488206 1412737078.38
9.76207525594 1412737079.43
9.73206794076 1412737080.52
9.78445265721 1412737081.63
9.76573523317 1412737082.71
9.75718454089 1412737083.79
9.70003066738 1412737084.83
9.72407400959 1412737085.9
9.7344538697 1412737086.97
9.75413665615 1412737088.04
9.71093940902 1412737089.13
9.71485102702 1412737090.25
9.6763233222 1412737091.32
9.64304319226 1412737092.42
9.63416451112 1412737093.53
9.62643510474 1412737094.66
9.61369510559 1412737095.72
9.60051229014 1412737096.79
9.60899851667 1412737097.94
9.54102983076 1412737099.08
9.54985553014 1412737100.24
9.81310356593 1412737101.36
9.71501085181 1412737102.47
9.7076330134 1412737103.58
9.75638510476 1412737104.69
9.77129034682 1412737105.78
9.81723704011 1412737106.95
9.7543723751 1412737108.1
9.77099224769 1412737109.24
9.87932256202 1412737110.4
9.91946418602 1412737111.55
10.1065145248 1412737112.68
10.070847786 1412737113.86
10.1403202827 1412737114.99
10.3936182965 1412737116.17
10.5194822947 1412737117.33
10.5116225789 1412737118.45
10.6254886952 1412737119.63
10.7204969543 1412737120.82
10.7344771446 1412737121.96
10.8599560762 1412737123.11
11.0464060897 1412737124.29
11.044715699 1412737125.47
11.1056326927 1412737126.64
11.2261534443 1412737127.84
11.1738647224 1412737129.03
11.1688309716 1412737130.2
11.2462086219 1412737131.43
11.2424102862 1412737132.67
11.2512497655 1412737133.88
11.1749169704 1412737135.09
11.1974609182 1412737136.31
11.2733796757 1412737137.52
11.1051186181 1412737138.83
11.1533884597 1412737140.02
11.2616978092 1412737141.22
11.2879559366 1412737142.45
11.3230950497 1412737143.68
11.3657286427 1412737144.94
11.1355183388 1412737146.22
11.1950172684 1412737147.45
11.3161605682 1412737148.68
11.3808351229 1412737149.92
11.4156652706 1412737151.21
11.4350803086 1412737152.48
11.4567678666 1412737153.79
11.4065408628 1412737155.09
11.3704303339 1412737156.34
11.338707664 1412737157.64
11.2749710859 1412737159.14
11.0879510873 1412737160.61
11.0619929449 1412737162.0
10.9274983247 1412737163.4
10.8536012007 1412737164.76
10.9209068411 1412737166.13
10.9117224565 1412737167.53
10.8911289924 1412737168.86
10.940728142 1412737170.24
10.8019052884 1412737171.68
10.8167748451 1412737173.03
10.8129113646 1412737174.39
10.4884955774 1412737175.76
10.4429741605 1412737177.11
10.4307996233 1412737178.53
10.4789521532 1412737179.88
10.3980494768 1412737181.26
10.3566103383 1412737182.58
10.2643310181 1412737183.98
10.3199441424 1412737185.31
10.2842107389 1412737186.66
10.3896250183 1412737188.05
10.4407472014 1412737189.4
10.5106928048 1412737190.8
10.4513283654 1412737192.2
10.3092683479 1412737193.61
10.3746534592 1412737195.02
10.2703529821 1412737196.44
10.3362803451 1412737197.89
10.3012240018 1412737199.39
10.3212363698 1412737200.88
10.2801375416 1412737202.31
10.2785978304 1412737203.72
10.157038099 1412737205.17
10.1648120675 1412737206.55
10.1729299483 1412737208.03
9.80940561766 1412737209.41
9.80776831036 1412737210.84
9.88529724477 1412737212.25
9.80391995213 1412737213.64
9.67879662961 1412737215.07
9.77863314457 1412737216.52
9.63177879164 1412737217.98
9.70513618508 1412737219.42
9.5469719068 1412737220.87
9.34063638996 1412737222.3
9.26321629149 1412737223.71
9.2941147699 1412737225.15
9.29934530436 1412737226.64
9.30496148595 1412737228.08
9.34892541396 1412737229.54
9.38028538325 1412737230.95
9.24763898776 1412737232.41
9.20002852082 1412737233.79
9.25198293311 1412737235.2
9.34238149001 1412737236.61
9.3223450063 1412737238.03
9.33227828803 1412737239.49
9.50006413763 1412737240.95
9.43394849992 1412737242.35
9.47874859953 1412737243.73
9.56736271252 1412737245.15
9.61831944097 1412737246.55
9.56344867183 1412737247.99
9.49738066044 1412737249.44
9.54447090714 1412737250.87
9.6207530851 1412737252.3
9.6419492652 1412737253.74
9.6926329888 1412737255.23
9.74295026888 1412737256.64
9.7929256614 1412737258.07
9.87136228725 1412737259.52
9.92640981804 1412737260.98
9.8699458538 1412737262.38
9.91935023745 1412737263.82
9.9965448035 1412737265.24
10.048556916 1412737266.72
9.85792468373 1412737268.21
9.78396037701 1412737269.66
9.82352586644 1412737271.16
9.94494462301 1412737272.64
9.9842290721 1412737274.12
10.0277036336 1412737275.63
9.92237294542 1412737277.14
10.0646623919 1412737278.67
10.1176536821 1412737280.18
10.0209812021 1412737281.71
9.97486805757 1412737283.27
10.0329816046 1412737284.79
10.0416928155 1412737286.24
