7.30163886756 1412721568.03
6.635006937 1412721568.13
6.70513627012 1412721568.22
6.89422473831 1412721568.32
6.8014723878 1412721568.41
6.63774458948 1412721568.52
6.78569666913 1412721568.61
6.71011495311 1412721568.72
6.90500984369 1412721568.81
6.87955501533 1412721568.89
7.00599456308 1412721568.99
7.24486923888 1412721569.09
7.34103446571 1412721569.19
7.37449410565 1412721569.3
7.69689131536 1412721569.4
7.70725963028 1412721569.52
7.84647496006 1412721569.61
7.80995757417 1412721569.7
7.67968437736 1412721569.79
7.47928947822 1412721569.89
7.44061191565 1412721569.98
7.34721248116 1412721570.07
7.30454058126 1412721570.16
7.10005054636 1412721570.26
7.10966950681 1412721570.37
7.31855261204 1412721570.46
7.19466773066 1412721570.55
7.14372925315 1412721570.64
7.08873531512 1412721570.71
7.24972161233 1412721570.8
7.31231329028 1412721570.88
7.25224289321 1412721570.96
7.30112294501 1412721571.04
7.24404751598 1412721571.11
7.13970011354 1412721571.18
7.11945420859 1412721571.27
7.07399527018 1412721571.37
7.03626720007 1412721571.45
6.86895750687 1412721571.54
6.83091174463 1412721571.61
6.79359831171 1412721571.69
6.75698618567 1412721571.77
6.75205627684 1412721571.85
6.72945240912 1412721571.93
6.74234465735 1412721572.01
6.70632085131 1412721572.1
6.62266116812 1412721572.17
6.61582754598 1412721572.27
6.58718098551 1412721572.38
6.55908837347 1412721572.48
6.57217091109 1412721572.57
6.5457065019 1412721572.66
6.57953847408 1412721572.74
6.54171404466 1412721572.83
6.5170878249 1412721572.92
6.42832054613 1412721573.01
6.4029661638 1412721573.1
6.41064262198 1412721573.19
6.38454400625 1412721573.3
6.35889752267 1412721573.4
6.34200514896 1412721573.49
6.38721814402 1412721573.57
6.34851998268 1412721573.66
6.33041206535 1412721573.76
6.30827331396 1412721573.85
6.28543592779 1412721573.95
6.26397503181 1412721574.02
6.24280392449 1412721574.12
6.24542488311 1412721574.2
6.31663711853 1412721574.31
6.29296163385 1412721574.41
6.26962569248 1412721574.51
6.3482855944 1412721574.6
6.32761335284 1412721574.68
6.2154580365 1412721574.78
6.19933172624 1412721574.88
6.18343817238 1412721574.97
6.25132818652 1412721575.06
6.2377884737 1412721575.15
6.22446895851 1412721575.26
6.211326697 1412721575.39
6.19832246016 1412721575.48
6.15080248198 1412721575.56
6.08201272078 1412721575.64
6.04733697669 1412721575.73
6.07719237429 1412721575.81
6.06601750288 1412721575.91
6.05503073141 1412721576.03
6.04409450078 1412721576.12
6.03332757999 1412721576.21
6.10056523137 1412721576.35
6.09163394431 1412721576.46
6.08280561635 1412721576.55
6.07405023194 1412721576.64
5.98778920047 1412721576.74
5.98100782701 1412721576.83
5.97432452907 1412721576.91
5.96769289945 1412721577.01
5.96117881418 1412721577.11
5.89941071942 1412721577.22
5.89477794426 1412721577.33
5.890120754 1412721577.42
5.88546234757 1412721577.51
5.89665914943 1412721577.62
5.89150547868 1412721577.71
5.88633988129 1412721577.8
5.88109136867 1412721577.88
5.91519465901 1412721577.99
5.91040801764 1412721578.06
5.90571334604 1412721578.15
5.90192535694 1412721578.26
5.89817228062 1412721578.35
5.89442941526 1412721578.44
5.89070270003 1412721578.53
5.88690541812 1412721578.61
5.88308924297 1412721578.7
5.87843923589 1412721578.79
5.8737706043 1412721578.88
5.86902196253 1412721578.96
5.86424703142 1412721579.06
5.85947852651 1412721579.15
5.85466370837 1412721579.24
5.84983306297 1412721579.36
5.84885299287 1412721579.46
5.84385340086 1412721579.54
5.83884609251 1412721579.64
5.83378245527 1412721579.73
5.828632217 1412721579.82
5.82348589448 1412721579.91
5.81835017348 1412721579.99
5.81311867702 1412721580.08
5.83654577014 1412721580.18
5.83043397531 1412721580.26
5.82426591422 1412721580.34
5.81806240419 1412721580.44
5.81182904118 1412721580.53
5.80556780657 1412721580.62
5.79927071011 1412721580.72
5.88276305439 1412721580.81
5.88064063763 1412721580.91
5.87849052214 1412721580.98
5.87638807365 1412721581.07
5.87431357411 1412721581.15
5.87192928131 1412721581.25
5.86962932469 1412721581.37
5.87225108254 1412721581.45
5.86992755214 1412721581.54
5.86762920076 1412721581.64
5.86585223413 1412721581.73
5.86406933126 1412721581.83
5.86235159351 1412721581.92
5.86053544891 1412721581.99
5.85876855212 1412721582.09
5.8569118223 1412721582.17
5.85464571473 1412721582.26
5.85230554098 1412721582.35
5.84996962662 1412721582.44
5.84758899341 1412721582.52
5.84524579625 1412721582.63
5.84282579745 1412721582.75
5.84050275906 1412721582.85
5.83809146163 1412721582.95
5.83563083956 1412721583.05
5.83319696433 1412721583.15
5.83079915079 1412721583.24
5.82831192236 1412721583.35
5.82583234273 1412721583.44
5.823400565 1412721583.53
5.82091747249 1412721583.63
5.84879311732 1412721583.71
5.84676767524 1412721583.81
5.84475911728 1412721583.9
5.84202542027 1412721583.98
5.83922221888 1412721584.08
5.85756570841 1412721584.17
5.85504521729 1412721584.26
5.85164441549 1412721584.35
5.80951865397 1412721584.44
5.80360308343 1412721584.54
5.79768736262 1412721584.63
5.79170998955 1412721584.71
5.78573801871 1412721584.81
5.77977328405 1412721584.89
5.77370313743 1412721584.98
5.76761961142 1412721585.08
5.76151420764 1412721585.17
5.75534746765 1412721585.24
5.74918074665 1412721585.36
5.74297338743 1412721585.45
5.73670257828 1412721585.53
5.71217071114 1412721585.64
5.70497366785 1412721585.74
5.69777926129 1412721585.84
5.69056378859 1412721585.92
5.68326577302 1412721586.03
5.67760268035 1412721586.11
5.67195630656 1412721586.19
5.66621883895 1412721586.29
5.66043619923 1412721586.37
5.65467841311 1412721586.46
