4.68003946043 1412740600.22
4.62252959852 1412740601.21
4.71285106516 1412740602.21
4.81053236108 1412740603.22
4.81398393537 1412740604.21
4.86173915059 1412740605.22
4.99600364983 1412740606.19
4.99451031777 1412740607.14
5.02085883079 1412740608.09
4.93628847501 1412740609.0
4.96207390963 1412740609.95
4.98811647998 1412740610.89
4.98553565732 1412740611.85
5.0837365371 1412740612.8
5.23970239302 1412740613.73
5.21556870329 1412740614.65
5.23604473183 1412740615.59
5.20985746231 1412740616.5
5.16374430083 1412740617.39
5.17498573915 1412740618.25
5.14504951398 1412740619.13
5.15688128071 1412740620.04
5.11262241335 1412740620.94
5.10961814786 1412740621.84
5.19611056559 1412740622.72
5.27990989673 1412740623.57
5.38603145706 1412740624.46
5.44178467104 1412740625.35
5.47161657479 1412740626.23
5.48717927985 1412740627.1
5.35125363238 1412740628.0
5.34259515937 1412740628.9
5.2545630942 1412740629.81
5.30994831463 1412740630.71
5.17603250695 1412740631.57
5.09716146257 1412740632.43
5.10703228679 1412740633.32
5.03713414391 1412740634.19
4.94703562121 1412740635.04
4.92905141439 1412740635.88
4.72204292498 1412740636.73
4.73239893545 1412740637.58
4.70077573876 1412740638.47
4.65565796413 1412740639.31
4.56903643867 1412740640.19
4.49526176204 1412740641.05
4.45568852415 1412740641.94
4.41839394906 1412740642.8
4.1477351503 1412740643.65
4.10112909952 1412740644.55
4.07706488574 1412740645.39
4.13008467826 1412740646.23
3.96214315651 1412740647.08
3.94578685834 1412740647.93
3.89756986143 1412740648.81
3.86801295242 1412740649.65
3.98103179845 1412740650.5
3.95829095988 1412740651.39
3.95162576673 1412740652.25
3.91680700375 1412740653.08
3.8690849317 1412740653.92
3.86219568327 1412740654.79
3.76119595558 1412740655.64
3.71417618682 1412740656.48
3.71853371118 1412740657.31
3.69655032417 1412740658.22
3.68757903721 1412740659.31
3.70623936686 1412740660.29
3.74112895283 1412740661.19
3.72223655758 1412740662.04
3.74481787072 1412740662.95
3.7871091488 1412740663.84
3.78711592888 1412740664.71
3.80405621812 1412740665.52
3.76717481045 1412740666.33
3.72875290891 1412740667.19
3.74038897971 1412740668.01
3.74973709631 1412740668.88
3.59296801053 1412740669.75
3.58736722919 1412740670.59
3.61605937598 1412740671.44
2.80748059236 1412740672.31
2.64794160929 1412740673.15
2.74260613403 1412740674.04
2.61311522332 1412740674.93
2.65264724544 1412740675.77
2.5351818916 1412740676.62
2.56333565585 1412740677.48
2.4647833726 1412740678.32
2.50411301662 1412740679.16
2.44954391732 1412740680.03
2.42290252748 1412740680.9
2.48499191614 1412740681.72
2.44587472981 1412740682.57
2.42589262807 1412740683.42
2.40781920926 1412740684.3
2.3453073609 1412740685.15
2.30894462723 1412740685.98
2.30138225437 1412740686.84
2.2735069866 1412740687.7
2.30102391101 1412740688.51
2.33493609396 1412740689.36
2.35159029656 1412740690.16
2.30753470135 1412740690.98
2.2251457857 1412740691.82
2.18991828813 1412740692.65
2.18557295245 1412740693.5
2.13989609177 1412740694.39
2.16707975895 1412740695.25
2.18125773619 1412740696.08
2.18877416791 1412740696.96
2.17650327479 1412740697.77
2.17508137539 1412740698.67
2.13352349049 1412740699.55
2.16796387222 1412740700.39
2.18717880502 1412740701.21
2.11339168155 1412740702.07
2.09109971334 1412740702.93
2.0999912533 1412740703.81
2.07588427315 1412740704.67
2.06336218997 1412740705.51
2.0586190682 1412740706.36
2.03949794333 1412740707.24
2.01348697612 1412740708.08
2.00981084607 1412740709.0
1.93376795632 1412740709.83
1.92078594247 1412740710.7
1.8831110243 1412740711.53
1.84823950809 1412740712.36
1.86382107361 1412740713.24
1.8324864387 1412740714.12
1.82158264584 1412740715.02
1.79785795666 1412740715.86
1.76630885485 1412740716.71
1.74750194023 1412740717.57
1.72516769597 1412740718.43
1.70725117298 1412740719.29
1.6775126358 1412740720.15
1.66301902846 1412740720.96
1.60512429506 1412740721.79
1.57200084794 1412740722.68
1.53699652668 1412740723.56
1.49626229208 1412740724.42
1.46019427853 1412740725.28
1.45093713469 1412740726.1
1.45768568683 1412740726.94
1.44271990258 1412740727.79
1.4462129828 1412740728.63
1.45417622037 1412740729.46
1.44533051486 1412740730.35
1.43441911765 1412740731.23
1.4106727235 1412740732.09
1.3728061929 1412740732.94
1.35437993121 1412740733.83
1.34987700822 1412740734.73
1.3400637267 1412740735.55
1.26079795709 1412740736.39
1.26014907468 1412740737.24
1.25810880654 1412740738.09
1.24081703805 1412740738.96
1.19958466524 1412740739.8
1.19467294405 1412740740.7
1.19246854299 1412740741.54
1.18160081118 1412740742.41
1.17265491787 1412740743.27
1.13355998243 1412740744.16
1.12810573216 1412740745.02
1.12193746153 1412740745.87
1.08718751259 1412740746.74
1.07456880461 1412740747.58
1.0575643076 1412740748.44
1.03777133173 1412740749.27
1.02962115651 1412740750.07
1.01519895776 1412740750.95
1.01022124312 1412740751.78
1.00769451293 1412740752.6
0.99523433454 1412740753.48
0.982108482376 1412740754.33
0.974815215376 1412740755.22
0.970743537066 1412740756.06
0.955447670291 1412740756.9
0.95356519376 1412740757.72
0.945794652328 1412740758.54
0.943951799373 1412740759.35
0.937067058938 1412740760.23
0.935600981751 1412740761.06
0.934848093589 1412740761.91
0.93513085351 1412740762.73
0.936907276878 1412740763.6
0.932326454106 1412740764.42
0.933824329748 1412740765.27
0.935692043821 1412740766.07
0.940941734254 1412740766.92
0.937206220721 1412740767.76
0.939886638194 1412740768.58
0.929075056009 1412740769.44
0.931528286676 1412740770.32
0.927561258913 1412740771.15
0.930188343228 1412740772.01
0.947394541025 1412740772.84
