2.63318057064 1412722863.55
2.78758357152 1412722863.84
3.00481951714 1412722864.1
3.06423842761 1412722864.47
3.19565836921 1412722864.89
3.33092263016 1412722865.22
3.49777173105 1412722865.49
3.72133177042 1412722865.76
3.64748040937 1412722866.03
3.46146727064 1412722866.32
3.64777757853 1412722866.59
3.56773302069 1412722866.85
3.4504008135 1412722867.12
3.38383945373 1412722867.39
3.54116956229 1412722867.66
3.4860171901 1412722867.92
3.60487323126 1412722868.21
3.49584849185 1412722868.48
3.79034545599 1412722868.78
3.78701867406 1412722869.05
3.7796410986 1412722869.32
3.81661479537 1412722869.56
3.82019079905 1412722869.83
3.77488886167 1412722870.1
3.82025755984 1412722870.36
3.84653275783 1412722870.62
3.8740930045 1412722870.88
3.98881096162 1412722871.16
4.06976566981 1412722871.44
4.05445118941 1412722871.77
4.08322348077 1412722872.12
4.08154951578 1412722872.39
4.0190165283 1412722872.64
4.01921894684 1412722872.91
4.01874367765 1412722873.12
3.99583040053 1412722873.35
3.99352775505 1412722873.59
3.97378353462 1412722873.84
3.96080606546 1412722874.09
3.94831786726 1412722874.34
3.9728797307 1412722874.61
3.98840097529 1412722874.88
3.98219719124 1412722875.12
3.97634024381 1412722875.35
3.96727967777 1412722875.6
3.99176156201 1412722875.85
3.98473141923 1412722876.11
3.97314336877 1412722876.35
3.9787664943 1412722876.61
3.97818558272 1412722876.87
3.94289693058 1412722877.11
3.95605636495 1412722877.34
3.95058458342 1412722877.64
3.96936782181 1412722877.89
3.96380989161 1412722878.12
3.9640851791 1412722878.38
3.9586546005 1412722878.66
3.95346678034 1412722878.91
3.94026777597 1412722879.15
3.93619122635 1412722879.41
3.93249765957 1412722879.65
3.9290862439 1412722879.91
3.96202846341 1412722880.22
3.96019772458 1412722880.71
3.9572566278 1412722881.04
3.95333633671 1412722881.39
4.00051534697 1412722881.73
3.99235068312 1412722882.13
4.01710684316 1412722882.47
4.00400674425 1412722882.87
4.00483713103 1412722883.2
3.99050937294 1412722883.52
4.07368232541 1412722883.84
4.19134632392 1412722884.27
4.31678805406 1412722884.58
4.35240849767 1412722884.88
4.35685300491 1412722885.23
3.45086387577 1412722885.6
2.95481590655 1412722885.94
2.91163041367 1412722886.27
2.93119573458 1412722886.62
2.91329943613 1412722886.98
2.9029016534 1412722887.32
2.82572158187 1412722887.62
2.86915682677 1412722887.84
2.89598887675 1412722888.08
2.79147787731 1412722888.32
2.82151274262 1412722888.52
2.83782930953 1412722888.8
2.69040029275 1412722889.08
2.7441139975 1412722889.32
2.66434497322 1412722889.56
2.67859200376 1412722889.82
2.69114384968 1412722890.08
2.62309926168 1412722890.33
2.68948225723 1412722890.59
2.61310594548 1412722890.83
2.70734805304 1412722891.09
2.61192268067 1412722891.32
2.61820110961 1412722891.58
2.45914087596 1412722891.83
2.55400418476 1412722892.08
2.53501778387 1412722892.33
2.54303263353 1412722892.62
2.50152517121 1412722892.85
2.50617001951 1412722893.19
2.4181266326 1412722893.51
2.49105514718 1412722893.78
2.41199480042 1412722894.06
2.32593226722 1412722894.32
2.43223492174 1412722894.56
2.34266674208 1412722894.79
2.43335202744 1412722895.04
2.34679804004 1412722895.28
2.4347113274 1412722895.52
2.35029303718 1412722895.81
2.33297100686 1412722896.18
2.32921672909 1412722896.55
2.30185722251 1412722896.81
2.29136964806 1412722897.03
2.28069485766 1412722897.28
2.28118384546 1412722897.53
2.27100352113 1412722897.78
2.19331832086 1412722898.02
2.12514772959 1412722898.28
2.12119916859 1412722898.52
2.12346509176 1412722898.78
2.11342895436 1412722898.99
2.11251966728 1412722899.2
2.11567745735 1412722899.45
2.12816300741 1412722899.69
2.13240285428 1412722899.93
2.13039606471 1412722900.16
2.12943506059 1412722900.38
2.13501285596 1412722900.62
2.10429653856 1412722900.89
2.13536813722 1412722901.11
2.18445325674 1412722901.34
2.21950914047 1412722901.58
2.17662083673 1412722901.83
2.22006110519 1412722902.09
2.15194048477 1412722902.33
2.19251786444 1412722902.57
2.21236904818 1412722902.81
2.1850732957 1412722903.08
2.14748157828 1412722903.33
2.16290187238 1412722903.57
2.10709241577 1412722903.82
2.09871463338 1412722904.06
2.09130265868 1412722904.32
2.06672143353 1412722904.56
2.05833485511 1412722904.81
2.02228391651 1412722905.04
2.05450781363 1412722905.28
2.04870246885 1412722905.51
2.06539431525 1412722905.79
2.04963932612 1412722906.03
2.05340633395 1412722906.25
2.04601642623 1412722906.49
2.03811212318 1412722906.76
2.0305781278 1412722907.01
2.02250413214 1412722907.24
2.01551602449 1412722907.49
2.00552260691 1412722907.75
1.98534859386 1412722908.02
1.9651084167 1412722908.23
1.95652879653 1412722908.48
1.90828717629 1412722908.78
1.87777369091 1412722909.01
1.81480639937 1412722909.27
1.80794734091 1412722909.52
1.79328616373 1412722909.75
1.77717637494 1412722910.0
1.77016227836 1412722910.22
1.74679819528 1412722910.57
1.74011617908 1412722910.88
1.73714011459 1412722911.13
1.72177629764 1412722911.37
1.71491965681 1412722911.6
1.70818641586 1412722911.83
1.66768386868 1412722912.08
1.66328986574 1412722912.32
1.65924043203 1412722912.59
1.64750000083 1412722912.85
1.62570210377 1412722913.11
1.62371476279 1412722913.33
1.65244301889 1412722913.56
1.64402670879 1412722913.77
1.61968306573 1412722913.99
1.63634566862 1412722914.25
1.63756968865 1412722914.49
1.62979418682 1412722914.73
1.61989332821 1412722914.97
1.60992554468 1412722915.25
1.60380009047 1412722915.48
1.59379524202 1412722915.74
1.55965076033 1412722916.02
1.55452982666 1412722916.35
1.54102184916 1412722916.63
1.53307403425 1412722916.85
