19.7918517631 1412739594.9
19.4683045409 1412739596.0
20.2309413255 1412739597.04
20.7436372491 1412739598.11
20.6749687362 1412739599.23
21.1861715664 1412739600.35
21.2186140315 1412739601.5
21.066789302 1412739602.65
21.1945059298 1412739603.81
21.0084443859 1412739604.98
20.6790024629 1412739606.16
20.1498374676 1412739607.39
20.3989373628 1412739608.68
20.3787541361 1412739609.95
20.7033758927 1412739611.24
20.6986402588 1412739612.55
20.6714725734 1412739613.95
20.5614330669 1412739615.32
20.7898843502 1412739616.7
20.7040029935 1412739618.08
20.7547038765 1412739619.51
20.4904262942 1412739620.98
20.5757027158 1412739622.45
20.4047867912 1412739623.85
20.4413778021 1412739625.32
20.3807571802 1412739626.81
20.034201976 1412739628.33
19.7539299994 1412739629.82
19.708989009 1412739631.26
19.6994849016 1412739632.76
19.7292689945 1412739634.28
19.6479673306 1412739635.83
19.7131503473 1412739637.38
19.7981383589 1412739638.92
19.6937125613 1412739640.48
19.7108416642 1412739641.97
19.8572674089 1412739643.53
19.8031312413 1412739645.03
19.8892077213 1412739646.62
19.8157530008 1412739648.18
19.9024590368 1412739649.8
19.8495416865 1412739651.35
19.8985039854 1412739652.9
19.8193459578 1412739654.5
19.945577446 1412739656.12
20.0417118388 1412739657.7
19.8360813121 1412739659.31
19.823323476 1412739660.93
19.6345956682 1412739662.61
19.6842960607 1412739664.17
19.7755953617 1412739665.74
19.6742810507 1412739667.34
19.4063671531 1412739668.94
18.9802353689 1412739670.49
19.0780860864 1412739672.02
19.4074237309 1412739673.59
19.3648021067 1412739675.13
19.3303384716 1412739676.86
19.1814524664 1412739678.53
19.246974159 1412739680.11
19.2256889857 1412739681.64
19.0787744133 1412739683.17
18.7880191148 1412739684.74
18.7705097433 1412739686.3
18.7916259683 1412739687.86
18.8568829046 1412739689.5
18.5910043197 1412739691.13
18.2849864372 1412739692.75
18.1172118703 1412739694.38
17.5728083491 1412739696.04
16.9570960791 1412739697.66
16.7056630739 1412739699.34
16.0152707284 1412739700.97
16.2018220201 1412739702.58
15.5426159581 1412739704.16
15.4945076101 1412739705.81
15.1180845061 1412739707.42
15.057948034 1412739709.04
14.6460638746 1412739710.67
14.4633014949 1412739712.28
14.1325412108 1412739713.88
14.0375984569 1412739715.49
13.9673877628 1412739717.1
13.9896475214 1412739718.75
13.9678269649 1412739720.33
13.9914552678 1412739721.87
13.9579128966 1412739723.5
13.9472895727 1412739725.07
13.9355916163 1412739726.62
14.0529241 1412739728.21
14.0431304914 1412739729.8
13.9759396913 1412739731.42
14.1963612237 1412739732.98
14.2477630908 1412739734.55
13.9339205203 1412739736.25
13.9815786628 1412739737.84
13.9949342193 1412739739.49
13.8777593524 1412739741.09
13.8957548374 1412739742.72
13.9282128697 1412739744.37
13.9595557991 1412739746.01
13.9936430061 1412739747.63
13.8757494054 1412739749.36
13.8991428094 1412739751.0
13.8897848804 1412739752.68
14.0011202648 1412739754.39
14.0016348811 1412739756.05
14.0055337979 1412739757.68
13.9936042987 1412739759.27
14.2393019193 1412739760.87
14.1787524312 1412739762.45
14.1496987275 1412739764.17
14.1066258776 1412739765.91
14.1165780732 1412739767.57
14.0953027347 1412739769.13
14.0677356726 1412739770.85
14.0728161543 1412739772.47
14.104640686 1412739774.12
14.0805463433 1412739775.75
14.0578420825 1412739777.41
14.1179523419 1412739779.0
14.1245063045 1412739780.68
14.1068621775 1412739782.35
14.1230760723 1412739784.02
14.1060047389 1412739785.71
14.182954089 1412739787.39
14.2008000016 1412739789.0
14.2245059615 1412739790.68
14.2111956339 1412739792.32
14.2288472315 1412739793.95
14.1229321444 1412739795.62
14.192224986 1412739797.26
14.2162977408 1412739798.88
14.2271544894 1412739800.57
14.2616078146 1412739802.25
14.306324819 1412739803.91
14.3037392653 1412739805.62
14.303861526 1412739807.27
14.3163335179 1412739808.92
14.7950639463 1412739810.55
14.8086941256 1412739812.28
14.7980513888 1412739814.01
14.8067711377 1412739815.7
14.4519453997 1412739817.4
14.5877025887 1412739819.05
14.626640611 1412739820.75
14.6775794416 1412739822.46
14.7254804441 1412739824.2
14.7244508613 1412739825.88
14.9838662365 1412739827.57
15.1274258034 1412739829.27
15.2522017798 1412739831.02
15.2002685581 1412739832.66
15.2193547306 1412739834.33
15.3190411328 1412739836.06
15.026025095 1412739837.79
15.102673149 1412739839.64
15.194645581 1412739841.38
15.1939942627 1412739843.14
15.3004346937 1412739844.84
15.0018569707 1412739846.57
14.5955642366 1412739848.25
14.7967114799 1412739850.11
14.9037201797 1412739851.95
14.9784589182 1412739853.82
15.6286637136 1412739855.65
15.7799524552 1412739857.49
15.9317283973 1412739859.32
15.7325229605 1412739861.17
15.9865827682 1412739862.87
15.806662717 1412739864.7
16.6342114801 1412739866.49
16.7237790268 1412739868.25
17.0078074552 1412739870.08
16.8572838956 1412739872.0
16.7435124895 1412739873.49
17.025802184 1412739875.42
18.3930961057 1412739877.34
17.4824242006 1412739879.26
17.2975984173 1412739880.78
17.3563254675 1412739882.21
17.4755456925 1412739883.64
17.5520257879 1412739885.15
17.5201232504 1412739886.52
17.5228494698 1412739887.9
17.3811719546 1412739889.33
17.4603492713 1412739890.68
17.3727730885 1412739892.16
18.3330360918 1412739893.59
18.2985483824 1412739894.99
18.3246885428 1412739896.39
18.349429549 1412739897.82
18.129111299 1412739899.26
18.140383311 1412739900.7
18.129630164 1412739902.13
18.1441829113 1412739903.56
18.1463675531 1412739904.96
18.148146729 1412739906.34
18.1947845733 1412739907.78
18.1141486212 1412739909.2
