13.6584848489 1412722460.06
13.2740398951 1412722460.21
12.8105375722 1412722460.34
12.3307051269 1412722460.49
12.2034704217 1412722460.61
12.198762222 1412722460.73
12.2439660706 1412722460.84
12.2415458275 1412722460.97
12.263698816 1412722461.1
12.254242598 1412722461.25
12.1369562358 1412722461.38
11.9884440977 1412722461.5
11.8846774417 1412722461.62
11.6643199781 1412722461.8
11.9460253828 1412722461.92
11.5901318048 1412722462.05
11.5013222486 1412722462.19
11.8077766092 1412722462.33
11.6868971188 1412722462.44
11.8205473983 1412722462.54
11.3671699447 1412722462.65
11.5457214464 1412722462.77
11.3796721987 1412722462.92
10.9668397901 1412722463.05
10.8410351722 1412722463.19
10.771946481 1412722463.31
10.9384514744 1412722463.44
10.9666150791 1412722463.57
10.5729250483 1412722463.7
10.4444430719 1412722463.83
10.3758777359 1412722463.98
9.92141450251 1412722464.16
10.2400677607 1412722464.3
10.1755636968 1412722464.41
9.57236573368 1412722464.53
9.6820841697 1412722464.68
9.63688663483 1412722464.81
9.50176827664 1412722464.91
9.18782091649 1412722465.05
9.1500992365 1412722465.15
8.98120123388 1412722465.27
8.94623061489 1412722465.4
9.11791726772 1412722465.53
9.14987465558 1412722465.71
9.09742452259 1412722465.89
9.06145397762 1412722466.02
9.29767044253 1412722466.15
9.21270650551 1412722466.27
9.08446632323 1412722466.39
9.23745877534 1412722466.51
9.19233337569 1412722466.64
9.11371486935 1412722466.76
9.08956748824 1412722466.86
8.90310725073 1412722467.03
8.72630102162 1412722467.16
8.40188977211 1412722467.27
8.24575124693 1412722467.36
8.11398418218 1412722467.45
7.71035078492 1412722467.57
7.73033579601 1412722467.67
7.70570130286 1412722467.86
7.49068563028 1412722467.99
7.2630838232 1412722468.1
7.32374570518 1412722468.21
7.36007721941 1412722468.33
7.1981839867 1412722468.46
7.1829729517 1412722468.65
7.36810453727 1412722468.79
7.55134797086 1412722468.9
7.54620327361 1412722469.05
7.40178160646 1412722469.18
7.38159579476 1412722469.37
7.08639556123 1412722469.53
7.05328005535 1412722469.73
7.04549649265 1412722469.85
6.7833096431 1412722469.96
6.80173352746 1412722470.08
6.85508026989 1412722470.2
6.91606987641 1412722470.34
7.23107860708 1412722470.46
7.4216669827 1412722470.62
7.28712832212 1412722470.78
7.34577920625 1412722470.92
7.57674617277 1412722471.06
7.53657266224 1412722471.19
7.51884680697 1412722471.33
7.50351684138 1412722471.46
7.53599979538 1412722471.59
7.52325073906 1412722471.74
7.51246578656 1412722471.87
7.52078959372 1412722472.03
7.55528849245 1412722472.18
7.54782119073 1412722472.34
7.60552254977 1412722472.5
7.59946077981 1412722472.64
7.59191206897 1412722472.77
7.58992946258 1412722472.91
7.74656079113 1412722473.03
7.77150796035 1412722473.15
7.8247312428 1412722473.32
7.84643678075 1412722473.47
7.86724713907 1412722473.59
7.88756065395 1412722473.73
7.90689059718 1412722473.88
7.92541120492 1412722474.01
7.94313237639 1412722474.13
7.98818955764 1412722474.23
8.00190334916 1412722474.42
8.01508417435 1412722474.55
8.02779648897 1412722474.67
8.04004496569 1412722474.78
8.05175917032 1412722474.91
8.0630846812 1412722475.03
8.07403798859 1412722475.16
8.08459488785 1412722475.28
8.09479229211 1412722475.4
8.10466424245 1412722475.51
8.11423631536 1412722475.67
8.11911621048 1412722475.8
8.12394919772 1412722475.92
8.12892688375 1412722476.04
8.13387747656 1412722476.16
8.13892107451 1412722476.26
8.14401071659 1412722476.39
8.18788454179 1412722476.51
8.19243615085 1412722476.65
8.19698650795 1412722476.85
8.2017859686 1412722477.01
8.20647142705 1412722477.15
8.2113247097 1412722477.34
8.12946783442 1412722477.48
8.13205394348 1412722477.62
8.13461699813 1412722477.77
8.13723636079 1412722477.92
8.32580815253 1412722478.07
8.32630644004 1412722478.23
8.32684572978 1412722478.38
8.32731365418 1412722478.52
8.32779523532 1412722478.67
8.32822963673 1412722478.8
8.3287171737 1412722478.94
8.32918450627 1412722479.08
8.32957795047 1412722479.24
8.33002156271 1412722479.39
8.33043102782 1412722479.52
8.33082846432 1412722479.65
8.33118571241 1412722479.8
8.33156267377 1412722479.94
8.33191045046 1412722480.08
8.33223013311 1412722480.2
8.33264125698 1412722480.38
8.33275690762 1412722480.52
8.3330199346 1412722480.66
8.33327271474 1412722480.8
8.33351585473 1412722480.94
8.33371898768 1412722481.08
8.34797642462 1412722481.21
8.42666602138 1412722481.34
8.42810729615 1412722481.47
8.42957348539 1412722481.59
8.43102941107 1412722481.74
8.43242007216 1412722481.87
8.43383767508 1412722481.99
8.43519955781 1412722482.13
8.4365640325 1412722482.27
8.43777852815 1412722482.43
8.49203525 1412722482.57
8.49591298794 1412722482.71
8.49976774924 1412722482.84
8.50360415977 1412722482.98
8.50740103419 1412722483.11
8.5112354402 1412722483.26
8.66834065229 1412722483.39
8.67528317221 1412722483.6
8.68217519693 1412722483.74
8.72884122812 1412722483.89
8.73836201361 1412722484.02
8.74434072864 1412722484.17
8.75410797356 1412722484.32
8.76391937291 1412722484.47
8.6579130798 1412722484.65
8.66163839224 1412722484.8
8.66539055956 1412722484.96
8.66914556614 1412722485.1
8.67666619978 1412722485.22
8.92327067633 1412722485.35
8.93332090862 1412722485.48
8.94343307997 1412722485.61
9.0431845225 1412722485.79
9.01953871541 1412722485.91
9.02834547497 1412722486.03
9.15853398562 1412722486.16
9.16120559852 1412722486.27
9.16392647725 1412722486.39
9.16671306212 1412722486.52
9.16956845575 1412722486.64
9.17262705707 1412722486.79
9.18132311684 1412722486.93
9.19007572989 1412722487.05
9.19901263876 1412722487.18
