8.29886838685 1412727043.99
7.52360484416 1412727044.65
7.22545658934 1412727045.24
7.27446257511 1412727045.83
7.43751808633 1412727046.44
7.50435629204 1412727047.06
7.54944071791 1412727047.67
7.65623492003 1412727048.19
7.9621926337 1412727048.73
8.21197342632 1412727049.31
8.21303287619 1412727049.83
8.17010861471 1412727050.43
8.31245307899 1412727051.02
8.17348016984 1412727051.58
8.12001677359 1412727052.08
8.29336244117 1412727052.65
8.19940897147 1412727053.23
8.07446518722 1412727053.77
7.97022760978 1412727054.33
7.88267300241 1412727054.92
7.83570113117 1412727055.49
7.79723748022 1412727056.04
7.69989509287 1412727056.62
7.54940051863 1412727057.21
7.59353741422 1412727057.73
7.50064877514 1412727058.29
7.57511340288 1412727058.86
7.75688864993 1412727059.39
7.67478944759 1412727059.88
7.7398429985 1412727060.5
7.72235096261 1412727061.06
7.76843493202 1412727061.69
7.76549004133 1412727062.2
7.80457816952 1412727062.7
7.91333757787 1412727063.24
8.04972740895 1412727063.75
6.80129644937 1412727064.28
7.0934669921 1412727064.79
6.47376072743 1412727065.3
6.8076454238 1412727065.82
6.46645142511 1412727066.32
6.67310965918 1412727067.0
6.33347616221 1412727067.56
6.50359460759 1412727068.22
6.16033921586 1412727068.82
6.33924157537 1412727069.4
6.11079803217 1412727070.03
6.27860619332 1412727070.53
5.98008538449 1412727071.01
6.0873312577 1412727071.54
5.80333014137 1412727072.03
5.91371639538 1412727072.55
5.63409254308 1412727073.16
5.65075261227 1412727073.74
5.69634207246 1412727074.38
5.58352618085 1412727074.93
5.56065341116 1412727075.41
5.50740159174 1412727075.92
5.46615638675 1412727076.42
5.37304899647 1412727076.94
5.39300802198 1412727077.46
5.39351143589 1412727077.92
5.32523966786 1412727078.41
5.318950487 1412727078.93
5.25572325129 1412727079.51
5.25442019371 1412727080.13
5.23811851071 1412727080.76
5.24366306991 1412727081.44
5.16525587814 1412727082.0
5.1073274128 1412727082.5
5.03193381951 1412727083.06
5.07233218452 1412727083.68
5.04496597036 1412727084.2
4.91146185042 1412727084.71
4.85309258426 1412727085.28
4.73513230746 1412727085.86
4.6797657264 1412727086.55
4.67570768865 1412727087.29
4.59968822263 1412727087.89
4.63931556157 1412727088.52
4.50630063853 1412727089.21
4.60046254613 1412727089.85
4.59374336323 1412727090.48
4.54132205958 1412727091.01
4.37417126881 1412727091.54
4.39611604231 1412727092.03
4.40636031566 1412727092.54
4.33485863524 1412727093.04
4.28167929108 1412727093.54
4.22747047136 1412727094.05
4.19648099427 1412727094.57
4.13913253292 1412727095.08
4.1139690589 1412727095.58
4.11063116705 1412727096.11
4.06026824118 1412727096.63
4.04684145503 1412727097.12
4.03003553401 1412727097.62
3.9870647146 1412727098.12
3.96457075165 1412727098.65
3.95489822662 1412727099.19
3.91438359267 1412727099.71
3.89268628031 1412727100.22
3.89533377236 1412727100.73
3.88153436425 1412727101.23
3.85807137842 1412727101.73
3.83331933142 1412727102.23
3.78754624798 1412727102.71
3.86001369046 1412727103.19
3.79289678554 1412727103.7
3.74950574947 1412727104.21
3.74954721506 1412727104.73
3.74937089057 1412727105.24
3.70051256357 1412727105.83
3.69985455009 1412727106.33
3.70668786716 1412727106.93
3.72148341084 1412727107.52
3.65486817712 1412727108.04
3.62477310987 1412727108.77
3.68267758596 1412727109.31
3.63805465089 1412727109.93
3.59080166897 1412727110.67
3.59136038951 1412727111.4
3.62146710494 1412727112.06
3.59644454392 1412727112.68
3.59169602073 1412727113.34
3.57247940913 1412727114.09
3.60846265509 1412727114.82
3.63290665087 1412727115.65
3.58791154566 1412727116.42
3.6370238299 1412727117.13
3.6049681367 1412727117.92
3.56371331959 1412727118.63
3.60947364216 1412727119.2
3.56907575048 1412727119.7
3.61908364193 1412727120.29
3.60867633484 1412727120.82
3.60610619658 1412727121.33
3.60031018131 1412727121.83
3.53947204029 1412727122.49
3.53574461481 1412727123.01
3.51465922968 1412727123.68
3.5149263416 1412727124.48
3.50580718545 1412727125.22
3.47338074998 1412727125.91
3.50103002587 1412727126.68
3.49747215936 1412727127.53
3.48587594282 1412727128.26
3.48046098435 1412727128.95
3.4709315489 1412727129.74
3.4637755868 1412727130.33
3.43650302866 1412727131.02
3.44651151435 1412727131.57
3.40556869257 1412727132.15
3.41517101434 1412727132.76
3.38870059264 1412727133.33
3.40022820225 1412727133.85
3.373679192 1412727134.38
3.36271758492 1412727134.93
3.36524355804 1412727135.47
3.35611407471 1412727136.03
3.3538857785 1412727136.61
3.33880201562 1412727137.33
3.3425572564 1412727137.91
3.37966427194 1412727138.46
3.35398518741 1412727139.04
3.34634378525 1412727139.6
3.33361561138 1412727140.23
3.32142763665 1412727140.77
3.31702762276 1412727141.29
3.30526592514 1412727141.86
3.31700087925 1412727142.4
3.26479398679 1412727142.92
3.25525503301 1412727143.45
3.22431896136 1412727143.94
3.23272797462 1412727144.48
3.2371224339 1412727145.01
3.25043749601 1412727145.62
3.25808193656 1412727146.22
3.25038535026 1412727146.78
3.2476464194 1412727147.35
3.23605850731 1412727147.89
3.22076414371 1412727148.41
3.21532287185 1412727148.91
3.19849843673 1412727149.47
3.20856402774 1412727150.05
3.24289461533 1412727150.69
3.20376586825 1412727151.3
3.20494784918 1412727151.89
3.20334198474 1412727152.47
3.20183243275 1412727153.07
3.19479031957 1412727153.65
3.17661279125 1412727154.18
3.16916093281 1412727154.7
3.16960373652 1412727155.22
3.1692453349 1412727155.73
3.16600589601 1412727156.25
3.16287266202 1412727156.73
3.15986912656 1412727157.26
3.15054428423 1412727157.77
3.14674936308 1412727158.3
