4.70285653768 1412725562.37
4.42411020156 1412725562.74
4.14115815925 1412725563.07
3.97077428202 1412725563.38
3.69088256329 1412725563.68
3.41053820283 1412725564.02
3.33079659884 1412725564.33
3.17073236328 1412725564.63
2.90913412105 1412725564.93
2.8457478685 1412725565.24
2.71100717141 1412725565.54
2.60424100672 1412725565.79
2.63871028946 1412725566.07
2.75549631197 1412725566.34
2.82045914274 1412725566.62
2.91656481095 1412725566.89
2.89402726297 1412725567.15
2.95399003875 1412725567.41
2.97956684884 1412725567.7
3.04363461736 1412725567.96
3.07510313967 1412725568.23
3.07166078724 1412725568.48
3.08173364207 1412725568.74
3.09928991101 1412725569.0
3.15602688557 1412725569.25
3.19311439359 1412725569.52
3.27569162171 1412725569.79
3.39375231116 1412725570.04
3.49765748581 1412725570.3
3.61373542882 1412725570.59
3.70195368453 1412725570.84
3.77780676998 1412725571.13
3.84057331864 1412725571.39
3.78480208214 1412725571.67
3.81403034266 1412725571.92
3.81126530237 1412725572.18
3.83338491659 1412725572.42
3.86120037241 1412725572.68
3.82653042841 1412725572.93
3.83447127848 1412725573.19
3.84217609508 1412725573.45
3.84700249174 1412725573.7
3.84979330762 1412725573.95
3.8356777403 1412725574.2
3.8420933948 1412725574.44
3.81231101983 1412725574.71
3.80742528234 1412725574.96
3.80947946001 1412725575.21
3.80437672592 1412725575.48
3.79608974513 1412725575.74
3.80737519154 1412725575.99
3.79948978691 1412725576.25
3.81653015546 1412725576.51
3.80596186567 1412725576.74
3.79534243188 1412725576.99
3.78405620264 1412725577.24
3.77759901557 1412725577.47
3.7982865608 1412725577.73
3.81545896324 1412725577.96
3.80309121523 1412725578.21
3.79184283171 1412725578.47
3.78078704389 1412725578.71
3.77227921478 1412725578.95
3.78091312627 1412725579.21
3.80722910894 1412725579.44
3.78066540511 1412725579.68
3.77069762064 1412725579.94
3.76104462589 1412725580.18
3.75178223677 1412725580.46
3.73962436803 1412725580.71
3.7299429346 1412725580.97
3.71525520063 1412725581.22
3.70156816 1412725581.46
3.69596628846 1412725581.69
3.68114928155 1412725581.94
3.66512989545 1412725582.2
3.64670200934 1412725582.46
3.62811272093 1412725582.71
3.60530684055 1412725582.98
3.59609979529 1412725583.23
3.57756317352 1412725583.49
3.56892390162 1412725583.72
3.55252298015 1412725583.96
3.53508643993 1412725584.21
3.52200019057 1412725584.47
3.51966690786 1412725584.71
3.51341143891 1412725584.97
3.52211544797 1412725585.24
3.49637227801 1412725585.48
3.54189791648 1412725585.74
3.39854059528 1412725585.99
3.06888851129 1412725586.24
2.76193527345 1412725586.5
2.90119181977 1412725586.74
2.75482338908 1412725586.97
2.75233654309 1412725587.25
2.76747134025 1412725587.48
2.85297804631 1412725587.73
2.76233687587 1412725587.99
2.81022776932 1412725588.24
2.73664932137 1412725588.5
2.77528051791 1412725588.74
2.59329353618 1412725589.01
2.61282912706 1412725589.24
2.59789035151 1412725589.5
2.57319480252 1412725589.74
2.57150992881 1412725589.99
2.57846196771 1412725590.26
2.56337931864 1412725590.53
2.56415757976 1412725590.76
2.62422583876 1412725591.02
2.57966167909 1412725591.28
2.53423975597 1412725591.54
2.50505571284 1412725591.78
2.49349059187 1412725592.04
2.51433783137 1412725592.3
2.46474881644 1412725592.53
2.41499246047 1412725592.79
2.42752128079 1412725593.05
2.43599354171 1412725593.3
2.39107222318 1412725593.54
2.47316771405 1412725593.78
2.44268471485 1412725594.02
2.40217171207 1412725594.3
2.414771515 1412725594.55
2.36253570853 1412725594.82
2.51207239747 1412725595.06
2.47003513694 1412725595.31
2.43203017847 1412725595.56
2.47482396695 1412725595.81
2.45164856017 1412725596.04
2.35456811577 1412725596.29
2.40250245452 1412725596.54
2.3842332373 1412725596.82
2.3824598726 1412725597.09
2.37195661283 1412725597.33
2.43692883935 1412725597.58
2.41363765424 1412725597.81
2.38590300403 1412725598.08
2.40315764297 1412725598.34
2.38436904219 1412725598.58
2.40925565176 1412725598.82
2.38798779299 1412725599.07
2.37950534521 1412725599.32
2.36588541217 1412725599.57
2.35042862104 1412725599.84
2.3335936427 1412725600.08
2.32757973446 1412725600.32
2.30490438043 1412725600.6
2.29803400015 1412725600.84
2.35376098985 1412725601.08
2.33550786381 1412725601.31
2.33213824103 1412725601.56
2.32299960898 1412725601.78
2.30138230404 1412725602.01
2.3223528134 1412725602.25
2.30644890212 1412725602.5
2.28965289939 1412725602.74
2.29780325619 1412725602.99
2.27634736207 1412725603.23
2.27352729034 1412725603.48
2.28236976808 1412725603.72
2.29228646127 1412725603.95
2.26804946125 1412725604.21
2.27011489276 1412725604.42
2.25742889604 1412725604.67
2.24549087756 1412725604.92
2.23141763339 1412725605.16
2.21023602448 1412725605.41
2.19410641728 1412725605.65
2.2029094214 1412725605.89
2.18966931293 1412725606.11
2.17678716358 1412725606.34
2.16084434678 1412725606.59
2.13874315181 1412725606.84
2.12190116002 1412725607.08
2.11238408585 1412725607.32
2.09891609365 1412725607.56
2.09576873014 1412725607.84
2.08272187539 1412725608.06
2.07354922263 1412725608.31
2.03431877082 1412725608.56
2.02227202142 1412725608.8
2.03560165404 1412725609.06
2.06353683992 1412725609.3
2.0585571084 1412725609.53
2.04801382432 1412725609.77
2.03919258391 1412725610.0
2.02870841389 1412725610.24
2.02060116633 1412725610.49
2.03072958298 1412725610.74
2.02233987647 1412725610.98
2.01120181741 1412725611.22
2.00627870549 1412725611.44
1.98656919082 1412725611.69
1.98343368345 1412725611.96
1.98089934089 1412725612.18
1.98005090449 1412725612.42
1.96693384633 1412725612.66
1.96389039577 1412725612.88
