3.82242202041 1412757941.78
3.82311435017 1412757943.2
3.75026402643 1412757944.56
3.66244641822 1412757945.95
3.62625366299 1412757947.35
3.64030463882 1412757948.69
3.65636503692 1412757950.05
3.53724528261 1412757951.37
3.44265488362 1412757952.7
3.48586989009 1412757954.03
3.5688155728 1412757955.34
3.58001726342 1412757956.63
3.53974901162 1412757957.94
3.58121190368 1412757959.23
3.6050393072 1412757960.53
3.60367876331 1412757961.87
3.64658650997 1412757963.18
3.69288613853 1412757964.51
3.67505012806 1412757965.79
3.69927031269 1412757967.1
3.73280799859 1412757968.41
3.79842574354 1412757969.65
3.83720745392 1412757970.89
3.82322888576 1412757972.15
3.82055467193 1412757973.46
3.79237714005 1412757974.75
3.8145932141 1412757976.02
3.80547929675 1412757977.29
3.8135865006 1412757978.57
3.79926155266 1412757979.84
3.79075635829 1412757981.13
3.8337795343 1412757982.38
3.7839806985 1412757983.67
3.70834865313 1412757984.9
3.79783115492 1412757986.13
3.75212571175 1412757987.36
3.73790275816 1412757988.57
3.75874121256 1412757989.82
3.72743702279 1412757991.06
3.70255191918 1412757992.29
3.62806201799 1412757993.55
3.60505064496 1412757994.79
3.61098053109 1412757996.03
3.60429458312 1412757997.27
3.60154876786 1412757998.49
3.59712771067 1412757999.7
3.62803091014 1412758000.94
3.61294848292 1412758002.17
3.62930013763 1412758003.39
3.59582804791 1412758004.68
3.61000066628 1412758005.92
3.60061181273 1412758007.23
3.58851789774 1412758008.44
3.54027370416 1412758009.64
3.55195627188 1412758010.86
3.55185052433 1412758012.11
3.54766574996 1412758013.35
3.52969292332 1412758014.6
3.48952745059 1412758015.79
3.50239389871 1412758017.04
3.51714234045 1412758018.31
3.5235757244 1412758019.51
3.52790612498 1412758020.74
3.5262244029 1412758022.0
3.53079747909 1412758023.22
3.50428783943 1412758024.49
3.54297269146 1412758025.73
3.51145948887 1412758027.0
3.55385533181 1412758028.25
3.63358230411 1412758029.53
3.21851558039 1412758030.82
3.2589286632 1412758032.05
3.36648594021 1412758033.31
3.24987023766 1412758034.6
3.3528554248 1412758035.82
3.25137458652 1412758037.09
3.35305506154 1412758038.34
3.30769336922 1412758039.64
3.16529510316 1412758040.86
3.30203065321 1412758042.11
3.13144533114 1412758043.41
3.25120627924 1412758044.72
3.12565590151 1412758046.0
3.16172290523 1412758047.26
3.12366770429 1412758048.46
3.13179566173 1412758049.7
3.0778721161 1412758050.9
3.07557721905 1412758052.14
3.00379325424 1412758053.39
3.01834756235 1412758054.64
2.9811193952 1412758055.89
2.98439322343 1412758057.15
2.96985130435 1412758058.35
2.96796773154 1412758059.6
2.86642535711 1412758060.85
2.84161815365 1412758062.09
2.81151896886 1412758063.35
2.80383440901 1412758064.64
2.79817267725 1412758065.86
2.7849072682 1412758067.12
2.75204579474 1412758068.39
2.72062034144 1412758069.6
2.66791894166 1412758070.84
2.66941985671 1412758072.07
2.66759045523 1412758073.35
2.6618579596 1412758074.6
2.66011652707 1412758075.85
2.62630909859 1412758077.07
2.6362329776 1412758078.33
2.62098101482 1412758079.57
2.63843175046 1412758080.78
2.60797366534 1412758082.02
2.61120932016 1412758083.24
2.57621875491 1412758084.45
2.56973379612 1412758085.66
2.56475374642 1412758086.87
2.51562529047 1412758088.07
2.49534504772 1412758089.3
2.48525735704 1412758090.53
2.49763181612 1412758091.77
2.48005105982 1412758093.0
2.49152863839 1412758094.24
2.45546008675 1412758095.42
2.43268457672 1412758096.65
2.39545587934 1412758097.86
2.39472177126 1412758099.09
2.35796614762 1412758100.29
2.31578802095 1412758101.49
2.29424323386 1412758102.73
2.26702014072 1412758103.93
2.26390329682 1412758105.12
2.23223112946 1412758106.39
2.21194521298 1412758107.64
2.19624019726 1412758108.82
2.17271880687 1412758110.03
2.16850393471 1412758111.21
2.13908483671 1412758112.43
2.13643523838 1412758113.63
2.14651548684 1412758114.83
2.11878602759 1412758116.07
2.08185955568 1412758117.27
2.11973451539 1412758118.5
2.08908462566 1412758119.68
2.05674959234 1412758120.84
2.02835642175 1412758122.03
2.03356946513 1412758123.25
1.96155015974 1412758124.43
1.96376418123 1412758125.66
1.95939964136 1412758126.87
1.93514304361 1412758128.07
1.90425222325 1412758129.25
1.89595839311 1412758130.44
1.87446285141 1412758131.63
1.85460483691 1412758132.85
1.86378243011 1412758134.02
1.84173510624 1412758135.23
1.84936831774 1412758136.42
1.82650682336 1412758137.62
1.79959893883 1412758138.85
1.80576383714 1412758140.04
1.76751184168 1412758141.23
1.77334637327 1412758142.44
1.76489055721 1412758143.62
1.71641344317 1412758144.78
1.72531006819 1412758146.01
1.72527552705 1412758147.19
1.72258941183 1412758148.38
1.75490299721 1412758149.55
1.7433015115 1412758150.72
1.75130805244 1412758151.89
1.72102494588 1412758153.11
1.73804708593 1412758154.29
1.74288988354 1412758155.46
1.74458789264 1412758156.64
1.74991811029 1412758157.86
1.73916156716 1412758159.05
1.71584411997 1412758160.25
1.70281462927 1412758161.46
1.69361306511 1412758162.62
1.6816309904 1412758163.82
1.66293459245 1412758165.03
1.60673258123 1412758166.22
1.59870829466 1412758167.4
1.60491684086 1412758168.6
1.6373146453 1412758169.79
1.60044703219 1412758170.97
1.59613879776 1412758172.12
1.60253745248 1412758173.33
1.60818167485 1412758174.52
1.59948077859 1412758175.73
1.63871203675 1412758176.94
1.59629884685 1412758178.14
1.60717632837 1412758179.36
1.59763544954 1412758180.58
1.60359095498 1412758181.77
1.59390058522 1412758183.0
1.59972825068 1412758184.27
1.58250901683 1412758185.55
1.57298692024 1412758186.72
1.58444941 1412758187.9
