13.135120362 1412732374.25
13.1706301749 1412732374.83
13.2373547322 1412732375.39
13.1358366152 1412732375.96
13.2049116534 1412732376.55
12.952163914 1412732377.12
12.7143076581 1412732377.71
12.7653646374 1412732378.26
12.4708042171 1412732378.8
12.2531448664 1412732379.41
11.7237105888 1412732380.0
11.6210586181 1412732380.6
11.1279030673 1412732381.17
10.7303146336 1412732381.72
10.5650420385 1412732382.28
10.2600068434 1412732382.9
10.1179780162 1412732383.46
9.78707524774 1412732384.03
9.45080922044 1412732384.59
9.17812044787 1412732385.13
8.93306130439 1412732385.72
8.59088319709 1412732386.27
8.2775183097 1412732386.85
7.95111747291 1412732387.45
7.73459656074 1412732388.05
7.31922964562 1412732388.62
7.24171599674 1412732389.17
7.03736314584 1412732389.71
6.99849394945 1412732390.25
6.90807532188 1412732390.82
6.81618160457 1412732391.36
6.68085466138 1412732391.9
6.66330959216 1412732392.47
6.61111950268 1412732393.08
6.3670893061 1412732393.62
6.29692245329 1412732394.2
6.26811474988 1412732394.77
6.23096526868 1412732395.33
6.16096469269 1412732395.88
5.90444475952 1412732396.49
5.92568347583 1412732397.05
5.87924353768 1412732397.62
5.91522194628 1412732398.19
5.87955932306 1412732398.73
5.77085121604 1412732399.28
5.75996108822 1412732399.88
5.80613700085 1412732400.43
5.68141340351 1412732401.01
5.58494522757 1412732401.6
5.55493058543 1412732402.19
5.53965460968 1412732402.77
5.4927038188 1412732403.35
5.5313686005 1412732403.97
5.47012146776 1412732404.59
5.43643659028 1412732405.18
5.37577411359 1412732405.77
5.34482158809 1412732406.35
5.32923057134 1412732406.92
5.31385584724 1412732407.52
5.2909433098 1412732408.13
5.2901970829 1412732408.72
5.22881443729 1412732409.34
5.1664396108 1412732409.94
5.11835838231 1412732410.54
5.10149336695 1412732411.14
5.12369724904 1412732411.71
5.11805615691 1412732412.3
4.98504414376 1412732412.9
4.98903680231 1412732413.51
4.92737943846 1412732414.1
4.92499114826 1412732414.72
4.94159784849 1412732415.31
4.88751805283 1412732415.94
4.89155379971 1412732416.52
4.92695093285 1412732417.1
4.93099237136 1412732417.69
4.93497528971 1412732418.29
4.96084084252 1412732418.9
5.01378739256 1412732419.5
5.01534459778 1412732420.08
5.05786579746 1412732420.69
5.01569756414 1412732421.32
5.02680217627 1412732421.94
5.02557584752 1412732422.55
4.98458124982 1412732423.16
4.98374352553 1412732423.78
4.96850338112 1412732424.46
4.95207499767 1412732425.12
4.91202172155 1412732425.73
4.97353794642 1412732426.32
4.96184582684 1412732426.96
4.96378466135 1412732427.59
4.95835804486 1412732428.21
4.98588012791 1412732428.85
4.97732467848 1412732429.45
4.96571503226 1412732430.1
4.98438526651 1412732430.75
4.98576864257 1412732431.38
4.96384582909 1412732432.01
4.95994310589 1412732432.61
4.9599688556 1412732433.22
4.94744663237 1412732433.85
4.9474320537 1412732434.48
4.94736865037 1412732435.11
4.98515357148 1412732435.77
4.94961515632 1412732436.42
4.946677456 1412732437.01
4.94381819194 1412732437.64
4.97767911539 1412732438.27
4.88656253061 1412732438.89
5.03377960173 1412732439.52
4.96986408668 1412732440.14
4.90624100531 1412732440.76
4.90458119508 1412732441.36
4.90289075061 1412732441.99
4.99663323684 1412732442.6
4.93330789213 1412732443.21
4.93147166258 1412732443.81
4.92956952879 1412732444.41
4.92751906675 1412732445.01
4.96806372698 1412732445.64
4.8893593563 1412732446.26
4.88597577503 1412732446.92
4.87547685819 1412732447.52
4.87169886639 1412732448.17
4.86796540854 1412732448.8
4.86722115051 1412732449.43
4.86334176654 1412732450.1
4.77993758436 1412732450.72
4.77465092637 1412732451.33
4.76928371144 1412732451.99
4.75593480771 1412732452.65
4.75030131585 1412732453.27
4.78182827305 1412732453.88
4.77703617442 1412732454.51
4.76573546476 1412732455.13
4.77063126194 1412732455.74
4.80341110824 1412732456.35
4.79278099363 1412732456.97
4.78923833515 1412732457.6
4.74457598456 1412732458.24
4.87354767113 1412732458.85
4.87232760112 1412732459.48
4.86858787004 1412732460.15
4.86486722506 1412732460.78
4.86918374461 1412732461.42
4.86401334012 1412732462.08
4.85966645399 1412732462.73
4.85525592974 1412732463.36
4.85372769693 1412732464.01
4.84842061557 1412732464.63
4.84374364943 1412732465.27
4.82826071659 1412732465.91
4.83511299877 1412732466.58
4.82016898066 1412732467.24
4.82707168771 1412732467.92
4.79713107673 1412732468.57
4.79327881188 1412732469.23
4.81647002712 1412732469.88
4.81212006235 1412732470.54
4.80779121512 1412732471.21
4.8034181544 1412732471.86
4.74232967055 1412732472.52
4.70222148046 1412732473.17
4.700996105 1412732473.79
4.73806959552 1412732474.43
4.72860245136 1412732475.05
4.7191921494 1412732475.72
4.7141775283 1412732476.4
4.70602871913 1412732477.03
4.69422300789 1412732477.69
4.69756163014 1412732478.35
4.70068040019 1412732478.99
4.72284701811 1412732479.64
4.72673160863 1412732480.27
4.73019542809 1412732480.92
4.75033229612 1412732481.59
4.75421091307 1412732482.25
4.73706434334 1412732482.89
4.80526410257 1412732483.55
4.79659088358 1412732484.19
4.85077415889 1412732484.82
4.84316826503 1412732485.51
4.83513045303 1412732486.15
4.85023337939 1412732486.81
4.84230194868 1412732487.46
4.75214572918 1412732488.08
4.79223440359 1412732488.69
4.75253067114 1412732489.33
4.75691880018 1412732489.99
4.76134018294 1412732490.64
4.76581076057 1412732491.29
4.7701968165 1412732491.92
4.76813650923 1412732492.6
4.81040959322 1412732493.25
4.81494276267 1412732493.9
4.84336694736 1412732494.59
4.84641683428 1412732495.24
4.86377654991 1412732495.88
4.78388436141 1412732496.56
