4.3072343667 1412722022.87
4.00901345479 1412722023.0
3.92583818689 1412722023.13
3.61827794227 1412722023.24
3.57731773138 1412722023.36
3.50468741961 1412722023.45
3.3762369029 1412722023.56
3.30707850932 1412722023.67
3.35678396544 1412722023.76
3.33915406611 1412722023.89
3.37395778888 1412722023.99
3.34652718558 1412722024.08
3.43246736463 1412722024.17
3.3850531308 1412722024.27
3.18980136883 1412722024.37
3.08436442735 1412722024.45
3.0336392953 1412722024.54
2.94353368226 1412722024.64
2.9495580373 1412722024.73
2.96947093955 1412722024.82
2.96887998913 1412722024.92
2.98215919386 1412722025.01
3.05293982678 1412722025.11
3.06738312779 1412722025.21
3.11065973737 1412722025.3
3.11805685009 1412722025.39
3.10077310934 1412722025.47
3.11453986209 1412722025.57
3.16756367706 1412722025.65
3.17638785134 1412722025.74
3.20582929033 1412722025.83
3.22360402341 1412722025.92
3.27259391286 1412722026.01
3.29789676636 1412722026.08
3.26758404864 1412722026.19
3.23740868223 1412722026.29
3.25575780779 1412722026.41
3.28262279063 1412722026.5
3.2954961452 1412722026.59
3.30730332735 1412722026.69
3.31870931993 1412722026.76
3.29169414663 1412722026.85
3.30037991431 1412722026.96
3.28861623604 1412722027.07
3.29557001177 1412722027.16
3.28922211557 1412722027.26
3.28932202483 1412722027.36
3.29466582455 1412722027.44
3.29172944239 1412722027.55
3.29633349499 1412722027.64
3.32904913969 1412722027.73
3.33407840775 1412722027.83
3.34338110261 1412722027.93
3.34459848524 1412722028.02
3.34930343264 1412722028.19
11.3430432868 1412722028.33
12.0572415785 1412722028.45
3.22447835833 1412722028.53
3.22128895024 1412722028.61
3.21818830453 1412722028.7
3.20928716523 1412722028.8
3.20617723878 1412722028.9
3.19768102184 1412722028.99
3.1948053204 1412722029.08
3.19201253289 1412722029.17
3.19432292338 1412722029.27
3.19182068191 1412722029.37
3.18934206095 1412722029.48
3.1869140555 1412722029.59
3.18451926278 1412722029.72
3.18217734386 1412722029.82
3.17988299183 1412722029.92
3.17762834914 1412722030.04
3.17546237363 1412722030.15
3.17326876659 1412722030.27
3.18668626618 1412722030.4
3.18495739778 1412722030.48
3.18319824789 1412722030.57
3.18151925832 1412722030.67
3.17982697746 1412722030.75
3.17815252019 1412722030.85
3.17653541595 1412722030.93
3.17494480749 1412722031.02
3.17338700792 1412722031.11
3.17186276335 1412722031.2
3.17034027041 1412722031.29
3.12633465351 1412722031.38
3.12745259999 1412722031.47
3.12846765977 1412722031.59
3.12954167752 1412722031.7
3.13056607152 1412722031.8
3.13166588853 1412722031.9
3.13271037517 1412722032.01
3.13373263603 1412722032.11
3.13471935716 1412722032.22
3.15915163022 1412722032.35
3.16054942607 1412722032.45
3.16191032849 1412722032.57
3.16331270003 1412722032.68
3.16469024439 1412722032.77
3.16601541957 1412722032.87
3.16835692798 1412722032.98
3.16971998574 1412722033.08
3.17104398981 1412722033.17
3.17329323005 1412722033.28
3.17460634867 1412722033.38
3.17592791976 1412722033.51
3.17713708515 1412722033.61
3.17936104385 1412722033.73
3.18065543059 1412722033.83
3.15312745123 1412722033.93
3.15456442794 1412722034.04
3.15680119935 1412722034.14
3.15820794665 1412722034.25
3.14978476703 1412722034.39
3.1521601733 1412722034.47
3.15440287635 1412722034.59
3.15667228298 1412722034.76
3.15884226034 1412722034.87
3.1611122514 1412722034.99
3.16317189332 1412722035.14
3.16479592077 1412722035.24
3.16741118614 1412722035.35
3.16892971923 1412722035.45
3.17139660928 1412722035.53
3.17295020702 1412722035.62
3.17444120502 1412722035.71
3.17690100166 1412722035.81
3.16323169091 1412722035.93
3.15655310857 1412722036.06
3.16764912085 1412722036.16
3.16919589251 1412722036.27
3.17164141476 1412722036.43
3.17345829796 1412722036.56
3.17491712367 1412722036.69
3.08871734369 1412722036.82
3.08810381794 1412722036.95
3.08753940047 1412722037.07
3.08701688103 1412722037.2
3.08641898655 1412722037.3
3.09422421239 1412722037.4
3.09399200529 1412722037.5
3.09380282245 1412722037.59
3.093583571 1412722037.69
3.09336025291 1412722037.83
3.09316605207 1412722037.93
3.09292118089 1412722038.03
3.09269908685 1412722038.14
3.09252385608 1412722038.24
3.09229154635 1412722038.38
3.09210191062 1412722038.49
3.09190169449 1412722038.59
3.09166421844 1412722038.69
3.09154211278 1412722038.85
3.09133943428 1412722038.94
3.09108430174 1412722039.04
3.09096956931 1412722039.16
3.09073872301 1412722039.26
3.09058278548 1412722039.37
3.09036452223 1412722039.48
3.09025077069 1412722039.58
3.0900663195 1412722039.68
3.0899015812 1412722039.78
3.08943960518 1412722039.88
3.08897542135 1412722039.98
3.08850177425 1412722040.07
3.08802774088 1412722040.18
3.08777354305 1412722040.31
3.08749111267 1412722040.44
3.08725692884 1412722040.62
3.08698424253 1412722040.77
3.08674498058 1412722040.88
3.0865339622 1412722041.0
3.08627647373 1412722041.11
3.08606293644 1412722041.28
3.08585057862 1412722041.4
3.08563851433 1412722041.52
3.08537060435 1412722041.64
3.08518925023 1412722041.77
3.08436953465 1412722041.89
3.08417030791 1412722042.06
3.08325876493 1412722042.17
3.08319121286 1412722042.32
3.08299009813 1412722042.47
3.082114773 1412722042.58
3.08190618536 1412722042.7
3.08098494468 1412722042.81
3.0807728786 1412722042.99
3.08054825357 1412722043.13
3.07963208537 1412722043.22
3.07942152743 1412722043.32
3.07845613319 1412722043.42
3.0782184362 1412722043.54
3.0779946875 1412722043.65
3.0770473495 1412722043.75
3.07684473681 1412722043.85
3.07585642311 1412722043.98
3.07567136425 1412722044.1
3.07541650812 1412722044.23
3.07440561119 1412722044.42
