12.8709200367 1412723492.83
11.9815603799 1412723493.2
11.7560761435 1412723493.51
11.376704465 1412723493.92
11.3425923035 1412723494.26
11.5441627707 1412723494.54
11.5267219943 1412723494.82
11.6109728503 1412723495.16
11.6033470508 1412723495.49
11.7987087312 1412723495.86
11.9070979806 1412723496.25
11.9308037461 1412723496.57
11.3836747408 1412723496.88
10.8968461812 1412723497.2
11.1479691698 1412723497.56
10.8301653449 1412723498.04
10.9559339673 1412723498.51
10.8135774956 1412723498.86
10.7588751819 1412723499.17
10.289631348 1412723499.47
10.4305402673 1412723499.78
10.4488000542 1412723500.09
10.2344484446 1412723500.43
9.96999391624 1412723500.72
10.0586453357 1412723501.06
10.0225003079 1412723501.35
9.97124399987 1412723501.64
9.61871330294 1412723501.9
8.74033016731 1412723502.19
8.22006313822 1412723502.47
8.25645157836 1412723502.78
8.31193678286 1412723503.2
8.4540301084 1412723503.63
8.56691526089 1412723504.02
8.65787081245 1412723504.42
8.82771050606 1412723504.81
8.90897217916 1412723505.22
9.38733209361 1412723505.6
9.80149102302 1412723505.98
10.2676679052 1412723506.41
10.6509892712 1412723506.88
10.7874638628 1412723507.3
4.8094334731 1412723507.67
4.65325090619 1412723508.03
4.53530431104 1412723508.33
4.34254694574 1412723508.69
4.28395450523 1412723509.03
4.25646169351 1412723509.34
4.10384963421 1412723509.64
4.17046440987 1412723509.92
4.25239823648 1412723510.24
4.40344831599 1412723510.53
4.76344222515 1412723510.81
5.61284433802 1412723511.09
5.29765121103 1412723511.38
5.38082845939 1412723511.64
5.89707320351 1412723511.92
5.87217868107 1412723512.21
5.77224108262 1412723512.52
5.70617827996 1412723512.91
5.77430591238 1412723513.29
5.75162851996 1412723513.64
5.70364621157 1412723513.94
5.63944892637 1412723514.24
5.69334736575 1412723514.62
5.6712489045 1412723515.0
5.71535426634 1412723515.35
5.61692523153 1412723515.74
5.69185287212 1412723516.08
5.72894978494 1412723516.4
5.70007451217 1412723516.71
5.68488635974 1412723517.02
5.77272996623 1412723517.36
5.78426709872 1412723517.67
5.7596465834 1412723517.97
5.75521277188 1412723518.31
5.74459354942 1412723518.61
5.73558791815 1412723518.98
5.76570673143 1412723519.34
5.76115929397 1412723519.68
5.75462832971 1412723520.03
5.75460053176 1412723520.4
5.76230044435 1412723520.73
5.50732382863 1412723521.06
5.50452240633 1412723521.39
5.51051260357 1412723521.72
5.52305231685 1412723522.11
5.53402546999 1412723522.44
5.83610090352 1412723522.78
5.80228468544 1412723523.15
5.80312330179 1412723523.53
5.80200295948 1412723523.9
5.73043872197 1412723524.25
5.72750565602 1412723524.61
5.73784962369 1412723524.98
5.74135196297 1412723525.35
5.63469546814 1412723525.68
5.63612942129 1412723526.02
5.72776800679 1412723526.34
5.74347941883 1412723526.65
5.77959658307 1412723527.0
5.47025775142 1412723527.36
5.48180887525 1412723527.71
5.61975913731 1412723528.11
5.64919953405 1412723528.48
5.66391485671 1412723528.81
5.74810141712 1412723529.18
5.74816379704 1412723529.53
5.74746780865 1412723529.91
5.77483149517 1412723530.24
5.83144860654 1412723530.59
5.72262357638 1412723530.91
5.70981969147 1412723531.27
5.70716838182 1412723531.62
5.7037866924 1412723531.95
5.93075866836 1412723532.32
5.89356446077 1412723532.65
5.8727875333 1412723532.98
5.86862005542 1412723533.34
5.83676560706 1412723533.66
5.82961083881 1412723534.0
5.83752601425 1412723534.36
5.8372360201 1412723534.71
5.83010720933 1412723535.05
5.85051219587 1412723535.42
5.96274537265 1412723535.75
5.90601785298 1412723536.1
5.83213792383 1412723536.43
5.59139004531 1412723536.79
5.5677567736 1412723537.18
5.7727069803 1412723537.55
5.83810949305 1412723537.96
5.81284644463 1412723538.3
5.82556378295 1412723538.68
5.82503815675 1412723539.02
5.6043722425 1412723539.37
5.8583571384 1412723539.92
5.88896375247 1412723540.48
5.97699000069 1412723541.01
5.98026704772 1412723541.47
5.58057635425 1412723541.96
5.69863751867 1412723542.55
5.82304515698 1412723543.09
5.896268033 1412723543.69
5.95980736719 1412723544.22
5.98895002358 1412723544.76
6.03063147175 1412723545.29
5.96695564318 1412723545.74
5.88013839914 1412723546.24
5.91825083309 1412723546.71
5.86681665459 1412723547.22
6.00049656184 1412723547.67
5.97554511534 1412723548.16
6.04047810268 1412723548.68
6.02144491361 1412723549.24
5.78665156402 1412723549.7
6.1051795209 1412723550.21
5.97937057107 1412723550.67
6.15787928832 1412723551.28
6.04655438658 1412723551.77
6.07654054751 1412723552.26
6.26270400961 1412723552.73
5.75430155587 1412723553.21
5.1654856078 1412723553.67
5.15107166639 1412723554.12
5.01604687444 1412723554.51
5.06791399586 1412723554.83
5.01648968455 1412723555.21
5.12598303585 1412723555.63
5.10230685474 1412723556.04
5.1104483946 1412723556.49
5.10756957858 1412723556.95
5.0151714721 1412723557.31
5.13024300853 1412723557.69
5.12953041034 1412723558.12
5.07165831656 1412723558.57
5.1534905073 1412723558.95
5.15258963617 1412723559.34
5.08538679582 1412723559.64
5.02128635365 1412723560.0
5.09106917766 1412723560.38
5.09716962163 1412723560.75
5.10298876543 1412723561.11
5.10853150737 1412723561.5
5.06533111573 1412723561.83
5.11096741165 1412723562.27
5.13174125653 1412723562.76
5.13028799858 1412723563.27
5.12863718345 1412723563.72
5.1266844663 1412723564.19
5.12443183426 1412723564.72
5.12179858787 1412723565.15
5.11890659735 1412723565.56
5.11555044799 1412723565.94
5.12169975083 1412723566.31
5.11835263092 1412723566.68
5.11467881858 1412723567.06
5.11990288532 1412723567.44
5.1161852894 1412723567.78
5.11206670141 1412723568.14
