3.71489418547 1412743985.17
3.64834280747 1412743986.64
3.61695805599 1412743988.05
3.58663594201 1412743989.41
3.39303044351 1412743990.86
3.38529479068 1412743992.23
3.55252404626 1412743993.6
3.47992450692 1412743994.98
3.60098220313 1412743996.39
3.48479357745 1412743997.77
3.58984129925 1412743999.09
3.59659111062 1412744000.42
3.57686894348 1412744001.8
3.62808683965 1412744003.18
3.62357545531 1412744004.52
3.59526111969 1412744005.85
3.51032898759 1412744007.16
3.4181586064 1412744008.45
3.3960654343 1412744009.73
3.39546600258 1412744011.02
3.34111022259 1412744012.34
3.35597054754 1412744013.67
3.34526401482 1412744015.01
3.30492539264 1412744016.32
3.28157997454 1412744017.6
3.28783914521 1412744018.91
3.2481105676 1412744020.25
3.1553395658 1412744021.55
3.11066001872 1412744022.82
3.08195415404 1412744024.1
3.07654175685 1412744025.36
3.07796266361 1412744026.66
3.09114349436 1412744027.98
3.08755644565 1412744029.23
3.05218817708 1412744030.52
3.02934425402 1412744031.77
2.99777834811 1412744033.01
2.9781316735 1412744034.31
2.98114054518 1412744035.59
3.0224554502 1412744036.85
3.06257060982 1412744038.14
3.06301302235 1412744039.4
3.08595535106 1412744040.64
3.11467652157 1412744041.88
3.09858549809 1412744043.11
3.05613757922 1412744044.36
3.02268759426 1412744045.6
3.0196370653 1412744046.84
3.03270332141 1412744048.09
3.00497826562 1412744049.36
2.99963663015 1412744050.61
2.98221168056 1412744051.85
2.9894226934 1412744053.08
2.921306041 1412744054.29
2.90954627089 1412744055.55
2.90522501736 1412744056.78
2.89890531351 1412744057.99
2.88399870366 1412744059.28
2.88320959489 1412744060.51
2.87588666599 1412744061.73
2.85960877631 1412744062.94
2.82206488313 1412744064.19
2.81631961733 1412744065.44
2.79733715937 1412744066.69
2.7940920881 1412744067.92
2.77646480243 1412744069.17
2.76428076948 1412744070.45
2.75627666178 1412744071.68
2.74038367775 1412744072.93
2.74376267097 1412744074.17
2.73360546777 1412744075.46
2.68040920234 1412744076.7
2.6532487516 1412744077.95
2.64492622849 1412744079.19
2.6378459499 1412744080.42
2.62975560419 1412744081.69
2.59811157929 1412744082.94
2.58654885519 1412744084.19
2.57471341628 1412744085.48
2.59173998544 1412744086.71
2.57357703541 1412744087.93
2.59393505515 1412744089.16
2.56163307454 1412744090.39
2.54830403836 1412744091.61
2.53266907914 1412744092.89
2.48633851489 1412744094.14
2.4609343536 1412744095.41
2.41220424505 1412744096.62
2.38646371968 1412744097.82
2.31337506149 1412744099.05
2.32506510537 1412744100.24
2.34036924593 1412744101.45
2.32545163559 1412744102.7
2.27962724846 1412744103.9
2.30801419148 1412744105.12
2.35233086575 1412744106.35
2.28593636522 1412744107.55
2.3049707493 1412744108.79
2.27432621364 1412744110.01
2.23921421461 1412744111.25
2.28774558963 1412744112.46
2.25451313124 1412744113.68
2.30697580528 1412744114.95
2.24777947944 1412744116.16
2.25607967336 1412744117.34
2.22511772405 1412744118.52
2.29440111724 1412744119.72
2.26678713893 1412744120.91
2.21105231884 1412744122.06
2.20993747333 1412744123.3
2.16807922757 1412744124.49
2.17480648754 1412744125.71
2.14128685188 1412744126.91
2.09891601853 1412744128.16
2.12186779171 1412744129.37
2.13978011444 1412744130.59
2.15987554481 1412744131.8
2.12032273542 1412744133.03
2.09278412294 1412744134.24
2.11284782534 1412744135.42
2.03716507224 1412744136.63
2.01498617125 1412744137.82
1.98368892485 1412744139.03
1.97307124074 1412744140.26
1.95341428604 1412744141.44
1.94562817428 1412744142.64
1.94387273677 1412744143.83
1.93320450721 1412744145.04
1.93743778137 1412744146.25
1.92500953859 1412744147.44
1.92829293109 1412744148.65
1.91617471893 1412744149.86
1.90633885601 1412744151.07
1.90069722048 1412744152.25
1.89720230595 1412744153.47
1.89215213133 1412744154.67
1.88475001834 1412744155.9
1.89340786223 1412744157.11
1.88106440942 1412744158.33
1.87834789273 1412744159.49
1.88155435211 1412744160.71
1.84902304179 1412744161.94
1.84391870649 1412744163.16
1.86480100587 1412744164.38
1.85021444007 1412744165.59
1.84971252429 1412744166.78
1.82071295744 1412744168.0
1.79452224997 1412744169.15
1.80304826455 1412744170.34
1.79762197908 1412744171.54
1.76917187857 1412744172.75
1.78287585325 1412744173.95
1.78586908379 1412744175.2
1.76054211802 1412744176.45
1.77245947298 1412744177.71
1.77165812179 1412744178.93
1.72761756828 1412744180.13
1.74192276528 1412744181.33
1.72787565027 1412744182.54
1.71197077789 1412744183.78
1.69756246016 1412744184.96
1.68824650939 1412744186.16
1.68377977175 1412744187.41
1.67991826308 1412744188.65
1.68098233033 1412744189.87
1.68523158821 1412744191.07
1.68642798404 1412744192.29
1.69557932797 1412744193.49
1.6861133346 1412744194.69
1.68047498907 1412744195.9
1.67761322519 1412744197.21
1.67622907128 1412744198.42
1.67707606997 1412744199.59
1.6992761036 1412744200.83
1.6929499137 1412744202.02
1.6786970286 1412744203.19
1.66565305681 1412744204.34
1.63418686387 1412744205.52
1.62946841577 1412744206.71
1.62039484504 1412744208.13
1.62087203114 1412744209.34
1.60782587535 1412744210.57
1.59744039826 1412744211.73
1.5689931094 1412744212.89
1.56629610207 1412744214.16
1.56308669867 1412744215.31
1.55740475399 1412744216.49
1.55137262881 1412744217.67
1.53639130821 1412744218.87
1.5200680145 1412744220.03
1.52013223123 1412744221.21
1.50979262199 1412744222.43
1.4889092344 1412744223.61
1.48183898614 1412744224.83
1.47526116028 1412744226.03
1.4726376903 1412744227.2
1.45068026617 1412744228.37
1.43391672832 1412744229.55
1.43098081421 1412744230.74
1.41066081142 1412744231.97
