15.9874822931 1412740773.88
15.9079624036 1412740774.89
15.7913458635 1412740775.92
15.5102013573 1412740776.92
15.4166014195 1412740777.87
15.4942975666 1412740778.87
14.9890300266 1412740779.87
14.6347649801 1412740780.85
14.309329358 1412740781.8
14.1485197014 1412740782.81
13.9402491244 1412740783.78
13.5851674665 1412740784.74
13.3768325019 1412740785.73
13.3319729281 1412740786.71
13.2861615624 1412740787.67
13.1247390756 1412740788.64
12.9185694444 1412740789.62
12.5526954035 1412740790.6
12.2778851555 1412740791.54
11.9558849349 1412740792.5
11.6813291441 1412740793.47
11.2711889378 1412740794.47
10.7386710844 1412740795.43
10.5120441399 1412740796.34
9.9105680956 1412740797.3
9.72697918252 1412740798.28
9.35003803293 1412740799.21
9.06404403577 1412740800.2
8.84000994603 1412740801.11
8.5723008602 1412740802.03
8.33422986634 1412740802.97
8.09155825077 1412740803.93
7.93095673827 1412740804.91
7.78316971078 1412740805.85
7.60236528443 1412740806.81
7.51981704868 1412740807.78
7.46324082023 1412740808.7
7.35880829693 1412740809.62
7.32227918595 1412740810.56
7.17238071306 1412740811.48
7.05240385226 1412740812.42
6.96461194745 1412740813.38
6.86732455917 1412740814.31
6.8523626015 1412740815.29
6.67757864548 1412740816.21
6.58059974358 1412740817.15
6.46206501133 1412740818.13
6.37860291456 1412740819.07
6.33571925077 1412740820.01
6.23899620353 1412740820.93
6.18349090657 1412740821.84
6.15732295994 1412740822.72
6.06203850489 1412740823.66
5.98823496431 1412740824.54
5.9482940767 1412740825.5
5.91238156274 1412740826.47
5.86471066087 1412740827.42
5.80466298166 1412740828.35
5.75444825282 1412740829.32
5.70140472544 1412740830.29
5.70515640581 1412740831.24
5.66397722369 1412740832.19
5.64018895298 1412740833.19
5.61286458362 1412740834.12
5.58384103914 1412740835.09
5.51115280994 1412740836.03
5.4774159717 1412740836.96
5.40068978376 1412740837.92
5.3765108159 1412740838.83
5.35757078892 1412740839.9
5.33721661022 1412740840.91
5.32107563018 1412740841.86
5.28586130935 1412740842.85
5.28881859337 1412740843.82
5.32288675653 1412740844.84
5.31122348199 1412740845.86
5.27142081909 1412740846.88
5.2027201151 1412740847.86
5.16979295229 1412740848.84
5.16279632933 1412740849.8
5.15897390551 1412740850.73
5.14136465449 1412740851.7
5.15391335163 1412740852.69
5.13604990553 1412740853.67
5.12025488158 1412740854.63
5.11823479278 1412740855.59
5.08705088775 1412740856.56
5.09933249136 1412740857.52
5.02347875382 1412740858.48
4.95185941774 1412740859.47
4.96460450682 1412740860.49
4.94043553045 1412740861.48
4.92718011941 1412740862.47
4.97706303445 1412740863.5
4.98281500985 1412740864.46
4.98367188632 1412740865.44
4.95070062375 1412740866.45
4.93466203769 1412740867.48
4.93491681735 1412740868.45
4.97356800665 1412740869.42
4.9590037594 1412740870.39
4.91739636495 1412740871.34
4.94172974409 1412740872.27
4.96268986133 1412740873.28
4.98337356382 1412740874.18
4.95675377565 1412740875.15
4.94832527769 1412740876.17
4.97016878194 1412740877.14
4.94076610501 1412740878.1
4.96256420072 1412740879.05
4.92837104963 1412740880.07
4.93970443599 1412740881.08
4.91821397297 1412740882.03
4.91656563135 1412740882.97
4.94206226682 1412740883.91
4.96524220678 1412740884.91
4.92016518836 1412740885.91
4.93536642435 1412740886.88
4.9096710704 1412740887.85
4.86447319913 1412740888.82
4.90908386385 1412740889.75
4.89281098387 1412740890.73
4.87412901475 1412740891.67
4.88564392336 1412740892.59
4.90182624308 1412740893.57
4.86126985473 1412740894.52
4.88110417837 1412740895.48
4.88646091947 1412740896.46
4.89611181993 1412740897.42
4.88694484137 1412740898.42
4.9018037978 1412740899.36
4.85675841017 1412740900.35
4.87933518777 1412740901.31
4.88473718859 1412740902.29
4.85190195161 1412740903.27
4.83189348865 1412740904.25
4.81896491637 1412740905.19
4.80728402749 1412740906.14
4.7937790361 1412740907.09
4.79221053192 1412740908.03
4.79066829022 1412740909.03
4.7778533687 1412740909.97
4.75476984832 1412740910.93
4.7363158076 1412740911.89
4.73827958707 1412740912.88
4.71354270475 1412740913.91
4.68663008081 1412740914.92
4.69324432284 1412740915.95
4.67528151824 1412740916.96
4.64143741139 1412740917.98
4.63150953634 1412740918.97
4.63871047313 1412740920.03
4.65133896664 1412740921.07
4.6554684154 1412740922.11
4.66254829628 1412740923.16
4.67133189963 1412740924.22
4.6870584735 1412740925.24
4.6695488529 1412740926.25
4.66460600769 1412740927.29
4.68604673257 1412740928.32
4.70147738775 1412740929.36
4.71005280998 1412740930.41
4.70329422191 1412740931.44
4.71410391244 1412740932.49
4.70561396822 1412740933.52
4.69281225011 1412740934.62
4.69357999223 1412740935.67
4.70064184021 1412740936.72
4.69520645835 1412740937.78
4.68268298572 1412740938.87
4.68874509642 1412740939.92
4.73590187876 1412740940.97
4.74735758065 1412740942.0
4.75414150983 1412740943.08
4.74456098912 1412740944.15
4.75954508274 1412740945.26
4.7662732933 1412740946.31
4.77344382558 1412740947.36
4.78063145844 1412740948.4
4.78770735922 1412740949.42
4.7947685463 1412740950.52
4.78003926704 1412740951.6
4.77206467376 1412740952.62
4.77477893486 1412740953.65
4.78046459113 1412740954.69
4.78156410318 1412740955.76
4.818435154 1412740956.83
4.81482677347 1412740957.88
4.8071811703 1412740958.95
4.81558145593 1412740959.96
4.81239166027 1412740960.98
4.81769570794 1412740962.02
4.81213092615 1412740963.08
4.8043618503 1412740964.12
4.82579164523 1412740965.19
4.83221410608 1412740966.22
4.82384349868 1412740967.31
4.77845595183 1412740968.39
4.78467327334 1412740969.39
4.77552340236 1412740970.5
