9.22998239207 1412730118.31
9.33592669857 1412730118.97
9.44510429261 1412730119.62
9.58018013854 1412730120.25
9.87548975943 1412730120.94
9.94761463308 1412730121.63
10.1013593078 1412730122.31
9.99166705004 1412730122.97
10.1090655192 1412730123.64
10.0278948168 1412730124.27
10.0202020859 1412730124.89
10.0215598019 1412730125.52
10.071136018 1412730126.24
10.2285178639 1412730127.04
10.386640375 1412730127.75
10.417334917 1412730128.44
10.4604223133 1412730129.11
10.3667375854 1412730129.91
10.2052638461 1412730130.65
10.2696841107 1412730131.51
10.1460292376 1412730132.31
10.2029574942 1412730133.09
10.1696789298 1412730133.94
10.2074461238 1412730134.75
10.3360370775 1412730135.63
10.2858901019 1412730136.63
10.2764668016 1412730137.36
10.4141014377 1412730138.07
10.2428214368 1412730138.93
10.3222500502 1412730139.59
10.4529266545 1412730140.24
10.293750477 1412730140.84
10.3288202822 1412730141.47
10.2619748005 1412730142.11
10.1633601019 1412730142.79
10.2572451087 1412730143.44
10.1545843483 1412730144.02
10.13006601 1412730144.61
10.2032149402 1412730145.19
10.1107206819 1412730145.83
10.1241168099 1412730146.46
10.0471856075 1412730147.3
10.0214622058 1412730148.22
9.84907552914 1412730149.09
9.76567975393 1412730149.73
9.58055563445 1412730150.4
9.43984684329 1412730151.03
9.56956644396 1412730151.67
9.57811818313 1412730152.35
9.50556460327 1412730152.99
9.38450408895 1412730153.62
9.22507217268 1412730154.24
9.19720967949 1412730154.89
9.07508089268 1412730155.58
8.9637398543 1412730156.32
8.8725282487 1412730157.11
8.91445808545 1412730158.02
8.83879859637 1412730158.77
8.72819534859 1412730159.46
8.85041598061 1412730160.14
8.70185938561 1412730160.78
8.64383754203 1412730161.45
8.53425449541 1412730162.13
8.45923490739 1412730163.01
8.34863669489 1412730163.73
8.39491346679 1412730164.32
8.33249487622 1412730165.0
8.2600003432 1412730165.59
8.06117343963 1412730166.25
8.02506529404 1412730166.82
8.00727574336 1412730167.45
7.94982624634 1412730168.11
7.86974363983 1412730168.76
7.79892358815 1412730169.36
7.70425486288 1412730169.98
7.56935219171 1412730170.76
7.50776736369 1412730171.78
7.50990238377 1412730172.49
7.47602869283 1412730173.14
7.34115416209 1412730173.72
7.27918431053 1412730174.35
7.36158419572 1412730174.99
7.29969415867 1412730175.82
7.32352393706 1412730176.76
7.25017845616 1412730177.37
7.27349136423 1412730177.94
7.28219387475 1412730178.53
7.2073591565 1412730179.14
7.01163491855 1412730179.7
7.07476608515 1412730180.28
7.06813412167 1412730180.87
7.0582310887 1412730181.45
7.02779093262 1412730182.01
6.98580692235 1412730182.59
6.94338684341 1412730183.14
6.88510341898 1412730183.67
6.88701793813 1412730184.2
6.8729203619 1412730184.79
6.79500520808 1412730185.32
6.76506158949 1412730185.86
6.70983511719 1412730186.4
6.72492864479 1412730186.98
6.6533448162 1412730187.67
6.54677370313 1412730188.28
6.56940772598 1412730188.81
6.30370173866 1412730189.35
6.26991069112 1412730189.91
6.12675289062 1412730190.5
6.14451267078 1412730191.06
6.11953927815 1412730191.58
6.12961890884 1412730192.13
6.16198751901 1412730192.7
6.10499582806 1412730193.25
6.00930307483 1412730193.8
5.97544336876 1412730194.32
5.9953813419 1412730194.87
6.02579489293 1412730195.4
5.84123964902 1412730195.91
5.82000148031 1412730196.43
5.75622052033 1412730196.96
5.77643146893 1412730197.49
5.77495963444 1412730198.06
5.75402569915 1412730198.61
5.70464929603 1412730199.14
5.70743166196 1412730199.68
5.71831294171 1412730200.21
5.72865367843 1412730200.72
5.73925486311 1412730201.26
5.74975257144 1412730201.78
5.76396853467 1412730202.3
5.76912860694 1412730202.83
5.82167146192 1412730203.39
5.7728408413 1412730203.93
5.68110007518 1412730204.47
5.65591660995 1412730205.0
5.63164630557 1412730205.58
5.62110120285 1412730206.13
5.53685347032 1412730206.7
5.5572856828 1412730207.25
5.59606364362 1412730207.79
5.58125981743 1412730208.33
5.595988496 1412730208.87
5.43188978681 1412730209.48
5.26370725313 1412730210.14
5.23655017985 1412730210.82
5.22012285395 1412730211.43
5.17827614705 1412730212.02
5.18224900785 1412730212.58
5.21494634534 1412730213.13
5.22942534725 1412730213.76
5.06013817686 1412730214.28
5.06447947738 1412730215.04
5.04138772017 1412730215.77
5.03389589975 1412730216.4
5.03304920836 1412730217.12
5.02798061577 1412730217.95
5.0452676194 1412730218.8
5.0302380285 1412730219.73
5.03460493539 1412730220.59
5.02160026602 1412730221.49
5.00766836274 1412730222.22
5.01245013135 1412730222.86
5.01502888025 1412730223.64
5.01933025821 1412730224.51
5.02230916575 1412730225.11
5.01054973922 1412730225.71
4.80572141003 1412730226.25
4.94218400218 1412730226.77
4.95412957857 1412730227.38
4.77755022334 1412730227.99
4.79320688822 1412730228.59
4.80298716112 1412730229.14
4.8128221545 1412730229.69
4.87956721794 1412730230.25
4.83344065104 1412730230.81
4.82690418854 1412730231.33
4.82047182202 1412730231.85
4.81634532022 1412730232.38
4.81743994727 1412730232.92
4.8226925037 1412730233.46
4.82397524282 1412730233.99
4.82430027599 1412730234.54
4.81846056478 1412730235.1
4.84035358162 1412730235.64
5.01576110178 1412730236.2
5.00985330223 1412730236.76
4.99540555332 1412730237.29
4.98438912936 1412730237.83
4.96836150365 1412730238.35
4.95987937466 1412730238.91
4.91005379605 1412730239.46
4.95632582167 1412730240.0
4.91703450725 1412730240.53
4.91646514922 1412730241.07
4.91571889624 1412730241.65
5.00831895204 1412730242.21
4.99693516117 1412730242.77
4.98514165681 1412730243.28
4.94469243166 1412730243.85
5.00159848278 1412730244.4
