17.6158607382 1412723249.27
17.1384763921 1412723249.74
16.895787113 1412723250.14
17.1675034669 1412723250.48
17.3081266426 1412723250.88
17.5916051937 1412723251.26
17.3556401512 1412723251.65
17.8422257866 1412723251.98
17.9818693231 1412723252.28
17.860107945 1412723252.58
17.9959382156 1412723252.87
18.0750373812 1412723253.19
18.2948547458 1412723253.52
18.2555439399 1412723253.89
18.2110324429 1412723254.21
17.8353347528 1412723254.53
17.7992420513 1412723254.82
17.5573589134 1412723255.11
17.7149207192 1412723255.41
18.0153169398 1412723255.67
17.8091569086 1412723255.99
17.8498971482 1412723256.31
17.9584126875 1412723256.63
18.056803758 1412723256.99
18.0305657151 1412723257.37
17.7301592866 1412723257.71
17.8944781874 1412723258.1
17.865273128 1412723258.49
17.962969655 1412723258.82
18.0278071152 1412723259.14
18.1437208756 1412723259.46
18.2642266856 1412723259.76
18.2939222102 1412723260.09
18.5293952902 1412723260.39
18.2740007059 1412723260.69
18.1335149638 1412723261.01
18.4290331479 1412723261.33
18.1563808129 1412723261.66
18.1313830699 1412723261.97
17.6899378196 1412723262.31
17.650275641 1412723262.62
17.4522094933 1412723262.97
17.2879611403 1412723263.28
17.3966781776 1412723263.63
17.1436995027 1412723263.96
17.1885305306 1412723264.31
16.9520138436 1412723264.68
16.9266758775 1412723265.02
16.7197241008 1412723265.35
16.7131146336 1412723265.74
16.6552064557 1412723266.07
16.4429564406 1412723266.39
16.479795738 1412723266.72
16.2853578587 1412723267.05
16.0939979652 1412723267.38
15.8173790124 1412723267.76
15.7729483139 1412723268.11
16.0296757507 1412723268.44
15.8513020279 1412723268.89
16.1018326989 1412723269.3
15.950168801 1412723269.67
15.8069892733 1412723270.1
15.5437646992 1412723270.53
15.4712242333 1412723270.83
15.345078378 1412723271.14
15.2769133566 1412723271.46
15.0830446263 1412723271.83
15.1850711462 1412723272.19
14.9937217974 1412723272.54
15.2642221395 1412723272.87
15.4276186297 1412723273.26
15.4060561864 1412723273.63
15.4900050706 1412723273.97
15.5223437805 1412723274.32
15.4073107883 1412723274.63
15.4214392573 1412723275.03
15.5181688541 1412723275.37
15.4600778378 1412723275.87
15.6199117455 1412723276.36
15.6009130732 1412723276.76
15.6178583685 1412723277.14
15.6224403148 1412723277.51
15.7244971796 1412723277.86
15.1239404599 1412723278.2
15.1486376249 1412723278.58
15.1602382203 1412723278.94
15.2708787313 1412723279.32
15.2721745581 1412723279.65
15.2825323015 1412723279.95
15.2952565163 1412723280.25
15.3384172671 1412723280.58
15.3502661133 1412723280.88
15.4527211712 1412723281.2
15.4807300666 1412723281.51
15.4931443357 1412723281.82
15.5051062159 1412723282.22
15.4862848271 1412723282.62
15.4974473064 1412723283.01
15.5078392936 1412723283.38
15.3995302779 1412723283.85
15.4118673249 1412723284.32
15.4203723357 1412723284.73
15.4562240847 1412723285.15
15.5372932163 1412723285.61
15.541828114 1412723286.08
15.5546381907 1412723286.57
15.5600675778 1412723287.0
15.5656142356 1412723287.43
15.5700202641 1412723287.78
15.7762934107 1412723288.16
15.7801412249 1412723288.59
15.783580962 1412723288.92
15.6975527814 1412723289.25
15.7005754802 1412723289.58
15.8410085746 1412723289.87
15.9954709349 1412723290.18
16.0049492508 1412723290.51
16.4726561777 1412723290.82
16.6605213001 1412723291.12
16.6809931498 1412723291.44
16.6640260022 1412723291.75
16.6620611391 1412723292.07
17.1230197967 1412723292.4
17.0961950432 1412723292.77
17.1413876585 1412723293.16
17.2806782818 1412723293.48
17.356298947 1412723293.8
17.3792801285 1412723294.12
17.5342016835 1412723294.45
17.620238935 1412723294.72
17.6504061961 1412723294.99
17.6848373018 1412723295.26
17.3476361114 1412723295.54
17.4581251507 1412723295.87
17.1912199682 1412723296.21
17.869843988 1412723296.63
18.1336120272 1412723297.05
17.7659137448 1412723297.41
17.6284400196 1412723297.98
17.4079426726 1412723298.65
17.5734339953 1412723299.14
17.5169768042 1412723299.57
17.6430339966 1412723300.13
17.6257754697 1412723300.66
17.5248621502 1412723301.11
18.1141514473 1412723301.56
18.658892573 1412723301.99
19.3552180837 1412723302.45
20.0405756493 1412723302.89
20.3306113213 1412723303.38
21.1054543748 1412723303.87
21.0533741324 1412723304.35
20.4025006124 1412723304.83
20.7375345177 1412723305.31
20.1827156241 1412723305.81
22.0350511594 1412723306.32
22.9726475506 1412723306.82
25.0543471827 1412723307.34
25.8178536637 1412723308.15
26.7349235639 1412723308.71
82.9673111224 1412723309.26
26.7758928119 1412723309.76
28.3670532861 1412723310.27
29.524942646 1412723310.77
29.9559843899 1412723311.21
30.3954499738 1412723311.67
30.8898858817 1412723312.14
29.2754326698 1412723312.62
29.6514993034 1412723313.08
30.6102294223 1412723313.56
30.8414110066 1412723314.11
30.9850661303 1412723314.64
31.1265149709 1412723315.15
31.1820850684 1412723315.61
31.2351024251 1412723316.08
31.2854978403 1412723316.55
31.3331109956 1412723317.01
31.0333987231 1412723317.5
31.1522876427 1412723317.99
31.262660008 1412723318.45
31.3735472035 1412723318.91
31.4326612142 1412723319.39
31.5752963042 1412723319.83
31.7182221958 1412723320.31
31.8817765885 1412723320.77
31.8516458516 1412723321.27
31.991976341 1412723321.75
31.9752954715 1412723322.23
31.8687096939 1412723322.73
31.9465498788 1412723323.2
31.8734571083 1412723323.66
32.0071146516 1412723324.09
32.0466485067 1412723324.6
32.0115408375 1412723325.06
32.0175366291 1412723325.55
32.0331385877 1412723326.1
32.0390581656 1412723326.6
31.6298832795 1412723327.06
31.6507125791 1412723327.51
31.6765725468 1412723327.97
