13.1255336657 1412729671.5
13.0155848023 1412729672.18
13.0903609151 1412729672.9
13.2694749 1412729673.57
13.2948763507 1412729674.22
13.425629177 1412729674.88
13.2166412297 1412729675.55
13.2979827225 1412729676.31
13.1556682474 1412729677.1
12.7875709618 1412729677.79
13.1502335596 1412729678.46
13.0730440707 1412729679.11
12.792980805 1412729679.79
12.6027254272 1412729680.47
12.1988622081 1412729681.16
12.3965549861 1412729681.87
12.0821366213 1412729682.62
12.3343763348 1412729683.29
12.3930868907 1412729683.93
12.4319432017 1412729684.58
12.5057086377 1412729685.23
12.4893950948 1412729685.91
12.3785803441 1412729686.59
12.1558324967 1412729687.23
12.114278996 1412729687.87
11.9417694415 1412729688.52
11.956431683 1412729689.22
11.7912653516 1412729689.91
11.2423722212 1412729690.64
11.8204279831 1412729691.36
10.3390215942 1412729692.07
9.83793470362 1412729692.78
10.7708097691 1412729693.47
9.73177355246 1412729694.15
9.55897777678 1412729694.86
9.67723634691 1412729695.55
9.80226868826 1412729696.22
9.65234846421 1412729696.9
9.82252726469 1412729697.58
9.54372796499 1412729698.21
9.64106912938 1412729698.91
9.52949933738 1412729699.59
9.43306867242 1412729700.28
9.53861425209 1412729700.94
9.47516567418 1412729701.6
9.45865745098 1412729702.28
9.50423443824 1412729702.93
9.32484154184 1412729703.56
9.31434740718 1412729704.22
9.26871472254 1412729704.9
9.1729328857 1412729705.59
9.18472156752 1412729706.27
9.19827726199 1412729706.92
9.20103838756 1412729707.58
9.1770865292 1412729708.25
8.97732030117 1412729708.92
8.87796954226 1412729709.59
8.87835071683 1412729710.26
8.79266051623 1412729710.96
8.73040507176 1412729711.68
8.70585761111 1412729712.39
8.67763633579 1412729713.06
8.61164767859 1412729713.74
8.46407430206 1412729714.47
8.39152002061 1412729715.17
8.21409365236 1412729715.82
8.20412058688 1412729716.5
8.09970801932 1412729717.16
8.08727183684 1412729717.86
8.14621399156 1412729718.56
8.12521686906 1412729719.25
8.05248003518 1412729719.92
7.98429200659 1412729720.61
7.88296460738 1412729721.36
7.89597522209 1412729722.02
7.82072386423 1412729722.69
7.68479374653 1412729723.4
7.69115224485 1412729724.15
7.75512355012 1412729724.84
7.75712978731 1412729725.56
7.72175441839 1412729726.29
7.68738022548 1412729727.02
7.67279993196 1412729727.78
7.6541080277 1412729728.47
7.62518153606 1412729729.18
7.60578772798 1412729729.89
7.56803395789 1412729730.64
7.55818624556 1412729731.36
7.53993042205 1412729732.06
7.53449688151 1412729732.79
7.53091205678 1412729733.51
7.54187303717 1412729734.24
7.51385261906 1412729734.96
7.52604853706 1412729735.69
7.50824962583 1412729736.43
7.4932888094 1412729737.16
7.41015757772 1412729737.91
7.38399998464 1412729738.61
7.38469969095 1412729739.33
7.35876244041 1412729740.07
7.38094762304 1412729740.79
7.37189216461 1412729741.57
7.3449661986 1412729742.32
7.33789595959 1412729743.07
7.30789803838 1412729743.8
7.24907824221 1412729744.51
7.20096171555 1412729745.23
7.24679458715 1412729745.92
7.2101739351 1412729746.71
7.18171697307 1412729747.45
7.1259849577 1412729748.18
7.17968586088 1412729748.95
7.21301489922 1412729749.66
7.23052328604 1412729750.4
7.243558426 1412729751.16
7.24846216088 1412729751.92
7.12255604168 1412729752.65
7.1108282181 1412729753.38
7.11020488387 1412729754.15
7.05481946762 1412729754.88
7.04601898352 1412729755.63
7.05355204402 1412729756.39
7.10306297349 1412729757.1
7.09329793316 1412729757.87
7.00696271713 1412729758.59
6.9565601743 1412729759.31
6.95673150702 1412729760.06
7.01787767593 1412729760.8
7.02417174093 1412729761.58
6.95664325379 1412729762.33
6.96511460327 1412729763.04
6.97319940278 1412729763.81
6.87395316109 1412729764.53
6.8584440869 1412729765.27
6.84032389943 1412729766.01
6.82005702474 1412729766.75
6.83089165736 1412729767.51
6.80778866744 1412729768.26
6.82492860112 1412729768.99
6.87174196163 1412729769.76
6.83794726857 1412729770.49
6.84152301625 1412729771.2
6.83006900316 1412729771.96
6.80367486623 1412729772.74
6.82972544012 1412729773.5
6.81727952288 1412729774.29
6.83176992492 1412729775.06
6.82053166214 1412729775.8
6.84256967396 1412729776.56
6.79092017655 1412729777.29
6.83852134353 1412729778.01
6.82904353472 1412729778.85
6.83615865044 1412729779.63
6.84458311466 1412729780.37
6.80760801791 1412729781.16
6.7924643362 1412729781.93
6.80362023988 1412729782.7
6.79794130382 1412729783.55
6.79601653207 1412729784.32
6.81278949512 1412729785.1
6.81901516861 1412729785.85
6.80620398621 1412729786.64
6.79363926088 1412729787.38
6.81161389911 1412729788.14
6.76564998241 1412729788.87
6.83184929306 1412729789.6
6.83004088803 1412729790.34
6.81447777132 1412729791.13
6.7987796163 1412729791.95
6.7344183668 1412729792.72
6.69294230509 1412729793.54
6.67780811138 1412729794.27
6.63938398748 1412729795.01
6.6089100572 1412729795.76
6.60398627104 1412729796.49
6.58972142461 1412729797.24
6.56062716215 1412729797.98
6.55332021629 1412729798.72
6.51536571292 1412729799.46
6.52322150439 1412729800.22
6.53235798813 1412729800.99
6.50748179895 1412729801.75
6.44428779681 1412729802.49
6.44309416645 1412729803.24
6.44019180411 1412729803.99
6.38451525272 1412729804.72
6.38470768347 1412729805.49
6.36082355975 1412729806.21
6.34838699402 1412729806.95
6.37040631877 1412729807.66
6.35907199794 1412729808.36
6.3627653269 1412729809.11
6.3736201512 1412729809.86
6.38258090416 1412729810.71
6.34929473033 1412729811.52
6.33645499081 1412729812.29
6.30717087808 1412729813.05
6.32022038589 1412729813.83
6.32359984631 1412729814.57
6.27748040142 1412729815.35
