10.8352222011 1412749387.69
10.7500025982 1412749389.13
10.6185750125 1412749390.54
10.6638101414 1412749391.95
10.7016854649 1412749393.36
10.625091305 1412749394.77
10.6282459672 1412749396.15
10.4415676124 1412749397.55
10.3454368126 1412749398.95
10.3558354395 1412749400.34
10.2801302452 1412749401.69
10.1274909162 1412749403.12
9.89463730618 1412749404.5
9.84407349696 1412749405.91
9.64155766874 1412749407.3
9.68716618203 1412749408.71
9.70263314326 1412749410.09
9.37725750226 1412749411.48
9.10183399286 1412749412.87
8.93807480457 1412749414.26
8.67133727693 1412749415.65
8.4487588775 1412749417.01
8.37549332378 1412749418.42
8.14885240989 1412749419.75
8.17160627506 1412749421.05
7.97329574823 1412749422.41
7.8023791584 1412749423.79
7.64703920001 1412749425.11
7.42363832275 1412749426.46
7.38367935834 1412749427.78
7.30439101835 1412749429.11
7.14318508505 1412749430.45
7.05953845946 1412749431.79
6.88158943325 1412749433.11
6.74999906674 1412749434.46
6.60105762097 1412749435.78
6.52133170876 1412749437.17
6.23586506463 1412749438.49
6.1201722003 1412749439.83
6.02573557686 1412749441.14
5.91950560596 1412749442.46
5.94334150694 1412749443.75
5.74636042975 1412749445.08
5.55191745069 1412749446.31
5.46579638685 1412749447.58
5.45035194761 1412749448.9
5.47398082066 1412749450.21
5.43324182158 1412749451.49
5.32369235338 1412749452.84
5.31032743615 1412749454.13
5.28174857578 1412749455.45
5.1748221464 1412749456.76
5.17380911892 1412749458.09
5.18371369991 1412749459.44
5.19626927758 1412749460.73
5.1590834974 1412749462.06
5.13396999921 1412749463.43
5.0558771425 1412749464.76
5.04586528142 1412749466.12
5.0121491414 1412749467.45
4.95982317591 1412749468.76
4.93969442274 1412749470.06
4.82067933628 1412749471.4
4.73065759236 1412749472.73
4.64080853599 1412749474.07
4.62460725837 1412749475.47
4.6355281804 1412749476.83
4.61239224489 1412749478.17
4.60692596268 1412749479.53
4.6077090661 1412749480.87
4.59955112005 1412749482.21
4.64051551398 1412749483.55
4.6016788887 1412749484.88
4.60750706386 1412749486.24
4.60749317469 1412749487.6
4.65412604341 1412749488.96
4.61957917147 1412749490.28
4.62824435254 1412749491.62
4.66500130316 1412749492.95
4.57331728424 1412749494.28
4.56745366935 1412749495.63
4.51915154973 1412749496.97
4.49927939991 1412749498.3
4.52032792415 1412749499.66
4.46372752717 1412749501.0
4.47208318926 1412749502.34
4.46803067059 1412749503.67
4.46752252763 1412749504.98
4.47577363373 1412749506.32
4.49174876001 1412749507.68
4.45228301088 1412749509.0
4.47017044293 1412749510.36
4.47584755652 1412749511.71
4.43504689931 1412749513.08
4.42524370182 1412749514.45
4.41883104608 1412749515.84
4.39592174713 1412749517.17
4.36293806691 1412749518.52
4.33689701524 1412749519.88
4.30482601142 1412749521.21
4.28616714354 1412749522.58
4.23976748832 1412749523.93
4.24898900181 1412749525.25
4.26152253555 1412749526.61
4.23947360892 1412749527.97
4.25298964997 1412749529.33
4.25773591542 1412749530.69
4.26745248888 1412749532.01
4.22004616757 1412749533.39
4.19481072451 1412749534.75
4.21582232116 1412749536.12
4.20355486334 1412749537.43
4.21864138623 1412749538.81
4.20902296963 1412749540.15
4.20281882312 1412749541.56
4.20250030866 1412749542.9
4.19653526206 1412749544.28
4.18628329796 1412749545.67
4.17920868188 1412749547.03
4.16478971989 1412749548.4
4.17538769367 1412749549.8
4.16313073669 1412749551.2
4.15856659099 1412749552.54
4.14457947232 1412749553.93
4.15186396224 1412749555.3
4.14856073773 1412749556.68
4.15325080348 1412749558.09
4.14044370154 1412749559.47
4.13369347292 1412749560.83
4.13769654361 1412749562.17
4.14164008896 1412749563.55
4.14025603297 1412749564.92
4.13951283029 1412749566.31
4.14367149641 1412749567.66
4.14517621847 1412749569.05
4.13176781546 1412749570.43
4.15032212203 1412749571.83
4.16551074301 1412749573.26
4.15277842874 1412749574.66
4.14642966146 1412749576.02
4.14404167745 1412749577.41
4.13993371227 1412749578.78
4.13480369837 1412749580.14
4.1299260051 1412749581.52
4.1272900409 1412749582.9
4.11303465423 1412749584.29
4.10893685648 1412749585.68
4.1045440431 1412749587.05
4.10326470842 1412749588.41
4.07437186212 1412749589.79
4.08449448995 1412749591.16
4.07862079279 1412749592.55
4.09048917677 1412749593.96
4.09643854136 1412749595.34
4.08958901675 1412749596.72
4.05839762173 1412749598.17
4.04982613495 1412749599.57
4.01517870006 1412749601.0
4.01205787274 1412749602.41
4.01353950812 1412749603.8
3.99637860156 1412749605.19
3.99696618834 1412749606.62
4.00098160886 1412749608.04
4.00496424944 1412749609.41
3.98437664744 1412749610.78
3.98175873052 1412749612.21
3.96855958546 1412749613.6
3.96426935484 1412749615.0
3.96734652137 1412749616.41
3.97052309775 1412749617.82
3.95958854363 1412749619.22
3.9696030477 1412749620.63
3.96886720205 1412749622.0
3.95746994671 1412749623.42
3.96359455098 1412749624.83
3.9558139978 1412749626.19
3.93881256826 1412749627.62
3.93497814817 1412749629.02
3.93242496775 1412749630.37
3.9324218136 1412749631.75
3.93823371026 1412749633.15
3.9355063969 1412749634.56
3.93317180317 1412749635.94
3.93462679316 1412749637.36
3.9133821358 1412749638.78
3.88167837862 1412749640.16
3.87896609393 1412749641.58
3.87966556875 1412749643.01
3.87644419106 1412749644.41
3.86839538952 1412749645.84
3.8691966345 1412749647.23
3.86545189546 1412749648.61
3.8661011112 1412749649.98
3.88499368349 1412749651.38
3.88763881678 1412749652.79
3.85512105749 1412749654.17
3.85415303956 1412749655.52
3.848963243 1412749656.9
3.84898289472 1412749658.31
3.85845226072 1412749659.69
