29.7958374076 1412725803.72
30.3373924327 1412725804.06
30.547461162 1412725804.44
30.4691666228 1412725804.85
30.8619110115 1412725805.2
30.9793874489 1412725805.57
30.725772725 1412725805.92
31.0836431795 1412725806.26
31.1565179839 1412725806.62
31.0171228159 1412725806.97
30.8789197344 1412725807.3
30.7279334629 1412725807.68
30.7095760766 1412725808.05
30.8188656733 1412725808.4
30.6716093896 1412725808.75
30.7147255906 1412725809.09
30.4770474432 1412725809.44
30.5097468917 1412725809.76
30.2087879203 1412725810.1
30.1203708217 1412725810.43
29.9623102079 1412725810.78
29.9288200564 1412725811.11
29.6763384588 1412725811.47
29.4384710223 1412725811.81
28.8764273919 1412725812.16
29.3911470875 1412725812.49
28.0708257876 1412725812.86
28.4099725634 1412725813.22
28.7594512572 1412725813.56
27.612138371 1412725813.92
28.5127047934 1412725814.27
26.3080081947 1412725814.64
26.4850701554 1412725814.98
26.4998441798 1412725815.32
24.1616576611 1412725815.69
22.441931541 1412725816.02
22.9707180185 1412725816.37
22.5010624576 1412725816.7
22.113918876 1412725817.03
22.0759644874 1412725817.37
22.2878478633 1412725817.72
22.301561773 1412725818.05
22.555293072 1412725818.39
22.2028865558 1412725818.73
21.9290950379 1412725819.07
21.4451139914 1412725819.41
21.3090023084 1412725819.74
21.4579803101 1412725820.09
21.3042275983 1412725820.4
21.1298421371 1412725820.72
20.9886587717 1412725821.03
21.0320989507 1412725821.37
20.8678451245 1412725821.69
20.9426860212 1412725822.01
20.9668916415 1412725822.32
20.6752002172 1412725822.63
20.2973023167 1412725822.95
20.2642269012 1412725823.26
20.035375181 1412725823.59
20.0172842541 1412725823.88
19.8880620893 1412725824.17
19.6809601271 1412725824.48
19.2776179884 1412725824.79
19.0403334742 1412725825.13
18.8962315808 1412725825.45
18.7087407889 1412725825.74
18.78864682 1412725826.05
18.1824603118 1412725826.36
18.1837648698 1412725826.66
17.9717267648 1412725826.95
18.0249977896 1412725827.25
18.1711508077 1412725827.54
18.0162137741 1412725827.84
17.8451287301 1412725828.14
17.7245577677 1412725828.45
17.7979379221 1412725828.75
17.6194222512 1412725829.06
17.6548279772 1412725829.37
17.7451483085 1412725829.68
68.7665611677 1412725829.98
17.8684622236 1412725830.3
18.0479938945 1412725830.6
17.9334922117 1412725830.92
17.7864508261 1412725831.24
17.9103247869 1412725831.54
17.9936104112 1412725831.88
17.8674070913 1412725832.21
17.9910504688 1412725832.56
17.9422038626 1412725832.92
17.9478862171 1412725833.25
17.9143706028 1412725833.59
17.7310486067 1412725833.94
17.7392795817 1412725834.27
17.8556791245 1412725834.59
17.7318962551 1412725834.91
17.734190759 1412725835.23
17.6064109426 1412725835.55
17.5144700577 1412725835.88
17.5562641077 1412725836.19
17.5119031606 1412725836.5
17.6505979562 1412725836.81
17.7123139085 1412725837.13
17.6567517238 1412725837.45
17.8030467819 1412725837.75
17.7706804783 1412725838.06
17.8134925586 1412725838.36
17.8118434789 1412725838.76
18.1643354483 1412725839.09
18.1103220257 1412725839.4
18.0836842633 1412725839.81
18.0410455101 1412725840.16
18.0125465975 1412725840.49
18.0566981191 1412725840.8
18.468575529 1412725841.12
18.4445888156 1412725841.44
18.5930478127 1412725841.77
18.5222529491 1412725842.06
18.6768535211 1412725842.37
18.5124087373 1412725842.68
18.6741142401 1412725842.98
18.5087064026 1412725843.29
18.6576633937 1412725843.6
18.6680011025 1412725843.91
18.6391017572 1412725844.21
19.0092664742 1412725844.51
18.8211120979 1412725844.84
18.7699206289 1412725845.18
19.320536379 1412725845.51
19.3450611465 1412725845.84
19.2935781604 1412725846.19
19.4188464999 1412725846.52
19.4467400903 1412725846.87
19.5194749386 1412725847.18
19.5508049966 1412725847.52
19.4128592287 1412725847.95
19.8196984685 1412725848.32
19.6247650767 1412725848.71
19.6358405815 1412725849.15
19.8130491326 1412725849.52
19.8322222413 1412725849.86
19.8293505317 1412725850.18
19.8101313903 1412725850.61
19.80516542 1412725851.24
19.9435596675 1412725852.07
19.8265693177 1412725852.86
19.9198538268 1412725853.53
19.9968663444 1412725854.1
20.027581509 1412725854.48
19.9672282963 1412725854.83
20.1539197155 1412725855.2
20.089933936 1412725855.54
20.0301177496 1412725855.98
19.9672043731 1412725856.33
19.9887025356 1412725856.67
19.9686759328 1412725857.0
20.1484569294 1412725857.33
20.1649313593 1412725857.67
20.2523940744 1412725858.34
20.193292218 1412725858.66
20.2811491696 1412725859.0
20.2216758347 1412725859.54
20.3100620546 1412725860.12
20.3050318994 1412725860.57
20.2633524986 1412725861.03
20.335316044 1412725861.5
20.3425787613 1412725861.92
20.319477053 1412725862.32
20.3437967577 1412725862.63
20.3160130921 1412725863.12
20.3378034514 1412725863.45
20.5298959576 1412725863.86
20.5807675996 1412725864.33
20.6104034445 1412725864.71
20.570781347 1412725865.09
20.6033996391 1412725865.46
20.5596608318 1412725865.75
20.6044625207 1412725866.06
20.6820154299 1412725866.42
20.7018892433 1412725866.75
20.681860399 1412725867.07
20.7010783346 1412725867.42
20.6881481675 1412725867.81
20.5402381192 1412725868.33
20.4407300387 1412725868.81
20.4684504922 1412725869.16
20.5591620915 1412725869.58
20.6136792658 1412725869.96
20.6664191528 1412725870.29
20.6753600629 1412725870.69
20.5472433907 1412725871.05
20.7161545082 1412725871.38
20.5111545125 1412725871.72
20.7665099327 1412725872.05
20.8060598193 1412725872.35
20.7508383056 1412725872.67
20.8194865016 1412725872.97
20.7961352988 1412725873.33
20.8913322087 1412725873.67
20.9652011478 1412725873.99
21.0466724744 1412725874.31
