21.0148611899 1412745745.18
20.2153608613 1412745746.71
19.647277275 1412745748.19
18.1879526884 1412745749.69
17.0677188029 1412745751.18
16.960138586 1412745752.68
16.7011534368 1412745754.26
16.1964561937 1412745755.77
15.7017469567 1412745757.32
14.9581729054 1412745758.85
14.5151406195 1412745760.38
13.9860997896 1412745761.85
13.4556594842 1412745763.26
12.8377346935 1412745764.68
12.7112912378 1412745766.15
12.3384351566 1412745767.6
12.0302415814 1412745769.04
12.1028111385 1412745770.5
12.0898306046 1412745771.93
11.8751831909 1412745773.42
11.8208712821 1412745774.84
11.3992411184 1412745776.3
11.3635126813 1412745777.72
11.0701994307 1412745779.21
10.7568888462 1412745780.68
10.3348612758 1412745782.12
10.1744843273 1412745783.61
9.94292623132 1412745785.08
9.81455679989 1412745786.56
9.71781071504 1412745788.02
9.59109564037 1412745789.51
9.41253915125 1412745790.96
9.3674386905 1412745792.5
9.24784533458 1412745793.95
9.16315813222 1412745795.4
8.92122773057 1412745796.93
8.83100780861 1412745798.34
8.78856410673 1412745799.75
8.59110188679 1412745801.18
8.47053350865 1412745802.76
8.46208948768 1412745804.16
8.36671111241 1412745805.55
8.36266889881 1412745806.91
8.34903157177 1412745808.33
8.21940423199 1412745809.71
8.12042767901 1412745811.1
8.08134655333 1412745812.49
8.0552391397 1412745813.86
7.96626571089 1412745815.22
8.06261820646 1412745816.59
8.13933950623 1412745817.96
8.19475374844 1412745819.35
8.27345004465 1412745820.72
8.17693263253 1412745822.07
8.29698806473 1412745823.44
8.3139360239 1412745824.81
8.08267759214 1412745826.15
8.057593991 1412745827.5
8.0209387984 1412745828.85
7.93236189855 1412745830.2
7.94752510643 1412745831.53
7.91692894611 1412745832.89
7.86326446468 1412745834.24
7.92270142357 1412745835.62
7.83674226141 1412745836.96
7.8355920466 1412745838.3
7.90381920545 1412745839.66
7.81301526473 1412745841.01
7.87305340096 1412745842.39
7.9167297776 1412745843.73
7.92523677589 1412745845.11
7.79527249219 1412745846.49
7.80917420624 1412745847.9
7.77273898241 1412745849.29
7.80483759671 1412745850.64
7.81870916375 1412745851.96
7.84903745309 1412745853.31
7.87735369191 1412745854.66
7.9803137098 1412745856.08
7.81795840867 1412745857.46
7.89503579432 1412745858.83
7.83527226814 1412745860.2
7.90510299732 1412745861.53
7.83741804892 1412745862.9
7.83496626498 1412745864.25
7.71092781757 1412745865.6
7.62503423504 1412745866.97
7.68823306241 1412745868.33
7.52261080005 1412745869.68
7.61100777528 1412745871.0
7.6643196441 1412745872.36
7.46821483364 1412745873.72
7.50604920349 1412745875.11
7.43396012029 1412745876.48
7.39122132917 1412745877.88
7.37757192322 1412745879.29
7.37441479987 1412745880.64
7.22767268731 1412745882.01
7.21856343774 1412745883.38
7.18064684114 1412745884.73
7.16218258502 1412745886.09
7.13149501676 1412745887.51
7.08175852849 1412745888.89
7.04315412609 1412745890.22
6.98786431253 1412745891.58
6.98981190328 1412745892.95
7.01097374339 1412745894.32
6.92410751628 1412745895.68
6.88661167947 1412745897.01
6.93368009076 1412745898.36
6.88387573897 1412745899.73
6.89994638504 1412745901.13
7.00344686968 1412745902.52
6.88466996131 1412745903.94
6.8606311761 1412745905.32
6.87797092718 1412745906.72
6.89128384529 1412745908.15
6.87426100114 1412745909.51
6.88752994008 1412745910.89
6.81892822772 1412745912.33
6.80799160952 1412745913.68
6.68569366083 1412745915.08
6.63931449127 1412745916.51
6.63397605867 1412745917.9
6.69319570277 1412745919.32
6.61321112395 1412745920.63
6.60278530074 1412745922.02
6.55859661904 1412745923.36
6.61264700114 1412745924.77
6.59057675812 1412745926.18
6.58431190217 1412745927.57
6.58827626482 1412745928.97
6.57333569956 1412745930.4
6.57569726296 1412745931.82
6.55767103803 1412745933.22
6.56944755351 1412745934.59
6.5566683437 1412745936.01
6.47636881045 1412745937.42
6.40776609462 1412745938.8
6.38693227473 1412745940.19
6.39302926827 1412745941.6
6.35239281974 1412745943.01
6.3751682151 1412745944.39
6.35775645011 1412745945.76
6.346106641 1412745947.15
6.34204045801 1412745948.51
6.36057490197 1412745949.84
6.33111055638 1412745951.24
6.3604678721 1412745952.6
6.31840337255 1412745954.0
6.29433695792 1412745955.36
6.25119853157 1412745956.74
6.34151883647 1412745958.09
6.30134788417 1412745959.5
6.32319907717 1412745960.84
6.31096509056 1412745962.24
6.23921361525 1412745963.63
6.1959269268 1412745965.02
6.14251446197 1412745966.41
6.11701126676 1412745967.78
6.10401770899 1412745969.17
6.09648539527 1412745970.54
6.10160358643 1412745971.92
6.09609365521 1412745973.27
6.09558191265 1412745974.67
6.07672842419 1412745976.0
6.01694900008 1412745977.37
6.10598626466 1412745978.75
6.16013387103 1412745980.11
6.19472064785 1412745981.46
6.07301951418 1412745982.82
6.05560382025 1412745984.19
6.05037918862 1412745985.56
6.04105811974 1412745986.94
5.97162221169 1412745988.33
5.96024264697 1412745989.69
5.92008669042 1412745991.09
5.9056729963 1412745992.48
5.86165436282 1412745993.85
5.86476565195 1412745995.23
5.94272313792 1412745996.57
5.90785795908 1412745997.97
5.91116526474 1412745999.35
5.91893315108 1412746000.74
5.8928012615 1412746002.09
5.79142684576 1412746003.43
5.83820147296 1412746004.79
5.82577591983 1412746006.19
5.89367321919 1412746007.56
5.90392072914 1412746008.97
5.82426120397 1412746010.31
5.80365429195 1412746011.68
5.93652492621 1412746013.07
5.92689625785 1412746014.46
5.98587554846 1412746015.84
5.96211028939 1412746017.21
5.91587137825 1412746018.57
5.90150444113 1412746019.92
5.89488433565 1412746021.22
5.86366226942 1412746022.57
