11.7416543064 1412723894.13
11.8995925107 1412723894.41
11.6797567795 1412723894.69
11.5838354053 1412723894.96
11.60928123 1412723895.23
12.2826891799 1412723895.52
12.1402257655 1412723895.8
11.8325051821 1412723896.09
11.7096563456 1412723896.37
11.8021294533 1412723896.66
11.6863400424 1412723896.94
11.4587924605 1412723897.19
11.3978098721 1412723897.48
11.4843567717 1412723897.75
11.4556972687 1412723898.03
10.9152808603 1412723898.3
11.1228061938 1412723898.54
11.0916032334 1412723898.8
11.0461258001 1412723899.06
11.3765868326 1412723899.32
11.3379178545 1412723899.58
11.3782954497 1412723899.84
11.1208678362 1412723900.1
11.0754200744 1412723900.36
11.1424454433 1412723900.65
11.0550034541 1412723900.9
10.9782396883 1412723901.16
10.8230920392 1412723901.4
10.7735308904 1412723901.65
10.6670808874 1412723901.93
10.7545576191 1412723902.19
10.6759561135 1412723902.45
10.6880823228 1412723902.74
10.7316741866 1412723903.02
10.6830567214 1412723903.29
10.4828372031 1412723903.57
10.3672209761 1412723903.82
10.3330480998 1412723904.17
10.068187989 1412723904.48
10.0207104437 1412723904.72
9.79424780158 1412723904.97
9.60905800754 1412723905.24
9.50198933897 1412723905.51
9.3422623842 1412723905.76
9.1133194839 1412723906.04
9.06750576905 1412723906.3
9.0120188203 1412723906.55
8.9325076394 1412723906.81
8.86820347558 1412723907.07
8.86847437771 1412723907.33
8.82976000887 1412723907.61
8.69669284483 1412723907.85
8.61034555769 1412723908.12
8.49238177866 1412723908.37
8.47145723534 1412723908.63
8.44309893081 1412723908.91
8.47631315109 1412723909.22
8.18609407538 1412723909.56
8.10697191112 1412723909.86
8.06587192925 1412723910.11
7.92067322359 1412723910.39
7.92758633489 1412723910.68
7.85379125372 1412723910.95
7.83251704722 1412723911.25
7.85375530274 1412723911.53
7.75870167481 1412723911.82
7.63205499923 1412723912.12
7.66112668965 1412723912.44
7.54381377499 1412723912.7
7.36561195202 1412723912.99
7.07612808857 1412723913.25
7.4002242787 1412723913.51
7.19457302697 1412723913.75
7.07356517937 1412723914.0
7.3216241247 1412723914.27
7.11038635455 1412723914.51
7.1936806303 1412723914.79
6.99525755145 1412723915.06
6.99004852764 1412723915.31
6.89678501021 1412723915.58
6.97519990993 1412723915.86
6.95784678562 1412723916.11
6.999462953 1412723916.36
6.96752380874 1412723916.6
6.85965423912 1412723916.86
6.82603958259 1412723917.08
6.79640947372 1412723917.34
6.84733481872 1412723917.61
6.75875985501 1412723917.85
6.77722335151 1412723918.15
6.72671755531 1412723918.47
6.72150366136 1412723918.75
6.77520618713 1412723919.01
6.70805156937 1412723919.26
6.6276157187 1412723919.53
6.55200669178 1412723919.82
6.55988886329 1412723920.06
6.64333289752 1412723920.31
6.67279106709 1412723920.58
6.60336127518 1412723920.86
6.6307624482 1412723921.15
6.5918720446 1412723921.41
6.62099852687 1412723921.65
6.56509075064 1412723921.91
6.60555275017 1412723922.2
6.5859667491 1412723922.44
6.62768919677 1412723922.7
6.65035897377 1412723922.95
6.67340706732 1412723923.2
6.70207124501 1412723923.44
6.65060636476 1412723923.71
6.70073397327 1412723923.98
6.5702585302 1412723924.22
6.56232281358 1412723924.48
6.43474353519 1412723924.74
6.47392000801 1412723925.01
6.50666139767 1412723925.29
6.48418206522 1412723925.54
6.51500748907 1412723925.79
6.55708630967 1412723926.06
6.51938915038 1412723926.3
6.58125599948 1412723926.55
6.65316097283 1412723926.78
6.63589127239 1412723927.06
6.60169246949 1412723927.3
6.52456051889 1412723927.51
6.56825130637 1412723927.77
6.54436558639 1412723928.03
6.45881851401 1412723928.28
6.45337176279 1412723928.52
6.42951426579 1412723928.77
6.40980434419 1412723929.03
6.36754027217 1412723929.29
6.39438073084 1412723929.57
6.48754664572 1412723929.82
6.45451915136 1412723930.1
6.52954026402 1412723930.35
6.45080748734 1412723930.61
6.49560539965 1412723930.89
6.50121972048 1412723931.13
6.57398097603 1412723931.38
6.56137078265 1412723931.61
6.56394515709 1412723931.87
6.5810130755 1412723932.15
6.57227786148 1412723932.43
6.5631257835 1412723932.69
6.54953980766 1412723932.96
6.54214367459 1412723933.18
6.53495366147 1412723933.44
6.57612749106 1412723933.68
6.57531441186 1412723933.96
6.57241602964 1412723934.24
6.63184872106 1412723934.51
6.52214950596 1412723934.77
6.46393319361 1412723935.04
6.45915928935 1412723935.33
6.45918471817 1412723935.6
6.39804822698 1412723935.89
6.41400770241 1412723936.15
6.41593069695 1412723936.43
6.4288798554 1412723936.69
6.445216503 1412723936.98
6.43024591389 1412723937.27
6.34825744761 1412723937.54
6.257832482 1412723937.81
6.26130113196 1412723938.1
6.25844417348 1412723938.35
6.26166091066 1412723938.61
6.26466627433 1412723938.89
6.28077908166 1412723939.15
6.28371385991 1412723939.43
6.28305868044 1412723939.71
6.28554580433 1412723939.96
6.28768222182 1412723940.24
6.28943009869 1412723940.48
6.30132441018 1412723940.77
6.25625523273 1412723941.04
6.01449490035 1412723941.33
6.0079182246 1412723941.61
6.01779569804 1412723941.89
6.09079447104 1412723942.16
6.08368818657 1412723942.43
6.06929584733 1412723942.72
6.0826232487 1412723942.99
6.05549339673 1412723943.27
6.06906102767 1412723943.52
6.03362687627 1412723943.78
6.04602907573 1412723944.05
6.01986602649 1412723944.32
6.03025875943 1412723944.59
6.03952175365 1412723944.87
6.04766140217 1412723945.16
6.06096204139 1412723945.42
6.07123051598 1412723945.72
6.07826283143 1412723945.98
6.02993224486 1412723946.27
6.02068258877 1412723946.54
6.01726367671 1412723946.84
6.0311349996 1412723947.11
6.05423168836 1412723947.39
