8.19848638403 1412721921.57
8.01205677128 1412721921.66
7.56984871472 1412721921.76
7.2351556113 1412721921.86
7.10881657665 1412721921.97
6.90785749348 1412721922.07
6.91810482477 1412721922.18
6.74093313074 1412721922.29
6.54490871462 1412721922.46
6.28678470501 1412721922.56
6.2095735759 1412721922.64
6.12376954082 1412721922.73
5.98702042335 1412721922.83
5.96505957864 1412721922.92
6.06817944285 1412721923.01
6.30865613347 1412721923.11
6.62059540894 1412721923.22
6.9060097382 1412721923.33
7.06517848381 1412721923.42
7.37142432864 1412721923.53
7.64591498997 1412721923.64
7.91140542262 1412721923.75
8.02450173176 1412721923.84
8.16585448382 1412721923.93
8.27775372528 1412721924.01
8.25700788803 1412721924.12
8.22835769286 1412721924.23
8.12822511456 1412721924.36
8.05365357797 1412721924.46
8.01120544342 1412721924.56
7.92466430136 1412721924.66
7.82855664372 1412721924.76
7.76199335576 1412721924.87
7.66172847564 1412721924.97
7.52262351663 1412721925.05
7.50703839492 1412721925.15
7.21686826212 1412721925.25
7.06396239517 1412721925.33
7.08311748598 1412721925.41
7.07374683787 1412721925.49
6.92618713234 1412721925.58
6.97977268055 1412721925.66
7.17552830995 1412721925.74
6.96032710229 1412721925.81
6.73545477641 1412721925.9
6.82377548575 1412721925.99
6.9305287567 1412721926.08
6.83672783064 1412721926.23
6.93531150654 1412721926.5
6.84742946796 1412721926.64
6.77583909612 1412721926.77
6.89231817206 1412721926.91
6.92563256768 1412721927.01
6.8761506353 1412721927.13
6.83236281906 1412721927.22
6.81421953932 1412721927.34
6.72105501087 1412721927.47
6.65000953154 1412721927.57
6.60463295318 1412721927.67
6.74728353335 1412721927.76
6.67009044102 1412721927.87
6.82616156347 1412721927.98
6.72176363999 1412721928.08
6.82428071912 1412721928.17
6.76814046155 1412721928.28
6.86781658656 1412721928.47
6.65139122116 1412721928.58
6.61636398315 1412721928.65
6.55282201552 1412721928.75
6.65983717496 1412721928.83
6.5970007393 1412721928.92
6.54010481302 1412721929.02
6.62882038064 1412721929.14
6.59787479905 1412721929.24
6.52792245199 1412721929.37
6.6283109127 1412721929.47
6.74193845102 1412721929.61
6.6495427639 1412721929.7
6.7520140725 1412721929.79
6.74453161031 1412721929.89
6.84631816925 1412721930.01
6.78239692728 1412721930.12
6.88226837823 1412721930.23
6.82269949097 1412721930.37
6.75935891464 1412721930.47
6.70643366421 1412721930.64
6.79768172734 1412721930.76
6.56568885462 1412721930.89
6.51998107494 1412721931.05
6.60306060631 1412721931.19
6.55200481262 1412721931.33
6.61774551735 1412721931.46
6.57736564622 1412721931.57
6.53129525593 1412721931.72
6.61545030212 1412721931.83
6.64601218921 1412721931.94
6.59437324988 1412721932.03
6.53118604504 1412721932.13
6.62696482485 1412721932.21
6.56709229107 1412721932.33
6.62584548024 1412721932.48
6.65070130072 1412721932.6
6.51770374622 1412721932.71
6.59561564386 1412721932.8
6.52921788346 1412721932.94
6.62746752472 1412721933.03
6.56462068427 1412721933.12
6.63590892371 1412721933.22
6.56030436374 1412721933.32
6.65652166819 1412721933.42
6.60068791872 1412721933.55
6.30510272319 1412721933.75
6.38208577436 1412721933.87
6.34485775075 1412721934.04
6.3021812936 1412721934.18
6.19350895378 1412721934.39
6.15368811926 1412721934.51
6.03929080095 1412721934.63
6.10987821246 1412721934.74
6.12677829247 1412721934.85
6.08595587559 1412721934.97
6.05239792317 1412721935.09
6.12318151368 1412721935.22
6.09148591618 1412721935.33
6.03082961739 1412721935.46
6.13437121349 1412721935.57
6.10150660871 1412721935.68
6.17225381943 1412721935.79
6.14123975292 1412721935.91
6.12955680794 1412721936.02
6.1663387959 1412721936.16
6.10807733828 1412721936.29
6.19038119354 1412721936.43
6.12724791266 1412721936.55
6.19871144589 1412721936.66
6.17895208851 1412721936.75
6.20803365965 1412721936.86
6.19176313721 1412721936.99
6.16973423346 1412721937.08
6.12973949222 1412721937.17
6.09587866878 1412721937.26
6.18399536704 1412721937.35
6.1527553409 1412721937.47
6.23908013694 1412721937.55
6.21050357285 1412721937.65
6.17766127701 1412721937.73
6.38518447233 1412721937.81
6.35376174697 1412721937.92
6.14897115202 1412721938.02
6.25122468027 1412721938.12
6.20008112805 1412721938.22
6.03177549009 1412721938.32
6.04295905341 1412721938.45
6.08523680644 1412721938.55
6.04250686432 1412721938.65
6.05440974959 1412721938.74
6.14090911027 1412721938.82
6.10990995309 1412721938.96
6.11493211171 1412721939.06
6.20354160798 1412721939.15
6.16888706481 1412721939.23
6.1300149084 1412721939.32
6.27516324785 1412721939.41
6.23892102214 1412721939.5
6.1652656255 1412721939.6
6.29192955638 1412721939.69
6.22306089931 1412721939.77
6.26188580523 1412721939.85
6.1825560765 1412721939.96
6.16212827852 1412721940.07
6.24486152416 1412721940.19
6.32460883092 1412721940.31
6.34384232501 1412721940.42
6.31239885447 1412721940.51
6.255257742 1412721940.6
6.37446374841 1412721940.69
6.34083652595 1412721940.78
6.27839279568 1412721940.87
6.40443717501 1412721940.97
6.3481661314 1412721941.06
6.33075778611 1412721941.17
6.39339739323 1412721941.29
6.25443554933 1412721941.39
6.34527448569 1412721941.47
6.34626298058 1412721941.57
6.30134628838 1412721941.67
6.39560849013 1412721941.78
6.35214137608 1412721941.93
5.76446333923 1412721942.06
5.72792395883 1412721942.19
5.71853651291 1412721942.33
5.68514070773 1412721942.46
5.6496880277 1412721942.58
5.70956795678 1412721942.69
5.67482009474 1412721942.81
5.62340931086 1412721942.92
5.68475927539 1412721943.03
5.64846250835 1412721943.15
5.71061830904 1412721943.29
5.67500507661 1412721943.4
