2.90477004835 1412721615.53
3.02594236976 1412721615.63
3.04978769413 1412721615.75
3.13982212781 1412721615.84
3.50247837259 1412721615.95
3.82040177662 1412721616.06
4.39493454229 1412721616.16
4.64949220903 1412721616.26
5.12880388812 1412721616.39
5.47598278955 1412721616.47
5.68759298077 1412721616.57
5.92480247988 1412721616.65
6.22361460934 1412721616.76
6.36931849705 1412721616.84
6.50893565811 1412721616.95
6.68245972117 1412721617.06
6.85038853211 1412721617.16
7.01536874569 1412721617.26
7.0257475525 1412721617.34
7.09451359006 1412721617.44
7.20472282199 1412721617.55
7.07711814427 1412721617.65
7.16272898527 1412721617.74
7.19022572529 1412721617.83
7.29543018156 1412721617.92
7.35958833483 1412721618.01
7.35775309019 1412721618.09
7.39114315098 1412721618.18
7.21595459331 1412721618.28
7.20171843998 1412721618.38
7.17758845411 1412721618.46
7.14232375163 1412721618.54
7.11345591421 1412721618.63
6.78681028037 1412721618.72
6.79681425821 1412721618.82
6.75832628253 1412721618.9
6.68049593562 1412721618.99
6.65374305872 1412721619.09
6.617820426 1412721619.18
6.58506496663 1412721619.26
6.55273456236 1412721619.35
6.32597269213 1412721619.44
6.3146793658 1412721619.51
6.28932154132 1412721619.63
6.26433254087 1412721619.72
6.23979204167 1412721619.8
6.0906509406 1412721619.9
5.99120024048 1412721619.98
5.8562412181 1412721620.07
5.84793160872 1412721620.15
5.82943267684 1412721620.24
5.81135193307 1412721620.35
5.79352418374 1412721620.5
5.78077970817 1412721620.66
5.7634028926 1412721620.78
5.74647799839 1412721620.9
5.69204370039 1412721621.02
5.78800775007 1412721621.11
5.77368138822 1412721621.21
5.75968863298 1412721621.31
5.71975986196 1412721621.39
5.70738234527 1412721621.47
5.69524708556 1412721621.56
5.6833567108 1412721621.64
5.67174765487 1412721621.75
5.66031574832 1412721621.84
5.6492042556 1412721621.92
5.63836300024 1412721622.02
5.62767110152 1412721622.1
5.48396376783 1412721622.18
5.44779075259 1412721622.26
5.43774052119 1412721622.37
5.4277050022 1412721622.45
5.58441550921 1412721622.53
5.40747489462 1412721622.62
5.52817618776 1412721622.73
5.52039480339 1412721622.81
5.51254861599 1412721622.9
5.50481847549 1412721622.99
5.49700453027 1412721623.07
5.48928732467 1412721623.14
5.50384480974 1412721623.23
5.45657145696 1412721623.35
5.44975523958 1412721623.43
5.28492922892 1412721623.55
5.27559575105 1412721623.62
5.2662318068 1412721623.71
5.17487371157 1412721623.78
5.16669061655 1412721623.86
5.15849138385 1412721623.94
5.18464828892 1412721624.03
5.13702886517 1412721624.11
5.12914704486 1412721624.19
5.12131443612 1412721624.29
5.11356983428 1412721624.39
5.10573424091 1412721624.47
5.09799922309 1412721624.55
5.09021430265 1412721624.64
5.08252642298 1412721624.71
5.11301339988 1412721624.81
5.06456106322 1412721624.89
5.0569907176 1412721624.97
5.0494050151 1412721625.05
5.06596496041 1412721625.14
5.05658386721 1412721625.23
5.02328002174 1412721625.35
5.04029984129 1412721625.45
5.03108644998 1412721625.53
5.02201553435 1412721625.6
5.01319692627 1412721625.69
5.03987569832 1412721625.77
4.92616808468 1412721625.85
4.88936525522 1412721625.94
4.87999194484 1412721626.04
4.87122186108 1412721626.12
4.86219419186 1412721626.21
4.8534810577 1412721626.32
4.84532261472 1412721626.41
4.83683638148 1412721626.48
4.82863852896 1412721626.61
4.70500649397 1412721626.7
4.695688413 1412721626.79
4.68656023666 1412721626.88
4.67816063092 1412721626.95
4.64563766417 1412721627.04
4.63747927587 1412721627.14
4.51902610654 1412721627.22
4.51320081011 1412721627.36
4.50751899262 1412721627.44
4.50243579649 1412721627.53
4.49697723839 1412721627.61
4.49164885067 1412721627.68
4.48688472071 1412721627.76
4.48169854164 1412721627.85
4.47707849655 1412721627.93
4.46241299875 1412721628.02
4.45804496415 1412721628.11
4.31241411785 1412721628.2
4.30636582968 1412721628.3
4.30045186123 1412721628.4
4.29498237731 1412721628.47
4.28923958067 1412721628.57
4.28367390466 1412721628.64
4.27818282287 1412721628.73
4.27870097077 1412721628.82
4.27321664644 1412721628.92
4.26777415377 1412721629.01
4.26237677166 1412721629.1
4.25715053861 1412721629.19
4.25236383881 1412721629.28
4.24741042864 1412721629.39
4.24240881976 1412721629.48
4.23758337033 1412721629.57
4.23283519626 1412721629.65
4.18942351278 1412721629.73
4.18356554258 1412721629.81
4.17773945773 1412721629.9
4.17187967507 1412721629.97
4.16616310193 1412721630.06
4.16040496888 1412721630.14
4.15464652839 1412721630.23
4.14892895355 1412721630.34
4.14326178269 1412721630.42
4.13760380556 1412721630.52
4.13195326459 1412721630.61
4.12637235152 1412721630.68
4.12072585471 1412721630.77
4.11521775764 1412721630.86
4.10966988815 1412721630.95
4.10410032583 1412721631.03
4.09984648492 1412721631.12
4.09425790924 1412721631.21
4.08876167134 1412721631.31
4.08318951819 1412721631.41
4.07770545358 1412721631.5
3.97268394591 1412721631.57
3.9677996515 1412721631.66
3.96301453552 1412721631.75
3.91890536643 1412721631.83
3.91418018351 1412721631.91
3.90948451639 1412721632.04
3.90474710499 1412721632.13
3.89999776096 1412721632.23
3.9524430562 1412721632.35
3.94494168392 1412721632.44
3.93754537942 1412721632.53
3.93020043347 1412721632.63
3.92289652846 1412721632.72
3.91556541081 1412721632.8
4.01812986787 1412721632.9
3.93164063236 1412721632.98
3.92502237122 1412721633.06
3.91809623769 1412721633.15
3.91138675338 1412721633.24
3.90473694015 1412721633.34
3.8982647221 1412721633.43
3.89189519084 1412721633.53
3.88567536409 1412721633.62
3.87962028898 1412721633.7
3.87359039396 1412721633.79
