8.74182577613 1412724928.44
8.57558729381 1412724928.7
8.45325437941 1412724928.96
8.12440824305 1412724929.23
7.96156716379 1412724929.48
7.60480003364 1412724929.73
7.15930076653 1412724929.99
6.88120123617 1412724930.27
6.73579427851 1412724930.54
6.57487955929 1412724930.81
6.61211849722 1412724931.09
6.4971730372 1412724931.35
6.40273621013 1412724931.61
6.2014829585 1412724931.89
5.95729535332 1412724932.16
5.82507120128 1412724932.42
5.70769692732 1412724932.7
5.69340112946 1412724932.99
5.56631255998 1412724933.28
5.616407232 1412724933.59
5.33716194036 1412724933.86
5.2959475093 1412724934.18
4.98598686505 1412724934.52
5.06729722429 1412724934.89
4.89672412376 1412724935.16
4.89010757072 1412724935.48
4.80339871047 1412724935.76
4.75359164347 1412724936.05
4.65554908152 1412724936.35
4.47032646358 1412724936.66
4.50756821498 1412724937.02
4.52346994286 1412724937.49
4.45218754264 1412724937.89
4.14861935835 1412724938.31
4.23261883239 1412724938.7
4.17096937269 1412724939.0
4.08956855993 1412724939.35
4.1902844569 1412724939.67
4.13514863892 1412724939.94
4.1598979531 1412724940.23
4.15118615879 1412724940.51
4.03827887793 1412724940.81
4.16964085632 1412724941.1
4.08843213078 1412724941.37
4.07967382563 1412724941.78
4.1060535764 1412724942.15
4.10517865213 1412724942.5
4.13871131408 1412724942.81
4.11130913777 1412724943.11
4.00572105982 1412724943.39
4.00118415107 1412724943.68
4.00219817497 1412724943.95
4.05976001396 1412724944.23
4.08783493656 1412724944.53
3.91887872099 1412724944.82
3.89740205946 1412724945.12
3.89399588494 1412724945.39
3.85158519333 1412724945.68
3.81456800591 1412724945.98
3.99525744494 1412724946.27
3.90487560966 1412724946.56
3.85459575626 1412724946.88
3.79173037782 1412724947.19
3.77766437758 1412724947.51
3.72172939343 1412724947.82
3.58098216367 1412724948.15
3.6049019827 1412724948.51
3.57061765596 1412724948.84
3.53639737956 1412724949.23
3.54265615093 1412724949.59
3.37219749961 1412724949.87
3.38591245771 1412724950.17
3.37244647436 1412724950.52
3.3654868585 1412724950.88
3.31501111079 1412724951.19
3.33722011099 1412724951.49
3.34745655806 1412724951.82
3.46291890181 1412724952.1
3.46917084036 1412724952.4
3.43004759754 1412724952.72
3.29303581986 1412724953.03
3.30409576306 1412724953.33
3.43180850361 1412724953.63
3.41654271143 1412724953.93
3.39613710948 1412724954.22
3.35652520855 1412724954.52
3.36902971836 1412724954.8
3.33695851875 1412724955.09
3.3703369596 1412724955.37
3.35956496367 1412724955.69
3.40992557874 1412724956.02
3.40020233546 1412724956.38
3.3616259665 1412724956.72
3.29266271596 1412724957.05
3.3501049963 1412724957.44
3.33595334776 1412724957.8
3.31910959702 1412724958.18
3.29267412663 1412724958.52
3.30742829357 1412724958.87
3.327547795 1412724959.23
3.27168347209 1412724959.62
3.29615993096 1412724959.95
3.28159160496 1412724960.27
3.18803067487 1412724960.57
3.17481402072 1412724960.84
3.19125940659 1412724961.14
3.16287829923 1412724961.44
3.17946967839 1412724961.8
3.18634149854 1412724962.08
3.12283194908 1412724962.43
3.1086478847 1412724962.85
3.11731862439 1412724963.21
3.10460864481 1412724963.53
3.12256585005 1412724963.93
3.11074576699 1412724964.41
3.12397764984 1412724964.92
3.11122840029 1412724965.47
3.0984251841 1412724965.95
3.04473488103 1412724966.33
3.04782231109 1412724966.69
3.05090359539 1412724967.07
3.07006355097 1412724967.45
3.07905998806 1412724967.84
3.04319034381 1412724968.2
3.01568947889 1412724968.53
3.0594942189 1412724968.8
3.06313398013 1412724969.15
3.06675565765 1412724969.48
3.07036570337 1412724969.8
3.05762970991 1412724970.07
3.08836316358 1412724970.45
3.14991030213 1412724970.75
3.17931633675 1412724971.03
3.06938305878 1412724971.35
3.0859746142 1412724971.65
3.08941576217 1412724971.97
3.05016233926 1412724972.34
3.08157389569 1412724972.64
3.04227050679 1412724972.94
3.07404461775 1412724973.31
3.03463632616 1412724973.71
3.04692065521 1412724974.09
3.10528456588 1412724974.47
3.10949219479 1412724974.82
3.08076779424 1412724975.22
3.08505850469 1412724975.7
3.08938559199 1412724976.08
3.09393965192 1412724976.43
3.09816711871 1412724976.77
3.02786906839 1412724977.13
3.01833366509 1412724977.48
3.0825448135 1412724977.83
3.01375604652 1412724978.22
3.00441254116 1412724978.59
2.99499253701 1412724978.92
3.08369256439 1412724979.28
3.01551250477 1412724979.68
3.05583677551 1412724980.01
3.02079031988 1412724980.36
3.02157211404 1412724980.71
3.00995894902 1412724981.07
2.99843676362 1412724981.46
3.03383251844 1412724981.85
2.95559930806 1412724982.22
2.94591492736 1412724982.57
2.93619398421 1412724982.91
2.92649380491 1412724983.29
3.00582417044 1412724983.64
3.00193741762 1412724983.99
2.99027312154 1412724984.33
2.92845439628 1412724984.69
2.94886862802 1412724985.04
2.93947256216 1412724985.38
2.93010385493 1412724985.73
2.92068409217 1412724986.08
2.92901671968 1412724986.44
2.92012216805 1412724986.79
2.95530419696 1412724987.15
2.9454027438 1412724987.49
3.01151495894 1412724987.87
3.05398983025 1412724988.22
3.05075961708 1412724988.56
2.93253380445 1412724988.94
2.99808888092 1412724989.28
2.99684934607 1412724989.65
2.98818804872 1412724990.0
2.97953732293 1412724990.36
3.03408420442 1412724990.72
3.01460153234 1412724991.06
3.01596653966 1412724991.41
3.01049563582 1412724991.78
2.98711658718 1412724992.13
2.94339150217 1412724992.48
2.97982456476 1412724992.82
2.97196739742 1412724993.17
2.9886554189 1412724993.5
2.9802022287 1412724993.79
2.95887164853 1412724994.07
2.9512863975 1412724994.37
2.96932769099 1412724994.69
