31.0988420224 1412726004.61
31.535338136 1412726004.94
31.1398417366 1412726005.25
30.7412726109 1412726005.57
30.2265982713 1412726005.89
29.4013992175 1412726006.21
28.3308075671 1412726006.56
27.0473343352 1412726006.87
25.8519543065 1412726007.2
24.6862524506 1412726007.51
23.9430973078 1412726007.83
24.1716253168 1412726008.16
23.6627173552 1412726008.49
22.8609575134 1412726008.79
22.3739987221 1412726009.11
21.7629129272 1412726009.45
21.1797268979 1412726009.77
20.6319993594 1412726010.09
20.5645843753 1412726010.4
19.9125994079 1412726010.72
19.4509467002 1412726011.03
19.5960792545 1412726011.35
19.550861278 1412726011.69
19.6522437381 1412726012.0
19.6326558087 1412726012.31
19.3728383011 1412726012.63
19.0023798636 1412726012.93
18.7014153387 1412726013.24
18.238917684 1412726013.55
17.8667827127 1412726013.85
17.7122854356 1412726014.15
17.7920402108 1412726014.47
17.6434981077 1412726014.77
17.7463484951 1412726015.12
17.8726971513 1412726015.42
17.8567963204 1412726015.78
17.9382273322 1412726016.12
17.8356841099 1412726016.45
17.8034095753 1412726016.75
17.7732862112 1412726017.06
17.6729046801 1412726017.39
17.7274874379 1412726017.71
17.7735292604 1412726018.02
17.704178379 1412726018.32
17.6402231664 1412726018.64
17.4789987779 1412726018.93
17.4045497044 1412726019.22
17.3899400312 1412726019.51
17.307953637 1412726019.81
17.4244982613 1412726020.1
17.1442342623 1412726020.37
17.0664308931 1412726020.66
16.7298189794 1412726020.94
16.773847314 1412726021.23
16.6755351383 1412726021.62
16.6488357836 1412726021.95
16.4149197051 1412726022.23
16.5105531 1412726022.54
16.6611459991 1412726022.85
16.7023106471 1412726023.14
16.7490146094 1412726023.46
16.7498730629 1412726023.78
16.868959928 1412726024.11
16.7251248561 1412726024.42
16.8814366626 1412726024.74
16.6872372548 1412726025.06
16.7099706999 1412726025.37
16.6335455928 1412726025.68
16.6270291335 1412726026.02
16.7022273179 1412726026.35
16.6471387686 1412726026.66
16.6733859968 1412726026.98
16.5597202001 1412726027.3
16.63856573 1412726027.61
16.5426194752 1412726027.92
16.6197156416 1412726028.24
16.6861389037 1412726028.68
16.5017391711 1412726029.01
16.5774054543 1412726029.34
16.5409454094 1412726029.67
16.5288746876 1412726030.04
16.5463881361 1412726030.33
16.5811018309 1412726030.69
16.4002861864 1412726031.02
16.5362008296 1412726031.38
16.5282161895 1412726031.72
16.4592655837 1412726032.02
16.5160152215 1412726032.38
16.4065718809 1412726032.7
16.4282613289 1412726033.03
16.3557425341 1412726033.37
16.4961839504 1412726033.72
16.4726811196 1412726034.05
16.3683432746 1412726034.36
16.3667002144 1412726034.68
16.3423110762 1412726035.0
16.2461641164 1412726035.31
16.2957960646 1412726035.64
16.1991065167 1412726035.96
16.2485644206 1412726036.28
16.2160725747 1412726036.59
15.9698377649 1412726036.91
16.0701495736 1412726037.2
16.025323392 1412726037.52
15.994714473 1412726037.84
15.9533770299 1412726038.15
15.8478446055 1412726038.43
15.6722475405 1412726038.75
15.5096563876 1412726039.06
15.4647854513 1412726039.36
15.333716088 1412726039.68
15.3455253541 1412726039.99
15.2717833304 1412726040.31
15.2195670328 1412726040.62
15.1445737223 1412726040.93
15.0482323684 1412726041.25
14.9820542598 1412726041.57
14.986959675 1412726041.89
14.9534865433 1412726042.21
14.8535383059 1412726042.57
14.8240560858 1412726042.88
14.8518758579 1412726043.19
14.8039699391 1412726043.5
14.6901404768 1412726043.83
14.749179962 1412726044.16
14.6994876492 1412726044.5
14.6719510046 1412726044.84
14.3683489075 1412726045.16
14.2809784719 1412726045.51
14.1699067762 1412726045.84
13.9254030244 1412726046.2
13.84710028 1412726046.58
13.7896500558 1412726046.92
13.6718614657 1412726047.29
13.6415714903 1412726047.63
13.7048476237 1412726047.98
13.77555181 1412726048.34
13.7706682194 1412726048.73
13.5801868734 1412726049.08
13.5092763093 1412726049.45
13.4865763444 1412726049.81
13.2757224562 1412726050.17
13.1915830856 1412726050.53
13.1622409007 1412726050.88
13.1664410515 1412726051.23
13.147983637 1412726051.59
13.0769097759 1412726051.93
13.097746459 1412726052.3
13.1750189459 1412726052.69
12.9962858883 1412726053.03
12.9710962432 1412726053.36
13.0100018919 1412726053.69
12.847840822 1412726054.04
12.8708560652 1412726054.38
12.78105045 1412726054.73
12.6874373614 1412726055.08
12.5627228916 1412726055.4
12.5641443148 1412726055.75
12.5294013823 1412726056.11
12.3278830352 1412726056.48
12.3741750468 1412726056.82
12.2609501718 1412726057.18
12.1418775243 1412726057.54
12.1799488001 1412726057.9
12.1913536555 1412726058.27
12.1229173359 1412726058.62
12.1457353546 1412726059.01
12.1259987134 1412726059.39
12.0585722377 1412726059.78
11.9121472165 1412726060.18
11.9106835339 1412726060.56
11.8126209368 1412726060.93
11.6877930463 1412726061.31
11.7221756711 1412726061.7
11.6626338524 1412726062.05
11.7360653055 1412726062.41
11.65941827 1412726062.77
11.821641284 1412726063.11
11.7766428051 1412726063.48
11.9455189788 1412726063.85
11.9014818511 1412726064.2
11.9485920941 1412726064.55
11.8894643835 1412726064.91
11.9111330458 1412726065.26
11.8526754846 1412726065.63
11.6978033336 1412726065.99
11.6576463779 1412726066.36
11.6710611477 1412726066.73
11.5874434954 1412726067.09
11.4097609499 1412726067.46
11.4673980966 1412726067.83
11.5004434197 1412726068.21
11.4971648597 1412726068.6
11.5620199339 1412726068.96
11.5583820682 1412726069.34
11.476093892 1412726069.68
11.333081327 1412726070.03
11.3589368184 1412726070.4
11.4862100545 1412726070.77
11.2355677223 1412726071.12
