18.2410944993 1412724147.05
18.0308257496 1412724147.38
18.0071958335 1412724147.66
18.0551509231 1412724147.93
18.0627162276 1412724148.18
18.0900318919 1412724148.45
17.820096418 1412724148.81
17.7157187376 1412724149.12
17.6966503145 1412724149.4
17.5465903694 1412724149.67
17.5137029189 1412724149.95
17.3130211093 1412724150.23
17.2478469949 1412724150.49
16.8805215845 1412724150.82
16.5685198369 1412724151.09
16.368576447 1412724151.36
16.1164507276 1412724151.67
15.9654294935 1412724151.96
15.6996758054 1412724152.24
15.6164502062 1412724152.58
15.1023684929 1412724152.94
14.9350711065 1412724153.3
14.5714276528 1412724153.57
14.296357746 1412724153.88
14.2472206846 1412724154.15
14.0466762578 1412724154.46
14.3204720209 1412724154.75
14.2008199334 1412724155.04
13.9996293772 1412724155.3
13.9788703609 1412724155.56
13.8033307048 1412724155.82
13.8438405686 1412724156.07
13.5283771076 1412724156.35
13.3038075667 1412724156.63
12.8624879964 1412724156.88
12.6342525434 1412724157.14
12.5238274459 1412724157.37
12.2598516767 1412724157.62
11.8602756543 1412724157.87
11.6548113238 1412724158.15
11.6268621702 1412724158.4
11.1892256597 1412724158.64
10.8691249427 1412724158.91
10.788003286 1412724159.18
10.5229544487 1412724159.44
10.3467998286 1412724159.71
10.0592913293 1412724159.96
9.61049038353 1412724160.24
9.58754103624 1412724160.5
9.30387041753 1412724160.76
8.99289793833 1412724161.04
8.80407729922 1412724161.31
8.54874493439 1412724161.58
8.18092146 1412724161.87
8.05801012405 1412724162.16
7.91362356252 1412724162.4
7.85056105185 1412724162.67
7.68520443888 1412724162.95
7.49682126326 1412724163.25
7.38689028545 1412724163.57
7.16822180293 1412724163.93
7.05880737856 1412724164.28
7.00262121069 1412724164.6
6.99649524305 1412724165.07
6.67959097647 1412724165.47
6.6700133951 1412724165.89
6.55198273191 1412724166.24
6.48873197911 1412724166.61
6.49284493298 1412724166.96
6.53530989039 1412724167.29
6.57254025829 1412724167.64
6.36997693597 1412724167.96
6.45606541979 1412724168.31
6.53485773387 1412724168.67
6.32440083692 1412724169.05
6.40741504307 1412724169.42
6.46977191771 1412724169.79
6.5218960961 1412724170.21
6.54461506211 1412724170.59
6.60161514158 1412724170.97
6.54073604974 1412724171.35
6.59940804365 1412724171.7
6.41818334298 1412724172.08
6.40426723995 1412724172.35
6.41455483053 1412724172.63
6.52457112743 1412724172.9
6.56795289049 1412724173.2
6.47864750738 1412724173.48
6.48185997045 1412724173.79
6.43340455221 1412724174.11
6.38514213428 1412724174.57
6.34877956389 1412724174.91
6.29769138256 1412724175.19
6.28166595197 1412724175.56
6.29438394395 1412724175.83
6.33651706968 1412724176.1
6.23989577801 1412724176.39
6.23896271036 1412724176.67
6.24746890117 1412724176.96
6.23616518459 1412724177.24
6.24497630787 1412724177.51
6.22884741408 1412724177.79
6.24180695772 1412724178.06
6.23548140033 1412724178.42
6.31332271399 1412724178.81
6.31043014584 1412724179.19
6.40014760838 1412724179.56
6.41553306582 1412724179.94
6.40615487235 1412724180.23
6.4047237738 1412724180.51
6.37716536632 1412724180.82
6.32766196277 1412724181.18
6.33238940425 1412724181.64
6.26162457887 1412724182.01
6.25273521577 1412724182.33
6.25992622035 1412724182.63
6.25183642918 1412724182.96
6.25823750431 1412724183.29
6.25085160349 1412724183.65
6.34806480952 1412724183.98
6.34424223576 1412724184.32
6.33738602626 1412724184.62
6.36373327381 1412724184.94
6.37190949284 1412724185.22
6.42538208768 1412724185.53
6.43259558969 1412724185.85
6.1562961605 1412724186.18
6.29265085107 1412724186.51
6.17549947546 1412724186.87
6.21845348571 1412724187.19
6.29743976446 1412724187.55
6.21766875842 1412724187.98
6.21465587826 1412724188.39
6.19043015122 1412724188.77
6.13910109215 1412724189.09
6.15796565483 1412724189.42
6.06823665652 1412724189.72
6.07189521257 1412724190.02
6.04910735346 1412724190.31
6.05575527378 1412724190.61
6.01170359749 1412724191.02
6.01080637489 1412724191.46
5.90817693831 1412724191.85
5.88899637714 1412724192.31
5.87078378432 1412724192.75
5.82241282634 1412724193.19
5.83020194313 1412724193.57
5.81378300825 1412724193.94
5.80041689153 1412724194.26
5.80332886243 1412724194.56
5.77754429606 1412724194.88
5.76849142944 1412724195.27
5.78793630936 1412724195.56
5.66264446414 1412724195.87
5.63858857229 1412724196.21
5.62642737629 1412724196.54
5.61533569738 1412724196.82
5.60384637664 1412724197.14
5.34125088569 1412724197.44
5.32795066321 1412724197.8
5.31366422136 1412724198.11
5.38358636244 1412724198.45
5.36739061591 1412724198.76
5.31625418477 1412724199.07
5.33422927691 1412724199.35
5.30469823287 1412724199.62
5.27547827635 1412724199.93
5.24555126222 1412724200.23
5.21617572013 1412724200.6
5.23634807752 1412724200.97
5.23122946193 1412724201.3
5.2130967885 1412724201.6
5.20920999065 1412724201.93
5.26907089046 1412724202.31
5.22210992052 1412724202.63
5.17964285747 1412724202.91
5.22632373501 1412724203.25
5.22428230962 1412724203.56
5.22502101174 1412724203.86
5.22052442061 1412724204.17
5.22491023371 1412724204.49
5.22252052774 1412724204.79
5.21709355249 1412724205.12
5.21190611538 1412724205.42
5.26681681054 1412724205.74
5.25240795078 1412724206.04
5.19661889857 1412724206.35
5.24049177048 1412724206.68
5.2637607172 1412724206.99
5.33109929189 1412724207.33
5.30862560046 1412724207.67
5.28387557103 1412724207.96
5.2582130936 1412724208.28
5.33370547055 1412724208.63
5.3465032286 1412724208.95
5.29667590498 1412724209.26
5.30720817913 1412724209.58
5.32027619357 1412724209.89
5.32904610836 1412724210.2
5.24157033283 1412724210.51
