16.832967398 1412721710.27
16.2391093918 1412721710.38
16.3086602607 1412721710.5
16.0890264295 1412721710.62
116.185645392 1412721710.78
116.750067713 1412721710.94
15.2317499318 1412721711.06
117.83256928 1412721711.19
16.0119906328 1412721711.34
15.5134368796 1412721711.48
15.148621273 1412721711.6
15.3317515775 1412721711.73
15.3069640804 1412721711.86
15.8498605395 1412721711.99
15.7521678918 1412721712.1
15.1290354917 1412721712.22
15.1450441341 1412721712.34
14.9871141787 1412721712.45
15.0317155898 1412721712.56
14.8766601567 1412721712.68
14.9831126761 1412721712.79
14.9317264529 1412721712.92
14.9341515075 1412721713.06
14.9854038953 1412721713.19
14.7167401211 1412721713.38
14.7148146495 1412721713.51
14.5425379275 1412721713.63
14.5439691691 1412721713.75
14.2434229638 1412721713.93
14.1685256301 1412721714.06
14.0729530125 1412721714.19
14.1189648605 1412721714.33
14.1449124462 1412721714.47
14.0859947595 1412721714.61
14.0245388666 1412721714.74
14.0294896368 1412721714.87
14.0345528367 1412721714.97
14.1651675442 1412721715.08
14.1708540015 1412721715.19
14.0841527763 1412721715.32
14.028591237 1412721715.45
13.9557038052 1412721715.59
14.1357142559 1412721715.72
13.9118215838 1412721715.87
14.0056668878 1412721716.01
14.0867967431 1412721716.14
14.0710697278 1412721716.25
14.1304065852 1412721716.4
14.1156171017 1412721716.52
14.011237756 1412721716.66
14.0873013182 1412721716.77
13.9836244268 1412721716.86
14.0605306672 1412721717.03
13.9325071545 1412721717.14
14.0360835134 1412721717.28
13.9764671079 1412721717.42
13.8763071798 1412721717.54
13.9532547739 1412721717.65
13.8762128901 1412721717.75
13.9307202605 1412721717.87
13.9195640933 1412721717.99
13.9085626093 1412721718.09
13.9679953472 1412721718.27
13.8412041214 1412721718.4
13.8308952461 1412721718.52
13.9376492939 1412721718.64
14.5586248889 1412721718.76
14.5558749954 1412721718.89
14.5529325571 1412721719.0
14.3455625499 1412721719.11
14.3067610786 1412721719.23
14.3045769652 1412721719.5
14.3026962032 1412721719.68
14.3004523684 1412721719.81
14.1964101532 1412721719.95
14.3554989915 1412721720.08
14.2058821219 1412721720.23
14.1888825201 1412721720.46
14.2996812493 1412721720.69
14.191575023 1412721720.86
14.3029563165 1412721721.03
14.3150808069 1412721721.29
14.3268919715 1412721721.48
14.3387189329 1412721721.65
121.633390267 1412721721.85
14.3030055869 1412721722.07
121.696240202 1412721722.27
121.679851553 1412721722.44
121.512714386 1412721722.59
121.551169764 1412721722.8
121.49817674 1412721722.95
121.503460933 1412721723.08
121.507922922 1412721723.24
14.5151366691 1412721723.51
121.504319588 1412721723.72
121.504273947 1412721723.88
121.501091377 1412721724.03
14.2339208445 1412721724.15
121.498470481 1412721724.31
121.785246155 1412721724.54
121.788223956 1412721724.74
121.85847972 1412721724.86
121.860651101 1412721724.99
121.856924803 1412721725.14
121.775063197 1412721725.25
121.848515906 1412721725.41
121.767388617 1412721725.57
121.841413924 1412721725.72
121.760929857 1412721725.86
121.757188131 1412721726.0
121.832311095 1412721726.15
121.729852247 1412721726.29
121.729970809 1412721726.45
121.730447567 1412721726.63
121.730797959 1412721726.77
121.731188144 1412721726.9
121.871259833 1412721727.06
121.868189552 1412721727.2
121.865285631 1412721727.36
121.862493354 1412721727.5
121.859814636 1412721727.62
121.842138348 1412721727.75
121.84162539 1412721727.87
121.841127184 1412721727.99
121.840655285 1412721728.1
121.840215498 1412721728.23
121.83978695 1412721728.41
121.839399979 1412721728.55
121.839512186 1412721728.7
121.839689024 1412721728.82
121.839922024 1412721728.94
121.840225225 1412721729.07
121.84054679 1412721729.18
121.842261097 1412721729.4
121.843973301 1412721729.55
121.845728159 1412721729.7
121.847494458 1412721729.85
121.849308451 1412721730.03
121.851146112 1412721730.2
121.927520163 1412721730.39
121.92168177 1412721730.53
121.919634369 1412721730.68
121.913834696 1412721730.84
121.90816591 1412721730.98
121.90280898 1412721731.14
121.89959637 1412721731.32
121.896413123 1412721731.51
121.893277014 1412721731.64
121.893920497 1412721731.77
121.891257989 1412721731.9
121.888645925 1412721732.03
121.886062644 1412721732.16
121.883514871 1412721732.29
121.88101602 1412721732.44
121.878564265 1412721732.57
121.876153874 1412721732.68
121.898537496 1412721732.8
16.3464842343 1412721732.92
16.3396025444 1412721733.04
16.3327842407 1412721733.16
16.3261624908 1412721733.29
16.3193434701 1412721733.44
16.420943844 1412721733.55
16.4101879012 1412721733.67
16.6957779939 1412721733.77
16.7027472723 1412721733.9
16.9149939278 1412721734.03
16.9267763767 1412721734.15
17.7209410016 1412721734.26
17.7530723596 1412721734.4
17.7859548447 1412721734.52
17.5833273418 1412721734.62
17.6023160186 1412721734.74
17.6216502046 1412721734.86
17.6413096969 1412721734.99
17.6612445875 1412721735.1
17.6465375489 1412721735.2
17.7782380991 1412721735.35
17.7998790162 1412721735.46
17.8220358786 1412721735.58
17.8439427573 1412721735.7
18.7100113588 1412721735.82
122.115078286 1412721735.93
18.8107133147 1412721736.07
122.133716533 1412721736.18
122.146960111 1412721736.32
122.160045915 1412721736.46
19.0589073198 1412721736.61
122.178219279 1412721736.71
122.184507315 1412721736.85
122.196869309 1412721736.97
122.209060071 1412721737.08
122.221122612 1412721737.2
20.83936798 1412721737.35
21.0123986359 1412721737.47
21.0767354071 1412721737.59
21.1425596132 1412721737.7
20.5505087988 1412721737.86
20.5872961782 1412721738.04
20.6248607372 1412721738.18
