18.2480457331 1412738905.38
18.3522592464 1412738906.39
18.5500562068 1412738907.42
18.5774456109 1412738908.47
18.6388884152 1412738909.56
18.7495151722 1412738910.67
18.6372310171 1412738911.77
18.5001715225 1412738912.87
18.4054341437 1412738913.99
18.1885653163 1412738915.04
17.9553274856 1412738916.1
17.6299589991 1412738917.2
17.5026879402 1412738918.31
17.3759949042 1412738919.39
17.3506645009 1412738920.46
17.1633273764 1412738921.52
17.2325621649 1412738922.59
17.1681115271 1412738923.64
17.2536625705 1412738924.68
16.9071794589 1412738925.74
16.6959891159 1412738926.83
16.4741402034 1412738927.95
16.3687298846 1412738929.01
16.2025950823 1412738930.09
15.9424680897 1412738931.17
15.7686672707 1412738932.26
15.7379489495 1412738933.34
15.6943430465 1412738934.45
15.5926399892 1412738935.57
15.3197952801 1412738936.69
15.289531814 1412738937.83
15.1378201912 1412738938.98
15.0070172703 1412738940.15
14.8831925899 1412738941.31
14.8820852471 1412738942.47
14.7220726277 1412738943.64
14.6004674038 1412738944.77
14.5420330533 1412738945.92
14.4361924884 1412738947.12
14.3971539126 1412738948.34
14.4088355898 1412738949.58
14.3556549989 1412738950.75
14.2895038982 1412738951.91
14.1619418348 1412738953.03
14.0439508983 1412738954.23
13.8838968198 1412738955.38
13.8095338967 1412738956.55
13.7572781356 1412738957.77
13.7152063666 1412738958.99
13.6138901253 1412738960.18
13.5377174537 1412738961.36
13.3739481891 1412738962.54
13.3595344046 1412738963.73
13.2326846504 1412738964.91
13.3616897512 1412738966.04
13.3955394627 1412738967.22
13.2659386545 1412738968.36
13.2475748815 1412738969.49
13.2407030195 1412738970.65
13.2183247722 1412738971.86
13.1640888242 1412738973.02
13.1457188028 1412738974.13
13.1196611053 1412738975.25
13.150061303 1412738976.41
13.1371466684 1412738977.52
13.1238829717 1412738978.67
13.0870659968 1412738979.78
12.9981607457 1412738980.85
12.9731725322 1412738981.99
12.9236354279 1412738983.11
12.9262665087 1412738984.26
12.898020097 1412738985.35
12.8658241163 1412738986.48
12.8487705072 1412738987.61
12.7391896501 1412738988.79
12.7245157904 1412738989.93
12.751546482 1412738991.08
12.753292734 1412738992.24
12.6029534202 1412738993.37
12.6478973375 1412738994.49
12.5943333594 1412738995.65
12.6115433583 1412738996.79
12.5672998906 1412738997.91
12.5490540622 1412738999.06
12.5204620984 1412739000.17
12.5258200122 1412739001.31
12.4761602512 1412739002.46
12.4151428723 1412739003.6
12.3586896116 1412739004.73
12.4052637976 1412739005.9
12.3011002175 1412739007.02
12.3453903875 1412739008.16
12.2688924899 1412739009.31
12.3206152666 1412739010.43
12.3335734708 1412739011.55
12.3276312744 1412739012.67
12.3783127478 1412739013.8
12.3987726778 1412739014.98
12.3769073517 1412739016.13
12.3565526442 1412739017.31
12.1570291576 1412739018.52
12.1964983242 1412739019.67
12.2353803079 1412739020.8
12.1922038868 1412739021.96
12.18762762 1412739023.11
12.0816314115 1412739024.28
12.0322784307 1412739025.42
12.0512526867 1412739026.59
12.0607933621 1412739027.78
12.0045658922 1412739028.97
12.0187575553 1412739030.15
12.0262068886 1412739031.28
11.9936293254 1412739032.43
12.0717781406 1412739033.58
12.0426550012 1412739034.74
11.9640553884 1412739035.88
11.9467177509 1412739037.09
11.886798832 1412739038.28
11.7654252052 1412739039.44
11.7563289088 1412739040.6
11.7513843806 1412739041.77
11.7450304445 1412739042.95
11.7519945844 1412739044.11
11.7320853353 1412739045.23
11.6826968559 1412739046.35
11.6495948922 1412739047.47
11.6615153259 1412739048.67
11.633022846 1412739049.83
11.6394436626 1412739051.01
11.6862947314 1412739052.12
11.6297110217 1412739053.27
11.5373362379 1412739054.43
11.5627859322 1412739055.59
11.5923178768 1412739056.69
11.5326286987 1412739057.84
11.5489295374 1412739058.99
11.5819639515 1412739060.14
11.6474805579 1412739061.36
11.6189226362 1412739062.56
11.5756704561 1412739063.72
11.5466890017 1412739064.85
11.5124638118 1412739065.95
11.4406824732 1412739067.08
11.4677167472 1412739068.21
11.4752486781 1412739069.32
11.5067710222 1412739070.46
11.464833374 1412739071.62
11.4597302227 1412739072.75
11.3987455609 1412739073.92
11.3239858213 1412739075.03
11.3484798956 1412739076.16
11.3862718404 1412739077.33
11.3469392504 1412739078.52
11.2999757154 1412739079.68
11.3082975654 1412739080.9
11.2994373014 1412739082.09
11.264927745 1412739083.24
11.260709524 1412739084.4
11.3392601691 1412739085.54
11.3436212479 1412739086.67
11.3471986085 1412739087.82
11.3756979031 1412739089.04
11.2827049412 1412739090.19
11.358284597 1412739091.36
11.2772435881 1412739092.48
11.2777815792 1412739093.63
11.4075499187 1412739094.82
11.3728175745 1412739095.98
11.3755468309 1412739097.13
11.3767373708 1412739098.26
11.2798130696 1412739099.41
11.3083320107 1412739100.55
11.2485961146 1412739101.71
11.2477979793 1412739102.84
11.2693701838 1412739104.02
11.2511700388 1412739105.19
11.2696113353 1412739106.31
11.2690054886 1412739107.48
11.2690699942 1412739108.66
11.2239552019 1412739109.8
11.2034595863 1412739110.98
11.1937606042 1412739112.14
11.4150201825 1412739113.29
11.4856566807 1412739114.46
11.4707040095 1412739115.62
11.4994274692 1412739116.82
11.4415003564 1412739117.99
11.4403833318 1412739119.08
11.4172258855 1412739120.24
11.2591884222 1412739121.4
11.2487590946 1412739122.54
11.2401850574 1412739123.71
11.1110161916 1412739124.88
11.13101635 1412739126.07
11.2684348785 1412739127.21
11.37051021 1412739128.34
11.2170938698 1412739129.5
11.2084320467 1412739130.63
11.1806579689 1412739131.77
11.1601469881 1412739132.92
