12.2229567794 1412724394.29
11.9359619789 1412724394.6
11.5792755504 1412724394.91
11.4798869151 1412724395.19
11.6633908227 1412724395.48
12.0950609885 1412724395.77
12.4842714675 1412724396.04
12.7555704267 1412724396.39
13.1086106279 1412724396.72
13.3566619558 1412724397.18
13.583825412 1412724397.51
13.8081354528 1412724397.78
14.196247556 1412724398.08
14.4318405604 1412724398.42
14.7085373905 1412724398.69
14.6817586276 1412724398.99
14.4242577968 1412724399.33
14.4984297987 1412724399.73
14.2867541408 1412724400.1
14.6632578698 1412724400.43
14.6425811115 1412724400.74
14.4111623889 1412724401.06
14.3093417682 1412724401.37
14.2739688009 1412724401.68
14.1447859238 1412724402.03
14.1044339909 1412724402.34
13.923492457 1412724402.64
13.7677887385 1412724402.92
13.5102543978 1412724403.2
12.9199221853 1412724403.49
12.6789975818 1412724403.76
11.9793378262 1412724404.03
11.576185091 1412724404.29
11.3505305097 1412724404.55
10.7014337032 1412724404.8
10.181160603 1412724405.07
10.4715263794 1412724405.37
10.1369176663 1412724405.66
9.65709318215 1412724405.95
8.87150808895 1412724406.25
9.15321018219 1412724406.53
9.82485215331 1412724406.82
9.5074453115 1412724407.11
8.9584890103 1412724407.39
9.11337237472 1412724407.66
8.61360647423 1412724407.96
8.99901822398 1412724408.25
8.51087399134 1412724408.51
8.49807077895 1412724408.76
8.05860124049 1412724409.04
8.39464498749 1412724409.33
8.20406465786 1412724409.63
7.5293762363 1412724409.89
7.18128676647 1412724410.16
7.25418427831 1412724410.45
7.46710580267 1412724410.73
7.21478097227 1412724411.0
7.34564386834 1412724411.29
6.92564916067 1412724411.6
7.05897954164 1412724411.85
6.95759532018 1412724412.13
6.94075352595 1412724412.41
6.92237603895 1412724412.67
6.81808339316 1412724412.94
6.79295757218 1412724413.21
6.45720241708 1412724413.49
6.59357718164 1412724413.8
6.53060793385 1412724414.11
6.64690185457 1412724414.36
6.40062948578 1412724414.64
6.42982211983 1412724414.92
6.49733740188 1412724415.2
6.45209759016 1412724415.48
6.51564479578 1412724415.77
6.55174472331 1412724416.05
6.54499366043 1412724416.33
6.52292570092 1412724416.63
6.53946256751 1412724416.92
6.5119945934 1412724417.2
6.53348396403 1412724417.5
6.59797974181 1412724417.79
6.58751273274 1412724418.02
6.53568383709 1412724418.29
6.51500993877 1412724418.57
6.44105096973 1412724418.83
6.41773667027 1412724419.09
6.38430638996 1412724419.36
6.29198910778 1412724419.65
6.22968105957 1412724420.06
6.19897601769 1412724420.38
6.16325997456 1412724420.69
6.17004110997 1412724420.96
6.13889935129 1412724421.24
6.08371559222 1412724421.55
6.0186490216 1412724421.84
5.6710569454 1412724422.1
5.64638401005 1412724422.38
5.57359561439 1412724422.66
5.47745961713 1412724422.92
5.35538383968 1412724423.21
5.25594226213 1412724423.49
5.14180080834 1412724423.76
5.03718779917 1412724424.1
5.03753683027 1412724424.45
4.9473330305 1412724424.75
4.85873220308 1412724425.02
4.7016325555 1412724425.28
4.38425284761 1412724425.55
4.31285490507 1412724425.81
4.26830444664 1412724426.06
4.13755729456 1412724426.33
4.0924376162 1412724426.6
4.07927943652 1412724426.86
4.05200277224 1412724427.12
3.96282453554 1412724427.39
3.93287998965 1412724427.69
3.8842570522 1412724427.96
3.90395199805 1412724428.24
3.8834547241 1412724428.51
3.94075045934 1412724428.78
3.93189751845 1412724429.09
3.93689133923 1412724429.37
3.91481577995 1412724429.63
3.95855102241 1412724429.9
3.94562721686 1412724430.16
3.98402519914 1412724430.42
3.9338350533 1412724430.7
3.97025895603 1412724430.98
3.98565977197 1412724431.27
3.9972660343 1412724431.56
4.0278194544 1412724431.84
4.08927402869 1412724432.15
4.11354570423 1412724432.45
4.0904970319 1412724432.75
4.08159107757 1412724433.04
4.10646683648 1412724433.35
4.06789770467 1412724433.66
4.04837573153 1412724433.94
4.01337860154 1412724434.22
4.00826918069 1412724434.51
3.97100287619 1412724434.81
3.9842541305 1412724435.1
3.94686981819 1412724435.4
3.96044439571 1412724435.71
3.85741452304 1412724435.99
3.86741407002 1412724436.26
3.87648531728 1412724436.58
3.84483483693 1412724437.0
3.8549949763 1412724437.31
3.82342231307 1412724437.6
3.83303109575 1412724437.91
3.78134001558 1412724438.21
3.81132108886 1412724438.47
3.75986228935 1412724438.74
3.76999602262 1412724439.08
3.7793234943 1412724439.37
3.73815884077 1412724439.64
3.75574905554 1412724439.9
3.72560372963 1412724440.17
3.62990966542 1412724440.46
3.64327532485 1412724440.75
3.55105610713 1412724441.05
3.69619258208 1412724441.39
3.68915171239 1412724441.69
3.69827126437 1412724441.99
3.67905755603 1412724442.26
3.69004009614 1412724442.54
3.69952276261 1412724442.81
3.70863543043 1412724443.07
3.73192117247 1412724443.36
3.73952550766 1412724443.68
3.74679091172 1412724443.98
3.73537018307 1412724444.28
3.64775317274 1412724444.59
3.6520662791 1412724444.87
3.65612223934 1412724445.16
3.66212898832 1412724445.46
3.66565049568 1412724445.78
3.64297219424 1412724446.09
3.64570962652 1412724446.44
3.64821603626 1412724446.76
3.65008588977 1412724447.04
3.65930077232 1412724447.32
3.66149070105 1412724447.62
3.66357013675 1412724447.94
3.66543213567 1412724448.29
3.66386710508 1412724448.6
3.66538277946 1412724448.91
3.66498867303 1412724449.21
3.66637639719 1412724449.47
3.66779002958 1412724449.77
3.6629227921 1412724450.08
3.66430176849 1412724450.38
3.65945976119 1412724450.71
3.66091029885 1412724451.0
3.65609627048 1412724451.29
3.65831656564 1412724451.56
3.65355427392 1412724451.85
3.65514845711 1412724452.13
3.65047342877 1412724452.43
