12.4178836889 1412742706.73
12.4035910031 1412742707.73
11.8705794774 1412742708.79
11.4463326111 1412742709.7
11.3148101907 1412742710.62
11.0971913054 1412742711.49
11.1260996395 1412742712.42
10.712806093 1412742713.29
10.1797749773 1412742714.2
9.98602901174 1412742715.09
9.81145232607 1412742715.98
9.74746067037 1412742716.84
9.60140592039 1412742717.76
9.38142265739 1412742718.64
9.39373864458 1412742719.51
9.19717663351 1412742720.39
9.12779482437 1412742721.31
9.21175830014 1412742722.19
9.04003683975 1412742723.1
9.01362013986 1412742724.03
8.85720987455 1412742724.94
8.72986200841 1412742725.84
8.50200857497 1412742726.8
8.1695178933 1412742727.8
8.1010537042 1412742728.73
8.12729678525 1412742729.75
7.96411591347 1412742730.64
7.88757795815 1412742731.52
7.7652763292 1412742732.42
7.5457786821 1412742733.3
7.3503831977 1412742734.15
7.25581971274 1412742735.0
7.20346792563 1412742735.84
7.00982853615 1412742736.69
6.92602870583 1412742737.56
6.7498834053 1412742738.45
6.61965947465 1412742739.35
6.29236318768 1412742740.24
6.10136494417 1412742741.15
6.05986861948 1412742742.03
6.04907014443 1412742742.94
5.99201777595 1412742743.83
5.87986074371 1412742744.69
5.85752024653 1412742745.58
5.59413363532 1412742746.49
5.488382964 1412742747.43
5.39423266117 1412742748.33
5.32568671368 1412742749.24
5.19851020859 1412742750.22
5.07755023467 1412742751.12
4.95135891974 1412742752.01
4.88523647558 1412742752.96
4.75375648804 1412742753.87
4.74102357582 1412742754.79
4.58479064307 1412742755.72
4.49223244789 1412742756.63
4.43495023615 1412742757.54
4.37692548934 1412742758.47
4.35965164125 1412742759.38
4.35699886432 1412742760.29
4.27454473178 1412742761.2
4.19428280211 1412742762.08
4.14930206491 1412742762.99
4.09219599114 1412742763.93
3.99819848464 1412742764.85
3.96236406388 1412742765.76
3.90607882877 1412742766.66
3.88552280999 1412742767.57
3.89525033849 1412742768.46
3.88852973495 1412742769.38
3.85237067265 1412742770.3
3.81618091359 1412742771.22
3.8334044101 1412742772.14
3.79101831889 1412742773.09
3.781033556 1412742773.99
3.79537570421 1412742774.89
3.79146491502 1412742775.81
3.7731508245 1412742776.71
3.78273001618 1412742777.6
3.77768921093 1412742778.54
3.73774784888 1412742779.44
3.74178740979 1412742780.34
3.71713164468 1412742781.26
3.70931184852 1412742782.21
3.71375708049 1412742783.11
3.71918159021 1412742784.02
3.69105412726 1412742784.92
3.71059358301 1412742785.85
3.67775162084 1412742786.8
3.62268757594 1412742787.74
3.62566049371 1412742788.7
3.62723876229 1412742789.64
3.60792090322 1412742790.58
3.59800003261 1412742791.5
3.5920337115 1412742792.42
3.59116670948 1412742793.37
3.52622856119 1412742794.31
3.52148398185 1412742795.26
3.53175450262 1412742796.16
3.53301000036 1412742797.08
3.5319784074 1412742798.0
3.52879574197 1412742798.95
3.51273106117 1412742799.88
3.49975798088 1412742800.76
3.50070549388 1412742801.68
3.49750051857 1412742802.56
3.4958053845 1412742803.51
3.48653827004 1412742804.44
3.47917300409 1412742805.36
3.45194039141 1412742806.29
3.39739419402 1412742807.21
3.40605074403 1412742808.16
3.41334039803 1412742809.05
3.39603969731 1412742809.95
3.40957912867 1412742810.87
3.40644016677 1412742811.77
3.40767958536 1412742812.72
3.41677516492 1412742813.66
3.40751524106 1412742814.56
3.40122110209 1412742815.5
3.41812619059 1412742816.46
3.45415956004 1412742817.39
3.4595115193 1412742818.31
3.45708171795 1412742819.27
3.44893853339 1412742820.22
3.44886305295 1412742821.18
3.45665616357 1412742822.09
3.44290110568 1412742823.07
3.44139167656 1412742824.01
3.46707749504 1412742824.98
3.4860929589 1412742825.93
3.47918522878 1412742826.9
3.45944861609 1412742827.85
3.45773486585 1412742828.78
3.49791336719 1412742829.76
3.45938139842 1412742830.69
3.47412779351 1412742831.64
3.47376410692 1412742832.58
3.49171029471 1412742833.53
3.48418971411 1412742834.46
3.48043515841 1412742835.42
3.48719497735 1412742836.4
3.47947944895 1412742837.35
3.4806705993 1412742838.33
3.4824499688 1412742839.32
3.49695409706 1412742840.31
3.48551730378 1412742841.27
3.49591738577 1412742842.23
3.49686112188 1412742843.19
3.52752993243 1412742844.15
3.51839144799 1412742845.09
3.51647139183 1412742846.08
3.52533137437 1412742847.08
3.49958638533 1412742848.07
3.49294613338 1412742849.07
3.50094957804 1412742850.07
3.50034172796 1412742851.03
3.48371448395 1412742852.03
3.48073526077 1412742853.02
3.47612051702 1412742853.99
3.469667108 1412742854.96
3.46258293882 1412742855.93
3.46141942911 1412742856.9
3.46057013991 1412742857.9
3.45943972308 1412742858.86
3.44111980207 1412742859.84
3.43164509916 1412742860.81
3.4326962566 1412742861.78
3.42321351245 1412742862.78
3.42234942208 1412742863.75
3.42924876107 1412742864.75
3.43541150901 1412742865.78
3.44176939925 1412742866.77
3.44184689092 1412742867.76
3.43714985969 1412742868.76
3.43742288954 1412742869.73
3.43965559723 1412742870.71
3.45892777574 1412742871.68
3.45882391444 1412742872.7
3.45873016698 1412742873.68
3.45861435508 1412742874.65
3.45849907175 1412742875.66
3.45855921386 1412742876.66
3.4584388657 1412742877.61
3.48068474629 1412742878.57
3.47965213045 1412742879.54
3.4786522733 1412742880.5
3.47412380959 1412742881.48
3.47048952383 1412742882.47
3.47439456753 1412742883.45
3.47086897696 1412742884.46
3.47461847417 1412742885.49
3.47381156929 1412742886.49
3.4657157209 1412742887.49
3.44770159419 1412742888.44
3.44789513296 1412742889.39
3.44488797244 1412742890.38
3.44550096031 1412742891.35
3.44702680273 1412742892.36
3.45070524331 1412742893.4
