3.11410067144 1412723834.5
2.8567411475 1412723834.88
2.62238612776 1412723835.32
2.63428733464 1412723835.76
2.35145125602 1412723836.2
2.21024651407 1412723836.55
2.05747215923 1412723836.95
1.95526797525 1412723837.32
1.81247624028 1412723837.65
1.78271520646 1412723837.95
1.75918142226 1412723838.21
1.614383156 1412723838.55
1.57024690019 1412723839.09
1.52319811142 1412723839.46
1.45068336022 1412723839.74
1.38617287444 1412723839.98
1.35438607665 1412723840.22
1.3781693582 1412723840.5
1.31434584684 1412723840.84
1.2664512131 1412723841.18
1.19302972124 1412723841.59
1.1436125293 1412723842.1
1.23821617316 1412723842.46
1.16340017933 1412723842.89
1.1387769663 1412723843.13
1.04905263494 1412723843.46
1.00598611902 1412723843.74
0.973832354822 1412723844.14
0.966926896363 1412723844.52
0.967515575141 1412723844.78
0.828696138671 1412723845.09
0.797884034722 1412723845.37
0.839829811415 1412723845.65
0.832872178241 1412723845.96
0.79665621537 1412723846.26
0.761653200875 1412723846.57
0.75606764569 1412723846.85
0.750058679302 1412723847.09
0.686274685452 1412723847.39
0.620126336431 1412723847.66
0.628830790649 1412723847.9
0.592401833706 1412723848.16
0.53567312252 1412723848.43
0.526249504196 1412723848.73
0.506331409954 1412723849.01
0.500126559156 1412723849.27
0.506116553523 1412723849.55
0.505589568066 1412723849.81
0.495342239187 1412723850.19
0.489131150933 1412723850.67
0.476782051463 1412723851.29
0.466537963862 1412723851.95
0.465720443468 1412723852.55
0.473385613177 1412723853.15
0.446868464015 1412723853.49
0.460714511011 1412723853.99
0.459613591072 1412723854.37
0.393132803117 1412723854.77
0.40546419653 1412723855.16
0.393300055571 1412723855.47
0.394832823657 1412723855.77
0.387219880573 1412723856.06
0.381728163131 1412723856.32
0.386164643354 1412723856.58
0.393187961012 1412723856.87
0.407836394474 1412723857.28
0.405726611416 1412723857.58
0.412947422017 1412723857.93
0.420752169689 1412723858.21
0.438887934695 1412723858.52
0.415410622209 1412723858.82
0.422887964459 1412723859.11
0.431341521175 1412723859.39
0.437758486992 1412723859.68
0.453245705903 1412723859.95
0.467044282203 1412723860.22
0.447242348509 1412723860.51
0.455540901299 1412723860.78
0.458442028746 1412723861.06
0.471175860789 1412723861.37
0.484534839557 1412723861.64
0.490010156673 1412723861.91
0.502910623272 1412723862.21
0.524702252607 1412723862.49
0.538656724042 1412723862.77
0.545596298639 1412723863.03
0.586997075599 1412723863.31
0.575562532784 1412723863.59
0.58103920926 1412723863.86
0.586215915046 1412723864.11
0.590462228698 1412723864.39
0.587224226576 1412723864.8
0.597062937196 1412723865.15
0.600538020598 1412723865.43
0.603789029989 1412723865.71
0.627817817315 1412723865.98
0.64668420372 1412723866.27
0.639221279343 1412723866.55
0.630159333246 1412723867.05
0.632373583926 1412723867.45
0.633911968031 1412723867.75
0.635719006764 1412723868.02
0.636901729143 1412723868.28
0.638396349782 1412723868.58
0.639318941993 1412723868.87
0.64271050586 1412723869.15
0.571090476552 1412723869.42
0.571688307587 1412723869.7
0.571843339594 1412723869.97
0.572374739502 1412723870.24
0.585097030721 1412723870.53
0.585129548953 1412723870.82
0.571898643046 1412723871.14
0.549540175851 1412723871.49
0.53833182106 1412723871.76
0.538055920009 1412723872.05
0.537672892012 1412723872.35
0.537246249226 1412723872.57
0.560169834507 1412723872.78
0.559683544108 1412723873.06
0.559147596437 1412723873.38
0.559342717295 1412723873.73
0.558712146328 1412723874.0
0.680207878948 1412723874.25
0.680569298498 1412723874.56
0.680324003199 1412723874.89
0.691192935755 1412723875.2
0.690697018127 1412723875.45
0.69021137089 1412723875.72
0.68979889743 1412723875.98
0.59083172419 1412723876.23
0.590126269272 1412723876.49
0.592120090978 1412723876.74
0.593391381257 1412723877.01
0.592695652886 1412723877.26
0.591954148546 1412723877.5
0.591214633803 1412723877.75
0.584608464985 1412723878.0
0.590236256956 1412723878.24
0.575970135326 1412723878.49
0.576376681326 1412723878.74
0.575386753783 1412723878.97
0.568745438562 1412723879.19
0.580808717611 1412723879.44
0.573133223648 1412723879.73
0.566590422788 1412723879.97
0.578656646229 1412723880.25
0.557171420816 1412723880.48
0.56398840385 1412723880.73
0.557216046805 1412723880.98
0.569482625374 1412723881.24
0.556117976816 1412723881.46
0.568341180058 1412723881.71
0.555085953568 1412723881.96
0.56723553146 1412723882.22
0.548157086256 1412723882.49
0.561298816458 1412723882.72
0.560336258665 1412723882.97
0.564991695992 1412723883.23
0.564905296595 1412723883.49
0.549062098779 1412723883.74
0.558735659214 1412723883.98
0.553440677542 1412723884.25
0.557839553614 1412723884.51
0.552487127241 1412723884.77
0.557834102486 1412723885.02
0.55257067217 1412723885.27
0.562297476354 1412723885.52
0.551583922654 1412723885.76
0.501622760863 1412723886.05
0.490473012684 1412723886.32
0.49056346532 1412723886.57
0.490722638941 1412723886.81
0.489134457016 1412723887.13
0.48917110502 1412723887.47
0.488517517685 1412723887.76
0.487064436969 1412723888.0
0.486399946192 1412723888.25
0.486035262826 1412723888.52
0.485386781895 1412723888.81
0.485035461876 1412723889.05
0.484336213724 1412723889.31
0.484021328679 1412723889.56
0.483303117066 1412723889.82
0.482995437796 1412723890.1
0.48293747642 1412723890.35
0.482876059904 1412723890.6
0.482788171946 1412723890.85
0.48269951869 1412723891.11
0.482658970836 1412723891.36
0.482588235223 1412723891.61
0.482501614151 1412723891.85
0.482385401414 1412723892.12
0.48836393043 1412723892.36
0.482377052977 1412723892.61
0.488312790329 1412723892.86
0.482308312697 1412723893.08
0.488236233066 1412723893.33
0.482280653228 1412723893.6
0.482396680937 1412723893.84
