17.6917544714 1412750277.88
17.5023460337 1412750279.45
17.7423008294 1412750281.09
17.6436067493 1412750282.66
17.7457767167 1412750284.23
17.3247667549 1412750285.84
17.4846164458 1412750287.28
17.4639903058 1412750288.69
17.5519970395 1412750290.09
17.4861759486 1412750291.48
17.3703457761 1412750292.87
17.2790296487 1412750294.25
17.2817326767 1412750295.65
17.2092966754 1412750296.99
17.1630988527 1412750298.34
17.0010304091 1412750299.71
16.8648403546 1412750301.07
16.5981351678 1412750302.4
16.4973729421 1412750303.75
16.4696860807 1412750305.09
16.4630532707 1412750306.39
16.2501610622 1412750307.74
15.8369869062 1412750309.11
15.7990341821 1412750310.55
15.6056403871 1412750311.95
15.5620353414 1412750313.35
15.446328327 1412750314.78
14.6469781324 1412750316.26
13.7548428117 1412750317.69
13.4455507638 1412750319.13
13.2675078175 1412750320.54
13.0208957411 1412750322.03
12.6877562496 1412750323.59
12.5219009861 1412750325.04
12.5610314304 1412750326.6
12.4214021067 1412750328.21
12.346514595 1412750329.74
12.3174921402 1412750331.21
12.5067386411 1412750332.73
12.4906798966 1412750334.23
12.4185691095 1412750335.73
12.4149589989 1412750337.21
12.3175256533 1412750338.8
12.3424401979 1412750340.36
12.2889301272 1412750341.94
12.2723686642 1412750343.47
12.0725845366 1412750345.08
12.0396691951 1412750346.74
12.0713123595 1412750348.34
12.0031764386 1412750349.96
11.9486468086 1412750351.54
11.6580986214 1412750353.15
11.4124708881 1412750354.72
11.2909438764 1412750356.4
11.3102019146 1412750358.07
11.2398126291 1412750359.73
11.1688319145 1412750361.42
11.3007395593 1412750363.12
11.3007992648 1412750364.83
11.1048003423 1412750366.63
11.1704900839 1412750368.36
10.7526120575 1412750370.05
10.499340058 1412750371.77
10.4466345744 1412750373.53
10.4606574399 1412750375.21
10.4644152039 1412750376.9
10.6850022691 1412750378.61
10.2787623256 1412750380.37
10.3287093089 1412750382.15
10.3898141583 1412750383.94
10.4375247105 1412750385.72
10.0870706837 1412750387.44
10.0786211452 1412750389.22
10.0907623648 1412750390.99
10.1047188038 1412750392.76
10.1117194544 1412750394.59
10.1214499729 1412750396.38
10.1386114633 1412750398.2
9.98631474104 1412750400.05
9.96999199135 1412750401.83
9.89633587392 1412750403.61
9.90744269498 1412750405.34
9.6112138769 1412750407.12
9.72358341264 1412750408.96
9.79403499087 1412750410.8
9.83385519725 1412750412.66
9.59049681454 1412750414.48
9.40898362948 1412750416.28
9.26054346816 1412750418.08
9.08482664898 1412750419.94
8.88709129798 1412750421.89
8.6868566465 1412750423.8
8.51507758437 1412750425.74
8.46396132756 1412750427.69
8.31949399635 1412750429.6
8.26439807715 1412750431.57
8.28199811008 1412750433.55
8.3533535052 1412750435.49
8.20778159905 1412750437.5
8.10478521383 1412750439.4
8.01918119102 1412750441.36
8.0510811541 1412750443.39
7.92782822385 1412750445.39
7.96761877664 1412750447.43
7.95243391484 1412750449.37
8.01977419512 1412750451.39
8.05670955986 1412750453.39
8.06283511108 1412750455.39
8.03524997228 1412750457.31
8.04200013974 1412750459.39
7.90658309338 1412750461.39
7.92781148115 1412750463.43
7.76533837336 1412750465.48
7.72173235628 1412750467.45
7.72209367942 1412750469.44
7.78867608217 1412750471.47
7.75589871692 1412750473.48
7.8217934573 1412750475.53
7.83180647031 1412750477.53
7.8806632029 1412750479.49
7.76976884361 1412750481.44
7.65507228054 1412750483.45
7.64871857793 1412750485.44
7.70282930943 1412750487.4
7.79207660509 1412750489.39
7.58249596442 1412750491.38
7.6095019112 1412750493.38
7.63847352166 1412750495.39
7.70789705758 1412750497.34
7.60623729158 1412750499.29
7.61695509619 1412750501.3
7.62023535355 1412750503.26
7.62979435083 1412750505.22
7.52490223105 1412750507.19
7.45285255442 1412750509.2
7.38132852006 1412750511.29
7.36170990109 1412750513.29
7.29601111285 1412750515.31
7.28260647855 1412750517.36
7.31732324388 1412750519.38
7.218416939 1412750521.38
7.14570238368 1412750523.39
7.16136982277 1412750525.41
7.13244415289 1412750527.44
7.16218283689 1412750529.51
7.04372664626 1412750531.66
7.05210965464 1412750533.82
7.04413680075 1412750536.03
6.98167851031 1412750538.22
6.9203251039 1412750540.46
6.91324769821 1412750542.68
6.95253370845 1412750544.81
6.90032179643 1412750546.99
6.87971602702 1412750549.28
6.96410388499 1412750551.46
6.96005477359 1412750553.53
6.95609355304 1412750555.74
6.95964455526 1412750557.96
6.86144464651 1412750560.17
6.85977854141 1412750562.4
6.8066940511 1412750564.66
6.8639148665 1412750566.89
6.83094733658 1412750569.13
6.80733707118 1412750571.37
6.83869275764 1412750573.63
6.84346588674 1412750575.88
6.85808278686 1412750578.18
6.79158345875 1412750580.46
6.75921025973 1412750582.72
6.73625138511 1412750585.07
6.71978054792 1412750587.33
6.73505480245 1412750589.65
6.74303647371 1412750591.84
6.75747215189 1412750594.18
6.76611177934 1412750596.5
6.7923675969 1412750598.9
6.72497915456 1412750601.29
6.66245687582 1412750603.61
6.7085302466 1412750605.96
6.7547800942 1412750608.33
6.75122955011 1412750610.91
6.7535651293 1412750613.29
6.73952812973 1412750615.58
6.76900595177 1412750617.87
6.69515321366 1412750620.1
6.68174674672 1412750622.33
6.66902018242 1412750624.63
6.63651009136 1412750626.87
6.63251440131 1412750629.17
6.63133880298 1412750631.47
6.64636829866 1412750633.71
6.6632110403 1412750636.08
6.72498106458 1412750638.36
6.59398921762 1412750640.73
6.59934405135 1412750643.09
6.60052220344 1412750645.31
6.60024317229 1412750647.6
6.6004607375 1412750649.92
6.44918593711 1412750652.13
6.42943489409 1412750654.46
