16.0408902353 1412743285.9
15.7468952762 1412743286.77
15.4392229764 1412743287.66
14.6009494342 1412743288.56
14.6167783525 1412743289.43
14.6523978224 1412743290.39
14.5903755381 1412743291.32
14.5254280779 1412743292.21
14.1913641943 1412743293.13
14.2285724548 1412743294.04
13.7609999902 1412743294.96
13.6786316098 1412743295.87
13.6210548447 1412743296.78
13.5715090873 1412743297.72
13.3491988389 1412743298.63
13.3104690302 1412743299.58
13.418551058 1412743300.57
13.5185674665 1412743301.55
13.2806995956 1412743302.51
13.25749248 1412743303.44
13.0885931544 1412743304.41
12.7208762932 1412743305.38
12.5203931475 1412743306.35
12.4367642614 1412743307.35
12.2846930607 1412743308.33
12.2070625216 1412743309.32
12.1479318429 1412743310.33
12.0620479715 1412743311.34
11.935447512 1412743312.33
11.7926115456 1412743313.35
11.7902229163 1412743314.37
11.6229292894 1412743315.43
11.5880207621 1412743316.48
11.4378074607 1412743317.51
11.4222445553 1412743318.52
11.4439989234 1412743319.57
11.2888310601 1412743320.58
11.4012559233 1412743321.59
11.3680267766 1412743322.63
11.2739310532 1412743323.66
11.1948982358 1412743324.71
11.2372908205 1412743325.77
11.1813260341 1412743326.81
11.2237365195 1412743327.89
11.2040722075 1412743329.03
11.3072148987 1412743330.09
11.2926132377 1412743331.18
11.3310329687 1412743332.24
11.3297505491 1412743333.31
11.3809708858 1412743334.41
11.3126176832 1412743335.5
11.2996899063 1412743336.58
11.3189116289 1412743337.66
11.3654575005 1412743338.78
11.4257056928 1412743339.87
11.3268016437 1412743340.93
11.3960230366 1412743342.08
11.4140069849 1412743343.18
11.4234511504 1412743344.28
11.3456286458 1412743345.38
11.3743562793 1412743346.47
11.3872350813 1412743347.55
11.3444509425 1412743348.64
11.3688247049 1412743349.71
11.3703143039 1412743350.78
11.3812911502 1412743351.88
11.4273218012 1412743352.94
11.4016977383 1412743354.12
11.3872398808 1412743355.33
11.3214949216 1412743356.49
11.3407817024 1412743357.61
11.3301838727 1412743358.7
11.3269926991 1412743359.79
11.3457699428 1412743360.88
11.3113530877 1412743362.03
11.3121114341 1412743363.13
11.3421790895 1412743364.29
11.3457802919 1412743365.45
11.322135482 1412743366.58
11.3194666626 1412743367.76
11.3362622563 1412743368.9
11.3320305336 1412743370.07
11.3277140995 1412743371.25
11.4524883194 1412743372.46
11.4062256205 1412743373.61
11.4414429389 1412743374.76
11.4259432888 1412743375.93
11.3877335347 1412743377.1
11.3753211968 1412743378.26
11.3385027532 1412743379.42
11.3541740336 1412743380.57
11.3444315764 1412743381.69
11.2954916198 1412743382.87
11.2881240844 1412743384.05
11.2768501692 1412743385.21
11.2699639675 1412743386.35
11.2264506105 1412743387.5
11.2584897172 1412743388.67
11.2926773932 1412743389.86
11.2871744658 1412743391.02
11.2629647855 1412743392.22
11.2919022319 1412743393.39
11.2641927702 1412743394.55
11.2566101574 1412743395.7
11.2703805335 1412743396.92
11.194128773 1412743398.08
11.1953411416 1412743399.21
11.1810335825 1412743400.39
11.2223915069 1412743401.59
11.2249776238 1412743402.73
11.2119026518 1412743403.93
11.2251194271 1412743405.12
11.2078367961 1412743406.28
11.1218568927 1412743407.49
11.1425245932 1412743408.64
11.2243969795 1412743409.83
11.2501225874 1412743411.04
11.1816825736 1412743412.27
11.2326476027 1412743413.46
11.2128593822 1412743414.65
11.2003978922 1412743415.79
11.2010297571 1412743417.0
11.0616444739 1412743418.17
11.0562092514 1412743419.35
11.0353689369 1412743420.53
11.0249842012 1412743421.67
10.9930933108 1412743422.79
10.9888965658 1412743423.93
10.8587074927 1412743425.08
10.8725978334 1412743426.25
10.8735254137 1412743427.36
10.856069608 1412743428.48
10.8581988706 1412743429.6
10.9122794655 1412743430.75
10.8464779103 1412743431.89
10.9069843561 1412743433.03
10.913673126 1412743434.2
10.8764559759 1412743435.35
11.0090349262 1412743436.55
11.0145737768 1412743437.67
11.0011773859 1412743438.83
10.9903961981 1412743440.01
10.9966340604 1412743441.17
10.9506722341 1412743442.32
10.9349868594 1412743443.46
10.8303017497 1412743444.57
10.9069522844 1412743445.8
10.7467308686 1412743446.96
10.7626764629 1412743448.12
10.7956039448 1412743449.27
10.8019706562 1412743450.38
10.7987440751 1412743451.56
10.8289158197 1412743452.77
10.8218062402 1412743453.95
10.8415966401 1412743455.17
10.8481975126 1412743456.35
10.8506727624 1412743457.52
10.8060293564 1412743458.7
10.8086630491 1412743459.85
10.8329759122 1412743460.98
10.8366526422 1412743462.18
10.8739292671 1412743463.38
10.8779671256 1412743464.53
10.8879311951 1412743465.7
10.8839786215 1412743466.93
10.8842724203 1412743468.11
10.8873668872 1412743469.3
10.9155563175 1412743470.48
10.9133580749 1412743471.63
10.8703085024 1412743472.83
10.867087418 1412743474.02
10.863857762 1412743475.2
10.8576495701 1412743476.41
10.8128975885 1412743477.63
10.8246416518 1412743478.84
10.8719436462 1412743480.0
10.8751912921 1412743481.18
10.869909413 1412743482.33
10.8251701109 1412743483.53
10.7645461707 1412743484.7
10.7638184773 1412743485.88
10.7596348502 1412743487.08
10.7560435265 1412743488.28
10.7488477598 1412743489.49
10.7438713033 1412743490.66
10.7442165127 1412743491.88
10.743330359 1412743493.09
10.7407992278 1412743494.33
10.7382323683 1412743495.52
10.7356763854 1412743496.75
10.7331177182 1412743497.94
10.7305479282 1412743499.15
10.7280019343 1412743500.37
10.7254402456 1412743501.63
10.6983813686 1412743502.83
10.7181696121 1412743504.04
10.7198755152 1412743505.22
10.7171533075 1412743506.46
10.7155027853 1412743507.66
10.6718335958 1412743508.9
