3.44340019259 1412733976.91
3.39739489075 1412733977.89
3.57313491434 1412733978.95
3.70940824313 1412733979.94
4.04122982307 1412733980.92
4.03849099779 1412733981.91
4.08134529738 1412733982.91
3.95681709449 1412733983.87
3.96141179062 1412733984.78
3.95142117916 1412733985.72
3.94791739442 1412733986.62
3.75550544523 1412733987.54
3.74037678842 1412733988.45
3.6969975309 1412733989.34
3.69808791151 1412733990.25
3.62940367172 1412733991.19
3.64165364642 1412733992.12
3.71183703264 1412733993.01
3.69509845143 1412733993.9
3.75016347494 1412733994.82
3.7496144027 1412733995.73
3.82086074188 1412733996.6
3.8843377463 1412733997.5
3.87214027781 1412733998.38
3.89511274271 1412733999.31
3.94655777305 1412734000.2
4.00584929328 1412734001.09
4.0075575048 1412734001.97
4.0321708315 1412734002.85
4.05526704797 1412734003.75
4.18383833177 1412734004.61
4.22931578774 1412734005.5
4.30327805236 1412734006.37
4.33422165077 1412734007.29
4.41571246142 1412734008.18
4.49190531126 1412734009.03
4.49786707311 1412734009.92
4.44309376449 1412734010.79
4.49057816917 1412734011.64
4.48638099577 1412734012.51
4.43622480355 1412734013.39
4.26084073087 1412734014.27
4.26304084946 1412734015.14
4.31110966047 1412734016.03
4.29907157871 1412734016.92
4.30708846048 1412734017.77
4.31528840345 1412734018.68
4.30159164117 1412734019.52
4.23430427532 1412734020.43
4.25212996109 1412734021.28
4.24547456543 1412734022.14
4.19897809414 1412734023.05
4.19111983663 1412734023.93
4.14826408011 1412734024.78
4.149497264 1412734025.67
4.13472928531 1412734026.51
4.12956084491 1412734027.36
4.13546547779 1412734028.26
4.09414394612 1412734029.11
4.11286669298 1412734029.98
4.10809608434 1412734030.84
4.08501803851 1412734031.7
4.10996230695 1412734032.59
4.01830715746 1412734033.44
3.95326827619 1412734034.31
3.93844541046 1412734035.17
3.92833514786 1412734036.01
3.88930549131 1412734036.82
3.86962544776 1412734037.67
3.82039241412 1412734038.54
3.74605775237 1412734039.39
3.73896262694 1412734040.24
3.68692412488 1412734041.08
3.75912439183 1412734041.92
3.72438404034 1412734042.77
3.63980333794 1412734043.61
3.66977447612 1412734044.51
3.62499622411 1412734045.37
3.54980379203 1412734046.24
3.55243171022 1412734047.1
3.59057077275 1412734047.93
3.57873324684 1412734048.83
3.56206044141 1412734049.71
3.51742592747 1412734050.58
3.48473804654 1412734051.42
3.54834109675 1412734052.28
3.50295165616 1412734053.15
3.49307781355 1412734054.01
3.4817568764 1412734054.84
3.45665276716 1412734055.71
3.47857369029 1412734056.53
3.39338995277 1412734057.41
3.36211557601 1412734058.29
3.36797969914 1412734059.14
3.32988568634 1412734060.01
3.27687692072 1412734060.87
3.22859585031 1412734061.69
3.20327493384 1412734062.55
3.20004552124 1412734063.42
3.2041757518 1412734064.25
3.20271408206 1412734065.08
3.10929702402 1412734065.9
3.03321428982 1412734066.74
3.06768231702 1412734067.59
3.03414684297 1412734068.48
3.0453694007 1412734069.32
3.02640443614 1412734070.19
3.00926836673 1412734071.02
2.9622108046 1412734071.85
2.96000607086 1412734072.69
2.94497969904 1412734073.62
2.89628637828 1412734074.49
2.87747698937 1412734075.32
2.84841983283 1412734076.17
2.83270276581 1412734077.02
2.85002343153 1412734077.85
2.79585377427 1412734078.73
2.78015875522 1412734079.57
2.76237044178 1412734080.41
2.74601111538 1412734081.24
2.72028204455 1412734082.08
2.70396931848 1412734082.91
2.65717822389 1412734083.82
2.6539822691 1412734084.82
2.64943318856 1412734085.72
2.64694771058 1412734086.54
2.61015430227 1412734087.42
2.58355878017 1412734088.27
2.56400484108 1412734089.13
2.54492904581 1412734089.96
2.52563566792 1412734090.88
2.48833013948 1412734091.73
2.42719607692 1412734092.56
2.42085110701 1412734093.4
2.40296374146 1412734094.25
2.34203263856 1412734095.08
2.33853299015 1412734095.94
2.32617929298 1412734096.76
2.31181161841 1412734097.6
2.25145410082 1412734098.5
2.24219075479 1412734099.35
2.21750369132 1412734100.19
2.22394629945 1412734101.04
2.22607123577 1412734101.91
2.22304724475 1412734102.74
2.19617913522 1412734103.61
2.20196567111 1412734104.46
2.2017509709 1412734105.29
2.20202482871 1412734106.13
2.1890248788 1412734107.0
2.15373743836 1412734107.84
2.1543370839 1412734108.7
2.15550606999 1412734109.54
2.15714531071 1412734110.34
2.14648247049 1412734111.18
2.10717020905 1412734112.03
2.10708493962 1412734112.91
2.10137399715 1412734113.76
2.0586651173 1412734114.62
2.09674731217 1412734115.49
2.05183408439 1412734116.33
2.04549635214 1412734117.18
2.06386050494 1412734118.03
2.07235424808 1412734118.92
2.06489904987 1412734119.79
2.05875251664 1412734120.66
2.05290289804 1412734121.52
2.04378497751 1412734122.35
2.0537865562 1412734123.22
2.04018291077 1412734124.1
2.0347863953 1412734124.92
1.98989798944 1412734125.77
1.98379252778 1412734126.6
1.97689154137 1412734127.42
1.98001389014 1412734128.26
1.97603516281 1412734129.11
1.9708752179 1412734129.97
1.99130359506 1412734130.81
1.9720442167 1412734131.65
1.9809373248 1412734132.47
1.98106641515 1412734133.32
1.9760047598 1412734134.16
1.97330424014 1412734135.05
1.97024633551 1412734135.91
1.96409253499 1412734136.75
1.96153349603 1412734137.59
1.96268557048 1412734138.43
1.95975089998 1412734139.29
1.97451772186 1412734140.1
1.91494851662 1412734140.98
1.91201604418 1412734141.82
1.98210964179 1412734142.66
1.97308573441 1412734143.52
1.93225615102 1412734144.34
1.92872582352 1412734145.18
1.92526275586 1412734146.01
1.89180238781 1412734146.85
1.91228441491 1412734147.67
1.87369602694 1412734148.51
1.82968656483 1412734149.35
