16.3066004063 1412735820.88
16.9469053609 1412735821.87
16.9074698741 1412735822.88
16.6693584607 1412735823.88
16.9402219156 1412735824.85
17.2501850161 1412735825.89
17.3110511146 1412735826.99
17.840100659 1412735828.05
17.4763721484 1412735829.06
17.8788819125 1412735830.1
18.5481390076 1412735831.19
18.9500609071 1412735832.3
19.4226503445 1412735833.41
15.3500888581 1412735834.51
13.7842164198 1412735835.55
13.333657207 1412735836.66
13.7763112475 1412735837.8
14.7698827064 1412735838.93
15.9857826929 1412735840.07
14.76504009 1412735841.23
15.2946302119 1412735842.36
15.8753394852 1412735843.5
16.2262975801 1412735844.64
15.5292549302 1412735845.79
15.9750124016 1412735846.93
16.3040499637 1412735848.12
16.311697141 1412735849.25
16.135227593 1412735850.33
16.4314795081 1412735851.5
16.5021121666 1412735852.68
16.3036616975 1412735853.81
16.3187659735 1412735854.96
16.2897789901 1412735856.11
16.2828159207 1412735857.29
15.7564732598 1412735858.47
15.9602500934 1412735859.67
15.7693839006 1412735860.83
15.8384601522 1412735862.0
15.9141915215 1412735863.2
15.8050941173 1412735864.35
15.6264942597 1412735865.52
15.5921198814 1412735866.7
15.5849537065 1412735867.88
15.6115520666 1412735869.01
15.5311118558 1412735870.11
15.4975835871 1412735871.22
15.5133508451 1412735872.33
15.5938541383 1412735873.49
15.5667289352 1412735874.64
15.563040336 1412735875.78
15.6580110676 1412735876.89
15.5238836494 1412735878.0
15.43166358 1412735879.22
15.4135961443 1412735880.38
15.6489904162 1412735881.57
15.3708878648 1412735882.74
15.3524583623 1412735883.87
15.5409407735 1412735885.06
15.3964262388 1412735886.18
15.3609980414 1412735887.31
15.3701893874 1412735888.45
15.2023541028 1412735889.57
15.2687442093 1412735890.71
15.2414672543 1412735891.88
15.2273153856 1412735893.05
15.1843826202 1412735894.24
15.2465369419 1412735895.39
15.5132425134 1412735896.55
15.3717486506 1412735897.73
15.3439437771 1412735898.84
15.1497161353 1412735899.99
15.0935140248 1412735901.1
14.9329178552 1412735902.3
14.8631986281 1412735903.49
14.843388382 1412735904.62
14.7541144232 1412735905.85
14.620796472 1412735906.98
14.4778829501 1412735908.13
14.6580647164 1412735909.29
14.5544154484 1412735910.46
14.473457345 1412735911.58
14.3879565496 1412735912.68
14.300377862 1412735913.86
14.1960237719 1412735915.18
14.0472056364 1412735916.37
13.7051454562 1412735917.68
13.4484942961 1412735918.87
13.3175192162 1412735920.06
13.2394762214 1412735921.22
13.1192637576 1412735922.47
13.1087517047 1412735923.64
12.6031120596 1412735924.81
12.4428807527 1412735925.98
12.4372825429 1412735927.21
12.3511907377 1412735928.38
12.0016282578 1412735929.59
11.9660275361 1412735930.76
11.6999584026 1412735931.9
11.2414642827 1412735933.06
11.2104532875 1412735934.22
11.0238494273 1412735935.34
10.9660032693 1412735936.56
10.8910163409 1412735937.75
10.7974753639 1412735938.96
10.4147800147 1412735940.16
10.260771189 1412735941.4
10.2120053205 1412735942.61
10.1233235462 1412735943.81
9.87549856396 1412735944.99
9.54738650533 1412735946.25
9.37175207873 1412735947.5
9.33826574469 1412735948.69
9.20871915532 1412735949.85
9.22752250735 1412735951.19
9.23596523253 1412735952.41
9.1847630928 1412735953.61
9.19317439474 1412735954.89
9.30978027591 1412735956.12
9.28983683293 1412735957.36
9.40289212291 1412735958.59
9.40517155163 1412735959.82
8.84836045629 1412735961.03
8.84988837164 1412735962.24
8.84752552685 1412735963.46
8.46573769083 1412735964.69
8.68387617534 1412735965.94
8.4908168184 1412735967.15
8.64869620932 1412735968.35
8.6333996814 1412735969.59
8.06824451139 1412735970.81
8.06988802476 1412735972.09
8.06077142046 1412735973.4
7.9916668655 1412735974.66
8.00196159751 1412735975.93
7.86992736248 1412735977.17
7.68611554167 1412735978.41
7.82426325121 1412735979.64
7.84871131497 1412735980.87
7.86164207693 1412735982.09
7.72414556558 1412735983.37
7.70818595563 1412735984.57
7.74273398687 1412735985.76
7.60504442993 1412735987.05
7.6207161319 1412735988.29
7.63746507279 1412735989.61
7.54226752594 1412735990.87
7.62464775888 1412735992.14
7.75106475691 1412735993.42
7.40405859588 1412735994.77
7.44179881537 1412735996.06
7.3961050134 1412735997.35
7.30228595298 1412735998.68
7.37036185987 1412735999.99
7.34806854829 1412736001.31
7.23569801295 1412736002.65
7.71570986014 1412736003.92
7.83660916512 1412736005.21
7.5159910958 1412736006.57
7.67693010758 1412736007.91
7.86803232229 1412736009.24
7.76039568744 1412736010.61
7.81177215327 1412736012.01
7.89306345978 1412736013.36
7.96162272527 1412736014.7
8.14776307832 1412736016.08
8.21138664217 1412736017.44
8.0187624874 1412736018.74
7.96665933654 1412736020.05
7.98747842159 1412736021.44
8.02239386785 1412736022.76
8.07126812268 1412736024.05
8.12026054674 1412736025.43
7.84452145439 1412736026.81
7.86947122243 1412736028.19
7.91265047402 1412736029.55
7.95110957262 1412736030.85
7.90523765906 1412736032.11
7.94685373651 1412736033.48
7.75091693113 1412736034.83
7.78429313668 1412736036.19
7.7276696416 1412736037.56
7.75396788667 1412736038.96
7.78578913594 1412736040.28
7.88267815791 1412736041.64
7.90791006051 1412736043.01
7.88727082465 1412736044.36
7.90473617833 1412736045.7
7.39281910364 1412736047.12
7.44626841852 1412736048.53
7.41416279467 1412736049.88
7.46783401407 1412736051.26
7.43394852026 1412736052.62
7.4404766243 1412736053.94
7.44683866042 1412736055.28
7.40911263139 1412736056.69
7.58133203846 1412736058.1
7.54652595127 1412736059.46
7.55476376047 1412736060.83
7.62997658214 1412736062.15
7.68735210059 1412736063.51
