7.95945177645 1412752656.37
8.04302789145 1412752657.79
7.99226071765 1412752659.22
8.17076842198 1412752660.66
8.27511207407 1412752662.09
8.23686144648 1412752663.48
8.31645357349 1412752664.87
8.43412660529 1412752666.26
8.28464370731 1412752667.67
8.00701685767 1412752669.06
7.85610633293 1412752670.41
7.6029752242 1412752671.81
7.46837038846 1412752673.17
7.27951158562 1412752674.52
7.39034035967 1412752675.88
7.50974413968 1412752677.22
7.51339211668 1412752678.6
7.4883229453 1412752679.96
7.62134095323 1412752681.27
7.73338076343 1412752682.67
7.88571388446 1412752684.04
7.98410578016 1412752685.39
8.2682719786 1412752686.76
8.52678708403 1412752688.13
7.84158635308 1412752689.53
7.89588268448 1412752690.87
7.67513140985 1412752692.2
7.67588126992 1412752693.56
7.80034165412 1412752694.86
7.82373503532 1412752696.2
7.90252972323 1412752697.53
7.96015977013 1412752698.89
7.90913271317 1412752700.22
7.83144694624 1412752701.53
7.84267838945 1412752702.88
7.68840223466 1412752704.21
7.72244004171 1412752705.51
7.71092697524 1412752706.85
7.60139670078 1412752708.16
7.64722746195 1412752709.52
7.58891785288 1412752710.85
7.49303765663 1412752712.16
7.32884612173 1412752713.51
7.12215729349 1412752714.87
7.00221973808 1412752716.22
6.92050541538 1412752717.57
6.87537662149 1412752718.88
6.79832583735 1412752720.2
6.7065578032 1412752721.51
6.57469758812 1412752722.87
6.48350603809 1412752724.2
6.4715110385 1412752725.53
6.49111015749 1412752726.83
6.37110533437 1412752728.14
6.26021747279 1412752729.47
6.29712330058 1412752730.81
6.40024765286 1412752732.21
6.19118715323 1412752733.53
6.32789883157 1412752734.88
6.09811503964 1412752736.18
6.18113501407 1412752737.5
5.86556569784 1412752738.75
6.01791814111 1412752740.03
5.7525910886 1412752741.29
5.78850424873 1412752742.57
5.58724721195 1412752743.9
5.66733328959 1412752745.2
5.51653695825 1412752746.51
5.29285023575 1412752747.78
5.41711389827 1412752749.09
5.18434753719 1412752750.4
5.30004500929 1412752751.7
5.33323041187 1412752752.98
5.21562318533 1412752754.24
5.13511441041 1412752755.5
5.07100012211 1412752756.8
5.07580297093 1412752758.06
5.07910712951 1412752759.35
4.97997190837 1412752760.64
4.99779433067 1412752761.94
5.01178439948 1412752763.18
4.9399146108 1412752764.45
4.95326807532 1412752765.75
4.8830335435 1412752767.0
4.91509927841 1412752768.25
4.91230761316 1412752769.51
4.88439853826 1412752770.74
4.75097643274 1412752772.06
4.73397087094 1412752773.37
4.78414819101 1412752774.6
4.68207297221 1412752775.84
4.63740651047 1412752777.12
4.63246622012 1412752778.39
4.54659986673 1412752779.68
4.51250345675 1412752780.9
4.53389074646 1412752782.15
4.47951236229 1412752783.4
4.4287057447 1412752784.64
4.39549160571 1412752785.85
4.30891256325 1412752787.05
4.31146882477 1412752788.34
4.39252888857 1412752789.57
4.28013556434 1412752790.86
4.34793116788 1412752792.16
4.2949534629 1412752793.42
4.29238155095 1412752794.68
4.25803166498 1412752795.94
4.21968448253 1412752797.18
4.240655332 1412752798.43
4.28621882313 1412752799.69
4.19891715514 1412752800.95
4.18878993965 1412752802.25
4.15479470959 1412752803.52
4.08519648235 1412752804.78
4.08320323068 1412752806.03
4.09946968648 1412752807.25
4.11853951302 1412752808.5
4.15281955562 1412752809.71
4.19242933163 1412752810.94
4.12255052552 1412752812.19
4.05676512222 1412752813.41
4.10502126902 1412752814.63
4.06828936427 1412752815.88
4.01206954967 1412752817.15
4.03449857562 1412752818.42
4.00097759078 1412752819.72
3.90855104349 1412752820.96
3.94154614578 1412752822.24
3.94053801378 1412752823.47
3.92715967785 1412752824.69
3.90152135756 1412752825.9
3.92629925435 1412752827.13
3.92851804568 1412752828.36
3.9365490796 1412752829.6
3.92229930031 1412752830.86
3.92320740246 1412752832.13
3.92543299295 1412752833.38
3.94121741229 1412752834.64
3.95192787592 1412752835.91
3.92465079962 1412752837.18
3.90709482933 1412752838.43
3.91659765165 1412752839.68
3.91800459169 1412752840.93
3.91978785587 1412752842.23
3.87638531698 1412752843.48
3.83064181357 1412752844.71
3.83616825523 1412752845.98
3.81852684656 1412752847.23
3.77473241053 1412752848.48
3.72999022117 1412752849.74
3.74282150749 1412752850.99
3.73352214221 1412752852.24
3.72631077089 1412752853.48
3.71268720713 1412752854.74
3.70839169875 1412752855.97
3.6880565859 1412752857.22
3.68598055168 1412752858.45
3.67778139048 1412752859.73
3.65273223176 1412752860.97
3.62267970065 1412752862.22
3.59926061809 1412752863.48
3.55681338771 1412752864.73
3.52433975992 1412752865.94
3.50149636841 1412752867.16
3.49913721954 1412752868.37
3.45161711974 1412752869.59
3.40712016276 1412752870.83
3.38185836625 1412752872.09
3.35762769249 1412752873.33
3.36135913793 1412752874.59
3.37090132666 1412752875.77
3.35882017506 1412752876.99
3.35497406178 1412752878.24
3.36873010745 1412752879.49
3.36559590662 1412752880.74
3.3826977696 1412752881.95
3.37700214338 1412752883.12
3.38009259776 1412752884.38
3.38211128022 1412752885.62
3.36634990243 1412752886.89
3.36576137428 1412752888.15
3.34658344784 1412752889.38
3.32316948799 1412752890.65
3.33757497643 1412752891.9
3.28374776281 1412752893.11
3.28351597246 1412752894.34
3.29716429361 1412752895.59
3.31107323023 1412752896.78
3.31797528196 1412752897.98
3.32185086147 1412752899.22
3.29115894471 1412752900.47
3.27776021494 1412752901.69
3.21927115593 1412752902.96
3.25067326289 1412752904.24
3.25627378935 1412752905.45
3.22437532318 1412752906.75
3.21962302171 1412752907.99
3.19875694777 1412752909.25
3.21152017482 1412752910.48
3.20697612127 1412752911.76
