10.5923188088 1412741785.67
10.372321948 1412741786.78
10.3421362083 1412741787.89
10.0456987272 1412741788.97
9.94007041753 1412741790.05
9.86818680033 1412741791.13
9.6142238837 1412741792.2
9.62413371362 1412741793.27
9.52976651366 1412741794.32
9.38436183357 1412741795.36
9.42870971768 1412741796.42
9.44153456024 1412741797.46
9.28689288739 1412741798.51
9.08452108252 1412741799.52
8.91650083935 1412741800.56
8.80225411838 1412741801.67
8.69099596229 1412741802.74
8.35925549378 1412741803.81
8.23359515977 1412741804.96
8.12875620121 1412741806.03
8.01973407829 1412741807.12
8.02021813851 1412741808.21
7.80025693289 1412741809.35
7.81237141951 1412741810.46
7.85545210029 1412741811.58
7.80747358394 1412741812.71
7.67341010551 1412741813.95
7.59941960907 1412741815.1
7.51596304823 1412741816.32
7.45797026335 1412741817.56
7.27972463482 1412741818.82
7.31465846345 1412741820.04
7.23454261338 1412741821.35
7.13864097488 1412741822.59
7.11300729278 1412741823.86
7.00666033879 1412741825.13
6.96905800529 1412741826.41
6.8694433755 1412741827.66
6.87937199659 1412741828.88
6.8108788919 1412741830.08
6.6844750744 1412741831.33
6.71629293967 1412741832.61
6.72335751247 1412741833.97
6.62196067019 1412741835.27
6.61407880659 1412741836.6
6.63545548454 1412741837.88
6.63244646619 1412741839.19
6.4683835726 1412741840.49
6.49873385428 1412741841.77
6.4615990902 1412741843.03
6.48492100077 1412741844.32
6.51806890637 1412741845.62
6.55563248736 1412741846.9
6.48361481382 1412741848.16
6.48724388287 1412741849.47
6.45900423719 1412741850.7
6.43666156892 1412741851.94
6.43663390632 1412741853.17
6.43058272786 1412741854.46
6.45960311765 1412741855.72
6.43802382178 1412741856.95
6.39340286068 1412741858.21
6.47259073862 1412741859.48
6.51165009669 1412741860.75
6.57501419145 1412741862.0
6.5127346767 1412741863.34
6.51025134961 1412741864.64
6.53249639368 1412741866.01
6.52148643956 1412741867.27
6.48945161607 1412741868.54
6.4659349624 1412741869.8
6.37133048923 1412741870.99
6.36704180088 1412741872.22
6.33456418711 1412741873.53
6.32778656392 1412741874.72
6.33006567006 1412741876.02
6.32462093657 1412741877.32
6.27662271547 1412741878.54
6.3285557631 1412741879.8
6.34531230369 1412741881.03
6.31454808123 1412741882.28
6.24031583715 1412741883.63
6.29354683577 1412741885.01
6.24446192592 1412741886.28
6.20707012924 1412741887.51
6.25995988971 1412741888.79
6.2762211942 1412741890.08
6.21191879563 1412741891.35
6.24575316151 1412741892.63
6.23919897301 1412741893.89
6.2061138953 1412741895.2
6.23995595924 1412741896.5
6.18843414809 1412741897.79
6.13588706815 1412741899.07
6.12873224307 1412741900.39
6.1137580881 1412741901.69
6.04328902172 1412741902.96
5.99436782667 1412741904.27
5.97748582056 1412741905.54
5.99303121126 1412741906.89
5.92696151068 1412741908.22
5.99354403731 1412741909.51
5.99494039868 1412741910.86
5.98340520699 1412741912.19
5.97192675184 1412741913.53
5.99236924524 1412741914.82
6.00640870073 1412741916.11
5.99074823602 1412741917.46
5.97311984064 1412741918.84
5.95897863072 1412741920.2
5.94898826358 1412741921.58
5.93787381002 1412741922.99
5.92259175505 1412741924.36
5.94490193974 1412741925.66
6.02464852478 1412741926.96
5.96451583274 1412741928.34
6.00302922004 1412741929.62
5.95566003906 1412741930.97
5.99935529861 1412741932.32
5.99461991383 1412741933.68
5.9473531985 1412741935.06
5.98556569174 1412741936.42
6.01067587164 1412741937.81
6.03131203277 1412741939.14
6.03793185183 1412741940.53
6.04211228124 1412741941.95
5.93275167791 1412741943.31
5.91735018929 1412741944.7
5.91025091475 1412741946.1
5.92408131965 1412741947.47
5.92837652865 1412741948.88
5.91059793486 1412741950.27
6.01128767713 1412741951.67
5.9477403737 1412741953.09
5.96192740538 1412741954.46
5.969896231 1412741955.92
6.03383530062 1412741957.23
6.04822499242 1412741958.63
5.99208437665 1412741960.04
5.9508958306 1412741961.45
5.97603341099 1412741962.82
5.93510556438 1412741964.23
5.9308628593 1412741965.61
5.93575575749 1412741967.07
5.83390286949 1412741968.48
5.92617400737 1412741969.9
5.92984327547 1412741971.25
5.95088617137 1412741972.67
5.93516924666 1412741974.05
5.88991941083 1412741975.39
5.94816287697 1412741976.86
5.88064144361 1412741978.31
5.80910077716 1412741979.69
5.80429308866 1412741981.08
5.9272762189 1412741982.55
5.82260183852 1412741983.97
5.99720674797 1412741985.43
5.87942084248 1412741986.87
5.94404852748 1412741988.39
5.94841438116 1412741989.81
6.03532844737 1412741991.2
5.97651804593 1412741992.62
5.98079136159 1412741994.1
5.91842692748 1412741995.43
6.05887629727 1412741996.96
5.87259168479 1412741998.35
6.06752976493 1412741999.82
5.90409413595 1412742001.21
6.04244036939 1412742002.66
5.88422744687 1412742004.09
6.07768485551 1412742005.48
6.01916114969 1412742006.9
6.02423656532 1412742008.3
6.07397965869 1412742009.73
6.11996980935 1412742011.15
6.09848381046 1412742012.6
6.05919712133 1412742014.08
6.12190254141 1412742015.54
6.08417742866 1412742016.95
5.95920706623 1412742018.39
5.98348557727 1412742019.87
5.92773762923 1412742021.4
6.03629991639 1412742022.91
5.94706699871 1412742024.3
6.02055510737 1412742025.77
5.99316825311 1412742027.24
5.97715620007 1412742028.67
6.02166286428 1412742030.16
6.00796928356 1412742031.65
5.98232874963 1412742033.09
6.02108937262 1412742034.54
6.12601857232 1412742035.97
6.12066446803 1412742037.41
6.14864045728 1412742038.82
6.12593886278 1412742040.29
6.22735098327 1412742041.76
6.19892373252 1412742043.28
6.21761211445 1412742044.83
6.19621132789 1412742046.26
6.19069625347 1412742047.72
