15.176155343 1412721738.33
15.9880889356 1412721738.46
16.3412218388 1412721738.66
16.9523458274 1412721738.8
17.6875387034 1412721738.98
18.2445211952 1412721739.15
18.7501438127 1412721739.31
19.3316689715 1412721739.49
19.2495872701 1412721739.61
20.1754033286 1412721739.78
20.6910974779 1412721739.96
21.4426188544 1412721740.13
22.0503560933 1412721740.28
22.5056037909 1412721740.43
22.294575187 1412721740.54
22.4376910109 1412721740.63
22.5667329071 1412721740.73
22.3711439261 1412721740.83
21.9619419514 1412721740.99
21.995000752 1412721741.13
21.9658567695 1412721741.36
21.9943438566 1412721741.53
21.8652177851 1412721741.64
21.8840360845 1412721741.79
21.9013506717 1412721741.95
21.9172479418 1412721742.09
21.937024427 1412721742.24
21.9503487921 1412721742.38
21.9170453261 1412721742.49
21.9344645002 1412721742.61
21.7338626611 1412721742.77
21.738930913 1412721742.88
21.7436696928 1412721742.99
21.7480959376 1412721743.12
21.7521454582 1412721743.23
21.7564309153 1412721743.43
21.7563823158 1412721743.59
21.7560972705 1412721743.71
21.7535179476 1412721743.85
21.7508395712 1412721743.99
21.7481906881 1412721744.12
21.7454053154 1412721744.22
21.7426305841 1412721744.37
21.8063574282 1412721744.48
21.804247139 1412721744.58
21.8021127455 1412721744.71
21.799857843 1412721744.82
21.8637876034 1412721744.95
21.8633179804 1412721745.13
21.8628449571 1412721745.3
21.8623650407 1412721745.44
21.86194402 1412721745.62
21.8615056337 1412721745.8
21.8610942274 1412721745.94
21.860797222 1412721746.08
21.8604321341 1412721746.22
21.8601461947 1412721746.39
21.8598532543 1412721746.55
21.8595581763 1412721746.71
21.8594045352 1412721746.84
21.8592266114 1412721747.0
21.860401837 1412721747.14
21.8617107474 1412721747.3
21.8630911905 1412721747.44
21.8645589083 1412721747.61
21.8661906114 1412721747.71
21.8678705684 1412721747.82
21.8697474097 1412721747.95
21.8714813958 1412721748.07
21.8721567193 1412721748.19
21.8728718143 1412721748.3
21.8738376067 1412721748.41
21.8748775573 1412721748.51
21.8760581313 1412721748.6
21.8774150603 1412721748.75
21.8788971318 1412721748.93
21.8805977649 1412721749.07
21.8810623999 1412721749.23
21.8816342419 1412721749.37
21.8823098157 1412721749.48
21.8831044405 1412721749.64
21.8840726611 1412721749.75
21.8852027044 1412721749.91
21.8864838577 1412721750.06
21.2664370211 1412721750.14
21.2687086259 1412721750.26
21.2738415702 1412721750.42
21.2723942137 1412721750.54
21.2738900133 1412721750.68
21.2751213544 1412721750.81
21.2759367387 1412721750.92
20.6429242752 1412721751.05
20.7053269282 1412721751.19
20.6845921243 1412721751.33
20.6751717435 1412721751.46
19.9987348199 1412721751.59
19.9690874133 1412721751.71
19.3018279733 1412721751.85
19.2932568466 1412721751.98
18.0243896189 1412721752.1
17.7009069722 1412721752.23
16.9360545912 1412721752.37
16.9265521965 1412721752.52
15.2908770548 1412721752.64
14.3878010015 1412721752.77
14.3001586323 1412721752.91
12.3548340737 1412721753.04
37.5844300216 1412721753.16
38.8502330707 1412721753.42
39.6565865227 1412721753.6
40.852899272 1412721753.72
40.5062124714 1412721753.88
40.3606057791 1412721754.02
40.7103172233 1412721754.34
42.0935206291 1412721754.62
42.6001878581 1412721754.81
42.8300063933 1412721754.99
42.8161062427 1412721755.16
43.1348911609 1412721755.37
43.9621141699 1412721755.52
44.2344620577 1412721755.66
44.5978159809 1412721755.82
45.5168386129 1412721755.96
45.5748914527 1412721756.13
45.629034341 1412721756.31
45.6794495783 1412721756.47
45.7265883714 1412721756.64
45.7703563815 1412721756.81
45.8047260622 1412721756.99
45.1755840681 1412721757.17
45.1922276415 1412721757.36
45.2154804813 1412721757.51
45.2367126337 1412721757.68
45.2561116911 1412721757.82
45.2661145182 1412721758.0
45.2744091964 1412721758.14
45.2825425628 1412721758.28
45.2908190105 1412721758.48
45.0792445094 1412721758.71
45.1747155083 1412721758.93
45.1953098348 1412721759.09
45.0590857081 1412721759.28
45.2454322708 1412721759.46
45.1801656993 1412721759.68
45.1895112894 1412721759.83
45.1203072999 1412721759.98
45.1226059455 1412721760.13
45.1248474648 1412721760.28
45.1270675275 1412721760.45
45.1293321264 1412721760.58
45.1314787137 1412721760.75
45.1335788708 1412721760.91
45.1356238771 1412721761.04
45.1377365331 1412721761.23
45.13976101 1412721761.39
45.1416847092 1412721761.54
45.1436996327 1412721761.68
45.1455343599 1412721761.85
45.1474641053 1412721761.99
45.1492430216 1412721762.14
45.1510857698 1412721762.28
45.1529012087 1412721762.47
45.1546263096 1412721762.67
45.1563220771 1412721762.87
45.1579892682 1412721763.01
45.4533525485 1412721763.2
45.4911648629 1412721763.36
45.1100091569 1412721763.49
45.1329451239 1412721763.63
45.1532423486 1412721763.78
45.1768621013 1412721763.91
45.1930633533 1412721764.06
45.2125956719 1412721764.2
45.2195299027 1412721764.37
45.2264951935 1412721764.51
45.2331816503 1412721764.65
45.2398400293 1412721764.78
45.2464463692 1412721764.92
45.2528243222 1412721765.06
44.7390872151 1412721765.21
44.7572982748 1412721765.35
44.2037713474 1412721765.49
44.2133133538 1412721765.64
43.6866998272 1412721765.79
44.7829955427 1412721765.92
44.8702136697 1412721766.06
44.3397334955 1412721766.18
43.6004311174 1412721766.35
43.8518790245 1412721766.49
44.0020497367 1412721766.62
44.3078784466 1412721766.76
45.3592984419 1412721766.91
44.7468688337 1412721767.05
44.8600765046 1412721767.19
44.962021066 1412721767.32
44.3451322225 1412721767.51
45.3187052322 1412721767.74
45.4046308183 1412721767.9
45.4338350229 1412721768.05
45.2942597504 1412721768.18
