6.76337493915 1412736444.39
6.68985602323 1412736445.41
6.69598295532 1412736446.37
6.79815683429 1412736447.31
6.84658576471 1412736448.38
7.02683738333 1412736449.33
7.05660125701 1412736450.27
6.99718169182 1412736451.25
6.92986133313 1412736452.13
6.84070896021 1412736453.1
6.87138706279 1412736454.04
6.67237554572 1412736454.96
6.52608136676 1412736455.85
6.45225231774 1412736456.77
6.31487210805 1412736457.65
6.17091912573 1412736458.57
6.10047396848 1412736459.42
6.01927629173 1412736460.32
6.01890478171 1412736461.23
6.17314088631 1412736462.13
6.40275598 1412736463.04
6.52930739186 1412736463.95
6.6388926839 1412736464.84
6.71405825476 1412736465.73
6.73604150466 1412736466.64
6.78139204052 1412736467.55
6.75888393157 1412736468.46
6.72266658526 1412736469.37
6.61676345919 1412736470.24
6.45483238028 1412736471.15
6.36254653364 1412736472.04
6.21192573974 1412736472.95
6.16196087115 1412736473.86
6.08024839018 1412736474.77
6.0356079968 1412736475.67
6.02480604199 1412736476.54
6.15348777796 1412736477.48
6.00915609975 1412736478.4
6.02283911307 1412736479.33
6.05771040896 1412736480.24
6.10304542612 1412736481.15
6.19290427026 1412736482.06
6.09922610548 1412736482.95
6.15435331727 1412736483.85
6.23461196021 1412736484.75
6.2378322263 1412736485.74
6.21969190202 1412736486.72
6.24672446194 1412736487.73
6.26678844303 1412736488.74
6.25709533296 1412736489.74
6.2745612525 1412736490.75
6.22726189124 1412736491.74
6.19125051886 1412736492.73
6.0931652644 1412736493.76
6.03924834711 1412736494.8
5.98607620747 1412736495.79
5.9205774304 1412736496.77
5.88731631779 1412736497.79
5.88437007516 1412736498.79
5.87516733092 1412736499.74
5.8846279347 1412736500.73
5.86808984814 1412736501.74
5.94114790785 1412736502.75
5.98491293186 1412736503.71
5.95624502357 1412736504.71
5.9680747388 1412736505.73
6.01430629778 1412736506.73
5.98716808163 1412736507.73
6.00141940064 1412736508.74
5.94260804415 1412736509.79
5.93440602712 1412736510.79
5.92838416577 1412736511.79
5.92452895218 1412736512.83
5.92948253558 1412736513.84
5.93395981519 1412736514.89
5.90365333044 1412736515.92
5.88572631825 1412736516.93
5.87070056272 1412736517.95
5.85170447099 1412736518.97
5.85891064091 1412736519.99
5.74438893613 1412736520.95
5.59876833655 1412736521.93
5.65577380322 1412736522.94
5.62606462717 1412736523.96
5.62416296202 1412736524.97
5.61508797305 1412736525.95
5.56955400991 1412736526.93
5.56188296078 1412736527.91
5.56873718408 1412736528.89
5.57616587481 1412736529.85
5.54191385867 1412736530.84
5.52005915081 1412736531.86
5.44453460333 1412736532.83
5.56664553486 1412736533.84
5.54281299124 1412736534.82
5.53710808104 1412736535.81
5.53549566899 1412736536.81
5.5207368744 1412736537.85
5.47192657464 1412736538.85
5.47679379516 1412736539.86
5.48020433172 1412736540.84
5.4743283887 1412736541.85
5.47165390833 1412736542.82
5.46416432453 1412736543.79
5.44483813412 1412736544.75
5.39436165936 1412736545.75
5.3544054225 1412736546.75
5.32390465519 1412736547.77
5.26159400816 1412736548.82
5.23227262262 1412736549.81
5.15173524642 1412736550.77
5.10309855465 1412736551.82
5.02279902334 1412736552.83
4.94221738738 1412736553.81
4.85484942167 1412736554.84
4.79521761175 1412736555.88
4.72266503508 1412736556.94
4.5735253532 1412736557.99
4.47282815416 1412736559.02
4.47261899955 1412736560.05
4.32800164611 1412736561.07
4.1847038987 1412736562.1
4.07550797153 1412736563.18
4.00283742314 1412736564.23
3.88551451652 1412736565.33
3.84528060932 1412736566.43
3.77029454819 1412736567.49
3.67020924324 1412736568.57
3.61047424416 1412736569.62
3.6127141085 1412736570.72
3.64201294213 1412736571.86
3.60873116675 1412736572.96
3.66516954486 1412736574.08
3.82142586124 1412736575.22
4.05562350488 1412736576.42
4.20089446674 1412736577.45
4.41587735179 1412736578.73
4.48033417583 1412736579.99
4.57959823313 1412736581.26
4.65754176922 1412736582.56
4.71238072917 1412736583.85
4.65397936441 1412736585.17
4.68015335984 1412736586.53
4.7388659645 1412736587.99
4.76297074943 1412736588.95
4.77116410405 1412736589.9
4.75653057458 1412736590.87
4.70226592401 1412736591.78
4.70534947513 1412736592.74
4.80905759182 1412736593.68
4.78805764726 1412736594.64
4.75249929263 1412736595.59
4.7020749781 1412736596.57
4.6651489185 1412736597.53
4.54446195861 1412736598.49
4.53848914367 1412736599.45
4.44370422156 1412736600.38
4.42284809366 1412736601.3
4.36641988175 1412736602.23
4.34574492082 1412736603.16
4.21652000155 1412736604.09
4.19155865754 1412736604.99
4.14722112319 1412736605.9
4.11516778049 1412736606.85
4.01638608307 1412736607.78
3.84885597795 1412736608.72
3.80304115942 1412736609.67
3.63347838207 1412736610.56
3.59572797678 1412736611.48
3.56119116712 1412736612.39
3.4632546387 1412736613.31
3.43319456257 1412736614.24
3.40212718277 1412736615.15
3.30342205928 1412736616.05
3.27280746697 1412736616.97
3.18227577991 1412736617.9
3.12990311308 1412736618.85
3.097514576 1412736619.74
3.06127671738 1412736620.66
2.90055910879 1412736621.57
2.86433234021 1412736622.5
2.83434504465 1412736623.39
2.80726203942 1412736624.3
2.80033125066 1412736625.23
2.78660357853 1412736626.18
2.76070528 1412736627.07
2.73541189939 1412736628.05
2.63620212469 1412736629.01
2.61113204041 1412736629.94
2.5556707253 1412736630.85
2.53807214863 1412736631.83
2.51083978052 1412736632.73
2.51446444578 1412736633.63
2.54589777142 1412736634.56
2.52265811933 1412736635.45
2.50806140847 1412736636.34
2.41286904996 1412736637.25
2.39057133127 1412736638.19
2.35883399352 1412736639.1
2.32542526147 1412736639.97
