19.9624962538 1412722306.73
19.3052469166 1412722306.84
18.4257685293 1412722306.97
17.8932310252 1412722307.1
17.2647649725 1412722307.21
17.0574261857 1412722307.35
16.4297779766 1412722307.47
15.9987246872 1412722307.65
15.7153002814 1412722307.77
15.7567800859 1412722307.9
15.4574944569 1412722308.01
15.4103211778 1412722308.11
15.3274848312 1412722308.24
15.1004443123 1412722308.45
14.9515121345 1412722308.57
14.7640671227 1412722308.7
14.6934639836 1412722308.82
14.4963528246 1412722308.94
14.7378350123 1412722309.06
14.34981803 1412722309.2
14.4695676887 1412722309.37
14.144678949 1412722309.52
13.9533301599 1412722309.63
13.6836323075 1412722309.77
13.6539657773 1412722309.9
13.5854817659 1412722310.04
13.2017409261 1412722310.19
13.254955247 1412722310.33
12.7473958006 1412722310.54
12.782013742 1412722310.75
12.5971876288 1412722310.94
12.4778687155 1412722311.15
12.7108879783 1412722311.31
12.7183495775 1412722311.49
12.8116617075 1412722311.67
12.5776984327 1412722311.91
12.6281186146 1412722312.22
12.5837885048 1412722312.42
12.7525474278 1412722312.59
12.6914496707 1412722312.74
12.7331230936 1412722312.96
12.8215093869 1412722313.14
13.0287006836 1412722313.3
13.2139724721 1412722313.46
13.2487052584 1412722313.73
13.289109814 1412722313.96
13.5398598661 1412722314.16
13.5796493421 1412722314.33
13.6135103933 1412722314.53
13.6601568748 1412722314.72
13.7461070705 1412722314.84
13.7831442966 1412722314.97
13.8882503115 1412722315.11
13.8779912826 1412722315.28
13.872070876 1412722315.51
13.902009847 1412722315.7
13.93078811 1412722315.87
13.9873404248 1412722316.05
14.0128287342 1412722316.24
13.8911653186 1412722316.4
13.9200321618 1412722316.54
13.8926811496 1412722316.66
13.9187541535 1412722316.81
13.9439191676 1412722316.96
13.8173826796 1412722317.09
13.8512953395 1412722317.26
14.0213433709 1412722317.52
14.1861607728 1412722317.75
14.2481488131 1412722317.92
14.2500680148 1412722318.08
14.2300001226 1412722318.26
14.2909211335 1412722318.42
14.2917159245 1412722318.57
14.1349689841 1412722318.73
14.2260568051 1412722318.87
14.2209761352 1412722319.01
14.1273375581 1412722319.16
14.1725712635 1412722319.38
14.127115177 1412722319.59
14.0852842207 1412722319.8
14.0389737799 1412722319.98
14.0974163883 1412722320.15
14.1367013747 1412722320.32
14.0922241736 1412722320.48
13.9929500026 1412722320.71
14.0972886439 1412722320.91
14.1520569022 1412722321.12
14.0604046088 1412722321.32
13.9159422966 1412722321.51
13.8946749679 1412722321.71
13.8720305392 1412722321.9
13.9280026678 1412722322.11
13.886739257 1412722322.29
13.9209452812 1412722322.45
13.8194851991 1412722322.6
13.9731839707 1412722322.72
14.0189889179 1412722322.88
14.026073272 1412722323.05
13.9628407247 1412722323.22
14.006440195 1412722323.36
13.8694268149 1412722323.52
13.8092902012 1412722323.67
13.8200953822 1412722323.83
13.9925241647 1412722324.01
14.0142471829 1412722324.17
14.0609841565 1412722324.31
14.1747792741 1412722324.47
14.0824498698 1412722324.62
13.7682788657 1412722324.77
13.2767165302 1412722324.94
13.3207601305 1412722325.09
13.3228083039 1412722325.25
13.2994523536 1412722325.43
13.3012879631 1412722325.59
13.3799839102 1412722325.75
13.6115519083 1412722325.9
13.7805996818 1412722326.06
13.3285463624 1412722326.19
13.3248523921 1412722326.32
13.3212336054 1412722326.49
13.3296746389 1412722326.64
13.3263387799 1412722326.8
13.3230664702 1412722326.95
13.319879184 1412722327.11
13.3168122962 1412722327.28
13.3137876284 1412722327.45
13.3108651189 1412722327.59
13.3080475721 1412722327.74
13.2424230024 1412722327.9
13.3173809853 1412722328.05
13.3149692129 1412722328.23
13.312645515 1412722328.43
13.3104271839 1412722328.57
13.3083132642 1412722328.72
13.3062571175 1412722328.89
13.4222734952 1412722329.06
13.422862848 1412722329.25
13.4234722821 1412722329.4
13.4241647476 1412722329.56
13.4248427985 1412722329.69
13.4255897014 1412722329.85
13.4263004649 1412722330.0
13.4270035973 1412722330.17
13.5095277178 1412722330.31
13.5113430005 1412722330.44
13.5131008762 1412722330.62
13.4930593461 1412722330.77
13.4191534173 1412722330.93
13.4193440509 1412722331.07
13.419349136 1412722331.24
13.4192754508 1412722331.39
13.4189022605 1412722331.55
13.4443353794 1412722331.73
13.5600978764 1412722331.86
13.5601374005 1412722332.02
13.559969098 1412722332.19
13.5968218704 1412722332.33
13.3985978113 1412722332.51
13.3952169091 1412722332.68
13.3919637188 1412722332.83
13.3889110432 1412722333.0
13.6897380172 1412722333.14
13.7203485827 1412722333.31
13.7139139136 1412722333.5
13.7464125616 1412722333.65
13.7782564874 1412722333.81
13.8094461766 1412722333.96
13.8400499304 1412722334.1
13.7639225134 1412722334.25
13.8028650459 1412722334.4
13.8410669574 1412722334.56
13.4289406437 1412722334.7
13.4003158694 1412722334.88
13.3971745956 1412722335.05
13.3935661381 1412722335.36
13.3894468956 1412722335.65
13.3683758437 1412722335.84
13.4632900904 1412722336.05
13.4482224965 1412722336.2
13.3902231673 1412722336.38
13.4140712081 1412722336.53
13.5384958497 1412722336.69
13.446101747 1412722336.86
13.5051931288 1412722337.06
13.4013242987 1412722337.27
13.4308281885 1412722337.44
13.460431434 1412722337.61
13.4900818103 1412722337.78
13.6064358046 1412722338.0
13.5375031269 1412722338.15
13.5417453475 1412722338.3
13.1749170116 1412722338.48
13.1727205917 1412722338.65
13.1705229306 1412722338.81
13.0835848302 1412722338.97
13.0804363096 1412722339.13
13.077409237 1412722339.3
13.1766907776 1412722339.49
13.1750943165 1412722339.65
13.1730493601 1412722339.79
