9.50949034663 1412726258.94
9.1501427722 1412726259.6
8.64825126439 1412726260.3
8.50727548226 1412726261.02
8.40621021808 1412726261.78
8.48746007286 1412726262.4
8.21919918214 1412726262.97
7.97074833956 1412726263.54
7.81350344851 1412726264.51
7.52037638694 1412726265.24
7.33603906877 1412726265.84
7.20229390641 1412726266.39
7.01171833804 1412726266.98
6.82242717445 1412726267.68
6.60356526488 1412726268.25
6.70893927854 1412726268.83
6.68701651952 1412726269.33
6.74689300294 1412726269.86
6.72910099575 1412726270.42
6.65687660873 1412726270.98
6.68967221846 1412726271.55
6.7594310129 1412726272.14
6.86409531787 1412726272.67
7.0629539525 1412726273.23
6.91418530604 1412726273.81
7.06043299911 1412726274.35
7.20359027498 1412726274.89
7.2387110607 1412726275.43
7.23574177591 1412726275.98
7.30827388114 1412726276.52
7.24326228368 1412726277.05
7.14251772129 1412726277.62
7.02707015483 1412726278.18
7.06385577814 1412726278.76
7.04531938798 1412726279.31
7.04580897783 1412726279.85
6.95813562519 1412726280.41
7.01598022019 1412726280.99
6.98139344111 1412726281.52
6.89165843733 1412726282.16
6.79773202569 1412726282.82
6.60256494203 1412726283.37
6.36485102583 1412726283.94
6.25861558816 1412726284.5
6.21218469114 1412726285.04
6.19108488153 1412726285.61
6.1225795286 1412726286.13
6.19040662795 1412726286.69
6.06113835028 1412726287.28
6.01627711186 1412726287.86
5.94856292737 1412726288.41
5.84694650848 1412726288.97
5.81529727663 1412726289.57
5.79728130426 1412726290.18
5.73348757619 1412726290.78
5.65338816625 1412726291.39
5.59712911452 1412726291.94
5.51708957554 1412726292.53
5.53315889886 1412726293.12
5.46124218697 1412726293.69
5.38137790733 1412726294.25
5.33994972464 1412726294.78
5.24968289778 1412726295.34
5.23743568054 1412726295.94
5.20869645318 1412726296.49
5.12074051715 1412726297.06
5.1430649917 1412726297.61
5.04458178813 1412726298.17
5.02968577769 1412726298.71
5.03437013456 1412726299.24
5.0093683281 1412726299.93
4.95756687029 1412726300.48
4.84043578685 1412726301.1
4.8503124054 1412726301.63
4.90466899794 1412726302.21
5.09613854235 1412726302.79
5.16956610137 1412726303.38
5.13697132532 1412726304.08
5.18531708909 1412726304.66
5.12023525966 1412726305.25
5.11480809949 1412726305.84
5.20968574178 1412726306.43
5.21421181657 1412726307.05
5.22048838542 1412726307.68
5.22698990643 1412726308.25
5.21500815679 1412726308.83
5.1754811448 1412726309.41
5.15089871679 1412726309.95
5.05983484462 1412726310.56
5.06140832385 1412726311.13
5.03086427483 1412726311.74
4.9495305005 1412726312.34
4.83167418763 1412726312.96
4.82856342049 1412726313.52
4.83391544484 1412726314.12
4.7552754927 1412726314.7
4.74131615154 1412726315.32
4.75402129305 1412726315.93
4.75512717264 1412726316.55
4.69420033704 1412726317.18
4.64715339809 1412726317.8
4.62143778886 1412726318.52
4.55747286664 1412726319.13
4.51928234332 1412726319.74
4.44844744172 1412726320.33
4.32832294106 1412726320.97
4.36933640195 1412726321.55
4.22017853916 1412726322.16
4.17153665973 1412726322.9
4.08398689459 1412726323.67
4.0114385226 1412726324.45
3.95109007128 1412726325.1
3.86381718695 1412726325.69
3.82916084737 1412726326.26
3.8239374473 1412726326.87
3.82348832405 1412726327.47
3.81351663971 1412726328.07
3.81787441866 1412726328.67
3.80266260657 1412726329.27
3.80437525736 1412726330.04
3.85749172111 1412726330.78
3.89600683856 1412726331.58
3.90067824733 1412726332.31
3.89175927317 1412726332.91
3.9279799454 1412726333.52
3.84362762929 1412726334.14
3.85631444796 1412726334.95
3.88457959769 1412726335.9
3.83871022681 1412726336.86
3.79580226806 1412726337.58
3.74992251348 1412726338.47
3.78954544266 1412726339.31
3.92045041444 1412726340.26
3.86112364246 1412726341.17
3.89281057673 1412726342.21
3.91947951171 1412726342.98
3.93238632088 1412726343.65
3.86501274553 1412726344.35
3.88666556737 1412726345.01
3.78799655593 1412726345.68
3.79447856342 1412726346.38
3.79540230733 1412726347.05
3.78479242368 1412726347.7
3.79764130641 1412726348.57
3.81987313193 1412726349.38
3.86080380759 1412726350.1
3.88777193977 1412726350.95
3.85268274604 1412726351.66
3.91647712672 1412726352.31
3.91776623935 1412726353.01
3.93020392352 1412726353.67
3.94033840003 1412726354.37
3.95020394839 1412726354.99
3.99271573085 1412726355.66
3.99576116705 1412726356.36
3.98525530311 1412726357.04
3.97007887793 1412726357.81
3.94729551765 1412726358.58
3.92948969392 1412726359.41
3.96718690182 1412726360.22
3.9603231536 1412726360.98
3.93048515808 1412726361.72
3.97543573402 1412726362.54
4.01404386719 1412726363.38
4.02923479928 1412726364.2
3.98293032126 1412726364.93
3.8783264602 1412726365.56
3.89149242 1412726366.24
3.91004553767 1412726366.92
3.89864918367 1412726367.63
3.88158096672 1412726368.39
3.89205376306 1412726369.14
3.90316524341 1412726370.05
3.89146915319 1412726371.04
3.87901898192 1412726372.01
3.79715898417 1412726372.91
3.81228642225 1412726373.65
3.88796798796 1412726374.47
3.80445574411 1412726375.1
3.74900114585 1412726375.79
3.82268811606 1412726376.42
3.8316983811 1412726377.1
3.97722535369 1412726377.8
3.93661955784 1412726378.78
3.94663681681 1412726379.74
3.95639146032 1412726380.67
3.95884784492 1412726381.47
3.89315132591 1412726382.22
3.91723322581 1412726382.77
4.00371906433 1412726383.39
4.01505725722 1412726384.09
4.02606697554 1412726384.79
4.04779349639 1412726385.42
4.08500856995 1412726386.13
3.96458669002 1412726387.12
3.96922043501 1412726388.13
3.97364910055 1412726389.12
3.99607748557 1412726390.06
3.84841607289 1412726390.89
3.84233484335 1412726391.75
