9.41567556572 1412726805.97
9.23157946516 1412726806.53
9.14565954782 1412726807.07
9.03438446232 1412726807.6
8.90062077076 1412726808.09
8.81076040704 1412726808.61
8.91652969771 1412726809.11
9.0826541836 1412726809.63
9.13346955274 1412726810.12
9.15514524185 1412726810.62
9.21994692648 1412726811.21
9.23296440904 1412726811.84
9.23876636582 1412726812.49
9.15298287823 1412726813.03
9.07278203403 1412726813.64
9.06795945714 1412726814.18
9.05375176738 1412726814.75
8.9429959632 1412726815.3
8.79144962655 1412726815.87
8.77847041289 1412726816.43
8.72476536585 1412726817.02
8.51696697514 1412726817.51
8.57264013437 1412726818.0
8.50597142504 1412726818.5
8.36719624661 1412726818.99
8.39501777737 1412726819.47
8.52136702603 1412726819.99
8.4703838594 1412726820.49
8.36105060154 1412726821.0
8.19063820856 1412726821.51
7.48090123315 1412726822.01
7.30066189088 1412726822.61
7.66193785877 1412726823.18
7.25656112492 1412726823.78
7.52897548054 1412726824.33
7.2555199778 1412726824.88
7.49900914518 1412726825.4
7.25881402813 1412726825.95
7.47276351581 1412726826.46
7.22100679059 1412726826.99
7.39650946622 1412726827.49
7.21189736203 1412726828.01
6.92267511609 1412726828.55
7.09804967934 1412726829.02
6.86331803597 1412726829.53
7.09987607433 1412726830.27
6.75507090348 1412726830.9
6.86142845079 1412726831.43
6.62400099513 1412726831.93
6.71259922997 1412726832.56
6.47493105295 1412726833.38
6.58401257837 1412726834.16
6.44867858553 1412726834.8
6.26524187108 1412726835.38
6.29913838897 1412726836.01
6.18854201975 1412726836.53
6.21088896405 1412726837.07
6.13964559236 1412726837.55
5.95280440132 1412726838.05
6.06251070139 1412726838.54
5.93383711042 1412726839.06
6.05120669883 1412726839.75
5.9078197392 1412726840.32
6.00799598086 1412726840.84
5.82320482824 1412726841.34
5.87180770873 1412726841.81
5.94855392865 1412726842.31
5.80413627922 1412726842.8
5.88015653919 1412726843.28
5.72179427059 1412726843.78
5.5967351175 1412726844.32
5.61844777011 1412726844.83
5.67673228982 1412726845.33
5.4968517818 1412726845.83
5.31704580056 1412726846.32
5.23534215223 1412726846.84
5.23816495213 1412726847.36
5.094727625 1412726847.89
5.04953693003 1412726848.39
4.94256585119 1412726848.89
4.95358886561 1412726849.39
4.90182010137 1412726849.95
4.93233630232 1412726850.48
4.93791210821 1412726851.09
4.79114139148 1412726851.61
4.81875765756 1412726852.09
4.69780388074 1412726852.57
4.67524486924 1412726853.1
4.58563797338 1412726853.63
4.60787676425 1412726854.14
4.52199274521 1412726854.67
4.53569649527 1412726855.26
4.46897026728 1412726855.85
4.48582797783 1412726856.45
4.40123499081 1412726857.17
4.38267417791 1412726857.73
4.32105743967 1412726858.34
4.35945225195 1412726859.13
4.32191553541 1412726859.92
4.25302524083 1412726860.66
4.17604347127 1412726861.32
4.11603902943 1412726861.96
4.12005281965 1412726862.55
4.11842357845 1412726863.1
4.02160499787 1412726863.67
3.95751147019 1412726864.15
3.97071790332 1412726864.66
3.96364874107 1412726865.19
3.92831936132 1412726865.69
3.94272592066 1412726866.2
3.91272288464 1412726866.69
3.91796562363 1412726867.23
3.88559922104 1412726867.73
3.87274512076 1412726868.22
3.81180734665 1412726868.72
3.83282855112 1412726869.23
3.80285055759 1412726869.75
3.80854328213 1412726870.26
3.79584697504 1412726870.74
3.79825626194 1412726871.26
3.77539281385 1412726871.77
3.77472067618 1412726872.27
3.74168455872 1412726872.86
3.74570166659 1412726873.43
3.65603371035 1412726873.97
3.59079732013 1412726874.59
3.59493614519 1412726875.15
3.56830772853 1412726875.7
3.57300310965 1412726876.23
3.58042234391 1412726876.76
3.59031946315 1412726877.25
3.54707178235 1412726877.78
3.51110972418 1412726878.31
3.5244495266 1412726878.87
3.49827173526 1412726879.47
3.49985869047 1412726880.05
3.47407641609 1412726880.69
3.47574327546 1412726881.27
3.41801079952 1412726881.97
3.40970333725 1412726882.63
3.4026060442 1412726883.24
3.39854406643 1412726883.77
3.31350743795 1412726884.27
3.32604237947 1412726884.79
3.33330554634 1412726885.43
3.33947447986 1412726886.01
3.35477674257 1412726886.6
3.36651497161 1412726887.2
3.33562874779 1412726887.74
3.34142125645 1412726888.27
3.35054466635 1412726888.94
3.33773630425 1412726889.54
3.32694654277 1412726890.07
3.33560123156 1412726890.66
3.33865622226 1412726891.19
3.31683290438 1412726891.78
3.33024019348 1412726892.34
3.32406712378 1412726892.9
3.31792678536 1412726893.51
3.34006146329 1412726894.11
3.33325721652 1412726894.71
3.34266387198 1412726895.27
3.3614558941 1412726895.96
3.37084773311 1412726896.54
3.35564909636 1412726897.07
3.36456976272 1412726897.61
3.37047060311 1412726898.12
3.34490097199 1412726898.73
3.33433908395 1412726899.33
3.37168753948 1412726899.92
3.36093608928 1412726900.58
3.35204434559 1412726901.17
3.31975856941 1412726901.84
3.32451378784 1412726902.42
3.31918132373 1412726903.01
3.2785814612 1412726903.66
3.29981010671 1412726904.33
3.25506571914 1412726904.96
3.25416993492 1412726905.5
3.22938470856 1412726906.06
3.22784277363 1412726906.63
3.23433238596 1412726907.24
3.24379671438 1412726907.83
3.27024172465 1412726908.48
3.24264861272 1412726909.12
3.24928828851 1412726909.73
3.25502073483 1412726910.33
3.28281795759 1412726910.99
3.25590905744 1412726911.6
3.2352947833 1412726912.16
3.24128425315 1412726912.74
3.24643641218 1412726913.62
3.25510524391 1412726914.37
3.20600048705 1412726915.04
3.21700520471 1412726915.65
3.22805704739 1412726916.34
3.22775911649 1412726916.98
3.23352167673 1412726917.62
3.23916541364 1412726918.43
3.22283246646 1412726919.12
