24.5769276879 1412722124.52
23.5411583042 1412722124.62
22.4299987086 1412722124.73
21.78567058 1412722124.83
20.8105088005 1412722124.93
20.6046548718 1412722125.04
19.7126719605 1412722125.12
18.4975316194 1412722125.21
17.3396966362 1412722125.3
16.9084340263 1412722125.39
16.2724199123 1412722125.49
15.6611464788 1412722125.57
14.9695447832 1412722125.7
15.0210748459 1412722125.8
14.8341675397 1412722125.91
14.3944412959 1412722126.0
14.1355279593 1412722126.08
13.4624740329 1412722126.18
14.0289059167 1412722126.29
14.3440127565 1412722126.42
14.2410204801 1412722126.51
13.7015569991 1412722126.6
13.8222771257 1412722126.7
14.1531469459 1412722126.81
14.3890709149 1412722126.92
14.4675420465 1412722127.02
14.3603165514 1412722127.13
14.4365095889 1412722127.25
14.1435548595 1412722127.36
14.2848540546 1412722127.46
14.3818018912 1412722127.57
14.3985466047 1412722127.69
14.2082795972 1412722127.8
14.2088022966 1412722127.92
14.0676193337 1412722128.01
13.9399908311 1412722128.13
13.7760338018 1412722128.28
13.8792088916 1412722128.42
13.7952477767 1412722128.53
13.7825103578 1412722128.63
13.1458918895 1412722128.75
13.2603863463 1412722128.86
13.1967870919 1412722128.97
13.1953023326 1412722129.07
13.2003732075 1412722129.17
13.2881330068 1412722129.28
13.2021483448 1412722129.38
13.0340434563 1412722129.5
12.9682685533 1412722129.62
12.8852611876 1412722129.74
12.7636348636 1412722129.86
12.7052831202 1412722129.97
12.6583668733 1412722130.08
12.5836768789 1412722130.19
12.4006398397 1412722130.32
12.2960478477 1412722130.43
12.3584104394 1412722130.55
12.3786732414 1412722130.66
12.4287713441 1412722130.79
12.7900968663 1412722130.89
12.8341812839 1412722131.0
12.8752107414 1412722131.16
12.7592213603 1412722131.31
12.692443677 1412722131.45
12.592853243 1412722131.56
11.5441379288 1412722131.66
11.4978842082 1412722131.76
11.5622451115 1412722131.88
11.5885339351 1412722131.98
11.6167931198 1412722132.09
11.5959743198 1412722132.18
11.5537667796 1412722132.31
11.5593809309 1412722132.45
11.519362548 1412722132.62
11.5471366376 1412722132.78
11.5701026632 1412722132.89
11.489554242 1412722133.0
11.4824878558 1412722133.12
11.6172336152 1412722133.24
11.5925266524 1412722133.4
11.5663388514 1412722133.52
11.4799015723 1412722133.64
11.5106400782 1412722133.77
11.4740226795 1412722133.89
11.4516302797 1412722134.0
11.4715084734 1412722134.12
11.4873394086 1412722134.23
11.4662728409 1412722134.42
11.4405499421 1412722134.56
11.4550434739 1412722134.69
11.4320436861 1412722134.82
11.4086418748 1412722134.95
10.7876009297 1412722135.06
10.7639272174 1412722135.18
10.7749382266 1412722135.36
10.7883544058 1412722135.49
10.8009883385 1412722135.62
10.7840548207 1412722135.73
10.7919382955 1412722135.85
10.7749478149 1412722135.96
10.7830615405 1412722136.07
10.7258266589 1412722136.18
10.7414739173 1412722136.31
10.7233257433 1412722136.45
10.7043670947 1412722136.55
10.6847425403 1412722136.7
10.6296410667 1412722136.81
10.6419971791 1412722136.92
10.6533994802 1412722137.05
10.6672346534 1412722137.16
10.6803810686 1412722137.28
10.6060081478 1412722137.39
10.6179999647 1412722137.52
10.6016924064 1412722137.64
9.8667089366 1412722137.75
9.84600051067 1412722137.89
9.85544134151 1412722138.09
9.81416295621 1412722138.23
9.84729150585 1412722138.39
9.80600374297 1412722138.5
9.83035376088 1412722138.62
9.78744523208 1412722138.88
9.80165072166 1412722139.06
9.81494232386 1412722139.2
9.82738567529 1412722139.4
9.84881075008 1412722139.59
9.85518102129 1412722139.8
9.88924811074 1412722139.93
9.89401277181 1412722140.05
9.8851290565 1412722140.19
9.88981717862 1412722140.38
9.88099446081 1412722140.51
9.88563487287 1412722140.65
9.87690120457 1412722140.76
9.88145489749 1412722140.9
9.87286713596 1412722141.02
9.88015352767 1412722141.25
9.87176420064 1412722141.46
9.87633657222 1412722141.64
9.86807380313 1412722141.81
9.85190861143 1412722141.98
9.84058930248 1412722142.13
9.80357419469 1412722142.35
9.77895814872 1412722142.53
9.76287718641 1412722142.74
9.74616734417 1412722142.9
9.52778771435 1412722143.03
9.51007946735 1412722143.22
9.56931442248 1412722143.37
9.54541010302 1412722143.5
9.46208607662 1412722143.7
9.53334629823 1412722143.83
9.44886615944 1412722143.98
9.45794413002 1412722144.14
9.46619935676 1412722144.35
9.47387660679 1412722144.51
9.39936641757 1412722144.66
9.46168673831 1412722144.8
9.4010226566 1412722144.96
9.46167986733 1412722145.1
9.44861438598 1412722145.27
9.47353083148 1412722145.41
9.44437428482 1412722145.56
9.46904182068 1412722145.71
9.46282761081 1412722145.86
9.45652269458 1412722146.14
9.4502032602 1412722146.26
9.4438642914 1412722146.39
9.44311039321 1412722146.51
9.43756149603 1412722146.63
9.43188718874 1412722146.78
9.42619566788 1412722146.91
8.64493108833 1412722147.0
8.64644333719 1412722147.13
8.71662894365 1412722147.28
8.64475208402 1412722147.39
8.64019963143 1412722147.53
8.64159956398 1412722147.67
8.63725489175 1412722147.85
8.63274813952 1412722147.97
8.63417552708 1412722148.09
8.62989236476 1412722148.22
8.63127836092 1412722148.45
8.6977865518 1412722148.56
8.62975160594 1412722148.68
8.62574451168 1412722148.79
8.62701935406 1412722148.92
8.62309959303 1412722149.09
8.62544229593 1412722149.2
8.6241720689 1412722149.32
8.62295735548 1412722149.44
8.72007032592 1412722149.56
8.71760668415 1412722149.67
8.7151038319 1412722149.79
8.71268231803 1412722149.91
8.71018638755 1412722150.03
8.69282970942 1412722150.15
8.69074857672 1412722150.29
8.68862558707 1412722150.42
8.68652099865 1412722150.53
