12.216966275 1412738703.55
11.860467686 1412738704.56
11.7285148753 1412738705.64
11.6280389535 1412738706.65
11.5378530664 1412738707.63
11.5621586189 1412738708.63
11.3987111897 1412738709.66
11.4905235468 1412738710.67
11.4236203295 1412738711.73
11.3908299473 1412738712.75
11.2676874399 1412738713.78
11.3587677266 1412738714.8
11.380041036 1412738715.92
11.5945794883 1412738717.02
11.5245453279 1412738718.16
11.5487117148 1412738719.2
11.4822370473 1412738720.31
11.593284327 1412738721.44
11.5375325133 1412738722.53
11.4775680485 1412738723.65
11.4324799602 1412738724.65
11.3290057792 1412738725.69
11.2088951019 1412738726.83
11.1945667448 1412738727.95
11.0012798528 1412738729.14
10.9672535797 1412738730.23
10.9739254064 1412738731.32
10.9781702362 1412738732.48
10.856775698 1412738733.63
10.7786505003 1412738734.71
10.6911288148 1412738735.84
10.652619679 1412738736.92
10.6962632745 1412738738.07
10.5395925632 1412738739.23
10.577926814 1412738740.38
10.5628502475 1412738741.46
10.39387745 1412738742.55
10.3051203521 1412738743.63
10.2089908643 1412738744.67
10.0168964036 1412738745.74
9.69284157868 1412738746.87
9.48725056386 1412738747.92
9.38485578399 1412738748.9
9.32566211131 1412738749.88
9.26041282693 1412738750.89
9.05777598886 1412738751.94
8.91196890706 1412738752.92
8.89034692343 1412738753.9
8.89243015057 1412738754.87
8.61634819959 1412738755.83
8.36219414721 1412738756.81
8.24764454774 1412738757.76
8.25721024179 1412738758.72
8.25853450071 1412738759.71
8.41079472436 1412738760.66
7.87385403097 1412738761.6
8.06393375174 1412738762.55
7.64818063971 1412738763.52
7.5433247633 1412738764.47
7.57367882563 1412738765.47
7.37868686061 1412738766.44
7.4880262146 1412738767.46
7.32665703453 1412738768.46
7.3641822482 1412738769.44
7.17130117183 1412738770.43
7.1708222748 1412738771.42
7.21093097967 1412738772.37
7.07984959109 1412738773.34
7.09043027687 1412738774.34
7.1881339474 1412738775.28
7.07851465656 1412738776.26
7.08427705173 1412738777.21
6.91330235844 1412738778.17
6.97285603794 1412738779.15
6.83249494861 1412738780.16
6.81545920783 1412738781.13
6.72430255464 1412738782.1
6.81879938919 1412738783.07
6.66207901765 1412738784.01
6.57996590693 1412738785.01
6.6203262104 1412738786.01
6.55304039508 1412738787.01
6.61344445643 1412738787.98
6.47722146898 1412738788.96
6.52722222329 1412738789.92
6.39308440863 1412738790.87
6.45483175153 1412738791.85
6.33002513647 1412738792.81
6.35717115888 1412738793.77
6.30751058745 1412738794.72
6.24532577834 1412738795.66
6.15701639523 1412738796.6
6.09862213356 1412738797.57
6.11895944848 1412738798.57
6.04458449404 1412738799.63
6.00153565959 1412738800.55
5.84024957187 1412738801.55
5.8260367999 1412738802.5
5.75159183657 1412738803.45
5.81382465494 1412738804.44
5.73408523238 1412738805.4
5.7139864068 1412738806.37
5.71531896423 1412738807.36
5.62691770678 1412738808.31
5.60747856685 1412738809.24
5.51429878498 1412738810.18
5.53342999198 1412738811.12
5.4643028033 1412738812.07
5.41924859415 1412738813.06
5.45153050151 1412738814.01
5.40039984022 1412738815.0
5.3026650445 1412738815.99
5.32247356424 1412738816.96
5.34697413354 1412738817.87
5.24257425692 1412738818.85
5.2529822517 1412738819.79
5.22496102428 1412738820.74
5.18834563763 1412738821.67
5.14303158524 1412738822.65
5.13376852275 1412738823.6
5.17795813456 1412738824.57
5.1575577066 1412738825.59
5.04995266997 1412738826.6
5.00023373881 1412738827.56
5.0122831665 1412738828.51
4.96897481649 1412738829.45
4.86236881347 1412738830.45
4.85327747218 1412738831.44
4.90643878335 1412738832.39
4.84724062018 1412738833.38
4.88918527535 1412738834.34
4.8222297213 1412738835.3
4.87129391095 1412738836.28
4.92230179213 1412738837.27
4.91759883523 1412738838.25
4.8766438917 1412738839.21
4.90754633689 1412738840.18
4.91458046353 1412738841.14
4.86949472353 1412738842.12
4.8806826563 1412738843.1
4.81318941926 1412738844.05
4.79394447491 1412738845.03
4.74409955877 1412738845.99
4.74719888955 1412738846.98
4.78871223442 1412738847.99
4.78338875869 1412738848.94
4.74407928769 1412738849.89
4.7883897332 1412738850.87
4.79415578295 1412738851.88
4.83356719874 1412738852.88
4.83894613194 1412738853.8
4.80731791215 1412738854.72
4.78040411686 1412738855.66
4.80313858868 1412738856.6
4.77402246075 1412738857.6
4.7367283593 1412738858.57
4.7396070759 1412738859.52
4.68131553973 1412738860.48
4.67989161518 1412738861.45
4.67334698116 1412738862.43
4.61813371232 1412738863.4
4.60217429695 1412738864.39
4.65024128783 1412738865.36
4.66766851388 1412738866.34
4.67527115906 1412738867.33
4.68740335665 1412738868.36
4.70687854179 1412738869.37
4.71896409255 1412738870.34
4.72778150544 1412738871.33
4.72928123847 1412738872.32
4.7324191736 1412738873.29
4.73693897219 1412738874.23
4.74553612034 1412738875.21
4.75779620257 1412738876.28
4.72602561121 1412738877.31
4.7782345742 1412738878.37
4.77483023569 1412738879.38
4.76689517496 1412738880.44
4.76852150945 1412738881.48
4.70600393449 1412738882.54
4.69434412821 1412738883.57
4.71235458665 1412738884.62
4.67970841831 1412738885.73
4.68987331677 1412738886.76
4.69138244822 1412738887.83
4.68877730528 1412738888.92
4.67425198493 1412738889.99
4.67686329852 1412738891.05
4.66643422237 1412738892.12
4.66002902732 1412738893.21
4.6873140076 1412738894.29
4.69934431785 1412738895.4
4.67749851346 1412738896.51
4.68374479286 1412738897.66
4.70676064925 1412738898.79
4.71914045588 1412738899.9
4.72762156904 1412738901.02
4.73284233174 1412738902.13
4.70663675274 1412738903.23
4.71483911689 1412738904.36
