7.62293401459 1412747290.42
7.73678196241 1412747291.94
7.79205415111 1412747293.42
7.83091020421 1412747294.92
7.91729059868 1412747296.49
8.08405439304 1412747297.93
8.18022186148 1412747299.38
8.27920328713 1412747300.82
8.44172434613 1412747302.27
8.61246986354 1412747303.66
8.62651024082 1412747305.08
8.58710342398 1412747306.5
8.54580939895 1412747307.9
8.57789912441 1412747309.28
8.58478315084 1412747310.71
8.60745966428 1412747312.08
8.64889070149 1412747313.47
8.69744120666 1412747314.87
8.73441570788 1412747316.27
8.763193079 1412747317.66
8.84902774366 1412747319.13
8.93547410142 1412747320.54
8.9896927231 1412747321.94
9.08768459688 1412747323.35
9.18672110183 1412747324.73
9.26262206497 1412747326.11
9.40799398399 1412747327.53
9.48269478665 1412747328.93
9.42949481893 1412747330.31
9.44023801736 1412747331.7
9.43801211335 1412747333.12
9.48177087223 1412747334.54
9.50686924958 1412747335.99
9.47640007634 1412747337.44
9.40902213794 1412747338.87
9.30572959677 1412747340.23
9.18987845007 1412747341.62
9.17129983785 1412747343.04
9.15098812771 1412747344.52
9.1224939524 1412747345.94
9.00148131191 1412747347.38
8.93137079391 1412747348.74
8.83383735924 1412747350.17
8.70140009977 1412747351.58
8.63907585701 1412747352.99
8.57733899923 1412747354.43
8.41114967762 1412747355.85
8.41336769667 1412747357.26
8.29740342336 1412747358.64
8.26378262177 1412747360.05
8.1884136237 1412747361.46
8.06477069454 1412747362.88
7.98529568359 1412747364.28
7.92732534459 1412747365.67
7.7247022535 1412747367.08
7.59453217463 1412747368.51
7.63859460733 1412747369.93
7.46035425252 1412747371.32
7.52034420968 1412747372.7
7.29686114033 1412747374.07
7.51742671296 1412747375.49
7.1712564237 1412747376.92
7.40375087455 1412747378.34
7.31256550732 1412747379.72
7.43782590137 1412747381.09
6.63497467614 1412747382.48
6.44534636155 1412747383.83
6.2839420329 1412747385.2
6.28207983392 1412747386.58
6.05238357894 1412747387.95
5.85349440057 1412747389.38
5.63791089417 1412747390.7
5.55982294401 1412747392.04
5.70001852771 1412747393.39
5.52585127166 1412747394.75
5.45660191285 1412747396.13
5.40341433679 1412747397.51
5.43912004231 1412747398.86
5.24700433545 1412747400.23
5.22505289287 1412747401.58
5.1223432993 1412747402.93
5.14189763605 1412747404.26
4.88479954502 1412747405.61
5.01056030245 1412747406.96
4.8092549136 1412747408.3
4.78425364443 1412747409.63
4.5859422133 1412747410.98
4.65804400807 1412747412.31
4.6961005099 1412747413.6
4.47416120187 1412747414.92
4.32512830624 1412747416.25
4.37910520299 1412747417.62
4.22082790792 1412747418.93
4.16432654556 1412747420.27
4.03035623268 1412747421.66
4.11838547085 1412747422.98
3.95339168468 1412747424.29
3.78006434243 1412747425.65
3.64310741036 1412747427.02
3.53588048609 1412747428.32
3.51127903177 1412747429.7
3.48935027926 1412747431.02
3.43701244907 1412747432.33
3.40238733581 1412747433.67
3.38493333399 1412747435.01
3.35353730356 1412747436.33
3.38187331756 1412747437.66
3.38625328024 1412747438.99
3.31964963631 1412747440.32
3.27938370417 1412747441.68
3.23056577574 1412747443.06
3.26780527507 1412747444.4
3.23263312899 1412747445.73
3.14339916813 1412747447.07
3.08748879651 1412747448.42
3.09328722266 1412747449.8
3.08131643826 1412747451.12
3.04757843 1412747452.47
3.03723764088 1412747453.83
3.02752737146 1412747455.2
2.98948791302 1412747456.55
2.95351598909 1412747457.9
2.85954037144 1412747459.26
2.8586411085 1412747460.58
2.82742554814 1412747461.95
2.81967920985 1412747463.3
2.78133591111 1412747464.64
2.74966628279 1412747465.94
2.72835316722 1412747467.27
2.7028820237 1412747468.56
2.65644544058 1412747469.86
2.64672191543 1412747471.16
2.63984196254 1412747472.51
2.61332171673 1412747473.85
2.58762275889 1412747475.32
2.53379828723 1412747476.74
2.48028279282 1412747478.1
2.44307931948 1412747479.45
2.44554407407 1412747480.75
2.40769404655 1412747482.07
2.38901922573 1412747483.4
2.35065697035 1412747484.75
2.3133993368 1412747486.07
2.29063732632 1412747487.39
2.24978622124 1412747488.71
2.23241964318 1412747490.04
2.22930455211 1412747491.37
2.21735375146 1412747492.7
2.20969526137 1412747494.04
2.19517675358 1412747495.41
2.17249254081 1412747496.75
2.12888974491 1412747498.05
2.09920219122 1412747499.4
2.0874021133 1412747500.78
2.0673931834 1412747502.12
2.07014624509 1412747503.47
2.06717547089 1412747504.81
2.06916140173 1412747506.18
2.01904744751 1412747507.54
2.00359673093 1412747508.93
1.97686511956 1412747510.28
1.95609213814 1412747511.61
1.94214263958 1412747512.93
1.9321681796 1412747514.21
1.92330898805 1412747515.52
1.88829740539 1412747516.86
1.87196182247 1412747518.17
1.86202156482 1412747519.52
1.88668550039 1412747520.87
1.85509909431 1412747522.18
1.86592673241 1412747523.5
1.84732707825 1412747524.9
1.8546653754 1412747526.28
1.83569807461 1412747527.64
1.82462253203 1412747528.97
1.81143851206 1412747530.35
1.81280042089 1412747531.64
1.80751322806 1412747532.97
1.8075048093 1412747534.28
1.79735294889 1412747535.66
1.79629902913 1412747537.01
1.78654847588 1412747538.36
1.79196630759 1412747539.7
1.77206013116 1412747541.09
1.76075462748 1412747542.41
1.76562340688 1412747543.75
1.74531453221 1412747545.1
1.74099551844 1412747546.44
1.74345186511 1412747547.77
1.72225229139 1412747549.14
1.73339930813 1412747550.5
1.73794636337 1412747551.85
1.71876042496 1412747553.21
1.71863201503 1412747554.55
1.7073709014 1412747555.87
1.70046022263 1412747557.21
1.70507881255 1412747558.54
1.70308693345 1412747559.89
1.6967529114 1412747561.26
1.70648846061 1412747562.58
