11.9633734842 1412750880.47
11.8022549196 1412750881.9
11.7478539368 1412750883.27
11.5567768963 1412750884.63
11.6945867978 1412750885.96
11.529731308 1412750887.33
11.6747913326 1412750888.68
10.9573208593 1412750890.02
10.1941217572 1412750891.4
10.2400512733 1412750892.81
10.2054032112 1412750894.2
10.1546965454 1412750895.56
10.1010664865 1412750896.9
9.99453543907 1412750898.26
10.1139753888 1412750899.65
10.0880381012 1412750901.02
9.95124783999 1412750902.36
9.91941352428 1412750903.71
9.96426098725 1412750905.1
9.90169945945 1412750906.44
9.90121963605 1412750907.81
9.91756335611 1412750909.17
9.81110821808 1412750910.51
9.73054385302 1412750911.89
9.59335779885 1412750913.27
9.61550885454 1412750914.6
9.49611231428 1412750916.0
9.39682198769 1412750917.38
9.17982331914 1412750918.74
9.15214126504 1412750920.12
9.16515717513 1412750921.5
9.1577219218 1412750922.84
9.17846808044 1412750924.24
9.20469914073 1412750925.6
9.21802982511 1412750926.96
9.22615734332 1412750928.33
9.23758715898 1412750929.67
9.18664127973 1412750931.08
9.14230383306 1412750932.44
9.11735804172 1412750933.8
9.10815081745 1412750935.16
9.08620377843 1412750936.54
9.00555637134 1412750937.9
8.99086717149 1412750939.26
8.92166290958 1412750940.63
8.85341801371 1412750941.97
8.81994708755 1412750943.31
8.77518677887 1412750944.62
8.74503891691 1412750946.0
8.72106052332 1412750947.39
8.63631526204 1412750948.76
8.58846113426 1412750950.14
8.55375356703 1412750951.54
8.5214499629 1412750952.88
8.4667476002 1412750954.22
8.39135468979 1412750955.54
8.33531162477 1412750956.88
8.33803200473 1412750958.25
8.34324822944 1412750959.63
8.3144330183 1412750960.99
8.28059024445 1412750962.36
8.2540191873 1412750963.67
8.24696124701 1412750965.01
8.24231288297 1412750966.31
8.23545266021 1412750967.66
8.21144027034 1412750969.0
8.09739622866 1412750970.35
8.06481515172 1412750971.7
8.05289766457 1412750973.05
8.00811859061 1412750974.43
7.96150729276 1412750975.81
7.96381996252 1412750977.14
7.96885105621 1412750978.52
7.9381901559 1412750979.9
7.91429989605 1412750981.28
7.87692503989 1412750982.67
7.84884241302 1412750984.04
7.84863273993 1412750985.48
7.81906843167 1412750986.86
7.7980782411 1412750988.28
7.74935687243 1412750989.68
7.71408691842 1412750991.09
7.6666782728 1412750992.52
7.64988002127 1412750993.9
7.60861036167 1412750995.35
7.62936608208 1412750996.72
7.61100818994 1412750998.11
7.58091117218 1412750999.54
7.56187412642 1412751000.95
7.53487996702 1412751002.35
7.48445561424 1412751003.79
7.48655613475 1412751005.21
7.51507148417 1412751006.65
7.49793820417 1412751008.07
7.50209134307 1412751009.46
7.51509063621 1412751010.89
7.48223939856 1412751012.29
7.49699214869 1412751013.74
7.54056321232 1412751015.14
7.53908160618 1412751016.58
7.48971178452 1412751018.03
7.46109408627 1412751019.51
7.47160261122 1412751020.92
7.4848610356 1412751022.37
7.48842251507 1412751023.82
7.49951349842 1412751025.29
7.48782077635 1412751026.71
7.47737716159 1412751028.15
7.44673573919 1412751029.6
7.43479913574 1412751031.02
7.39676173245 1412751032.46
7.42377220891 1412751033.95
7.39279465801 1412751035.45
7.38470876439 1412751036.98
7.37886273418 1412751038.48
7.36557872394 1412751039.98
7.37544750389 1412751041.53
7.37064943276 1412751042.99
7.34539059289 1412751044.49
7.34050412532 1412751045.95
7.32511380137 1412751047.41
7.35178524511 1412751048.84
7.34274077076 1412751050.33
7.32283516569 1412751051.81
7.29467980719 1412751053.29
7.29316561467 1412751054.74
7.27147967047 1412751056.17
7.25100280048 1412751057.58
7.2503814537 1412751059.01
7.24238041692 1412751060.51
7.24867517257 1412751061.94
7.23633964585 1412751063.4
7.25558885561 1412751064.89
7.24194733722 1412751066.4
7.22372246495 1412751067.89
7.20609246769 1412751069.41
7.20975280881 1412751070.88
7.20228783007 1412751072.37
7.20152025487 1412751073.84
7.20840926275 1412751075.41
7.18656407986 1412751076.9
7.19083175501 1412751078.38
7.1896791263 1412751079.96
7.19909277751 1412751081.53
7.21053199222 1412751083.09
7.19983142281 1412751084.59
7.19702241877 1412751086.11
7.2020399376 1412751087.61
7.17920310788 1412751089.08
7.16957572505 1412751090.65
7.16204925449 1412751092.18
7.14445996523 1412751093.73
7.14345874228 1412751095.27
7.14922610054 1412751096.92
7.16146046718 1412751098.46
7.15902899399 1412751100.07
7.14121591907 1412751101.6
7.15309062139 1412751103.18
7.154752302 1412751104.79
7.14922944826 1412751106.4
7.14951391025 1412751108.01
7.14954934363 1412751109.64
7.13302368242 1412751111.27
7.12875813366 1412751112.93
7.13930505782 1412751114.59
7.11764645788 1412751116.29
7.10314106604 1412751117.95
7.0996622467 1412751119.63
7.09720014452 1412751121.24
7.10360320002 1412751122.91
7.12101699646 1412751124.66
7.1197810625 1412751126.44
7.12497675911 1412751127.94
7.12224118253 1412751129.43
7.12094892844 1412751130.88
7.14526743854 1412751132.34
7.13085056227 1412751133.81
7.11594769393 1412751135.3
7.11710217949 1412751136.82
7.12739889543 1412751138.34
7.12128056403 1412751139.83
7.12692890004 1412751141.34
7.11542520341 1412751142.84
7.12073536446 1412751144.35
7.10991558037 1412751145.82
7.11156694923 1412751147.35
7.11850359175 1412751148.87
7.10983920998 1412751150.35
7.09998245019 1412751151.85
7.10752877773 1412751153.28
7.11327411497 1412751154.76
7.11088088996 1412751156.22
7.09367646953 1412751157.7
7.09534444289 1412751159.21
7.09702525223 1412751160.71
7.11403416383 1412751162.2
7.09821281679 1412751163.71
7.07300788089 1412751165.16
7.0787726991 1412751166.69
7.09717845601 1412751168.23
