31.1827706046 1412726719.96
31.335053508 1412726720.61
31.4476014224 1412726721.27
31.0000648874 1412726721.93
31.3520102191 1412726722.56
30.5808074086 1412726723.2
30.3343559752 1412726723.83
29.9451932037 1412726724.43
29.3887885349 1412726725.17
29.2190695808 1412726725.91
29.3775448395 1412726726.67
28.9468304502 1412726727.36
29.049029837 1412726728.06
28.9129199617 1412726728.85
28.8223202686 1412726729.56
28.8593442563 1412726730.25
28.6255307477 1412726731.1
28.5295925894 1412726731.93
28.3708070276 1412726732.77
28.3695348348 1412726733.41
28.2878809912 1412726734.25
28.2165077003 1412726734.92
28.4850362364 1412726735.6
28.0684331367 1412726736.22
28.1538881851 1412726736.92
28.5948717682 1412726737.59
28.383749039 1412726738.36
27.7950130182 1412726739.58
27.9286436872 1412726740.51
27.7823710001 1412726741.11
27.8757117222 1412726741.76
27.9485926512 1412726742.39
27.9179435721 1412726743.03
27.8634960254 1412726743.61
28.0480776617 1412726744.19
27.7291284057 1412726744.77
27.7582239253 1412726745.52
27.5674460149 1412726746.11
27.6758973924 1412726746.72
27.658846134 1412726747.43
27.6972632784 1412726748.07
27.8247551154 1412726748.73
27.8358524815 1412726749.39
28.0427255196 1412726750.04
27.7315611034 1412726750.64
27.8673461139 1412726751.28
28.1206789308 1412726752.11
27.7592925736 1412726753.17
27.6831249974 1412726754.27
27.3929803318 1412726755.67
27.3091458959 1412726756.71
26.8755064676 1412726757.75
26.7734736004 1412726758.73
26.2364929648 1412726759.63
26.0321696608 1412726760.52
26.0036196925 1412726761.31
25.2378954393 1412726762.12
24.9931314758 1412726762.92
24.754548242 1412726764.08
24.8740204634 1412726765.14
24.8188790095 1412726765.94
24.769197961 1412726766.91
24.784191588 1412726767.85
24.6396152192 1412726768.69
24.5279790005 1412726769.68
24.8936219505 1412726770.72
25.4312741483 1412726771.7
25.6165055552 1412726772.66
25.5761919163 1412726773.56
25.9188738874 1412726774.51
25.9854247331 1412726775.48
26.2028074113 1412726776.59
26.35856763 1412726777.73
26.4305540245 1412726778.68
26.1565732402 1412726779.54
26.1488585633 1412726780.25
26.2815675813 1412726781.27
26.8137424725 1412726782.33
26.5596376055 1412726783.38
26.2100904932 1412726784.45
26.61156278 1412726785.5
26.3698859982 1412726786.4
26.0096252151 1412726787.19
25.7133217465 1412726788.05
25.6174637274 1412726788.99
25.7746238774 1412726790.0
25.7466979721 1412726791.06
25.28508271 1412726792.11
25.2108111832 1412726793.12
25.3324701396 1412726794.21
25.4642441432 1412726795.17
25.5025157129 1412726795.94
25.516479849 1412726796.79
25.506038398 1412726797.6
25.7335126917 1412726798.47
25.7147207518 1412726799.24
25.6526463954 1412726800.21
25.5580270516 1412726800.97
25.6637806761 1412726802.06
25.3378310395 1412726803.27
25.3468643819 1412726804.34
25.4044096368 1412726805.23
25.4037778414 1412726806.09
25.2920852109 1412726806.92
25.3283575511 1412726807.68
25.5915398426 1412726808.44
25.4382476619 1412726809.26
25.5243826198 1412726810.05
25.5448627938 1412726810.85
25.5943028932 1412726811.78
25.6560798433 1412726812.67
25.6964552661 1412726813.53
25.6338426537 1412726814.37
25.5185345361 1412726815.28
25.4383924599 1412726816.14
25.2414849164 1412726817.02
25.2122275525 1412726817.85
25.2357600959 1412726818.63
25.1167847729 1412726819.43
25.0922759932 1412726820.22
24.8857364158 1412726821.01
24.7697006229 1412726821.81
24.794460967 1412726822.72
24.7975742495 1412726823.59
24.7965370553 1412726824.44
24.8223611411 1412726825.27
24.8201658033 1412726826.18
24.8075614122 1412726826.99
24.8243664617 1412726827.83
24.8067184688 1412726828.66
24.8751489736 1412726829.53
24.8934330972 1412726830.71
25.0615090458 1412726831.61
24.9851689247 1412726832.68
25.17082122 1412726834.03
25.2412432089 1412726835.13
25.3245867728 1412726836.17
25.2624658857 1412726837.1
25.1956446047 1412726838.02
25.306347016 1412726838.93
25.3530942199 1412726840.07
25.4612925355 1412726840.97
25.4084185451 1412726841.86
25.4767555854 1412726842.76
25.3607597501 1412726843.67
25.5087784654 1412726844.64
25.376324599 1412726845.53
25.4595078067 1412726846.43
25.3392255486 1412726847.32
25.328467035 1412726848.19
25.3274233425 1412726849.05
25.2302609888 1412726850.08
25.0397763797 1412726851.11
25.0963432024 1412726852.0
25.0485014231 1412726852.92
25.0625062628 1412726853.81
25.0853269513 1412726854.71
25.0586315987 1412726855.79
24.9821753144 1412726856.98
25.0380268493 1412726857.97
25.0727035626 1412726859.27
25.1591840406 1412726860.68
25.1558912668 1412726861.83
25.2070341667 1412726862.91
25.1933796564 1412726863.83
25.2427424015 1412726864.76
25.484180199 1412726865.68
25.3887989481 1412726866.59
25.454178045 1412726867.47
25.3941799141 1412726868.38
25.3838185475 1412726869.23
25.3810129727 1412726870.13
25.4674331633 1412726871.05
25.3181768652 1412726871.98
25.4894628518 1412726873.02
25.5231863475 1412726873.95
25.5526280645 1412726874.93
25.5771871432 1412726875.79
25.6041358529 1412726876.65
25.703865651 1412726877.63
25.5974738352 1412726878.54
25.6220299839 1412726879.53
25.6224410696 1412726880.57
25.6035305805 1412726881.57
25.5888513474 1412726882.72
25.7300364785 1412726883.67
25.7156775484 1412726884.57
25.7379998034 1412726885.57
25.5044362396 1412726886.55
25.5846340172 1412726887.56
25.5175964683 1412726888.45
25.5370911771 1412726889.56
25.6022602027 1412726890.5
25.6314532744 1412726891.4
25.646923929 1412726892.39
25.6197984628 1412726893.36
25.6495143228 1412726894.46
25.6247977284 1412726895.44
25.7188315256 1412726896.5
25.6246923602 1412726897.43
