24.9683881255 1412742409.34
24.7191263084 1412742410.31
24.6981364398 1412742411.33
24.9217864462 1412742412.32
24.7819494004 1412742413.34
24.3257825272 1412742414.33
24.1260544731 1412742415.31
23.858722337 1412742416.28
23.6256112949 1412742417.19
23.3482500502 1412742418.15
23.0231864436 1412742419.1
22.8124268345 1412742420.01
22.5986654793 1412742420.91
22.3580603813 1412742421.8
22.2862707809 1412742422.74
22.3347179642 1412742423.69
22.205044909 1412742424.63
22.0097668403 1412742425.55
21.7861481996 1412742426.49
21.6448281558 1412742427.49
21.5559975905 1412742428.5
21.5376454189 1412742429.49
21.2946199887 1412742430.51
21.0166631006 1412742431.56
20.8888682937 1412742432.63
20.6950146246 1412742433.75
20.506239205 1412742434.88
20.4379997407 1412742436.09
20.2970500472 1412742437.3
20.0069001499 1412742438.44
19.9325059021 1412742439.58
19.8648123741 1412742440.75
19.6384751135 1412742441.88
19.4049785844 1412742443.08
19.3926603852 1412742444.15
19.1672365219 1412742445.28
19.1012654184 1412742446.39
19.0485057731 1412742447.59
18.9438573099 1412742448.72
19.0111766815 1412742449.83
18.8648438115 1412742450.93
18.8754316121 1412742452.01
18.7983688614 1412742453.07
18.6809359202 1412742454.19
18.6309612527 1412742455.3
18.5233951688 1412742456.39
18.4995636236 1412742457.51
18.3661351512 1412742458.69
18.229192725 1412742459.89
18.1393832194 1412742461.13
18.1807539417 1412742462.37
18.1100042072 1412742463.57
18.0640635036 1412742464.76
18.0581417573 1412742465.81
18.01994319 1412742466.95
17.9650035768 1412742468.07
17.9634745168 1412742469.2
17.9046756509 1412742470.35
17.9058468124 1412742471.49
17.8811766878 1412742472.62
17.8181734706 1412742473.78
17.7874699814 1412742474.91
17.787543721 1412742476.03
17.7525608153 1412742477.22
17.7855606028 1412742478.39
17.7759087998 1412742479.56
17.7770450335 1412742480.75
17.7706359022 1412742481.97
17.775764199 1412742483.18
17.7394962833 1412742484.39
17.7072073152 1412742485.61
17.7436685065 1412742486.85
17.750166785 1412742488.11
17.7479318105 1412742489.34
17.7032767604 1412742490.56
17.697730761 1412742491.8
17.6172787374 1412742493.05
17.6253823672 1412742494.34
17.5930746258 1412742495.66
17.5819225232 1412742496.99
17.5742766411 1412742498.3
17.4892197583 1412742499.6
17.4454068308 1412742500.92
17.4265847693 1412742502.2
17.3972580748 1412742503.53
17.3499757425 1412742504.82
17.330892821 1412742506.08
17.3171940991 1412742507.39
17.3151566582 1412742508.65
17.3094561131 1412742509.9
17.2504593563 1412742511.17
17.2329832885 1412742512.5
17.1918648069 1412742513.86
17.213180966 1412742515.14
17.2067864932 1412742516.49
17.1830117657 1412742517.85
17.0836321294 1412742519.29
17.0456934671 1412742520.75
17.0276417154 1412742522.26
17.0725105182 1412742523.88
17.0199656676 1412742525.3
16.9439525038 1412742526.84
16.9498971204 1412742528.12
16.8758543732 1412742529.38
16.9012299661 1412742530.66
16.9028741125 1412742531.92
16.8809846954 1412742533.19
16.8109740833 1412742534.5
16.7737541966 1412742535.81
16.7689118858 1412742537.07
16.7400621606 1412742538.37
16.7535791266 1412742539.68
16.6661608987 1412742540.96
16.6525821456 1412742542.31
16.6152427016 1412742543.64
16.6766519386 1412742544.98
16.5952974426 1412742546.31
16.6481407435 1412742547.65
16.615969855 1412742548.99
16.55326778 1412742550.38
16.5448321784 1412742551.75
16.5175723992 1412742553.09
16.4559589403 1412742554.43
16.4177091316 1412742555.78
16.3997382467 1412742557.11
16.3899680187 1412742558.46
16.3617527237 1412742559.84
16.4119259119 1412742561.23
16.4031378028 1412742562.62
16.3237006762 1412742563.99
16.2960849982 1412742565.3
16.3100969117 1412742566.62
16.2944877527 1412742568.01
16.3265659048 1412742569.38
16.3571595689 1412742570.8
16.3301927503 1412742572.21
16.3241561321 1412742573.56
16.2993496019 1412742575.0
16.2582169166 1412742576.44
16.2846852329 1412742577.88
16.2961662636 1412742579.26
16.2754064544 1412742580.6
16.268857688 1412742582.03
16.2407895736 1412742583.42
16.2410664981 1412742584.83
16.2675947693 1412742586.24
16.2279084917 1412742587.72
16.231530364 1412742589.09
16.1782354376 1412742590.5
16.2168360363 1412742591.89
16.1828505282 1412742593.37
16.1239569091 1412742594.79
16.1155181808 1412742596.2
16.0908180683 1412742597.58
16.0943141594 1412742599.02
16.0978529588 1412742600.43
16.0874792329 1412742601.95
16.0494045294 1412742603.55
16.0708681529 1412742605.14
16.0706801814 1412742606.64
16.0580402234 1412742608.16
16.0760567647 1412742609.75
16.0794499322 1412742611.3
16.0585181745 1412742612.87
16.1128092076 1412742614.43
16.1376224651 1412742616.06
16.1308696236 1412742617.73
16.1271311545 1412742619.37
16.0989612742 1412742620.95
16.0905477826 1412742622.64
16.0786033712 1412742624.23
16.071688784 1412742625.89
16.0627426457 1412742627.55
16.055203666 1412742630.18
16.0663367408 1412742632.69
16.0686859558 1412742635.02
16.0628330988 1412742637.37
16.0577731419 1412742639.71
16.0512244008 1412742642.02
16.0299946673 1412742644.21
16.0124195491 1412742646.45
16.0017555329 1412742648.74
15.9676667623 1412742651.01
15.9941302371 1412742653.18
15.9627447781 1412742655.37
15.9245189373 1412742657.61
15.9145573396 1412742659.85
15.9246870142 1412742662.23
15.9191580932 1412742664.66
15.9178032089 1412742667.38
15.9598579436 1412742669.8
15.9261709419 1412742672.24
15.9235189113 1412742674.6
15.9208963649 1412742676.69
15.9666429179 1412742678.84
15.9234377312 1412742681.06
15.9546170822 1412742683.65
15.9786745128 1412742686.08
15.9631996918 1412742688.28
15.9790553707 1412742690.76
