25.7098968505 1412724633.77
25.0221223451 1412724634.19
24.8116894623 1412724634.53
24.4283016517 1412724634.83
24.2554953096 1412724635.12
24.6476960309 1412724635.42
24.4230336183 1412724635.72
24.1590024377 1412724636.0
23.8872930828 1412724636.3
23.539015375 1412724636.6
23.353852116 1412724636.95
22.9178800122 1412724637.21
22.9543333907 1412724637.58
22.5075879598 1412724637.91
22.290153554 1412724638.21
22.096249134 1412724638.52
21.6369674933 1412724638.84
21.4011363948 1412724639.13
21.154568957 1412724639.45
20.9508884847 1412724639.75
21.4134292198 1412724640.02
21.7074772352 1412724640.32
21.9021673589 1412724640.58
21.9077954959 1412724640.87
22.1578149162 1412724641.13
22.1237212675 1412724641.41
22.1526277825 1412724641.72
22.3795740089 1412724642.02
22.4630023657 1412724642.32
22.632412632 1412724642.63
22.865534054 1412724642.94
23.1433553116 1412724643.25
22.9929007226 1412724643.54
23.0996100479 1412724643.83
23.1686620197 1412724644.13
23.1353870435 1412724644.44
23.2356676092 1412724644.72
23.2429265828 1412724645.02
23.3661593593 1412724645.3
23.358099264 1412724645.6
23.4225692208 1412724645.9
23.5066590926 1412724646.22
23.484749124 1412724646.51
23.5193574021 1412724646.82
23.648332689 1412724647.09
23.6285338685 1412724647.36
23.6134904059 1412724647.65
23.665704463 1412724647.94
23.760331707 1412724648.21
23.8061596881 1412724648.52
23.8678482763 1412724648.85
23.9347972266 1412724649.18
23.9511676896 1412724649.48
23.9923429432 1412724649.79
24.0433579433 1412724650.11
24.0934029291 1412724650.41
24.2000070421 1412724650.72
24.2824350459 1412724651.02
24.3758256664 1412724651.35
24.4409248033 1412724651.66
24.4982663524 1412724651.97
24.5728102743 1412724652.29
24.6289766613 1412724652.6
24.7082648256 1412724652.94
24.7443889271 1412724653.23
24.8186570856 1412724653.56
24.8420976082 1412724653.86
24.9930364694 1412724654.14
25.1465690479 1412724654.44
25.036839831 1412724654.78
25.0595050227 1412724655.11
25.1065865972 1412724655.45
25.2053395723 1412724655.8
25.2136948465 1412724656.14
25.1105414622 1412724656.47
25.2552427183 1412724656.83
25.2869322359 1412724657.18
25.1910194908 1412724657.52
25.2669057411 1412724657.86
25.4469326097 1412724658.17
25.4365042288 1412724658.51
25.4913060476 1412724658.85
25.5635873081 1412724659.19
25.5090952019 1412724659.51
25.4955807135 1412724659.84
25.3791677276 1412724660.2
25.2251392072 1412724660.52
25.1329758883 1412724660.85
25.2937703818 1412724661.16
25.0587143518 1412724661.48
25.2651862414 1412724661.82
25.204237655 1412724662.15
25.1352846812 1412724662.47
25.194978621 1412724662.8
25.0228158613 1412724663.08
25.1222532891 1412724663.39
25.1002773235 1412724663.71
25.1928731839 1412724664.03
25.1408184309 1412724664.36
25.2116756454 1412724664.71
25.1469151239 1412724665.03
25.4792012882 1412724665.34
25.3883553194 1412724665.67
25.3735391911 1412724666.0
25.412387852 1412724666.32
25.3626982935 1412724666.64
25.3039693101 1412724666.98
25.1811579305 1412724667.33
25.2997758551 1412724667.68
25.325935454 1412724668.04
25.4739734171 1412724668.37
25.4388713141 1412724668.68
25.4911083485 1412724669.02
25.6257982128 1412724669.29
25.6551285859 1412724669.62
25.7160087856 1412724669.95
25.7008831104 1412724670.29
25.7833645295 1412724670.6
25.8006620098 1412724670.94
25.9320306903 1412724671.3
25.8428264362 1412724671.63
25.8184967849 1412724671.94
25.8109028557 1412724672.29
25.8404241499 1412724672.64
25.7857828805 1412724672.97
25.707285901 1412724673.32
25.7066856878 1412724673.68
25.6740546501 1412724674.03
25.6643811719 1412724674.35
25.6758154158 1412724674.66
25.7614208654 1412724675.02
25.7017616205 1412724675.38
25.7012691445 1412724675.75
25.7773433338 1412724676.07
25.6703244871 1412724676.42
25.753385383 1412724676.75
25.7925796872 1412724677.12
25.8650334292 1412724677.44
26.0529123947 1412724677.75
26.0695620839 1412724678.03
26.050840034 1412724678.33
26.0543193709 1412724678.62
26.1989142322 1412724678.93
26.1291349094 1412724679.23
26.1013263643 1412724679.56
26.1242808324 1412724679.84
26.1264776996 1412724680.15
26.2094616542 1412724680.46
26.0882556719 1412724680.74
26.1468933283 1412724681.05
26.0400943174 1412724681.31
26.0045721835 1412724681.6
25.9882264832 1412724681.91
26.1002623299 1412724682.21
26.0793890839 1412724682.52
26.1150758637 1412724682.83
26.1836080073 1412724683.14
26.2368896323 1412724683.47
26.2058609359 1412724683.79
26.250308733 1412724684.12
26.2049036894 1412724684.46
26.2283005723 1412724684.76
26.2027104105 1412724685.05
26.1551247551 1412724685.35
26.1760456446 1412724685.67
26.2313921412 1412724685.96
26.1658445282 1412724686.25
26.2315120807 1412724686.53
26.2057842648 1412724686.82
26.1296610345 1412724687.13
26.1731860236 1412724687.44
26.0397503042 1412724687.72
26.0642421034 1412724688.04
26.0129770575 1412724688.38
26.0262427579 1412724688.67
26.0521695615 1412724688.95
25.9666685527 1412724689.23
26.0465248685 1412724689.5
26.0422661446 1412724689.79
26.0793253239 1412724690.09
25.9571148909 1412724690.39
25.971976494 1412724690.66
26.1035292079 1412724690.94
25.9887039743 1412724691.22
26.1343629936 1412724691.53
26.0126615166 1412724691.83
25.9661670372 1412724692.12
25.9217323577 1412724692.4
25.9943418844 1412724692.69
26.0436037295 1412724692.98
26.1446322893 1412724693.27
26.0449575116 1412724693.55
26.087634873 1412724693.88
26.0248589303 1412724694.21
26.0131012832 1412724694.48
26.0273616449 1412724694.73
26.1040500797 1412724695.02
26.1437792437 1412724695.31
26.0713753959 1412724695.62
26.1341961428 1412724695.92
