8.80147190833 1412732016.56
8.62295159713 1412732017.13
8.67261468559 1412732017.71
8.43014048924 1412732018.31
8.0985052433 1412732018.89
7.76771469174 1412732019.48
7.52219652909 1412732020.05
7.21189768319 1412732020.64
7.12074174515 1412732021.21
6.86401272954 1412732021.79
6.7608050942 1412732022.33
6.61336893255 1412732022.86
6.52813065898 1412732023.42
6.43378938142 1412732023.95
6.38565229869 1412732024.54
6.44781816359 1412732025.14
6.51599096359 1412732025.66
6.57354611968 1412732026.18
6.71981699867 1412732026.72
6.95189288001 1412732027.24
7.06966601358 1412732027.74
7.21657191966 1412732028.25
7.23054948286 1412732028.75
7.16466443098 1412732029.3
7.0392607545 1412732029.85
7.07780349647 1412732030.37
6.97161770422 1412732030.91
7.0255408809 1412732031.47
6.95611903094 1412732032.01
7.04389204372 1412732032.52
6.93842181725 1412732033.02
6.8254756137 1412732033.53
6.70254198154 1412732034.03
6.77926328877 1412732034.56
6.80776769395 1412732035.09
6.85596619926 1412732035.61
6.79265168333 1412732036.1
6.78296724384 1412732036.61
6.8577240243 1412732037.11
6.74948215413 1412732037.62
6.81144092482 1412732038.15
6.75791336251 1412732038.67
6.81607396289 1412732039.19
6.77873879397 1412732039.71
6.82114617898 1412732040.23
6.78846940688 1412732040.77
6.76191692708 1412732041.29
6.80968993602 1412732041.78
6.85829220916 1412732042.32
6.74721986748 1412732042.86
6.72605408224 1412732043.37
6.58581851717 1412732043.89
6.22328579462 1412732044.41
5.8986192542 1412732044.97
5.96564607132 1412732045.52
6.04410801779 1412732046.03
5.88742118242 1412732046.56
5.98493255281 1412732047.09
5.99383649006 1412732047.58
6.04455312497 1412732048.13
5.93007769457 1412732048.64
5.84439875982 1412732049.13
5.87054438988 1412732049.65
5.84839031862 1412732050.19
5.89967320712 1412732050.73
5.9144997276 1412732051.24
5.92813533296 1412732051.75
5.90217252339 1412732052.27
5.90044731515 1412732052.76
5.84003980104 1412732053.27
5.76588843176 1412732053.77
5.71025900613 1412732054.29
5.61990345287 1412732054.82
5.5548690733 1412732055.35
5.46615066866 1412732055.88
5.38536659391 1412732056.42
5.29163816264 1412732056.91
5.32417350258 1412732057.43
5.21926698089 1412732057.97
5.27628870282 1412732058.49
5.18542141185 1412732059.03
5.07947141044 1412732059.52
5.05362214226 1412732060.05
5.06193794165 1412732060.57
5.01670674085 1412732061.11
5.02815588939 1412732061.61
5.03922185741 1412732062.13
5.03892242171 1412732062.65
5.0019057675 1412732063.14
5.00006718562 1412732063.62
5.00603671099 1412732064.13
5.00247322214 1412732064.63
5.00796274772 1412732065.13
4.95833226491 1412732065.67
4.96602776676 1412732066.21
4.8954120919 1412732066.71
4.84587959823 1412732067.21
4.85108112584 1412732067.75
4.79435960836 1412732068.27
4.80953014442 1412732068.8
4.72523620748 1412732069.33
4.65590632052 1412732069.85
4.64472733266 1412732070.35
4.57800730407 1412732070.86
4.50354824913 1412732071.4
4.50107408524 1412732071.91
4.4227426299 1412732072.41
4.38133101142 1412732072.92
4.32203211889 1412732073.43
4.32007877526 1412732073.94
4.26203353855 1412732074.48
4.29891161222 1412732074.98
4.24732897344 1412732075.5
4.25970944803 1412732075.98
4.19761669584 1412732076.49
4.20728116312 1412732077.02
4.14169486359 1412732077.55
4.15586380127 1412732078.06
4.1046801062 1412732078.59
4.11631350975 1412732079.09
4.08117957122 1412732079.61
4.09508507455 1412732080.15
4.05324946386 1412732080.66
4.01857148197 1412732081.18
4.012799279 1412732081.69
4.00751583039 1412732082.2
3.96660631065 1412732082.71
3.97369478244 1412732083.21
3.92603923541 1412732083.72
3.92176830566 1412732084.25
3.88056283051 1412732084.75
3.88544729273 1412732085.27
3.86442261924 1412732085.76
3.85728408982 1412732086.26
3.81695073723 1412732086.77
3.821544966 1412732087.33
3.78369834621 1412732087.85
3.77226763618 1412732088.36
3.73356354094 1412732088.86
3.72151876892 1412732089.34
3.68844664975 1412732089.86
3.67986309872 1412732090.36
3.63087453749 1412732090.89
3.6214802714 1412732091.38
3.5721506355 1412732091.89
3.57745706281 1412732092.41
3.55257990292 1412732092.92
3.54126951991 1412732093.46
3.52493623902 1412732093.97
3.50690357173 1412732094.5
3.48443934837 1412732095.0
3.48184227165 1412732095.48
3.45552866684 1412732096.0
3.44437363379 1412732096.51
3.4266473316 1412732097.02
3.44023756819 1412732097.49
3.41777643659 1412732098.02
3.41018675591 1412732098.54
3.38758097589 1412732099.04
3.383126727 1412732099.55
3.35351155719 1412732100.05
3.32414597823 1412732100.55
3.32004558036 1412732101.07
3.29086410892 1412732101.54
3.28326798265 1412732102.04
3.24520248036 1412732102.53
3.24036516481 1412732103.05
3.20932732152 1412732103.57
3.20402768754 1412732104.08
3.16650113752 1412732104.59
3.16477822644 1412732105.07
3.13917475869 1412732105.56
3.14353513994 1412732106.07
3.11838316271 1412732106.59
3.12133373193 1412732107.11
3.08891509227 1412732107.73
3.07728441276 1412732108.26
3.04549753652 1412732108.77
3.04550509117 1412732109.35
3.0220239045 1412732109.87
3.00315187539 1412732110.37
2.97622015564 1412732110.89
2.97665913611 1412732111.41
2.94894634672 1412732111.88
2.94976816714 1412732112.41
2.92758617538 1412732112.9
2.92870455375 1412732113.4
2.9024920975 1412732113.87
2.88919404754 1412732114.38
2.86439410871 1412732114.9
2.86939304462 1412732115.4
2.84705335206 1412732115.9
2.84681993869 1412732116.37
2.81783483723 1412732116.87
2.83155599424 1412732117.36
2.80991040629 1412732117.85
2.80429966122 1412732118.37
2.78140840296 1412732118.87
2.78072505539 1412732119.37
2.75814087868 1412732119.9
