3.11928904505 1412754397.43
3.28970508763 1412754398.83
3.42393822639 1412754400.24
3.48444821028 1412754401.64
3.57199897338 1412754402.99
3.7848386787 1412754404.36
3.89587366995 1412754405.73
4.05450441704 1412754407.13
4.10038239196 1412754408.5
4.11910161649 1412754409.91
4.27497334586 1412754411.3
4.33432001353 1412754412.6
4.46820037134 1412754413.94
4.49506875755 1412754415.25
4.54047131204 1412754416.61
4.65155291895 1412754417.91
4.80008947336 1412754419.24
4.85458929251 1412754420.58
4.94626866504 1412754421.92
4.9717866225 1412754423.21
5.06475436395 1412754424.55
5.13212799704 1412754425.87
5.24017719366 1412754427.19
5.34678708274 1412754428.47
5.4279162079 1412754429.74
5.51224379845 1412754431.05
5.52068878765 1412754432.32
5.55596722595 1412754433.62
5.61553546657 1412754434.92
5.67832610656 1412754436.18
5.78311211564 1412754437.48
5.75829102614 1412754438.79
5.78043238738 1412754440.06
5.89454423067 1412754441.36
5.99362337518 1412754442.7
6.12530602702 1412754443.99
6.19617784058 1412754445.31
6.23947177792 1412754446.59
6.31487672739 1412754447.83
6.38000618815 1412754449.1
6.46055342279 1412754450.32
6.57443387275 1412754451.57
6.70473382163 1412754452.83
6.82308642164 1412754454.08
6.89901655654 1412754455.31
6.88957999411 1412754456.54
6.91590179226 1412754457.78
6.94253609252 1412754459.04
6.95506304481 1412754460.25
6.94676259862 1412754461.54
6.93796732961 1412754462.81
6.92445610978 1412754464.03
6.93791252967 1412754465.29
6.90707639311 1412754466.6
6.86612091263 1412754467.9
6.8268708186 1412754469.16
6.81713146278 1412754470.46
6.78186258028 1412754471.69
6.7694106365 1412754472.94
6.7948429637 1412754474.21
6.73929568487 1412754475.48
6.73896183425 1412754476.75
6.72165049965 1412754477.98
6.72090732527 1412754479.21
6.70802418542 1412754480.47
6.66804910199 1412754481.73
6.62358254089 1412754482.92
6.58424732308 1412754484.15
6.59657219988 1412754485.38
6.59729526603 1412754486.63
6.58012960891 1412754487.83
6.55887955462 1412754489.12
6.56225250455 1412754490.36
6.55465196649 1412754491.55
6.5785334632 1412754492.76
6.54571769788 1412754493.97
6.51789946668 1412754495.18
6.53102526031 1412754496.45
6.50921846887 1412754497.66
6.53027385221 1412754498.85
6.44399935942 1412754500.05
6.43368800408 1412754501.26
6.41861496325 1412754502.47
6.39176210573 1412754503.71
6.35252947623 1412754504.87
6.30097811676 1412754506.08
6.23570242262 1412754507.32
6.25635220085 1412754508.52
6.20669010141 1412754509.71
6.28700420045 1412754510.88
6.25493291959 1412754512.06
6.36572160197 1412754513.26
6.35798258432 1412754514.44
6.41386740716 1412754515.68
6.42559824651 1412754516.88
6.43587074672 1412754518.14
6.4775417546 1412754519.35
6.32917584911 1412754520.54
6.36769681571 1412754521.79
6.3288449021 1412754522.99
6.2819612871 1412754524.2
6.17154019238 1412754525.45
5.94632307309 1412754526.69
5.62709586736 1412754527.97
5.34511948285 1412754529.18
5.20488023468 1412754530.41
5.29007338953 1412754531.62
5.11532580302 1412754532.83
5.18391559775 1412754534.07
5.06303303439 1412754535.24
5.10647476496 1412754536.43
4.95951921626 1412754537.68
5.03803994684 1412754539.08
4.88124975115 1412754540.31
4.95186806633 1412754541.5
4.84351582278 1412754542.71
4.88813477119 1412754544.01
4.782404423 1412754545.16
4.82620427469 1412754546.33
4.73796407602 1412754547.53
4.76299178445 1412754548.75
4.67672352641 1412754549.95
4.71220401637 1412754551.13
4.63503434705 1412754552.35
4.66991055222 1412754553.55
4.6009875848 1412754554.75
4.64522001393 1412754555.92
4.58345714086 1412754557.11
4.61962853997 1412754558.3
4.56157240438 1412754559.47
4.59804110384 1412754560.66
4.63370794321 1412754561.85
4.56329054491 1412754563.1
4.60614713113 1412754564.29
4.52583603094 1412754565.48
4.5829112 1412754566.63
4.48982211497 1412754567.86
4.51921033343 1412754569.07
4.43402509136 1412754570.27
4.38642743938 1412754571.44
4.39425804994 1412754572.63
4.3496246271 1412754573.86
4.35436856139 1412754575.05
4.36572207673 1412754576.26
4.25168001116 1412754577.41
4.20042005725 1412754578.6
4.21335035181 1412754579.77
4.2481503497 1412754580.93
4.15779835207 1412754582.1
4.09910392065 1412754583.28
4.03977231882 1412754584.5
3.98354595224 1412754585.67
3.91293104575 1412754586.84
3.81714726634 1412754587.96
3.86070715644 1412754589.07
3.74591602541 1412754590.26
3.78149963002 1412754591.43
3.80825562301 1412754592.62
3.82473671519 1412754593.79
3.81795555907 1412754594.95
3.82580631026 1412754596.15
3.84281948827 1412754597.34
3.84961850006 1412754598.53
3.78652200477 1412754599.72
3.7245408044 1412754600.86
3.73052860144 1412754602.04
3.72574020534 1412754603.2
3.67065793051 1412754604.35
3.62223255507 1412754605.52
3.57705970214 1412754606.66
3.52382178162 1412754607.84
3.47967129232 1412754608.99
3.42464307891 1412754610.13
3.4505736008 1412754611.29
3.46622164303 1412754612.48
3.48219160968 1412754613.63
3.48352475015 1412754614.78
3.48867996728 1412754615.94
3.44703353799 1412754617.13
3.41567059628 1412754618.24
3.37971225014 1412754619.41
3.33849169232 1412754620.55
3.29262687193 1412754621.7
3.23816488198 1412754622.86
3.26060459074 1412754624.01
3.27604888122 1412754625.15
3.28274126563 1412754626.29
3.2887970998 1412754627.44
3.29591672491 1412754628.58
3.29876635742 1412754629.68
3.26587266574 1412754630.8
3.23598321911 1412754631.94
3.20015045868 1412754633.09
3.20257907249 1412754634.25
3.20208459163 1412754635.37
3.20003743377 1412754636.54
3.17163531175 1412754637.66
3.14029546469 1412754638.82
3.11329542194 1412754640.01
3.07349338397 1412754641.13
