26.3155872812 1412749196.36
28.2017895127 1412749197.83
28.7384153544 1412749199.38
28.7147093168 1412749200.84
28.802925947 1412749202.33
28.69269482 1412749203.82
28.6232617425 1412749205.33
28.3651379418 1412749206.92
28.0233181354 1412749208.57
27.7729079149 1412749210.12
27.3040243196 1412749211.63
27.1194624815 1412749213.09
26.7907468374 1412749214.66
26.4356560119 1412749216.2
25.9114002639 1412749217.71
25.6025706877 1412749219.27
25.3385605667 1412749220.76
24.4038699587 1412749222.29
24.0581226695 1412749223.81
23.4727170727 1412749225.34
23.2268893424 1412749226.83
22.6817083829 1412749228.34
22.4225549055 1412749229.87
21.7828293922 1412749231.42
21.5923941338 1412749232.91
21.082724864 1412749234.44
20.9123015583 1412749235.95
20.7556404207 1412749237.44
20.5895340936 1412749238.93
20.4889575993 1412749240.44
20.2939282934 1412749242.06
20.1659948224 1412749243.6
20.0756952225 1412749245.13
19.9323491959 1412749246.67
19.7966358415 1412749248.17
19.5805652804 1412749249.71
19.260084716 1412749251.22
19.0600798459 1412749252.75
18.5443885433 1412749254.29
19.5250494851 1412749255.9
18.2572983932 1412749257.46
18.2460142174 1412749259.05
17.9091699517 1412749260.59
17.8728056509 1412749262.13
17.6846291771 1412749263.73
17.6194050677 1412749265.33
17.4621651021 1412749266.88
17.3147371975 1412749268.5
17.1787795176 1412749270.05
17.1315416629 1412749271.57
17.0245524545 1412749273.13
16.9385810628 1412749274.69
16.851336297 1412749276.21
16.7943413233 1412749277.78
16.7574513769 1412749279.39
16.665132881 1412749281.94
16.5482692044 1412749284.49
16.5868078923 1412749286.55
16.5405350007 1412749289.05
16.574104213 1412749291.23
16.5228654218 1412749293.26
16.5185094782 1412749295.28
16.473909838 1412749297.31
16.4416349752 1412749299.35
16.3186224609 1412749301.39
16.2630316692 1412749303.5
16.2635730527 1412749305.57
16.1738464463 1412749307.63
16.1490511048 1412749309.67
16.1191568853 1412749311.83
16.0901306793 1412749314.01
15.9451528594 1412749316.07
15.7833742902 1412749318.17
15.7259009171 1412749320.25
15.6066536615 1412749322.41
15.6262736733 1412749324.55
15.6492688322 1412749326.56
15.6270189143 1412749328.54
15.6715492342 1412749330.57
15.5385359574 1412749332.8
15.407772946 1412749334.9
15.3888248848 1412749337.09
15.4078712323 1412749339.3
15.4216041954 1412749341.57
15.3667313696 1412749343.83
15.3872252075 1412749346.1
15.405741221 1412749348.3
15.3624206258 1412749350.56
15.3269904985 1412749352.94
15.3053551858 1412749355.4
15.265215927 1412749357.24
15.2473765885 1412749359.01
15.197537978 1412749360.74
15.1764562304 1412749362.54
15.1057397401 1412749364.3
15.0669566974 1412749366.08
14.9810942669 1412749368.49
14.9825485361 1412749371.03
14.9566541616 1412749373.42
14.9670378837 1412749375.93
14.9616790662 1412749377.67
14.9524283429 1412749379.48
14.9221727208 1412749381.29
14.8515483832 1412749383.68
14.8242656977 1412749386.02
14.7959589593 1412749388.3
14.7498790401 1412749390.69
14.7105631485 1412749392.91
14.6362723858 1412749395.25
14.5263450357 1412749397.55
14.5529460981 1412749399.77
14.4898063235 1412749402.02
14.5250496055 1412749404.39
14.5056381355 1412749406.76
14.5424433157 1412749409.08
14.4510950443 1412749411.48
14.4602758266 1412749413.83
14.4741470978 1412749416.21
14.4185089596 1412749418.65
14.4287266934 1412749421.09
14.440411344 1412749423.32
14.4102840499 1412749425.73
14.3729474119 1412749428.22
14.3713967679 1412749430.71
14.3757800049 1412749433.0
14.3788866494 1412749435.53
14.3883837997 1412749438.04
14.3656893658 1412749439.74
14.338054365 1412749441.52
14.3412407073 1412749443.27
14.3465536393 1412749445.06
14.3615978101 1412749446.86
14.3915890631 1412749448.62
14.4055942976 1412749450.39
14.4069607759 1412749452.14
14.4276667442 1412749453.87
14.4181741085 1412749455.65
14.4485643119 1412749457.39
14.4341024093 1412749459.14
14.4381067304 1412749460.95
14.4495546666 1412749462.75
14.4377526717 1412749464.53
14.4164221271 1412749466.3
14.4481779542 1412749468.12
14.4600545456 1412749469.98
14.4943873249 1412749471.74
14.4944702535 1412749473.63
14.5031605697 1412749475.47
14.5884936212 1412749477.27
14.5807211378 1412749479.09
14.5662409379 1412749480.92
14.6004835715 1412749482.81
14.606990132 1412749484.64
14.5829985549 1412749486.51
14.5226407795 1412749488.34
14.5101501238 1412749490.26
14.5109864523 1412749492.1
14.4758076339 1412749493.98
14.4820259513 1412749495.84
14.4701949717 1412749497.68
14.489803775 1412749499.53
14.5127397912 1412749501.43
14.5052509449 1412749503.33
14.5097266548 1412749505.18
14.5086905687 1412749507.06
14.5157742515 1412749508.93
14.5199572181 1412749510.78
14.4945501367 1412749512.6
14.4854617429 1412749514.4
14.4888422055 1412749516.26
14.488933607 1412749518.07
14.5191809198 1412749519.92
14.5440786558 1412749521.78
14.5279658443 1412749523.66
14.4613949095 1412749525.53
14.5292084912 1412749527.35
14.5689296753 1412749529.2
14.5760435182 1412749531.02
14.6176856866 1412749532.87
14.6683085776 1412749534.69
14.6505997842 1412749536.53
14.6642705014 1412749538.35
14.7019321371 1412749540.14
14.7070779522 1412749541.99
14.7669981422 1412749543.8
14.8368838057 1412749545.65
14.8671148793 1412749547.46
14.8798685965 1412749549.26
14.910823928 1412749551.05
14.9133936497 1412749552.86
14.9914880742 1412749554.67
15.065988765 1412749556.48
15.0739842747 1412749558.26
15.1417523652 1412749560.1
15.1862186198 1412749561.91
15.2244065127 1412749563.73
15.2759438795 1412749565.56
15.3248084385 1412749567.46
15.3598029247 1412749569.33
15.4037533785 1412749571.17
