16.9833248534 1412751449.3
17.2261850779 1412751450.73
17.9201165632 1412751452.15
18.58872447 1412751453.65
19.333004649 1412751455.05
18.714866979 1412751456.49
19.7708955325 1412751457.92
18.9693280643 1412751459.3
17.9715257436 1412751460.74
18.7724711213 1412751462.15
18.3318004592 1412751463.58
19.0578067556 1412751465.08
19.4577162909 1412751466.49
19.5759519436 1412751467.92
19.816159264 1412751469.36
19.7558751448 1412751470.79
19.4851881089 1412751472.21
19.6885106571 1412751473.64
19.4986840886 1412751475.06
19.4929872192 1412751476.49
19.6664496755 1412751477.97
19.4503921406 1412751479.41
19.3106321339 1412751480.82
19.2026223316 1412751482.27
18.9381181431 1412751483.67
18.7250595531 1412751485.12
18.5448033783 1412751486.61
18.3079783194 1412751488.08
18.3215766134 1412751489.5
18.2788419107 1412751490.94
18.2585262962 1412751492.44
18.1731993587 1412751493.88
18.1731925571 1412751495.32
18.1149909172 1412751496.76
18.0719378462 1412751498.24
18.0100644645 1412751499.71
17.8610730983 1412751501.22
17.8594039797 1412751502.68
17.864586749 1412751504.12
17.8414475847 1412751505.54
17.8823074067 1412751506.99
17.8567449767 1412751508.44
17.9449958377 1412751509.9
17.8825705993 1412751511.33
17.8018025678 1412751512.77
17.7039857923 1412751514.22
17.6852077072 1412751515.7
17.613413638 1412751517.23
17.499547472 1412751518.74
17.4176582364 1412751520.19
17.332900409 1412751521.68
17.1932075105 1412751523.11
17.0904300741 1412751524.57
16.9626881899 1412751526.03
16.9071409799 1412751527.43
16.7542470748 1412751528.82
16.6400895565 1412751530.26
16.4121330579 1412751531.7
16.2567772432 1412751533.11
16.0089298207 1412751534.54
16.0645692594 1412751536.0
15.8986646282 1412751537.42
15.9516849402 1412751538.82
16.1312473456 1412751540.22
15.8861271175 1412751541.62
15.6523511787 1412751543.09
15.4644840158 1412751544.47
15.3513571029 1412751545.88
15.4662821819 1412751547.27
15.224069511 1412751548.68
15.3219749193 1412751550.09
15.3729754396 1412751551.49
15.3004342475 1412751552.89
15.3606234915 1412751554.31
15.2030153652 1412751555.72
15.2829459905 1412751557.14
15.3110587322 1412751558.55
15.4382261852 1412751559.91
15.2969609946 1412751561.33
15.3964931515 1412751562.75
15.2645695398 1412751564.18
15.3291352248 1412751565.59
15.1395281794 1412751567.0
15.2121174466 1412751568.4
15.2981337716 1412751569.83
15.3565809941 1412751571.23
15.2201529109 1412751572.63
15.2997830179 1412751574.04
15.1643667918 1412751575.44
15.2269564915 1412751576.86
15.1265794035 1412751578.22
14.9469456544 1412751579.64
15.055444043 1412751581.03
14.8792539501 1412751582.43
14.6593293394 1412751583.77
14.7537938284 1412751585.11
14.8771260777 1412751586.45
14.7260958366 1412751587.83
14.5379047931 1412751589.19
14.2725477009 1412751590.64
14.4150522871 1412751592.02
14.1804485183 1412751593.41
14.2499715033 1412751594.8
14.0291354978 1412751596.16
14.1746358827 1412751597.56
13.8740190976 1412751598.9
14.0167820547 1412751600.33
13.8150744083 1412751601.72
13.9439793631 1412751603.1
13.6647614019 1412751604.48
13.8052688449 1412751605.84
13.5654750372 1412751607.24
13.7240501763 1412751608.65
13.8851891551 1412751610.09
13.6603992928 1412751611.53
13.8116825196 1412751612.87
13.6181625654 1412751614.3
13.7659183829 1412751615.7
13.5823613722 1412751617.07
13.3300493645 1412751618.44
13.4704409008 1412751619.76
13.2620661874 1412751621.13
13.4188894006 1412751622.49
13.2246706369 1412751623.83
13.4028134285 1412751625.18
13.1856365515 1412751626.56
12.9823737479 1412751627.92
13.1156925515 1412751629.31
12.9034653734 1412751630.67
12.6927354231 1412751632.02
12.8583856295 1412751633.35
12.658352887 1412751634.73
12.831605732 1412751636.07
12.5959984326 1412751637.42
12.7115917026 1412751638.79
12.4975124335 1412751640.13
12.6409398603 1412751641.49
12.4626375004 1412751642.84
12.5491061817 1412751644.26
12.4487773398 1412751645.6
12.2512770193 1412751646.94
12.3820750542 1412751648.29
12.5130241648 1412751649.64
12.3185674975 1412751650.98
12.1321065734 1412751652.34
12.2777079506 1412751653.71
12.1355634304 1412751655.08
11.9287321776 1412751656.42
12.0106520982 1412751657.8
12.1581181673 1412751659.1
12.0190785851 1412751660.53
11.8248306851 1412751661.85
11.9001761979 1412751663.17
11.7879047685 1412751664.43
11.9055691802 1412751665.8
11.744867248 1412751667.11
11.8542680653 1412751668.46
11.6724715437 1412751669.77
11.8220185466 1412751671.14
11.6699342182 1412751672.48
11.5321928403 1412751673.84
11.6294317668 1412751675.23
11.6907055597 1412751676.59
11.5543500187 1412751677.97
11.41124519 1412751679.32
11.3177972021 1412751680.71
11.4105110674 1412751682.07
11.2869100883 1412751683.41
11.3269146455 1412751684.79
11.2002722361 1412751686.22
11.2721340301 1412751687.61
11.2139408106 1412751688.99
11.3053490767 1412751690.33
11.1116081964 1412751691.7
11.1947973066 1412751693.08
11.0471676836 1412751694.43
11.1012180879 1412751695.77
11.162810608 1412751697.14
11.1340635362 1412751698.48
11.0285156375 1412751699.88
11.107507282 1412751701.25
10.9845247661 1412751702.66
11.0088062197 1412751704.02
10.9174791435 1412751705.44
10.8173463288 1412751706.81
10.8961703295 1412751708.2
10.7590719998 1412751709.58
10.8046194181 1412751710.96
10.7401776815 1412751712.4
10.7585417816 1412751713.77
10.655211301 1412751715.17
10.5811307291 1412751716.64
10.6345126644 1412751718.09
10.5463816332 1412751719.4
10.5936360537 1412751720.73
10.6616060082 1412751722.02
10.5556676398 1412751723.34
10.5011481994 1412751724.6
10.5530599508 1412751725.89
10.5145084306 1412751727.19
