55.3718790049 1412758345.7
51.4477512263 1412758347.16
44.0577232555 1412758348.67
42.1844965825 1412758350.15
40.7896917974 1412758351.65
39.6459801623 1412758353.19
38.9334069126 1412758354.73
38.200480646 1412758356.27
37.6128683656 1412758357.76
38.040517964 1412758359.28
38.2144110959 1412758360.89
38.4539687339 1412758362.33
38.8266121168 1412758363.75
38.2481879211 1412758365.28
38.6811259148 1412758366.87
39.3741776932 1412758368.48
38.688609985 1412758370.04
39.3478801041 1412758371.55
39.6669733798 1412758373.07
39.9609742324 1412758374.61
39.8393654115 1412758376.14
39.6077139107 1412758377.66
39.1270616042 1412758379.18
39.0198679244 1412758380.75
39.0557013171 1412758382.27
39.0461809284 1412758383.8
39.0834940964 1412758385.35
39.234948929 1412758386.95
39.1878337588 1412758388.59
39.1373336366 1412758390.23
38.9198515408 1412758391.81
38.5178053966 1412758393.38
38.1684416648 1412758394.93
37.6470128631 1412758396.57
37.5694621373 1412758398.15
36.9630837349 1412758399.7
36.3301446556 1412758401.26
36.1785274431 1412758402.82
35.9928651096 1412758404.41
36.0266537851 1412758406.03
35.8853150931 1412758407.64
35.2671585112 1412758409.25
35.1684190085 1412758410.87
34.9533326123 1412758412.49
34.6418880221 1412758414.09
34.6080343955 1412758415.71
34.8061741426 1412758417.36
34.8693050589 1412758418.99
34.7217953455 1412758420.59
34.7012899663 1412758422.26
34.9144659865 1412758423.85
34.8786897754 1412758425.39
35.0250485643 1412758426.97
34.9506475678 1412758428.59
34.9549166273 1412758430.19
35.0844199904 1412758431.79
35.0467080206 1412758433.39
35.0870324991 1412758435.01
35.1088284709 1412758436.64
35.1883677976 1412758438.25
35.2400574979 1412758439.83
35.4905334783 1412758441.38
35.5428675754 1412758443.05
35.6717206229 1412758444.71
35.6842623537 1412758446.33
35.7046515073 1412758447.99
35.8418092788 1412758449.64
35.8214605402 1412758451.23
35.9126658966 1412758452.85
35.8032362642 1412758454.44
35.8308179784 1412758456.11
35.9729253 1412758457.75
35.9872890981 1412758459.37
35.9257239203 1412758461.04
35.9002562134 1412758462.68
35.6906435354 1412758464.27
35.7618049427 1412758465.87
35.8276945831 1412758467.45
35.7290322322 1412758469.04
35.7786213695 1412758470.6
35.8259998351 1412758472.21
35.9279776131 1412758473.82
35.9416138498 1412758475.43
35.8857633858 1412758477.06
35.9420319188 1412758478.68
35.8411964579 1412758480.27
35.7438297763 1412758481.84
35.7517769118 1412758483.45
35.8379182333 1412758485.05
35.8404716978 1412758486.63
35.8265991356 1412758488.19
35.8366676096 1412758489.78
35.8380341076 1412758491.38
35.8995688517 1412758492.98
35.9540519003 1412758494.62
35.9053282556 1412758496.2
35.9580762005 1412758497.81
35.8760771849 1412758499.43
35.9499761476 1412758501.03
35.955525244 1412758502.58
35.9725989729 1412758504.2
35.96321957 1412758505.79
35.9400651922 1412758507.38
35.9469746252 1412758508.96
35.9658354742 1412758510.63
35.9454626979 1412758512.23
35.971692936 1412758513.81
35.8908943791 1412758515.35
35.8960811897 1412758516.96
35.9627322098 1412758518.58
36.0104055063 1412758520.19
35.9272174683 1412758521.82
35.8917853585 1412758523.43
35.6617561012 1412758525.03
35.6994195688 1412758526.69
35.659032016 1412758528.27
35.4895070222 1412758529.9
35.6013209321 1412758531.54
35.6031726334 1412758533.2
35.5960517197 1412758534.87
35.5661327846 1412758536.44
35.4527788058 1412758538.02
35.3753792633 1412758539.6
35.4185372213 1412758541.23
35.4567354428 1412758542.84
35.4062536672 1412758544.45
35.3521858903 1412758546.07
35.3678494296 1412758547.66
35.3884886432 1412758549.3
35.3654898423 1412758550.93
35.3442872188 1412758552.58
35.312477306 1412758554.17
35.2920246655 1412758555.79
35.4007437444 1412758557.43
35.4581029361 1412758559.1
35.3537834658 1412758560.84
35.398373347 1412758562.51
35.4638604546 1412758564.16
35.425870807 1412758565.82
35.3984740906 1412758567.5
35.4194743713 1412758569.17
35.5691270314 1412758570.83
35.5196852906 1412758572.48
35.4864150385 1412758574.16
35.3501971043 1412758575.82
35.3013537698 1412758577.49
35.2281054157 1412758579.17
35.2484107137 1412758580.88
35.2180726012 1412758582.58
35.2017525047 1412758584.28
35.2200186224 1412758585.96
35.1677265395 1412758587.64
34.8039579567 1412758589.31
34.7992816436 1412758590.98
34.7184000566 1412758592.63
34.6914967571 1412758594.3
34.7403489443 1412758595.96
34.6896066559 1412758597.65
34.6063702901 1412758599.31
34.5252106518 1412758601.0
34.4880824862 1412758602.65
34.4501873175 1412758604.35
34.5581718586 1412758606.1
34.45871043 1412758607.75
34.5261630033 1412758609.41
34.6879952062 1412758611.12
34.5979272528 1412758612.84
34.6828757173 1412758614.56
34.7607739708 1412758616.28
34.6690010362 1412758617.99
34.6467634085 1412758619.73
34.6774925386 1412758621.45
34.688926727 1412758623.14
34.7254745863 1412758624.77
34.758127738 1412758626.49
34.7449481163 1412758628.21
34.7054649231 1412758629.88
34.6799682164 1412758631.56
34.5877168437 1412758633.25
34.5702368082 1412758634.97
34.6706968162 1412758636.67
34.712999657 1412758638.34
34.665152022 1412758640.04
34.707261993 1412758641.76
34.7126481887 1412758643.45
34.7635150304 1412758645.13
34.78313854 1412758646.84
34.7467955924 1412758648.52
34.7790290648 1412758650.22
34.7210728873 1412758651.93
34.6504807586 1412758653.63
34.7437226766 1412758655.28
34.726863736 1412758656.99
34.7386744619 1412758658.68
34.8292735328 1412758660.35
34.839843273 1412758662.01
34.7783706481 1412758663.71
34.8425112474 1412758665.41
34.7562926418 1412758667.11
34.7862176268 1412758668.89
