21.0146433817 1412732996.92
20.6414527056 1412732997.98
20.427081659 1412732999.01
20.4825201233 1412733000.03
20.7548336242 1412733001.06
20.7315430551 1412733002.08
21.2210983188 1412733003.15
21.3592161509 1412733004.28
21.5676313802 1412733005.46
21.7199444734 1412733006.58
21.9841376054 1412733007.57
22.0381076262 1412733008.59
22.0502474209 1412733009.68
22.1749643508 1412733010.81
22.2342536299 1412733011.93
21.9980162171 1412733013.02
21.6693316606 1412733014.1
21.4218841175 1412733015.16
21.2091851109 1412733016.23
21.0215006625 1412733017.29
20.8273407097 1412733018.35
20.5124431093 1412733019.47
20.4238140401 1412733020.54
20.3631400693 1412733021.55
20.1400875274 1412733022.57
20.1333370153 1412733023.61
19.811621493 1412733024.64
19.6561002599 1412733025.69
19.5552681465 1412733026.75
19.161159196 1412733027.75
19.33304888 1412733028.76
18.8754358163 1412733029.75
19.2635064596 1412733030.71
18.6513225405 1412733031.7
19.1681340257 1412733032.65
18.276380676 1412733033.65
18.6321561074 1412733034.69
17.7955496765 1412733035.65
17.8257712862 1412733036.66
17.2979717925 1412733037.61
17.5504654685 1412733038.58
19.5930439956 1412733039.53
16.8104487657 1412733040.53
16.844767847 1412733041.46
16.4885613364 1412733042.44
16.5213271141 1412733043.41
16.2101152749 1412733044.38
16.3566105233 1412733045.37
15.9605255858 1412733046.29
16.0930353824 1412733047.18
15.6434995754 1412733048.17
15.7133020915 1412733049.52
15.792394278 1412733050.54
15.8866495463 1412733051.59
16.0425382001 1412733052.53
15.8751319661 1412733053.47
15.8391819038 1412733054.39
15.8886038115 1412733055.28
15.8741149063 1412733056.18
15.889962695 1412733057.09
15.7230804455 1412733058.02
15.441524904 1412733058.92
15.2274450054 1412733059.84
15.229636186 1412733060.76
15.0759896245 1412733061.66
15.0569867501 1412733062.58
14.7618797259 1412733063.5
14.8679524986 1412733064.37
14.6433867569 1412733065.33
14.339528479 1412733066.2
14.361410372 1412733067.11
14.1465795357 1412733068.04
14.1387112756 1412733068.98
13.8958070979 1412733069.88
13.8636756551 1412733070.78
13.6767608472 1412733071.68
13.6803352053 1412733072.57
13.4849906677 1412733073.48
13.4769409747 1412733074.39
13.3180980156 1412733075.31
13.2964484985 1412733076.2
13.1492089726 1412733077.15
13.1015898605 1412733078.03
12.9350107671 1412733078.91
12.8759196797 1412733079.78
12.6891514864 1412733080.68
12.4788293921 1412733081.57
12.3814135859 1412733082.41
12.1903629944 1412733083.35
12.106463772 1412733084.23
11.9987480029 1412733085.11
11.9048814223 1412733086.0
11.7930203665 1412733086.92
11.6990466121 1412733087.82
11.5494105732 1412733088.7
11.4959105196 1412733089.65
11.3867159476 1412733090.54
11.2876280568 1412733091.44
11.0980225157 1412733092.36
11.0563228102 1412733093.25
11.1435600508 1412733094.14
10.9021982236 1412733095.04
10.8997674183 1412733095.96
10.7903539717 1412733096.86
10.7786664401 1412733097.76
10.6795373041 1412733098.65
10.6654462284 1412733099.56
10.5967686873 1412733100.47
10.4755395637 1412733101.34
10.4868853996 1412733102.21
10.3770736458 1412733103.11
10.3942492245 1412733103.96
10.1908702715 1412733104.87
10.1673960966 1412733105.74
10.1457373646 1412733106.63
10.1087919944 1412733107.51
10.0593849524 1412733108.4
9.95998071334 1412733109.33
9.94301572593 1412733110.22
9.89391666617 1412733111.11
9.85870838208 1412733112.0
9.8388118439 1412733112.85
9.78026514607 1412733113.69
9.75270420509 1412733114.59
9.73290129192 1412733115.45
9.68833219928 1412733116.39
9.6736965891 1412733117.27
9.6056461916 1412733118.16
9.5389812889 1412733119.02
9.45635090717 1412733119.89
9.39894747835 1412733120.77
9.40158159122 1412733121.64
9.38376992515 1412733122.57
9.29449995197 1412733123.44
9.26552480386 1412733124.34
9.16851071034 1412733125.21
9.09154080388 1412733126.12
9.076276941 1412733127.0
9.14010586261 1412733127.9
9.01715679083 1412733128.76
9.0684389244 1412733129.64
8.92530874449 1412733130.54
8.93223226907 1412733131.42
8.95342251489 1412733132.29
8.85775746145 1412733133.17
8.92342931057 1412733134.07
8.83112953944 1412733134.96
8.84433743123 1412733135.84
8.86903122822 1412733136.71
8.77913473744 1412733137.59
8.72382880451 1412733138.42
8.67823087928 1412733139.32
8.70101852994 1412733140.18
8.73960776856 1412733141.07
8.65363211443 1412733141.97
8.69517634913 1412733142.89
8.6328058315 1412733143.8
8.66716246895 1412733144.65
8.71089619287 1412733145.53
8.62263751585 1412733146.41
8.65057217251 1412733147.24
8.64000035655 1412733148.13
8.58865844462 1412733148.99
8.50708183499 1412733149.85
8.40769593258 1412733150.76
8.34203559463 1412733151.64
8.29909368325 1412733152.53
8.33354082419 1412733153.37
8.28586679389 1412733154.27
8.22912543112 1412733155.17
8.17106633337 1412733156.07
8.12178577216 1412733156.96
8.0649477291 1412733157.84
8.00448587595 1412733158.75
7.9745698519 1412733159.73
7.95481498035 1412733160.59
7.99945728413 1412733161.49
7.93749003497 1412733162.36
7.79952279507 1412733163.29
7.78259434697 1412733164.2
7.74082917426 1412733165.13
7.73146371501 1412733166.04
7.71528814619 1412733166.96
7.69469696734 1412733167.83
7.63064362471 1412733168.72
7.64860736133 1412733169.61
7.56264683681 1412733170.46
7.56865013009 1412733171.34
7.51746919116 1412733172.24
7.51446726477 1412733173.12
7.47621570709 1412733173.99
7.45208304132 1412733174.83
7.41561808662 1412733175.68
7.3942335287 1412733176.54
7.37335346156 1412733177.39
7.32790317457 1412733178.28
7.28208409613 1412733179.14
7.25572975169 1412733179.98
7.21865862305 1412733180.84
7.20735351786 1412733181.72
