32.5233672482 1412756769.04
31.7226869028 1412756770.65
31.7906967925 1412756772.22
30.7278910834 1412756773.81
30.6873019771 1412756775.37
30.2996100831 1412756776.92
29.7498830112 1412756778.53
29.3794527915 1412756780.05
28.9721100783 1412756781.68
29.2020796217 1412756783.22
28.3580410206 1412756784.76
28.0821305529 1412756786.36
27.9498261123 1412756787.97
27.7126639061 1412756789.63
27.7649388057 1412756791.22
27.7304900181 1412756792.93
27.6936327782 1412756794.65
27.7393668105 1412756796.35
27.8444331609 1412756798.02
28.0172299591 1412756799.68
27.8893242637 1412756801.36
28.0665184731 1412756803.14
28.1678685878 1412756804.94
28.1068197646 1412756806.69
27.8380063647 1412756808.46
27.7555988418 1412756810.35
27.7708874649 1412756812.23
27.4996321401 1412756814.1
27.2569913525 1412756815.9
27.2163814531 1412756817.68
26.8138960353 1412756819.55
26.4601456637 1412756821.39
26.2208680902 1412756823.21
25.8979973103 1412756824.95
25.6629083837 1412756826.68
25.5417127167 1412756828.38
25.4154534516 1412756830.19
25.4018318142 1412756831.99
25.2699012625 1412756833.84
25.3273663734 1412756835.61
25.3269382699 1412756837.43
25.3380751425 1412756839.26
25.3996605087 1412756841.0
25.552221599 1412756842.8
25.6558735694 1412756844.62
25.7250411078 1412756846.44
25.8371451215 1412756848.29
26.0695958457 1412756850.16
26.2328120826 1412756852.08
26.1856203818 1412756854.01
26.2547713894 1412756855.9
26.2437426569 1412756857.77
26.3848142208 1412756859.74
26.3715012361 1412756861.62
26.3715499093 1412756863.55
26.330406603 1412756865.46
26.2709523218 1412756867.44
26.3983989544 1412756869.39
26.3325888104 1412756871.37
26.4817072179 1412756873.32
26.5112158118 1412756875.24
26.6949734935 1412756877.21
26.8149076129 1412756879.18
26.8125053918 1412756881.23
26.783120265 1412756883.17
26.8018034458 1412756885.15
26.8574246933 1412756887.08
26.8587926136 1412756889.11
26.8074099238 1412756891.12
26.7388013755 1412756893.13
26.6284738687 1412756895.09
26.5543382156 1412756897.02
26.4560331943 1412756899.0
26.4408787945 1412756900.94
26.3411693635 1412756902.84
26.3104974933 1412756904.76
26.2549050536 1412756906.74
26.3719696544 1412756908.7
26.3601389004 1412756910.63
26.3459933805 1412756912.65
26.3475459363 1412756914.64
26.3065341822 1412756916.58
26.3501088183 1412756918.51
26.2676247126 1412756920.52
26.2720984823 1412756922.51
26.351767482 1412756924.5
26.3885832274 1412756926.48
26.4019237163 1412756928.46
26.466022024 1412756930.42
26.5049613743 1412756932.4
26.5329683279 1412756934.34
26.6113495852 1412756936.27
26.6304636949 1412756938.22
26.5926930629 1412756940.26
26.6274292964 1412756942.24
26.6710197634 1412756944.2
26.6478547458 1412756946.18
26.6367489625 1412756948.15
26.6542526706 1412756950.02
26.641290919 1412756951.99
26.640858087 1412756953.91
26.6203573032 1412756955.87
26.6540014611 1412756957.83
26.6208792093 1412756959.77
26.6452018499 1412756961.72
26.5944889612 1412756963.68
26.5366448376 1412756965.61
26.4537755319 1412756967.55
26.4492675937 1412756969.52
26.3857774772 1412756971.46
26.4861497495 1412756973.39
26.5445903072 1412756975.3
26.4778086247 1412756977.21
26.4976229824 1412756979.21
26.4703421714 1412756981.19
26.5382266022 1412756983.16
26.5029162472 1412756985.13
26.435535785 1412756987.05
26.3493488193 1412756989.04
26.3096543194 1412756991.0
26.3628688324 1412756992.95
26.3501767062 1412756994.89
26.1716406804 1412756996.82
26.2495289915 1412756998.76
26.2505659416 1412757000.76
26.2852191155 1412757002.73
26.2541901246 1412757004.7
26.2792844542 1412757006.66
26.363494958 1412757008.64
26.318059038 1412757010.6
26.3035243435 1412757012.59
26.2477191902 1412757014.49
26.3058293834 1412757016.42
26.2602451719 1412757018.32
26.2888254971 1412757020.29
26.3624914988 1412757022.26
26.3474524247 1412757024.25
26.4523388408 1412757026.1
26.4912011154 1412757028.08
26.5792531555 1412757030.05
26.6737177824 1412757032.08
26.7742217502 1412757034.13
26.8645753255 1412757036.11
26.939814603 1412757038.05
27.0625752991 1412757040.06
27.0841754185 1412757042.0
27.2038325643 1412757043.99
27.2064827123 1412757046.01
27.3154561039 1412757048.0
27.4329979015 1412757049.99
27.5466297136 1412757052.01
27.5956621577 1412757054.05
27.6958072987 1412757056.01
27.9179017076 1412757057.98
28.0364834769 1412757059.93
28.0705927288 1412757061.95
28.1069731035 1412757063.88
28.1940243637 1412757065.85
28.3010603441 1412757067.81
28.3510526473 1412757069.67
28.2574325867 1412757071.58
28.3841610915 1412757073.51
28.5116576657 1412757075.39
28.441535281 1412757077.3
28.6287545755 1412757079.22
28.4884471197 1412757081.09
28.6295809335 1412757083.01
28.6980237747 1412757084.99
28.6293111142 1412757086.96
28.8072971895 1412757088.9
28.7941997061 1412757090.93
28.7546798449 1412757092.96
28.739159635 1412757095.16
28.7820980457 1412757097.28
28.5748704559 1412757099.38
28.3844090834 1412757101.43
28.1618687043 1412757103.5
28.1548521192 1412757105.58
27.9484137318 1412757107.69
28.0345421002 1412757109.72
27.8561000552 1412757111.78
27.6625192114 1412757113.87
27.6385733798 1412757115.96
27.5795868752 1412757118.04
27.6189962798 1412757120.03
27.7164606859 1412757122.0
27.9620312581 1412757124.01
27.7788536043 1412757126.03
27.86054277 1412757128.05
27.9302031153 1412757130.1
28.0202905155 1412757132.11
28.1268077885 1412757134.1
28.2611803553 1412757136.06
28.3203029081 1412757138.02
28.3072930233 1412757139.94
28.5600966711 1412757141.83
28.5271730857 1412757143.79
28.7057217718 1412757145.81
28.696530251 1412757147.75
28.7750629379 1412757149.7
