3.537791746 1412726265.14
3.59048619996 1412726265.83
3.6272566938 1412726266.42
3.6187917042 1412726267.08
3.68593579411 1412726267.84
3.70996365719 1412726268.47
3.71882350682 1412726269.07
3.77575999535 1412726269.63
3.85381324787 1412726270.17
3.83729771835 1412726270.76
3.85651723953 1412726271.35
3.86509891009 1412726271.92
3.7389159338 1412726272.5
3.77936285937 1412726273.08
3.73907607824 1412726273.69
3.72424053218 1412726274.22
3.73894773368 1412726274.74
3.76574166988 1412726275.32
3.75407285157 1412726275.86
3.81039034961 1412726276.4
3.7941480209 1412726276.93
3.84373879185 1412726277.5
3.86321525266 1412726278.01
3.86886301455 1412726278.59
3.89595721732 1412726279.13
3.9343431362 1412726279.68
4.10402507438 1412726280.22
4.2888236391 1412726280.76
4.44416540537 1412726281.28
4.61598620008 1412726281.83
4.76154764885 1412726282.54
4.87899887168 1412726283.13
4.98027383722 1412726283.69
5.09206742618 1412726284.24
5.20179391938 1412726284.78
5.24766117599 1412726285.29
5.30431529434 1412726285.82
5.28522971297 1412726286.38
5.31736206381 1412726286.93
5.3685213967 1412726287.5
5.33090518978 1412726288.0
5.31594560585 1412726288.57
5.29978862437 1412726289.1
5.37428903878 1412726289.61
5.37167691739 1412726290.13
5.34809449877 1412726290.75
5.33792445677 1412726291.26
5.26618102006 1412726291.75
5.21822089409 1412726292.3
5.19650586159 1412726292.81
5.18993960528 1412726293.38
5.1557230794 1412726293.91
5.10166091525 1412726294.45
5.06953064122 1412726294.99
5.10841078414 1412726295.5
5.07107579082 1412726296.03
5.0563908985 1412726296.58
4.96958191595 1412726297.12
5.05101912783 1412726297.63
5.02526589921 1412726298.18
5.04049723694 1412726298.71
5.04841917415 1412726299.25
5.04153987575 1412726299.94
5.0576535384 1412726300.46
5.01554305714 1412726301.03
5.06731454181 1412726301.54
5.06743316332 1412726302.09
5.05436062764 1412726302.67
5.06042771215 1412726303.22
5.06674508214 1412726303.84
5.07875269736 1412726304.45
5.05793745716 1412726305.0
5.07222246336 1412726305.55
5.05155369556 1412726306.1
5.05368209916 1412726306.7
5.04998220562 1412726307.26
5.03745195267 1412726307.8
5.04030622782 1412726308.31
5.02500792724 1412726308.85
5.01426273307 1412726309.35
4.99798570378 1412726309.85
4.96914312359 1412726310.39
4.972770279 1412726310.91
4.98507037876 1412726311.43
4.9573073453 1412726311.97
4.94221603902 1412726312.51
4.90541136236 1412726313.04
4.86275400299 1412726313.57
4.80063388833 1412726314.16
4.69952581279 1412726314.7
4.62801875471 1412726315.22
4.54718633462 1412726315.8
4.47001930568 1412726316.36
4.48543812317 1412726316.9
4.40221213925 1412726317.48
4.4510700747 1412726318.18
4.48504055765 1412726318.72
4.42226554852 1412726319.28
4.46794948021 1412726319.8
4.3991220983 1412726320.36
4.33902665481 1412726320.92
4.3702419321 1412726321.45
4.3129518688 1412726321.95
4.33527342214 1412726322.58
4.37392505521 1412726323.25
4.29038290531 1412726323.91
4.32856241144 1412726324.57
4.25191890492 1412726325.15
4.25625208718 1412726325.69
4.24493871536 1412726326.18
4.28787969228 1412726326.77
4.31569494809 1412726327.29
4.26549082737 1412726327.85
4.29485559545 1412726328.39
4.27070433088 1412726328.95
4.22076538996 1412726329.47
4.25671351828 1412726330.17
4.18870501821 1412726330.86
4.22028312078 1412726331.57
4.24126872758 1412726332.22
4.20354125745 1412726332.74
4.15262726364 1412726333.27
4.18505360365 1412726333.79
4.16047249694 1412726334.32
4.14349642708 1412726335.07
4.19119806853 1412726335.84
4.13654044231 1412726336.69
4.11974666233 1412726337.27
4.14708068027 1412726337.94
4.18896223281 1412726338.72
4.12596529967 1412726339.39
4.16466936016 1412726340.17
4.0828912202 1412726340.88
4.09757522754 1412726341.8
4.04308011003 1412726342.51
4.08159181442 1412726343.12
4.04480694355 1412726343.66
4.08372608536 1412726344.22
4.02948082744 1412726344.73
4.07074033848 1412726345.27
4.01729446991 1412726345.81
4.05626216846 1412726346.37
4.00422670325 1412726346.88
4.05905304728 1412726347.42
4.00558073405 1412726347.91
4.0176890608 1412726348.6
3.96593905096 1412726349.27
3.98263862983 1412726349.93
3.93282862813 1412726350.6
3.95484801383 1412726351.19
3.90056904895 1412726351.8
3.93599882497 1412726352.3
3.88912078653 1412726352.86
3.84275495185 1412726353.36
3.87620188308 1412726353.95
3.83004702902 1412726354.51
3.86361791943 1412726355.03
3.81769125451 1412726355.61
3.85121056677 1412726356.13
3.82745823428 1412726356.7
3.85457603067 1412726357.22
3.80914325468 1412726357.86
3.76612155991 1412726358.46
3.78223983691 1412726359.18
3.73945344247 1412726359.85
3.77064868741 1412726360.48
3.73119887325 1412726361.05
3.69423449723 1412726361.75
3.71657918426 1412726362.3
3.67941631373 1412726363.06
3.70423874023 1412726363.68
3.66853551297 1412726364.34
3.69363370373 1412726364.92
3.66422945719 1412726365.48
3.67304555455 1412726366.01
3.67967234166 1412726366.58
3.67693469733 1412726367.11
3.68213871973 1412726367.64
3.68934811755 1412726368.2
3.6846681082 1412726368.74
3.68896005396 1412726369.39
3.69213629425 1412726370.08
3.67288696295 1412726370.85
3.67904173089 1412726371.66
3.68587430171 1412726372.35
3.68891099752 1412726373.08
3.67363184924 1412726373.58
3.67693162939 1412726374.22
3.6790444134 1412726374.82
3.68192919927 1412726375.32
3.69414471701 1412726375.81
3.68146541276 1412726376.31
3.68043523472 1412726376.81
3.68220937178 1412726377.29
3.68462049915 1412726377.88
3.67445772378 1412726378.6
3.6924832365 1412726379.35
3.68227369416 1412726380.08
3.68414717685 1412726380.75
3.67455216644 1412726381.36
