20.1306357701 1412722251.12
19.2042252553 1412722251.26
19.1802152003 1412722251.4
19.2736841494 1412722251.53
19.1549208938 1412722251.72
19.002884707 1412722251.91
19.0298340166 1412722252.08
19.0417937287 1412722252.24
18.5725081151 1412722252.45
18.5353183321 1412722252.67
18.1712420538 1412722252.84
18.2124995975 1412722253.0
18.0724220167 1412722253.17
17.8538377017 1412722253.41
17.6556995622 1412722253.63
17.610585052 1412722253.78
17.6269770062 1412722254.04
17.6486713933 1412722254.24
17.4327036181 1412722254.46
17.3380292124 1412722254.65
17.3554906675 1412722254.82
17.3065108606 1412722254.94
17.1860649751 1412722255.08
16.9630465471 1412722255.21
16.9253690753 1412722255.35
16.9182327902 1412722255.53
16.9105896213 1412722255.69
16.66179826 1412722255.83
16.6557532804 1412722255.99
16.4993282091 1412722256.12
16.4430522714 1412722256.24
15.8806508418 1412722256.38
15.8755931322 1412722256.6
16.0824585571 1412722256.75
16.0812685478 1412722256.86
15.7870234383 1412722256.98
15.6571892268 1412722257.13
15.5604549511 1412722257.35
15.5598878288 1412722257.49
15.5709881877 1412722257.62
15.5026801781 1412722257.76
15.028139063 1412722257.92
15.0096048762 1412722258.1
15.0152099524 1412722258.33
14.8361396178 1412722258.48
14.7623110221 1412722258.62
14.7588937603 1412722258.78
14.7557754711 1412722258.94
14.9476462481 1412722259.1
14.9481317199 1412722259.22
14.9487568012 1412722259.33
14.6429330268 1412722259.48
14.4581457339 1412722259.63
14.4631055164 1412722259.77
14.4678954348 1412722259.89
14.470347559 1412722260.02
14.1627428968 1412722260.15
14.1421460008 1412722260.3
13.8954167127 1412722260.43
13.8919438504 1412722260.57
13.8883067269 1412722260.69
13.8846178421 1412722260.81
13.6782911863 1412722260.95
13.6755458144 1412722261.09
13.6727997447 1412722261.22
13.6700606324 1412722261.36
13.6672734976 1412722261.48
13.6645482227 1412722261.61
13.6618325291 1412722261.74
13.5514493102 1412722261.88
13.5433630221 1412722262.01
13.5351113777 1412722262.13
13.5267305601 1412722262.25
13.5181714363 1412722262.4
13.5094202175 1412722262.54
13.5005377987 1412722262.66
13.4914974927 1412722262.78
13.3190345809 1412722262.93
13.3091359034 1412722263.07
13.2990110507 1412722263.26
13.288779876 1412722263.39
13.2866772879 1412722263.55
13.1026337561 1412722263.7
13.070290874 1412722263.89
13.037633179 1412722264.1
13.0044103726 1412722264.23
12.91739854 1412722264.43
12.8006454116 1412722264.55
12.7623077263 1412722264.69
12.7616578068 1412722264.84
12.5927257827 1412722264.99
12.5668560375 1412722265.11
12.2017096986 1412722265.23
12.2622408998 1412722265.36
12.1790729962 1412722265.5
12.2253408829 1412722265.64
12.154850385 1412722265.77
11.8992755216 1412722265.92
11.9464391295 1412722266.06
11.9289478116 1412722266.19
11.6948780711 1412722266.35
11.5256450077 1412722266.48
11.5293012887 1412722266.59
11.5159012486 1412722266.73
11.5023691671 1412722266.87
11.506942071 1412722267.02
11.4491306726 1412722267.17
11.2850245003 1412722267.3
11.19038569 1412722267.43
11.1504481164 1412722267.55
11.2712632109 1412722267.7
11.2370355571 1412722267.85
11.0644892027 1412722267.97
11.0692777157 1412722268.12
11.0573863256 1412722268.26
11.0783726541 1412722268.43
11.1643139706 1412722268.58
11.157542783 1412722268.74
11.1649384644 1412722268.95
10.7575937576 1412722269.08
10.4828525698 1412722269.23
53.5475363006 1412722269.38
53.846247825 1412722269.5
53.9965709537 1412722269.78
53.975450242 1412722269.97
54.0870433294 1412722270.12
54.3063440515 1412722270.32
54.5114848393 1412722270.51
54.6257624241 1412722270.78
54.816833378 1412722270.96
54.7997597683 1412722271.13
54.8836310353 1412722271.28
55.1144063591 1412722271.44
55.0554157921 1412722271.6
55.320267593 1412722271.77
55.5226591217 1412722271.94
55.4651135948 1412722272.11
55.7818302965 1412722272.28
55.8848841777 1412722272.47
55.8248555457 1412722272.75
56.0009947664 1412722273.04
56.1985875655 1412722273.55
56.4145846458 1412722273.84
56.639851099 1412722274.06
56.8876252522 1412722274.2
56.7762415058 1412722274.34
56.9370106517 1412722274.49
57.1809941998 1412722274.63
57.3528313187 1412722274.77
57.7420923314 1412722274.92
58.1741095881 1412722275.07
58.3214811367 1412722275.2
58.4768686078 1412722275.33
58.6195051979 1412722275.47
58.9046077379 1412722275.6
58.8247720274 1412722275.75
58.8584858272 1412722275.9
58.968657463 1412722276.04
59.0012202175 1412722276.15
59.1662256745 1412722276.26
59.4461640389 1412722276.4
59.5549746886 1412722276.52
59.7604808783 1412722276.64
60.2003538534 1412722276.77
60.4110523368 1412722276.9
60.675655506 1412722277.02
60.8520483508 1412722277.15
60.930489813 1412722277.3
61.1917151554 1412722277.45
61.5469932618 1412722277.59
61.6952649925 1412722277.71
12.5726213837 1412722277.84
12.6509017228 1412722277.98
12.7022770721 1412722278.12
12.7190445003 1412722278.24
12.7284688705 1412722278.35
12.7734201138 1412722278.47
12.7665460897 1412722278.57
12.7793711292 1412722278.71
12.7948701265 1412722278.85
13.041282889 1412722278.99
13.0630769591 1412722279.1
13.0846429052 1412722279.22
13.1146512172 1412722279.34
13.1349969206 1412722279.5
13.1549106255 1412722279.64
13.0940948065 1412722279.79
13.1262870875 1412722279.91
13.0936996053 1412722280.03
13.0609386615 1412722280.14
13.0826285864 1412722280.27
13.1168729615 1412722280.39
62.6725481337 1412722280.54
12.9853561374 1412722280.65
13.0050497359 1412722280.77
13.0698219762 1412722280.88
13.0439325786 1412722281.03
13.1442995547 1412722281.14
13.2133502798 1412722281.27
13.2724545648 1412722281.4
