42.0161082381 1412746694.48
41.3119559281 1412746695.99
40.5579896162 1412746697.49
40.1870986317 1412746698.98
40.0244831936 1412746700.38
39.8117064797 1412746701.94
39.9584772006 1412746703.42
39.4531934625 1412746704.87
39.1520866211 1412746706.41
38.5784373924 1412746707.87
37.9909511769 1412746709.34
38.5630289414 1412746710.79
37.6886333907 1412746712.24
36.9052938828 1412746713.7
34.8588177533 1412746715.31
37.0304170789 1412746716.86
35.0606712592 1412746718.44
35.8189166923 1412746719.92
34.6869336834 1412746721.35
35.1396893773 1412746722.89
35.4683760986 1412746724.41
34.8805183995 1412746725.89
35.1743257917 1412746727.4
34.3866481353 1412746728.91
34.7375213512 1412746730.48
34.8111316645 1412746732.01
34.6038123554 1412746733.62
34.7236686459 1412746735.2
34.7555661025 1412746736.81
34.6775706276 1412746738.46
34.5133751147 1412746740.15
34.484791294 1412746741.77
34.4944526594 1412746743.42
34.5721227831 1412746745.21
34.3713701889 1412746746.94
34.3443566992 1412746748.79
34.3101229072 1412746750.66
34.2844570722 1412746752.55
34.3635953661 1412746754.48
34.2204438103 1412746756.41
34.4890526128 1412746758.41
34.5295995033 1412746760.51
34.6699420143 1412746762.53
34.7307764742 1412746764.48
34.6108949786 1412746766.57
34.6141369545 1412746768.63
34.955582842 1412746770.7
34.9259579515 1412746772.69
34.8432814203 1412746774.77
34.9099756666 1412746776.86
35.2166817054 1412746778.99
35.3507930668 1412746781.11
35.6637152881 1412746783.2
35.526364288 1412746785.28
35.5304897858 1412746787.4
35.8442799253 1412746789.45
35.957082583 1412746791.63
35.9728827035 1412746793.85
36.1412673368 1412746796.02
36.1120206961 1412746798.13
36.0175352122 1412746800.34
36.108323635 1412746802.58
36.0137837645 1412746804.88
36.0491163278 1412746807.13
35.7997522073 1412746809.42
35.9318255672 1412746811.63
35.8805926445 1412746813.83
35.8692662383 1412746816.11
36.0482024385 1412746818.31
35.9467810883 1412746820.54
35.7548594543 1412746822.73
35.9362330339 1412746824.99
35.9767553928 1412746827.25
36.0234638121 1412746829.45
36.0780303681 1412746831.77
35.9953072606 1412746833.97
35.7996415594 1412746836.27
35.69849792 1412746838.62
35.725813375 1412746840.89
35.6363566259 1412746843.09
35.5389986607 1412746845.27
35.511478335 1412746847.51
35.453198241 1412746849.71
35.3128998285 1412746851.91
35.3618632728 1412746854.09
35.4120412586 1412746856.29
35.2147141083 1412746858.46
35.248877442 1412746860.62
35.4804060733 1412746862.84
35.5907370014 1412746865.03
35.2618903921 1412746867.25
35.0546102203 1412746869.43
35.167249692 1412746871.65
35.2181523801 1412746873.83
35.3606501752 1412746876.03
35.3872106193 1412746878.25
34.9690079976 1412746880.44
35.2166772826 1412746882.6
35.3795212985 1412746884.79
35.4040356986 1412746887.0
35.5547525045 1412746889.18
35.226182747 1412746891.45
35.3605391218 1412746893.65
35.3469221923 1412746895.93
35.2982434185 1412746898.2
35.4654073677 1412746900.47
35.2925837997 1412746902.88
35.4296666236 1412746905.18
35.6463546781 1412746907.45
35.7311748912 1412746909.67
35.8502973239 1412746911.81
35.9077470033 1412746914.04
35.9889212873 1412746916.28
36.081716781 1412746918.54
35.86614472 1412746920.8
35.877363484 1412746923.0
35.4517997049 1412746925.27
35.6734503897 1412746927.51
35.6409385923 1412746929.76
35.6477123947 1412746932.06
35.9647604661 1412746934.35
35.9869789348 1412746936.61
35.9138232537 1412746938.9
35.9201760886 1412746941.12
35.8674285952 1412746943.37
35.6970088541 1412746945.7
35.7944532205 1412746948.09
36.0315557628 1412746950.34
36.0287823401 1412746952.64
35.9880424938 1412746954.85
36.0653072207 1412746957.04
36.0650771459 1412746959.33
36.0396825536 1412746961.63
35.8190220251 1412746963.84
35.9016345703 1412746966.07
35.8733633351 1412746968.22
35.6837586629 1412746970.41
35.6544416333 1412746972.67
35.7022687582 1412746974.87
35.7881741108 1412746977.15
35.5107871049 1412746979.39
35.620761238 1412746981.61
35.4517416816 1412746983.85
35.2748400524 1412746986.1
35.3879878035 1412746988.37
35.6539661949 1412746990.64
35.7138315146 1412746992.8
35.5777351228 1412746994.95
35.5304786766 1412746997.24
35.2730240924 1412746999.56
35.1737841717 1412747001.75
35.5352325276 1412747003.96
35.6354318036 1412747006.16
35.8021837276 1412747008.33
35.5115546786 1412747010.52
35.5616951821 1412747012.76
35.5866537949 1412747014.99
35.279223922 1412747017.15
35.1570026028 1412747019.37
35.4798918779 1412747021.54
35.3475901133 1412747023.82
35.5859519605 1412747026.11
35.60429443 1412747028.37
35.6534457086 1412747030.59
34.9980765738 1412747032.83
35.0838304683 1412747035.08
35.4067048207 1412747037.38
35.6397801683 1412747039.69
35.4785880621 1412747041.97
35.5480119338 1412747044.3
35.9598000454 1412747046.58
35.5055931961 1412747048.85
35.5521678229 1412747051.18
35.5577073017 1412747053.44
35.8720756752 1412747055.7
35.7251887334 1412747058.06
35.7347939133 1412747060.5
35.4392826152 1412747062.79
35.5370425282 1412747065.17
35.5296097838 1412747067.5
35.6875821714 1412747069.82
35.7682359701 1412747072.14
35.9441957966 1412747074.49
36.0389847879 1412747076.82
36.0413814155 1412747079.15
35.8251834173 1412747081.53
35.6459633026 1412747083.91
35.5677961888 1412747086.29
35.531228559 1412747088.66
35.2715163861 1412747091.06
35.3196638636 1412747093.44
35.3674186002 1412747095.79
35.0264312588 1412747098.23
35.1805689954 1412747100.66
35.1915110097 1412747103.1
35.2229108468 1412747105.54
34.7229959105 1412747108.0
34.5532034681 1412747110.34
34.3725241028 1412747112.82
34.37866113 1412747115.24
