20.5193430752 1412738414.43
20.2455256492 1412738415.51
20.2106678806 1412738416.58
20.5044572544 1412738417.67
20.4382731997 1412738418.77
20.3753066558 1412738419.84
20.4028052849 1412738420.92
20.3644384293 1412738421.98
20.1239463491 1412738423.01
20.0582015018 1412738424.08
20.007491766 1412738425.15
19.8491084318 1412738426.22
19.6769643121 1412738427.29
19.72952189 1412738428.39
19.5427083695 1412738429.44
19.6520014441 1412738430.56
19.6386144807 1412738431.6
19.55977368 1412738432.65
19.4565773801 1412738433.68
19.4790132571 1412738434.71
19.3689636382 1412738435.73
19.3262814217 1412738436.72
19.2193407767 1412738437.79
19.1519695394 1412738438.81
19.2361840413 1412738439.88
19.2373948573 1412738440.95
19.1717340775 1412738442.04
19.2524306241 1412738443.07
19.2655534345 1412738444.13
19.1990120189 1412738445.16
19.2024852544 1412738446.25
19.2555916656 1412738447.35
19.0388801267 1412738448.43
19.0732304919 1412738449.53
19.0859569047 1412738450.62
18.9941945989 1412738451.7
18.875441461 1412738452.76
18.8819484472 1412738453.8
18.9046987278 1412738454.88
18.8728407157 1412738455.96
18.8124566613 1412738457.07
18.8033044035 1412738458.15
18.7502082122 1412738459.22
18.7819021106 1412738460.27
18.7015806093 1412738461.36
18.6576891699 1412738462.45
18.5192114153 1412738463.51
18.5428013568 1412738464.56
18.5303936056 1412738465.66
18.5185866036 1412738466.75
18.4041296082 1412738467.86
18.4851151706 1412738468.94
18.4360891471 1412738469.97
18.4597247358 1412738471.02
18.4317666928 1412738472.14
18.2986895017 1412738473.26
18.119127808 1412738474.35
18.0997983649 1412738475.45
18.0100078965 1412738476.55
17.8933875316 1412738477.62
17.9029867684 1412738478.7
17.9219408758 1412738479.78
17.8074353867 1412738480.84
17.6786183247 1412738481.97
17.5524949703 1412738483.06
17.4596484034 1412738484.21
17.4526361735 1412738485.35
17.4336052107 1412738486.47
17.5373279282 1412738487.57
17.6369511012 1412738488.71
17.6458208655 1412738489.85
17.5115741526 1412738490.94
17.450652364 1412738492.04
17.4751066816 1412738493.14
17.4555296163 1412738494.26
17.4681737052 1412738495.37
17.4446662774 1412738496.5
17.4521332346 1412738497.63
17.4940642037 1412738498.73
17.4602843391 1412738499.83
17.5005024916 1412738500.94
17.4719235002 1412738502.1
17.5026694184 1412738503.24
17.4840415359 1412738504.4
17.5202925783 1412738505.53
17.4938923154 1412738506.69
17.5138032189 1412738507.83
17.5008138392 1412738508.97
17.4956257629 1412738510.18
17.4951760767 1412738511.38
17.477503518 1412738512.56
17.458865486 1412738513.73
17.4389135126 1412738514.9
17.4327865575 1412738516.08
17.4298240498 1412738517.25
17.39283297 1412738518.42
17.3948917994 1412738519.61
17.349312481 1412738520.76
17.3335646372 1412738521.95
17.3227405976 1412738523.14
17.3096061736 1412738524.36
17.30675888 1412738525.53
17.2399554568 1412738526.74
17.2120067904 1412738527.94
17.1868123906 1412738529.12
17.2438279721 1412738530.32
17.2342991236 1412738531.51
17.2264750143 1412738532.7
17.2950690742 1412738533.9
17.2690044212 1412738535.05
17.2569535793 1412738536.25
17.2489415633 1412738537.49
17.2264544853 1412738538.67
17.205930872 1412738539.86
17.1754377477 1412738541.05
17.205463722 1412738542.32
17.1332773525 1412738543.55
17.0701835677 1412738544.76
17.1381921903 1412738545.93
17.0404021841 1412738547.11
17.0350196705 1412738548.29
17.0450161328 1412738549.47
17.1190419203 1412738550.65
17.0493411204 1412738551.83
17.1017817513 1412738553.04
17.0361387832 1412738554.21
17.0258490705 1412738555.42
17.064188756 1412738556.61
17.0455411903 1412738557.84
16.97720374 1412738559.07
16.9974507234 1412738560.27
17.0458593867 1412738561.48
17.1548236727 1412738562.65
17.182341657 1412738563.81
17.1614464662 1412738564.97
17.1426942456 1412738566.16
17.1366378763 1412738567.34
17.1231377549 1412738568.51
17.148939811 1412738569.66
17.1430371982 1412738570.9
17.2618307376 1412738572.13
17.1913881585 1412738573.38
17.2251555481 1412738574.61
17.1690574287 1412738575.89
17.1563831177 1412738577.1
17.1783215233 1412738578.26
17.1094382014 1412738579.4
17.1503734103 1412738580.47
17.1132376292 1412738581.54
17.0822310175 1412738582.59
17.1394334066 1412738583.64
17.1495659407 1412738584.74
17.1858556836 1412738585.81
17.1763397219 1412738586.92
17.1800374723 1412738587.97
17.2079012815 1412738589.01
16.9802339264 1412738590.08
16.9290077561 1412738591.13
16.8745258286 1412738592.18
16.9140521964 1412738593.18
17.0028798507 1412738594.17
16.967681207 1412738595.16
17.0009135896 1412738596.19
17.051311926 1412738597.21
16.9803502935 1412738598.24
17.011309707 1412738599.26
17.1134987625 1412738600.28
17.2006993333 1412738601.34
17.1626888319 1412738602.38
17.1661588506 1412738603.46
17.151662832 1412738604.54
17.2569417038 1412738605.62
17.1258167513 1412738606.74
17.0899092068 1412738607.83
16.9527424953 1412738608.92
17.0424755229 1412738609.97
17.0144349568 1412738611.05
16.9949099365 1412738612.15
17.0179113636 1412738613.23
17.0556051244 1412738614.37
17.1151149816 1412738615.44
17.044833244 1412738616.52
16.991637308 1412738617.6
16.9471721706 1412738618.65
16.8909874805 1412738619.71
16.8405864796 1412738620.75
16.8434006113 1412738621.83
16.8538048707 1412738622.88
16.9015205883 1412738623.99
16.8519204927 1412738625.08
16.8260340581 1412738626.18
16.7808618565 1412738627.34
16.8184678471 1412738628.71
16.8472056063 1412738629.96
16.9087692956 1412738631.21
16.8956466687 1412738632.51
16.9117270044 1412738633.77
16.9941572254 1412738635.04
17.0099165294 1412738636.22
16.9921388994 1412738637.48
