40.13282236 1412728499.27
40.2434513785 1412728500.04
40.1370777482 1412728500.72
39.958862455 1412728501.42
39.7154344481 1412728502.06
39.5214132689 1412728502.76
39.2213217081 1412728503.4
39.0354183209 1412728504.03
39.0103885943 1412728504.69
38.9900598176 1412728505.32
38.9909408837 1412728505.95
38.9469341601 1412728506.64
38.8062194101 1412728507.31
38.6904423842 1412728507.98
38.7034746962 1412728508.7
38.6250376878 1412728509.36
38.4427442615 1412728510.01
38.3420496612 1412728510.66
38.1309698396 1412728511.32
38.2636280137 1412728512.01
38.1504646523 1412728512.67
38.3320432158 1412728513.38
37.968389644 1412728514.06
37.8451131746 1412728514.74
38.2130824566 1412728515.4
38.3719008239 1412728516.09
38.5835212481 1412728516.74
36.9459800486 1412728517.37
35.6351259657 1412728518.03
36.2183420446 1412728518.68
36.4481160688 1412728519.36
36.3882072791 1412728520.05
36.3675513558 1412728520.71
36.1366061629 1412728521.34
35.9417214486 1412728522.05
36.0919176841 1412728522.72
35.8782363578 1412728523.34
35.7275921947 1412728524.0
35.6262724726 1412728524.67
35.3819978417 1412728525.4
35.1905890313 1412728526.06
35.1257556286 1412728526.72
34.9048147824 1412728527.35
34.6491212853 1412728528.02
34.3364464929 1412728528.7
34.1126690881 1412728529.34
33.9713366147 1412728530.08
33.5700078588 1412728530.76
33.3026983412 1412728531.45
33.1384565336 1412728532.14
33.0783191747 1412728532.81
33.0111935274 1412728533.5
32.5796453078 1412728534.19
32.2345853679 1412728534.9
31.9242977536 1412728535.57
31.5007467511 1412728536.31
31.3085177632 1412728537.04
30.7957283824 1412728537.78
30.3171771533 1412728538.53
29.9754134861 1412728539.26
29.702273705 1412728540.0
29.2880398911 1412728540.75
29.02890953 1412728541.45
28.744277975 1412728542.2
28.3158320956 1412728543.01
27.9268622169 1412728543.78
27.8874325245 1412728544.56
27.6854670288 1412728545.36
27.5629263617 1412728546.2
27.0463030559 1412728546.99
26.961582153 1412728547.78
26.732434577 1412728548.68
26.5546114176 1412728549.58
26.0581162046 1412728550.53
25.9535632454 1412728551.5
25.5769136982 1412728552.42
25.5700152672 1412728553.29
25.4056980405 1412728554.18
25.2571902471 1412728555.09
25.0481535854 1412728556.0
24.8929908774 1412728556.95
24.8906832695 1412728557.86
24.9211128312 1412728558.75
24.8057881226 1412728559.66
25.0109409712 1412728560.6
25.2549507175 1412728561.5
25.2585321281 1412728562.39
25.4316344179 1412728563.3
25.4716902187 1412728564.22
25.2346541366 1412728565.18
25.3024994043 1412728566.12
25.3956777905 1412728567.04
25.4423431027 1412728567.98
25.5264403246 1412728568.93
25.4526523999 1412728569.85
25.3450255253 1412728570.77
25.3635286051 1412728571.69
25.3100195736 1412728572.59
25.3647734843 1412728573.51
25.3409851129 1412728574.42
25.3651563156 1412728575.31
25.3346898907 1412728576.25
25.1038625094 1412728577.17
25.2506291731 1412728578.12
25.266088528 1412728579.06
25.2587816228 1412728580.0
25.2872076477 1412728580.89
24.9516968913 1412728581.81
24.9591073336 1412728582.73
24.9724902417 1412728583.67
24.9578218766 1412728584.57
24.9565129572 1412728585.46
24.9292189721 1412728586.36
24.4917111044 1412728587.29
24.9016429021 1412728588.17
24.4526827513 1412728589.07
24.4510161838 1412728590.02
24.4625368233 1412728590.97
24.4659656317 1412728591.88
24.6357071597 1412728592.8
24.4030434862 1412728593.72
24.348034297 1412728594.6
24.3999709232 1412728595.42
24.6260855883 1412728596.28
24.3940689793 1412728597.14
24.4029115985 1412728598.08
24.5952882285 1412728598.99
24.5847096897 1412728599.94
24.5491360367 1412728600.8
24.540235377 1412728601.67
24.5321766886 1412728602.62
24.3380861594 1412728603.5
24.5169053173 1412728604.42
24.5260461202 1412728605.33
24.4961711197 1412728606.23
24.4954120862 1412728607.13
24.4714853957 1412728608.0
24.2274378756 1412728608.92
24.4698373979 1412728609.81
24.2634168398 1412728610.71
24.479624162 1412728611.58
24.4564142728 1412728612.43
24.441808365 1412728613.37
24.4127774154 1412728614.28
24.3756421889 1412728615.17
24.0958323838 1412728616.06
24.1224704715 1412728616.97
23.8941097493 1412728617.84
23.5782921551 1412728618.76
23.8772547825 1412728619.69
23.5350769511 1412728620.56
23.544685004 1412728621.45
23.6004119465 1412728622.37
23.6349799303 1412728623.27
23.7232255402 1412728624.18
23.7946519649 1412728625.03
23.7568937284 1412728625.9
23.6967652298 1412728626.84
23.6539663964 1412728627.73
23.6986501676 1412728628.63
23.5182481171 1412728629.57
23.4976924406 1412728630.43
23.5352433946 1412728631.31
23.570292295 1412728632.22
23.5515856735 1412728633.1
23.5243406494 1412728633.94
23.8684409222 1412728634.84
23.5319052785 1412728635.74
23.8074479675 1412728636.65
23.7947607505 1412728637.52
23.7134569974 1412728638.41
23.7028020112 1412728639.31
23.3894404248 1412728640.22
23.3585000983 1412728641.13
23.3986068713 1412728642.0
23.3359301483 1412728642.87
23.078292965 1412728643.73
23.0526478439 1412728644.6
23.027995672 1412728645.47
22.7420167092 1412728646.33
22.6736908657 1412728647.2
22.6320049536 1412728648.05
22.4694192646 1412728648.95
22.6129644773 1412728649.85
22.5731943634 1412728650.67
22.5473789141 1412728651.53
22.4298656802 1412728652.39
22.2454969236 1412728653.26
22.2129347702 1412728654.15
22.1555121586 1412728655.0
22.0726348666 1412728655.89
21.9423348161 1412728656.8
21.9052603711 1412728657.68
21.7319758162 1412728658.52
21.5019957506 1412728659.35
21.1751525107 1412728660.25
21.1416521366 1412728661.12
21.0041694996 1412728661.99
20.9126125544 1412728662.86
20.8840922353 1412728663.75
