22.6853694472 1412722344.26
21.5864036345 1412722344.38
20.592109257 1412722344.5
19.0801210303 1412722344.63
18.4902584741 1412722344.75
17.6123461704 1412722344.86
17.2139326253 1412722344.97
17.3839343228 1412722345.08
17.49794167 1412722345.18
18.0006289294 1412722345.31
18.2257221142 1412722345.44
18.569633344 1412722345.54
18.752004999 1412722345.64
18.9717326054 1412722345.74
19.0501611589 1412722345.84
19.0579609833 1412722345.94
18.9292863885 1412722346.07
19.5476420357 1412722346.19
19.8514538826 1412722346.3
20.1304489525 1412722346.41
20.402773415 1412722346.52
20.6485274794 1412722346.63
21.0055029026 1412722346.76
21.2002598714 1412722346.9
21.1078744677 1412722347.02
21.8026795085 1412722347.15
22.0610774445 1412722347.27
22.433278654 1412722347.39
22.7846670238 1412722347.5
23.0349403618 1412722347.64
23.4831076755 1412722347.77
24.2727897 1412722347.89
24.8188541326 1412722348.02
25.3945454359 1412722348.13
25.8106262878 1412722348.26
26.3514156752 1412722348.36
26.7062342557 1412722348.49
26.9226961615 1412722348.6
27.3316141878 1412722348.72
27.4843297231 1412722348.84
27.9427510338 1412722348.95
28.1128589525 1412722349.07
28.1448025257 1412722349.2
28.1231091844 1412722349.33
27.9710573455 1412722349.47
27.5076312301 1412722349.58
27.3551707934 1412722349.69
27.9106032094 1412722349.81
27.6524515803 1412722349.93
27.4218674074 1412722350.05
27.9925487805 1412722350.17
27.8046839593 1412722350.27
28.4109170786 1412722350.39
28.3344115162 1412722350.51
28.0230584015 1412722350.62
28.5765995264 1412722350.77
28.5153960225 1412722350.88
28.4816257864 1412722350.98
28.8215807203 1412722351.12
28.8440612316 1412722351.27
29.3333168198 1412722351.4
29.0104507489 1412722351.52
28.9886398651 1412722351.66
28.8903925499 1412722351.85
29.2030695308 1412722352.01
29.1175596404 1412722352.15
29.4218105257 1412722352.29
29.2813041532 1412722352.45
29.5822769829 1412722352.57
29.3476446779 1412722352.75
29.6100473471 1412722352.92
29.3191708437 1412722353.08
29.5848411404 1412722353.2
29.8758116355 1412722353.35
29.7217491362 1412722353.48
30.1175012591 1412722353.6
30.0054550559 1412722353.73
29.9072044341 1412722353.89
30.1767796678 1412722354.02
30.1218948926 1412722354.16
30.3981123743 1412722354.3
30.330308331 1412722354.46
30.6043512916 1412722354.59
30.5857404711 1412722354.72
30.6380057976 1412722354.89
30.7552071804 1412722355.11
30.6050233404 1412722355.23
30.8790902536 1412722355.37
31.1304257277 1412722355.49
31.0960708728 1412722355.65
31.0580562196 1412722355.78
31.5108957544 1412722355.9
31.4234245171 1412722356.01
31.4963912666 1412722356.17
31.7648752351 1412722356.36
32.0733369055 1412722356.55
32.014188557 1412722356.73
31.9804580263 1412722356.85
32.1581528471 1412722356.99
32.3237848603 1412722357.13
32.2987811673 1412722357.32
32.2712980717 1412722357.44
32.4603625025 1412722357.6
32.4202338172 1412722357.78
32.677372776 1412722357.94
32.9156402458 1412722358.09
32.9821477383 1412722358.21
32.9468123817 1412722358.4
33.1720834071 1412722358.53
32.7369585292 1412722358.68
32.9805045615 1412722358.84
33.246307246 1412722358.97
33.2229567416 1412722359.11
33.0763565741 1412722359.29
32.7940060335 1412722359.47
32.9126231599 1412722359.66
33.1296653388 1412722359.8
32.8282915343 1412722359.93
32.7980595214 1412722360.08
32.7911223054 1412722360.27
32.7659920928 1412722360.42
32.9544884126 1412722360.53
32.9321258608 1412722360.67
32.4079386693 1412722360.86
32.3523416624 1412722361.15
32.5305924796 1412722361.35
32.516908681 1412722361.55
32.5784361917 1412722361.71
32.5622115063 1412722361.86
32.5391503832 1412722362.02
32.6955052989 1412722362.18
32.4775041424 1412722362.34
32.2166571284 1412722362.51
31.7771244856 1412722362.71
31.7485179755 1412722362.87
31.3397873475 1412722363.03
31.4238972178 1412722363.22
31.5097189975 1412722363.4
31.5649970351 1412722363.55
31.4902877452 1412722363.7
31.4684382645 1412722363.88
31.5892631431 1412722364.05
31.5690578079 1412722364.21
31.6909941981 1412722364.38
31.6714823632 1412722364.54
31.7949502336 1412722364.72
31.776225818 1412722364.9
31.7515019689 1412722365.08
31.411260098 1412722365.25
31.0905270279 1412722365.42
31.193713024 1412722365.58
31.1714278942 1412722365.76
31.0017669016 1412722365.93
30.9781249127 1412722366.25
31.0808247872 1412722366.52
30.7292194554 1412722366.75
30.8345804928 1412722366.97
30.8074772952 1412722367.14
30.913033151 1412722367.3
30.886125789 1412722367.47
30.9925502305 1412722367.67
30.9659086402 1412722367.86
30.9348906774 1412722368.03
31.0387700931 1412722368.18
30.3957855461 1412722368.39
30.3911314055 1412722368.59
30.373125268 1412722368.76
30.3543334651 1412722368.93
30.5650281518 1412722369.1
30.6292441426 1412722369.29
30.8468152568 1412722369.47
30.5693529609 1412722369.65
30.5444502057 1412722369.84
30.5361960873 1412722370.01
30.5162014791 1412722370.18
30.2174757377 1412722370.36
30.191431035 1412722370.53
30.1969819428 1412722370.7
30.1746222837 1412722370.86
30.2134586537 1412722371.05
30.2309720716 1412722371.22
30.2825072082 1412722371.42
30.2641483939 1412722371.61
30.3159812018 1412722371.8
30.2909691717 1412722372.02
29.9340815852 1412722372.25
29.9341673813 1412722372.42
29.9608825265 1412722372.58
29.8011475642 1412722372.75
29.7772993684 1412722372.94
29.7796942207 1412722373.16
29.8156412927 1412722373.35
29.7026924743 1412722373.51
29.6891753444 1412722373.69
29.6752452796 1412722373.89
29.6886011446 1412722374.09
29.6920010898 1412722374.32
29.6281483988 1412722374.51
29.7089737315 1412722374.68
29.6463403925 1412722374.87
