7.69416410129 1412732240.56
9.01967884566 1412732241.2
9.70236359771 1412732241.87
10.1524047617 1412732242.47
10.1960188016 1412732243.07
10.2086704295 1412732243.65
10.1633723814 1412732244.26
10.0906909715 1412732244.84
10.1815350086 1412732245.4
10.0945414371 1412732246.01
10.128936572 1412732246.64
10.0076163592 1412732247.24
9.92812386604 1412732247.82
9.97175714123 1412732248.37
9.90324759995 1412732248.95
9.79339910943 1412732249.51
9.76846568712 1412732250.06
9.86798750853 1412732250.58
9.9556979777 1412732251.16
10.0517378553 1412732251.71
10.1242820271 1412732252.26
10.256028007 1412732252.81
10.3121751439 1412732253.39
10.3656314239 1412732253.94
10.5028267923 1412732254.49
10.575837854 1412732255.07
10.7092128539 1412732255.69
10.7491474259 1412732256.3
10.8585150607 1412732256.87
10.9404061821 1412732257.44
11.0808066096 1412732258.03
11.1994265081 1412732258.59
11.2725312276 1412732259.23
11.3651312026 1412732259.84
11.4561116487 1412732260.47
11.3472200594 1412732261.06
11.276377888 1412732261.62
11.2192006904 1412732262.16
11.1028635529 1412732262.74
11.0397169326 1412732263.31
10.9762927284 1412732263.86
10.944446381 1412732264.39
10.8078168881 1412732264.89
10.7384137532 1412732265.47
10.7804049631 1412732266.08
10.7753915299 1412732266.64
10.813529062 1412732267.2
10.8332018804 1412732267.79
10.9001134091 1412732268.35
10.9451560891 1412732268.94
10.8659627802 1412732269.51
10.8728777135 1412732270.09
10.9061675089 1412732270.68
10.9297701468 1412732271.27
10.9423508617 1412732271.85
10.9014756541 1412732272.41
10.8455686417 1412732273.0
10.7689210842 1412732273.59
10.672013836 1412732274.16
10.7157972792 1412732274.71
10.6973073549 1412732275.29
10.7309671141 1412732275.86
10.7489153644 1412732276.46
10.7712799845 1412732277.05
10.7567392582 1412732277.64
10.785269924 1412732278.22
10.8302832941 1412732278.8
10.7868484054 1412732279.4
10.800655443 1412732279.96
10.7407046898 1412732280.52
10.7659284227 1412732281.1
10.7373738441 1412732281.67
10.7370796927 1412732282.28
10.710836494 1412732282.84
10.6764920292 1412732283.44
10.6322122756 1412732283.97
10.6004226183 1412732284.55
10.4210578572 1412732285.12
9.95558026121 1412732285.69
9.1210259744 1412732286.29
9.1129087252 1412732286.89
9.07772710079 1412732287.47
9.10675374486 1412732288.05
9.07696523035 1412732288.61
9.01321415342 1412732289.18
8.91472587019 1412732289.72
8.89491399946 1412732290.28
8.88054721097 1412732290.85
8.68646186613 1412732291.47
8.60035760765 1412732292.09
8.51010843431 1412732292.7
8.39260292001 1412732293.26
8.30645386876 1412732293.81
8.21944968219 1412732294.38
8.14625272699 1412732294.93
8.09260308176 1412732295.48
8.03454110669 1412732296.03
7.96905423758 1412732296.62
7.95697226792 1412732297.18
7.91149650369 1412732297.77
7.89712624455 1412732298.32
7.85733352938 1412732298.89
7.79527386674 1412732299.48
7.81773028922 1412732300.04
7.75555906043 1412732300.65
7.78212912534 1412732301.25
7.74924509574 1412732301.85
7.70620883562 1412732302.48
7.68649505604 1412732303.07
7.68735573545 1412732303.65
7.6605608292 1412732304.24
7.61423603561 1412732304.84
7.63185478293 1412732305.44
7.57982528232 1412732306.07
7.55642040369 1412732306.69
7.54300278059 1412732307.25
7.52867624547 1412732307.83
7.53594615555 1412732308.39
7.50690269076 1412732308.95
7.49820169847 1412732309.51
7.46257744564 1412732310.06
7.44737700827 1412732310.64
7.44413881665 1412732311.2
7.43216018631 1412732311.75
7.42241823713 1412732312.34
7.35596979164 1412732312.92
7.32643960566 1412732313.46
7.33807689975 1412732314.03
7.29929177968 1412732314.71
7.29632651132 1412732315.28
7.3152085175 1412732315.85
7.30943853429 1412732316.44
7.29941064813 1412732317.13
7.29851382151 1412732317.72
7.26022239362 1412732318.3
7.21987010764 1412732318.85
7.19584735344 1412732319.44
7.18330760716 1412732320.02
7.14346809166 1412732320.59
7.10554413703 1412732321.11
7.07619104269 1412732321.67
7.06309649406 1412732322.22
7.04253328163 1412732322.82
6.98935471389 1412732323.41
6.96906225643 1412732323.95
6.94121585207 1412732324.48
6.9079384857 1412732325.04
6.9094700634 1412732325.55
6.88727987534 1412732326.11
6.86824550891 1412732326.68
6.8224571064 1412732327.23
6.82754393984 1412732327.76
6.74895597441 1412732328.31
6.7111061945 1412732328.84
6.71401760604 1412732329.39
6.68242301624 1412732329.96
6.66329909604 1412732330.51
6.65103145549 1412732331.05
6.64385575875 1412732331.62
6.58887632444 1412732332.16
6.58045944201 1412732332.68
6.56103882051 1412732333.21
6.55400142621 1412732333.78
6.52681868338 1412732334.29
6.51825324323 1412732334.84
6.50083789019 1412732335.37
6.48669331456 1412732335.92
6.46364998544 1412732336.44
6.45129975181 1412732336.99
6.41443871115 1412732337.53
6.41513100197 1412732338.07
6.36801254126 1412732338.6
6.36906330134 1412732339.16
6.36784066221 1412732339.72
6.33786123369 1412732340.25
6.30590891187 1412732340.8
6.28109172993 1412732341.35
6.26325916642 1412732341.89
6.27008557625 1412732342.44
6.27811732751 1412732342.99
6.25403892045 1412732343.53
6.24896365201 1412732344.07
6.20563290588 1412732344.61
6.21451997986 1412732345.14
6.17961566158 1412732345.68
6.15267714845 1412732346.27
6.1644753803 1412732346.86
6.11943265544 1412732347.41
6.09971698593 1412732347.98
6.05393272443 1412732348.51
6.00229680213 1412732349.05
5.99686008372 1412732349.58
5.97919071293 1412732350.12
5.99066110967 1412732350.66
5.99353195147 1412732351.23
5.97450967848 1412732351.77
5.96501149713 1412732352.32
5.9352826477 1412732352.85
5.92679350081 1412732353.4
5.86847803242 1412732353.97
