28.2886924959 1412748826.46
27.5704263987 1412748828.12
26.877185493 1412748829.74
26.8241834102 1412748831.31
26.8932162154 1412748832.89
27.1582092355 1412748834.47
27.4179616463 1412748836.01
27.3227287996 1412748837.56
27.1459537797 1412748839.09
26.9740862543 1412748840.63
26.9315368537 1412748842.18
27.0277409353 1412748843.73
27.252448148 1412748845.29
27.5581829223 1412748846.81
27.8173683519 1412748848.33
27.957792848 1412748849.85
28.2677446575 1412748851.52
28.4469981525 1412748853.13
28.634345157 1412748854.8
28.8405708967 1412748856.44
28.7189722567 1412748858.15
28.8266376582 1412748859.92
28.8751315411 1412748861.52
28.9072022294 1412748863.09
28.7356480913 1412748864.66
28.4433107639 1412748866.19
28.1142357872 1412748867.88
27.8857805251 1412748869.5
27.6275708227 1412748870.96
27.3631260591 1412748872.49
26.9794569594 1412748874.09
26.6131998094 1412748875.7
26.1574931566 1412748877.27
25.8278586169 1412748878.89
25.9422802731 1412748880.45
25.8214549513 1412748882.08
25.8062698339 1412748883.7
25.8415640741 1412748885.36
25.9298148408 1412748886.98
25.6025268435 1412748888.64
25.3370758625 1412748890.24
25.2490301985 1412748891.83
25.0611383907 1412748893.4
24.7286836701 1412748895.03
24.8773155503 1412748896.65
24.583605078 1412748898.3
24.4389546684 1412748899.95
24.4301374838 1412748901.58
24.3591420162 1412748903.23
24.3668196504 1412748904.88
24.1659599385 1412748906.52
24.1258303729 1412748908.14
24.0651631726 1412748909.78
23.9729162287 1412748911.45
23.8967557726 1412748913.17
23.8755150584 1412748914.84
23.7853913883 1412748916.53
23.5893739991 1412748918.12
23.3892317387 1412748919.79
23.3685430566 1412748921.38
23.3490570837 1412748923.0
23.1425010181 1412748924.57
23.0233894634 1412748926.09
22.6221514346 1412748927.77
22.3543961315 1412748929.46
22.056950217 1412748931.06
21.8707338745 1412748932.66
21.6833544722 1412748934.33
21.4919469287 1412748936.03
21.5714046462 1412748937.75
21.6771301988 1412748939.42
21.9034124608 1412748941.1
21.9190395477 1412748942.84
22.1117958655 1412748944.58
22.139302555 1412748946.31
22.1988226881 1412748947.96
22.3517800848 1412748949.66
22.4418727874 1412748951.37
22.5474607668 1412748953.18
22.5094360909 1412748954.88
22.5646597086 1412748956.59
22.6413341111 1412748958.32
22.6603707598 1412748960.01
22.6607927848 1412748961.71
22.6729179319 1412748963.43
22.6991125686 1412748965.13
22.7734720467 1412748966.75
22.7841638314 1412748968.41
22.8404141214 1412748970.16
22.90942108 1412748971.87
22.9464339539 1412748973.56
22.9997628396 1412748975.34
22.9593414811 1412748977.1
22.9897998965 1412748978.88
22.8666445381 1412748980.65
22.7633310314 1412748982.41
22.6677921444 1412748984.2
22.7339907398 1412748985.98
22.4096455941 1412748987.76
22.4416005578 1412748989.59
22.4668502641 1412748991.39
22.3359860171 1412748993.21
22.1553107273 1412748995.06
22.1320981418 1412748996.93
21.9222566433 1412748998.82
22.0168984335 1412749000.82
22.0130563101 1412749002.73
21.9941203906 1412749004.66
22.0519311397 1412749006.53
22.0342528474 1412749008.43
21.9726536171 1412749010.52
21.8163338332 1412749012.68
21.7503827587 1412749014.81
21.7564874393 1412749016.97
21.7241438175 1412749019.08
21.702589782 1412749021.18
21.6906748005 1412749023.28
21.618929778 1412749025.31
21.5711590041 1412749027.4
21.4800271719 1412749029.45
21.2915796234 1412749031.49
21.0724793797 1412749033.57
21.1054890838 1412749035.66
21.0181855856 1412749037.76
20.9313091193 1412749039.85
20.8409876325 1412749041.81
20.7596014975 1412749043.84
20.7171732465 1412749045.79
20.7432399943 1412749047.85
20.7692922151 1412749049.86
20.8495179099 1412749051.86
20.8577113369 1412749053.83
20.7271289903 1412749055.79
20.6901640985 1412749057.76
20.6601990154 1412749059.73
20.4960917516 1412749061.67
20.4006401462 1412749063.59
20.492710662 1412749065.62
20.5589674111 1412749067.66
20.5938423755 1412749069.61
20.3547815235 1412749071.55
20.4448747695 1412749073.67
20.5286340923 1412749075.7
20.5254858479 1412749077.78
20.4766803426 1412749079.81
20.4590119847 1412749081.88
20.5058388006 1412749084.04
20.5503166626 1412749086.25
20.5681803813 1412749088.4
20.5967853558 1412749090.56
20.5651836459 1412749092.63
20.5938331579 1412749094.75
20.6290214548 1412749096.86
20.6451061418 1412749099.0
20.6637604477 1412749101.07
20.6485986325 1412749103.26
20.603738665 1412749105.28
20.5751791248 1412749107.31
20.6300955461 1412749109.37
20.5777314799 1412749111.41
20.5983656763 1412749113.44
20.5818343371 1412749115.51
20.619668365 1412749117.64
20.7226713945 1412749119.75
20.6243718912 1412749121.89
20.5824066014 1412749124.01
20.587353213 1412749126.05
20.613102559 1412749128.08
20.6050396587 1412749130.22
20.6216253346 1412749132.32
20.6251932832 1412749134.43
20.4689433919 1412749136.48
20.4751851943 1412749138.58
20.4919978483 1412749140.65
20.4972160415 1412749142.79
20.4599086144 1412749144.89
20.393135164 1412749146.96
20.3960777495 1412749149.08
20.3989159736 1412749151.17
20.4012974755 1412749153.26
20.4014553425 1412749155.39
20.4253354135 1412749157.51
20.2392561516 1412749159.57
20.2041943058 1412749161.67
20.0473054844 1412749163.74
20.0505844287 1412749165.81
20.0135023181 1412749167.86
20.1368359847 1412749169.97
20.1379147769 1412749172.07
20.1407514911 1412749174.18
20.1424583783 1412749176.21
20.158047115 1412749178.27
20.1437210873 1412749180.35
20.1451361442 1412749182.43
19.9787371692 1412749184.5
19.7134263045 1412749186.57
19.7356702758 1412749188.65
19.7396909897 1412749190.66
19.6649934941 1412749192.71
19.7252057337 1412749194.69
