33.0342281462 1412730941.87
33.2217769786 1412730942.47
33.4959014895 1412730943.07
33.3099755502 1412730943.69
33.4302035795 1412730944.32
33.4576648074 1412730944.91
32.7139405158 1412730945.51
32.0492763786 1412730946.13
31.561791397 1412730946.79
30.9323312482 1412730947.39
30.176216459 1412730947.97
29.2150629226 1412730948.57
29.0769907895 1412730949.17
28.8142051866 1412730949.77
28.61935541 1412730950.37
28.2926367336 1412730951.04
28.029472552 1412730951.69
28.1742298469 1412730952.3
28.4545529308 1412730952.91
27.962262404 1412730953.54
29.5836036466 1412730954.18
30.2599017099 1412730954.83
31.6308510116 1412730955.46
32.9726130881 1412730956.09
32.8120093278 1412730956.79
27.2222528444 1412730957.53
31.3191367096 1412730958.21
30.5213776216 1412730958.89
31.1279567882 1412730959.61
30.9278514748 1412730960.33
30.983722847 1412730961.02
30.9288814272 1412730961.75
31.0880295532 1412730962.4
31.3665621264 1412730963.08
31.9088673388 1412730963.74
33.1101596531 1412730964.37
34.083424024 1412730964.95
35.0579325511 1412730965.54
35.6744598365 1412730966.12
36.2011055461 1412730966.93
36.3366122427 1412730967.61
36.4315230122 1412730968.29
36.8410421366 1412730968.93
37.2020310844 1412730969.53
37.6028837141 1412730970.26
38.103376082 1412730971.16
38.4470080939 1412730971.84
38.545295553 1412730972.57
38.6873051369 1412730973.31
38.963221842 1412730973.96
39.0534537879 1412730974.66
39.2194902338 1412730975.62
39.3387565303 1412730976.73
39.512027729 1412730977.51
39.638580878 1412730978.28
39.7802318484 1412730979.06
39.8182770078 1412730979.96
40.0951346665 1412730980.95
40.2555086657 1412730982.02
40.318598371 1412730982.73
40.3611291044 1412730983.45
40.4662994955 1412730984.18
40.5478138079 1412730984.99
40.5750831767 1412730985.72
40.6420153675 1412730986.5
40.4928608814 1412730987.27
40.5634509948 1412730988.02
40.4786532495 1412730988.81
40.6599312661 1412730989.58
40.6240294684 1412730990.38
40.6875944809 1412730991.14
40.8239722223 1412730991.91
40.8114285094 1412730992.68
40.927667688 1412730993.5
41.016537763 1412730994.3
41.1233745321 1412730995.08
41.1693996124 1412730995.84
41.2579911465 1412730996.61
41.5023499661 1412730997.39
41.5057621696 1412730998.21
41.5357015392 1412730998.95
41.2357563377 1412730999.73
41.4035817928 1412731000.52
41.3030611793 1412731001.29
41.3575315834 1412731002.09
41.4231281885 1412731002.86
41.4097220344 1412731003.66
41.4446394177 1412731004.5
41.6381513165 1412731005.35
41.4945299764 1412731006.1
41.410541039 1412731006.9
41.4433123013 1412731007.72
41.6058738504 1412731008.58
41.6095103884 1412731009.39
41.6413148275 1412731010.23
70.3546729183 1412731011.05
42.7863139646 1412731011.88
71.0225998918 1412731012.7
72.0348064109 1412731013.54
72.1542511707 1412731014.35
72.3943224682 1412731015.15
72.1850368974 1412731015.95
43.9223116694 1412731016.79
44.0633842414 1412731017.6
72.7093293886 1412731018.38
44.6363039803 1412731019.17
44.8514212635 1412731019.99
72.9517335519 1412731020.83
44.7908895513 1412731021.65
73.2884923953 1412731022.44
73.5335659765 1412731023.31
45.6151528096 1412731024.21
45.6884375242 1412731025.02
45.8251203041 1412731025.85
45.9052683331 1412731026.65
46.0399826502 1412731027.51
46.0764798724 1412731028.34
46.0894054598 1412731029.19
46.1650882583 1412731030.03
46.264156522 1412731030.88
46.3412325456 1412731031.73
46.398894713 1412731032.57
46.5534305127 1412731033.4
46.5952747279 1412731034.23
74.5483363562 1412731035.04
46.699862047 1412731035.86
46.5773109097 1412731036.77
46.7809156697 1412731037.65
74.4922146428 1412731038.5
74.527850023 1412731039.35
74.714137945 1412731040.19
47.1521646435 1412731041.01
47.1417702193 1412731041.87
47.2342447628 1412731042.69
47.3269024603 1412731043.52
47.4109828574 1412731044.36
75.3211626078 1412731045.23
47.6373992009 1412731046.09
47.7340076757 1412731046.96
47.8282004983 1412731047.84
47.6658941717 1412731048.67
47.7335340429 1412731049.53
75.6532209572 1412731050.42
47.2725808248 1412731051.26
47.3595911362 1412731052.16
75.2679612915 1412731052.99
47.0867516253 1412731053.8
46.8634476827 1412731054.67
46.9365420609 1412731055.56
47.0208195049 1412731056.43
75.0388242485 1412731057.31
47.070751102 1412731058.17
47.2172282866 1412731059.07
47.037442442 1412731059.95
47.0602308601 1412731060.83
46.9081862132 1412731061.74
74.9814064205 1412731062.56
47.3682192187 1412731063.43
46.9447356196 1412731064.32
46.6005811688 1412731065.18
46.6639674311 1412731066.01
74.8440085906 1412731066.91
46.8621646661 1412731067.73
46.9105313664 1412731068.57
46.9868931909 1412731069.43
75.1296202662 1412731070.31
46.9429945442 1412731071.17
47.0284030333 1412731072.06
74.9690654524 1412731072.95
47.0670017795 1412731073.83
47.1564881494 1412731074.67
46.9956366396 1412731075.6
47.17172356 1412731076.51
47.1761083357 1412731077.46
47.2990854656 1412731078.35
46.8809172903 1412731079.26
46.7816985396 1412731080.16
46.3428823077 1412731081.04
46.3651800145 1412731081.92
46.4090701367 1412731082.81
46.4646509866 1412731083.71
46.5213837942 1412731084.61
46.5798998621 1412731085.49
46.6312840081 1412731086.37
46.6845773952 1412731087.28
74.9384163693 1412731088.17
74.7590528321 1412731089.06
74.360710091 1412731089.98
46.0706065254 1412731090.89
46.1520288251 1412731091.81
46.1349462098 1412731092.71
45.7079132205 1412731093.61
73.9859303101 1412731094.52
45.9697741877 1412731095.46
46.0680505842 1412731096.38
46.1555651905 1412731097.3
74.103727556 1412731098.22
46.1719656762 1412731099.12
46.2449915716 1412731100.02
46.1512583467 1412731100.96
