23.6789993164 1412743063.53
23.2137663296 1412743064.48
22.605606795 1412743065.39
22.3833134915 1412743066.33
21.4288187601 1412743067.27
21.1565338543 1412743068.14
20.8200603569 1412743069.03
20.8029487189 1412743069.98
20.9034191356 1412743070.89
21.0234021415 1412743071.77
21.1826828641 1412743072.69
21.3763830271 1412743073.62
21.6178196501 1412743074.55
21.5668153224 1412743075.44
21.4882889135 1412743076.33
21.5388778132 1412743077.26
21.502503547 1412743078.18
21.5561297785 1412743079.08
21.5805221603 1412743079.97
21.3586437914 1412743080.82
21.2481491072 1412743081.75
21.0539330515 1412743082.65
20.9645677048 1412743083.55
21.0256774088 1412743084.46
21.0824397206 1412743085.36
21.0473827399 1412743086.29
21.1035954125 1412743087.21
21.1271382267 1412743088.11
21.1456640605 1412743089.02
21.1865661609 1412743089.98
21.1968508231 1412743090.94
21.25412039 1412743091.9
21.2683521566 1412743092.8
21.2955222603 1412743093.75
21.2918529481 1412743094.69
21.2608643078 1412743095.65
21.3041682142 1412743096.61
21.303482239 1412743097.56
21.3132449271 1412743098.51
21.3000413207 1412743099.49
21.303223223 1412743100.46
21.20376503 1412743101.41
21.1807890547 1412743102.37
21.1418685796 1412743103.35
21.0567817221 1412743104.31
21.0548262071 1412743105.28
20.9965400163 1412743106.23
20.9359017366 1412743107.21
20.8610122422 1412743108.18
20.7981658375 1412743109.09
20.7562345239 1412743110.05
20.6813365447 1412743111.01
20.6015103081 1412743111.97
20.5189142103 1412743112.93
20.4512009545 1412743113.88
20.2874154157 1412743114.94
20.2088064226 1412743115.93
19.9849876547 1412743116.89
19.8714567961 1412743117.91
19.6328077097 1412743118.85
19.2851651885 1412743119.8
18.9943231956 1412743120.76
18.7132870622 1412743121.65
18.5778647158 1412743122.58
18.3806595982 1412743123.54
18.3023474544 1412743124.49
18.3269199819 1412743125.46
18.5613347512 1412743126.4
18.7815930663 1412743127.39
18.9002233067 1412743128.36
18.6129583565 1412743129.31
18.7378145989 1412743130.28
18.7967458544 1412743131.22
18.6103280377 1412743132.2
18.6868229506 1412743133.17
18.5160144431 1412743134.22
18.5874070761 1412743135.18
18.6433533382 1412743136.09
18.704779239 1412743137.01
18.6029911895 1412743137.96
18.6055849046 1412743138.93
18.6550142 1412743139.85
18.7048170085 1412743140.76
18.6199412667 1412743141.68
18.683105286 1412743142.65
18.6159061344 1412743143.58
18.6087252848 1412743144.58
18.6180430372 1412743145.56
18.6936336624 1412743146.53
18.637040293 1412743147.48
18.6716661964 1412743148.48
18.666544255 1412743149.47
18.61033542 1412743150.42
18.6411070751 1412743151.43
18.6733705799 1412743152.44
18.6272542534 1412743153.49
18.5911790026 1412743154.5
18.6031918571 1412743155.51
18.6388909265 1412743156.58
18.5952320575 1412743157.61
18.6192150347 1412743158.6
18.5779760845 1412743159.61
18.5437307288 1412743160.65
18.5595875409 1412743161.68
18.5609770259 1412743162.68
18.5349803304 1412743163.67
18.5620420343 1412743164.7
18.5129769836 1412743165.69
18.5429755919 1412743166.72
18.4915715536 1412743167.76
18.5175939547 1412743168.8
18.4936201516 1412743169.83
18.5247793599 1412743170.85
18.4802349033 1412743171.85
18.441590093 1412743172.84
18.3950034946 1412743173.89
18.4195647839 1412743174.9
18.373669953 1412743175.92
18.3997755108 1412743176.95
18.3547958458 1412743177.98
18.3113526646 1412743178.99
18.3557706331 1412743180.06
18.2973472187 1412743181.1
18.3390621827 1412743182.18
18.3331982912 1412743183.18
18.2695026263 1412743184.2
18.2749467915 1412743185.21
18.2181684682 1412743186.25
18.2423312819 1412743187.27
18.1666068179 1412743188.29
18.1638593832 1412743189.3
18.0875103111 1412743190.3
18.0883410785 1412743191.29
18.0895487825 1412743192.3
18.0906324165 1412743193.3
18.0135170165 1412743194.34
18.0698436654 1412743195.35
18.0084703788 1412743196.34
18.083111827 1412743197.33
17.9963033304 1412743198.34
18.0992785122 1412743199.32
17.9909289315 1412743200.3
18.0071592739 1412743201.28
17.8982076733 1412743202.25
17.9887793358 1412743203.24
17.8805905728 1412743204.23
17.9709168511 1412743205.17
17.9715647936 1412743206.15
17.9148687176 1412743207.1
17.9685158057 1412743208.1
17.8842075949 1412743209.1
17.9596037844 1412743210.1
17.8624399343 1412743211.1
17.9114163844 1412743212.09
17.8357535429 1412743213.06
17.9077568417 1412743214.05
17.7981025047 1412743215.04
17.8664144574 1412743216.04
17.7611669045 1412743217.06
17.8267262337 1412743218.05
17.7552551273 1412743219.05
17.8327949725 1412743220.0
17.7382052941 1412743220.96
17.8412057094 1412743221.98
17.7278314833 1412743222.99
17.7322179385 1412743224.01
17.6433334792 1412743225.04
17.7069021348 1412743226.04
17.6302806193 1412743227.08
17.683182851 1412743228.1
17.6015442142 1412743229.11
17.674404773 1412743230.13
17.5989560444 1412743231.15
17.6509459819 1412743232.22
17.5670808131 1412743233.23
17.6067438088 1412743234.26
17.5021413975 1412743235.26
17.5589317971 1412743236.32
17.4521137583 1412743237.37
17.5311934382 1412743238.44
17.4201228064 1412743239.48
17.4928471904 1412743240.49
17.3977457323 1412743241.53
17.4844534976 1412743242.62
17.4017144204 1412743243.66
17.4632966379 1412743244.76
17.3217592654 1412743245.82
17.2997458037 1412743246.87
17.4335518885 1412743247.91
17.4131333175 1412743248.97
17.4067179403 1412743250.03
17.435706971 1412743251.1
17.4597023235 1412743252.14
17.3980651792 1412743253.2
17.3985660212 1412743254.31
17.4109817186 1412743255.45
17.394112793 1412743256.5
17.4112968239 1412743257.61
17.4284380958 1412743258.72
17.4364059439 1412743259.77
