19.7456010284 1412739673.13
19.6739361979 1412739674.15
19.7397810432 1412739675.14
19.5818904311 1412739676.2
19.6211347495 1412739677.3
19.8358809345 1412739678.39
19.9414618985 1412739679.42
19.9127928761 1412739680.48
19.9666696936 1412739681.53
19.8472976593 1412739682.5
19.8446389029 1412739683.46
19.8529188929 1412739684.44
19.836451657 1412739685.4
19.8365627035 1412739686.4
19.6717847896 1412739687.38
19.6888193266 1412739688.32
19.6618037839 1412739689.25
19.4292179202 1412739690.21
19.3886501822 1412739691.16
19.3630533387 1412739692.11
19.3796561158 1412739693.06
19.3319373596 1412739694.01
19.2803122375 1412739694.98
19.2680958704 1412739695.93
19.2732332696 1412739696.92
19.1659087978 1412739697.89
19.2384458659 1412739698.9
19.2211263099 1412739699.94
19.1860008486 1412739700.94
19.2946508115 1412739701.93
19.3420538942 1412739702.92
19.3500752614 1412739703.9
19.4333496024 1412739704.92
19.4241877183 1412739705.94
19.4570773559 1412739706.96
19.55973302 1412739707.99
19.3402820724 1412739708.96
19.234856069 1412739709.99
19.1016724167 1412739711.02
18.9379996096 1412739712.01
18.8336131 1412739713.0
18.81548426 1412739714.02
18.7060972861 1412739715.02
18.6338630452 1412739716.0
18.5624606633 1412739717.0
18.2435711485 1412739717.96
18.1573896455 1412739718.92
18.0854985226 1412739719.92
18.0613667221 1412739720.95
17.8317468066 1412739721.98
17.7557211895 1412739723.06
17.570127358 1412739724.11
17.5100493065 1412739725.26
17.4068899586 1412739726.33
17.2470571021 1412739727.36
17.0709143975 1412739728.38
17.0022870357 1412739729.39
16.8833983845 1412739730.36
16.647250925 1412739731.35
16.5712321543 1412739732.34
16.5764101553 1412739733.3
16.5674437975 1412739734.36
16.496114338 1412739735.37
16.435380859 1412739736.32
16.3732112113 1412739737.29
16.249000342 1412739738.27
16.1678742794 1412739739.25
16.14511014 1412739740.26
16.0163921153 1412739741.29
16.0231891263 1412739742.26
15.9145046332 1412739743.25
15.7807015319 1412739744.3
15.6869323837 1412739745.26
15.6033209575 1412739746.26
15.5367268713 1412739747.25
15.4767242485 1412739748.22
15.4239422919 1412739749.23
15.4218491828 1412739750.26
15.3390825748 1412739751.28
15.2835365153 1412739752.27
15.2364220515 1412739753.33
15.1382800167 1412739754.29
15.0460362677 1412739755.24
14.9801932937 1412739756.22
14.956908702 1412739757.19
14.9580774096 1412739758.17
14.8648796317 1412739759.15
14.8206357344 1412739760.13
14.7294418001 1412739761.14
14.7268506335 1412739762.14
14.5817127594 1412739763.1
14.5576636837 1412739764.19
14.5408504695 1412739765.25
14.4273249173 1412739766.23
14.4877235069 1412739767.19
14.3262389051 1412739768.21
14.3249506681 1412739769.13
14.193849989 1412739770.19
14.2523088057 1412739771.13
14.2683606335 1412739772.08
14.3236761809 1412739773.06
14.1800790407 1412739774.03
14.0026525238 1412739775.01
14.0123412415 1412739776.01
13.8997104036 1412739776.96
13.9467775322 1412739777.96
13.9472745144 1412739778.93
13.9254790159 1412739779.91
13.9073189753 1412739780.86
13.8440737269 1412739781.83
13.8130142227 1412739782.78
13.7309305324 1412739783.74
13.6939393344 1412739784.69
13.6752645051 1412739785.69
13.6340555774 1412739786.65
13.6011822238 1412739787.62
13.5728662853 1412739788.58
13.52680059 1412739789.58
13.5052998987 1412739790.55
13.5178199449 1412739791.55
13.4415273749 1412739792.52
13.422344485 1412739793.53
13.4338392426 1412739794.55
13.4732553635 1412739795.5
13.5384517439 1412739796.45
13.5795052862 1412739797.42
13.5281510796 1412739798.4
13.5521827946 1412739799.34
13.5511982652 1412739800.29
13.5799824472 1412739801.24
13.5605314315 1412739802.18
13.5597843818 1412739803.14
13.5821385728 1412739804.08
13.5861682358 1412739805.04
13.6276423148 1412739805.96
13.6347138682 1412739806.93
13.6787456347 1412739807.92
13.6925873888 1412739808.88
13.7064869084 1412739809.85
13.7169961989 1412739810.84
13.7256111682 1412739811.82
13.7292637691 1412739812.81
13.7646034094 1412739813.78
13.7095564086 1412739814.77
13.7190604435 1412739815.74
13.7511169506 1412739816.68
13.7137625992 1412739817.63
13.6931818676 1412739818.59
13.682856465 1412739819.53
13.5883725796 1412739820.47
13.5953059721 1412739821.42
13.5824658638 1412739822.35
13.5808012546 1412739823.29
13.56329265 1412739824.28
13.5291486824 1412739825.26
13.5111790152 1412739826.25
13.5282560746 1412739827.28
13.4850630688 1412739828.28
13.4995006882 1412739829.29
13.4816882393 1412739830.28
13.4845208681 1412739831.27
13.4654018569 1412739832.27
13.5155073121 1412739833.28
13.4146227762 1412739834.31
13.4777842194 1412739835.34
13.4083205484 1412739836.32
13.440143659 1412739837.31
13.5184236293 1412739838.32
13.4230858695 1412739839.29
13.5122006817 1412739840.29
13.4042735572 1412739841.33
13.4875548582 1412739842.32
13.4529803182 1412739843.33
13.3953747102 1412739844.29
13.4667980149 1412739845.31
13.3911810811 1412739846.32
13.4621518112 1412739847.34
13.4540806495 1412739848.39
13.3873027342 1412739849.37
13.4166681078 1412739850.42
13.4248232294 1412739851.43
13.4337275245 1412739852.38
13.4059603451 1412739853.36
13.3776664945 1412739854.35
13.3845388365 1412739855.36
13.3652303659 1412739856.4
13.3748808954 1412739857.42
13.3416155032 1412739858.4
13.3012860866 1412739859.41
13.3596808494 1412739860.42
13.3416037227 1412739861.4
13.2604899435 1412739862.44
13.3182826485 1412739863.45
13.2487182081 1412739864.48
13.2741426512 1412739865.5
13.2921117574 1412739866.53
13.2878873844 1412739867.53
13.3046642291 1412739868.54
13.3295459572 1412739869.59
13.3212056906 1412739870.57
