26.4896264082 1412730556.4
25.6793567898 1412730557.06
25.2864085943 1412730557.69
25.063919004 1412730558.3
24.7923963256 1412730558.88
24.2026522039 1412730559.51
23.9689222695 1412730560.1
23.6614419139 1412730560.67
23.2018446378 1412730561.23
22.982831638 1412730561.79
22.7672945641 1412730562.34
22.5795730387 1412730562.92
22.343288152 1412730563.49
22.0239123221 1412730564.25
21.6921074148 1412730564.9
21.4959665894 1412730565.51
21.1570956591 1412730566.11
20.8518879043 1412730566.73
20.7653665874 1412730567.34
20.6037185616 1412730567.94
20.5333549419 1412730568.54
20.3183029769 1412730569.1
20.3898878521 1412730569.7
20.3409760758 1412730570.31
20.2528958482 1412730571.06
20.0363813618 1412730571.68
19.7428937249 1412730572.3
19.4406900043 1412730572.87
19.1821994985 1412730573.46
18.8370710503 1412730574.05
18.4526414187 1412730574.65
18.1009946246 1412730575.25
17.5731553903 1412730575.85
17.2968280058 1412730576.44
17.0470810481 1412730577.01
16.9853006222 1412730577.59
17.1162898171 1412730578.19
17.3922944993 1412730578.77
18.0157449413 1412730579.37
18.5439304274 1412730579.96
18.9823787398 1412730580.51
18.4376782513 1412730581.1
17.9193019742 1412730581.69
17.3254452796 1412730582.27
16.953998342 1412730582.83
16.4710183617 1412730583.37
15.7627147831 1412730583.96
15.1775104143 1412730584.54
15.3987519345 1412730585.11
17.2449238498 1412730585.68
17.7153850651 1412730586.27
17.8766199268 1412730586.87
18.1156933981 1412730587.44
18.1884255076 1412730588.01
18.2853365286 1412730588.6
17.7015908736 1412730589.21
17.908172754 1412730589.82
16.1028411201 1412730590.44
15.0081412994 1412730591.08
13.9407351591 1412730591.67
19.6083052162 1412730592.27
17.4094963472 1412730592.87
17.0608858316 1412730593.45
16.0153314017 1412730594.11
16.2299410787 1412730594.73
16.1427572226 1412730595.33
16.2287921286 1412730595.92
16.0579253426 1412730596.51
16.1053458518 1412730597.12
16.1657372141 1412730597.7
16.0734165098 1412730598.29
16.0189230722 1412730598.88
15.9975632915 1412730599.45
15.9561450161 1412730600.03
15.790275284 1412730600.64
15.5684338796 1412730601.23
15.5119610966 1412730601.88
15.4747483434 1412730602.48
15.4227464442 1412730603.09
15.2056722443 1412730603.7
15.1974639298 1412730604.29
15.0472636661 1412730604.92
14.9979611105 1412730605.52
14.976347747 1412730606.1
14.9502279537 1412730606.72
14.9189882403 1412730607.32
14.8343929991 1412730607.91
14.7853277245 1412730608.51
14.6770034621 1412730609.12
14.6739579126 1412730609.73
14.5762229101 1412730610.32
14.4269404263 1412730610.92
14.3657971235 1412730611.54
14.3266332052 1412730612.16
14.2913447132 1412730612.8
14.3300890404 1412730613.46
14.207598722 1412730614.08
14.0401260551 1412730614.71
14.0018863431 1412730615.35
13.9635861419 1412730616.0
13.7994278432 1412730616.67
13.4942653176 1412730617.32
13.4829671743 1412730617.98
13.4429276108 1412730618.65
13.423230571 1412730619.31
13.2928329708 1412730619.96
13.2280393549 1412730620.64
13.1836944033 1412730621.32
13.254641309 1412730621.99
13.0692696928 1412730622.65
12.933645484 1412730623.28
12.891339781 1412730624.0
12.8029746974 1412730624.65
12.7283605453 1412730625.31
12.6979339217 1412730625.94
12.6561173955 1412730626.59
12.5557309382 1412730627.23
12.4632273593 1412730627.91
12.361423863 1412730628.57
12.3334891162 1412730629.25
12.248714331 1412730629.92
12.1584821158 1412730630.57
12.1171201341 1412730631.24
11.8731478986 1412730631.9
11.9135817335 1412730632.55
11.8566261889 1412730633.22
11.8188639954 1412730633.88
11.7622732789 1412730634.52
11.6281891452 1412730635.19
11.59070286 1412730635.88
11.5589542626 1412730636.53
11.3517062295 1412730637.18
11.3161492292 1412730637.85
11.2799938265 1412730638.52
11.265324623 1412730639.19
11.2823272629 1412730639.85
11.1842736064 1412730640.52
11.0771324882 1412730641.19
11.0136811546 1412730641.84
10.947652453 1412730642.47
10.9123978422 1412730643.13
10.9352096773 1412730643.82
10.8493298543 1412730644.5
10.8186580384 1412730645.13
10.7726219483 1412730645.81
10.7393549538 1412730646.48
10.7183995233 1412730647.26
10.6834238677 1412730648.04
10.6154525283 1412730648.73
10.5310020156 1412730649.4
10.4673917571 1412730650.07
10.4181211776 1412730650.75
10.4676315794 1412730651.4
10.4345131335 1412730652.08
10.2933053963 1412730652.74
10.2248119823 1412730653.4
10.1906075764 1412730654.07
10.1668170726 1412730654.74
10.1930034315 1412730655.41
10.1801073469 1412730656.11
10.0974896993 1412730656.79
10.0198780483 1412730657.48
10.0650732954 1412730658.15
9.99635014241 1412730658.85
9.96966941737 1412730659.54
9.94242491997 1412730660.19
9.96252587222 1412730660.83
10.0055344395 1412730661.51
9.88972698223 1412730662.19
9.81577462121 1412730662.89
9.79573949422 1412730663.57
9.77735650948 1412730664.24
9.77137936531 1412730664.95
9.7523525847 1412730665.65
9.73697298411 1412730666.31
9.71325763962 1412730666.97
9.69644520324 1412730667.66
9.6788907895 1412730668.35
9.65985764891 1412730669.04
9.52858835372 1412730669.72
9.51363249538 1412730670.38
9.49838330132 1412730671.07
9.48277588483 1412730671.72
9.48943679338 1412730672.4
9.42923568293 1412730673.1
9.41390898849 1412730673.78
9.43529984725 1412730674.48
9.42031728354 1412730675.19
9.40551559935 1412730675.87
9.39067430777 1412730676.51
9.37657034808 1412730677.19
9.29174261054 1412730677.88
9.20453726374 1412730678.57
9.1933127666 1412730679.29
9.18209534675 1412730679.97
9.10461155649 1412730680.62
9.09524637397 1412730681.32
9.08557550334 1412730682.02
9.06521291735 1412730682.74
9.05970510333 1412730683.42
