25.0051760084 1412730812.28
24.964458935 1412730812.89
24.7482639742 1412730813.52
24.6789718935 1412730814.19
24.5126478165 1412730814.83
24.3113373002 1412730815.44
24.2205366305 1412730816.14
24.0276546858 1412730816.83
23.9919039178 1412730817.5
24.0381852239 1412730818.15
23.7962266158 1412730818.85
23.783373908 1412730819.44
23.7004719031 1412730820.03
23.6530469745 1412730820.64
23.8319827065 1412730821.26
23.7462171549 1412730821.84
23.9267614066 1412730822.4
23.8497799629 1412730823.01
23.5987164477 1412730823.63
23.5205827129 1412730824.25
23.5954366942 1412730824.84
23.6219165163 1412730825.46
23.5520005476 1412730826.09
23.5307765855 1412730826.7
23.5111336686 1412730827.32
23.4749401063 1412730827.91
23.4638561208 1412730828.5
23.5382314191 1412730829.09
23.3701193026 1412730829.71
23.4360640621 1412730830.33
23.4312700557 1412730830.93
23.3921473788 1412730831.52
23.2700693622 1412730832.15
23.2444211932 1412730832.75
23.1658525472 1412730833.35
23.1682809501 1412730833.96
23.0486911261 1412730834.6
22.9558988234 1412730835.26
22.8905836966 1412730835.94
23.0038345096 1412730836.58
22.8975302834 1412730837.18
22.8000084296 1412730837.83
22.7171417271 1412730838.46
22.7484979883 1412730839.08
22.7474188673 1412730839.71
22.781766423 1412730840.33
22.6865505804 1412730840.97
22.5328744946 1412730841.64
22.4549937571 1412730842.27
22.5041647841 1412730842.89
22.5133499877 1412730843.51
22.482498981 1412730844.15
22.3902592371 1412730844.78
22.3518809206 1412730845.43
22.2898744991 1412730846.07
22.2486759158 1412730846.68
22.2842916933 1412730847.27
22.319431028 1412730847.89
22.2083399204 1412730848.53
22.1526317161 1412730849.12
22.1871785696 1412730849.74
22.1547620014 1412730850.34
22.1036271434 1412730850.98
22.1471489335 1412730851.61
22.0307183935 1412730852.24
22.0535801569 1412730852.89
22.0362416973 1412730853.56
22.050775253 1412730854.17
22.1356283996 1412730854.81
22.1733175279 1412730855.44
22.1869391251 1412730856.06
22.2269314376 1412730856.71
22.1143491885 1412730857.32
22.1220433844 1412730857.95
22.0784353004 1412730858.58
22.025626187 1412730859.22
21.9971768986 1412730859.9
22.0103888092 1412730860.56
22.0753472243 1412730861.17
22.0436923972 1412730861.77
22.0560120982 1412730862.4
21.9465159476 1412730863.05
21.9240332283 1412730863.68
21.9406333889 1412730864.31
21.886227422 1412730864.94
21.8620575056 1412730865.62
21.8597467384 1412730866.24
21.8467086081 1412730866.88
21.7461028961 1412730867.54
21.7238636608 1412730868.16
21.6341961812 1412730868.8
21.5136178189 1412730869.44
21.3231525385 1412730870.07
21.1017377611 1412730870.72
21.0438008512 1412730871.4
20.9382911119 1412730872.07
20.9074985801 1412730872.74
20.8881308964 1412730873.39
20.8852309636 1412730874.04
20.9700681876 1412730874.73
20.9278839526 1412730875.39
21.0449131286 1412730876.08
21.0442420683 1412730876.76
20.9770813988 1412730877.45
20.8747589686 1412730878.14
20.9128159118 1412730878.85
20.9055459847 1412730879.5
20.9432540557 1412730880.17
20.9048649736 1412730880.82
20.900492269 1412730881.48
20.9576197412 1412730882.17
20.9234817609 1412730882.82
21.0307232478 1412730883.48
21.0188244038 1412730884.14
20.9987388641 1412730884.78
20.9874239962 1412730885.47
20.9753611679 1412730886.14
21.0849938626 1412730886.76
21.1260330233 1412730887.44
21.247151474 1412730888.11
21.3119513647 1412730888.75
21.272699724 1412730889.41
21.206890398 1412730890.05
21.165809785 1412730890.74
21.1502392389 1412730891.43
21.1870320768 1412730892.12
21.1356854421 1412730892.77
21.1519246347 1412730893.42
21.228757138 1412730894.07
21.2005039318 1412730894.74
21.1941709969 1412730895.43
21.1833190973 1412730896.12
21.2730856284 1412730896.78
21.2506069903 1412730897.4
21.266028895 1412730898.07
21.248125876 1412730898.77
21.2762051511 1412730899.43
21.2461124757 1412730900.11
21.3087793237 1412730900.77
21.2179621971 1412730901.4
21.2345048074 1412730902.07
21.215610686 1412730902.69
21.1917196414 1412730903.33
21.2218689698 1412730903.98
21.2567978757 1412730904.63
21.3114513466 1412730905.32
21.3004759225 1412730905.99
21.317490894 1412730906.71
21.2922684795 1412730907.38
21.3353408833 1412730908.06
21.3873349902 1412730908.72
21.4082448226 1412730909.38
21.4467969886 1412730910.05
21.4498785095 1412730910.74
21.4061153271 1412730911.4
21.4151923395 1412730912.07
21.4268203418 1412730912.75
21.4590308286 1412730913.41
21.4069198967 1412730914.12
21.3917008309 1412730914.79
21.3740100249 1412730915.46
21.3171747751 1412730916.12
21.3139337413 1412730916.8
21.3274130922 1412730917.5
21.321096602 1412730918.15
21.4027961432 1412730918.82
21.4285255865 1412730919.49
21.4290569662 1412730920.15
21.341299777 1412730920.83
21.3343859278 1412730921.47
21.3314189954 1412730922.13
21.3406340385 1412730922.75
21.3342058004 1412730923.39
21.3408519676 1412730924.0
21.3400072724 1412730924.63
21.3710006341 1412730925.25
21.361650729 1412730925.9
21.359121849 1412730926.57
21.3603824502 1412730927.23
21.3138088554 1412730927.88
21.3067234424 1412730928.53
21.3447121405 1412730929.23
21.3279706069 1412730929.87
21.4271256429 1412730930.5
21.4127708282 1412730931.18
21.4219685401 1412730931.89
21.4355832391 1412730932.52
21.4810489395 1412730933.18
21.5052101386 1412730933.83
21.512750452 1412730934.47
21.5182048786 1412730935.14
21.5076594594 1412730935.79
21.5125279448 1412730936.44
21.5207377435 1412730937.12
21.5347598395 1412730937.79
21.5092166217 1412730938.44
21.4686668139 1412730939.12
21.5021236404 1412730939.81
21.4843274783 1412730940.5
21.4626173608 1412730941.15
