37.1706405879 1412729633.86
35.635215112 1412729634.48
34.9588897891 1412729635.15
34.4276253399 1412729635.78
33.9663810196 1412729636.41
33.1706370247 1412729637.05
32.1645420783 1412729637.66
30.6382078218 1412729638.26
29.5300313834 1412729638.88
27.5683303425 1412729639.5
26.1449445236 1412729640.15
24.7715619276 1412729640.76
23.8300825717 1412729641.39
23.892045192 1412729642.03
22.9315723814 1412729642.64
21.4961222804 1412729643.23
18.1999895943 1412729643.86
19.948132343 1412729644.5
17.3676613894 1412729645.15
18.7706638106 1412729645.79
19.6902712205 1412729646.4
20.040027123 1412729647.02
20.0851867965 1412729647.65
20.2945200022 1412729648.25
20.3074053791 1412729648.86
20.2108795663 1412729649.42
20.1964099748 1412729650.03
19.9923835624 1412729650.67
19.9329791254 1412729651.29
19.5483801734 1412729651.88
19.5303065693 1412729652.5
19.4932867355 1412729653.1
19.2197438724 1412729653.76
19.0850845834 1412729654.37
18.7298059046 1412729654.94
18.7234699158 1412729655.51
17.9716754922 1412729656.11
18.0456245036 1412729656.74
17.9887424216 1412729657.34
17.7494572192 1412729657.95
17.3814470627 1412729658.55
17.1923352022 1412729659.18
16.9422855106 1412729659.77
16.5954783801 1412729660.38
16.4310494905 1412729660.93
16.965516111 1412729661.57
16.5413527919 1412729662.17
16.8214170618 1412729662.79
16.5928125071 1412729663.39
16.5906126026 1412729663.98
16.5535482975 1412729664.59
16.7253385383 1412729665.26
16.1056795837 1412729665.9
11.6530102971 1412729666.55
11.7082748977 1412729667.19
12.7063614862 1412729667.84
12.6789897003 1412729668.43
12.6245455137 1412729669.03
12.7351378018 1412729669.66
12.6686305283 1412729670.31
12.7107465431 1412729670.95
12.8171119848 1412729671.63
12.7677884873 1412729672.33
12.7298705191 1412729673.04
12.6678191151 1412729673.73
12.7068935504 1412729674.42
12.7025830389 1412729675.09
12.6229901172 1412729675.77
12.5196797665 1412729676.64
12.3835123218 1412729677.36
12.3112919788 1412729678.04
12.2375889943 1412729678.76
12.1672392009 1412729679.51
12.1910953643 1412729680.19
12.0927543041 1412729680.87
11.9347006185 1412729681.61
11.8209475855 1412729682.45
11.6214517699 1412729683.19
11.5135651207 1412729683.93
11.3677798492 1412729684.69
11.252138504 1412729685.39
11.1474659518 1412729686.11
11.0056926776 1412729686.87
10.8952096158 1412729687.62
10.7762563224 1412729688.37
10.702955833 1412729689.17
10.5553974787 1412729689.97
10.4904146023 1412729690.72
10.4484263436 1412729691.47
10.3019134401 1412729692.24
10.0921223923 1412729693.03
9.98229159001 1412729693.8
9.89682235221 1412729694.61
9.7095090462 1412729695.4
9.56129112924 1412729696.24
9.45413910468 1412729697.0
9.40568391504 1412729697.72
9.30066710039 1412729698.47
9.14758498799 1412729699.2
9.1055020553 1412729700.03
9.06178833685 1412729700.84
8.91642668319 1412729701.66
8.90138874277 1412729702.44
8.8611920895 1412729703.18
8.88308681601 1412729703.98
8.79113569752 1412729704.78
8.75550880267 1412729705.56
8.88453518545 1412729706.35
8.93878939634 1412729707.14
9.00484168871 1412729707.93
8.98722187891 1412729708.7
8.98633201749 1412729709.47
9.03864140642 1412729710.26
9.11025080445 1412729711.05
9.14360622455 1412729711.88
9.17995641567 1412729712.67
9.20378196118 1412729713.45
9.23239652727 1412729714.23
9.22417092094 1412729715.01
9.22376444084 1412729715.83
9.0340536388 1412729716.62
9.03683021147 1412729717.39
9.07513774275 1412729718.14
9.11750429517 1412729718.9
9.19933581216 1412729719.69
9.23900001197 1412729720.47
9.26662428161 1412729721.29
9.28120568723 1412729722.08
9.31066091585 1412729722.89
9.34169006079 1412729723.7
9.32905385895 1412729724.51
9.37114828076 1412729725.36
9.32684179639 1412729726.17
9.37128628493 1412729726.97
9.39323036857 1412729727.77
9.41756091011 1412729728.59
9.42095547679 1412729729.43
9.44033020417 1412729730.19
9.45461407291 1412729731.01
9.47386830275 1412729731.82
9.48944219397 1412729732.65
9.46978375956 1412729733.43
9.48519869369 1412729734.27
9.44860794355 1412729735.06
9.45405783157 1412729735.89
9.4378576748 1412729736.72
9.44445259245 1412729737.54
9.46159177544 1412729738.32
9.4709189003 1412729739.11
9.47997068442 1412729739.91
9.46802678681 1412729740.73
9.47727271786 1412729741.57
9.46517957768 1412729742.38
9.47405837384 1412729743.23
9.46227078161 1412729744.04
9.46622783876 1412729744.85
9.46897645034 1412729745.68
9.45889419011 1412729746.53
9.46723445256 1412729747.38
9.45591368082 1412729748.22
9.45611563155 1412729749.05
9.46505212756 1412729749.89
9.46811795516 1412729750.76
9.45497004741 1412729751.63
9.463740892 1412729752.46
9.46962704817 1412729753.27
9.46714588681 1412729754.06
9.45629934254 1412729754.88
9.43346636196 1412729755.7
9.43588157833 1412729756.48
9.43895193445 1412729757.3
9.4419978521 1412729758.11
9.42567239782 1412729758.95
9.42581566048 1412729759.8
9.43321166939 1412729760.66
9.44037609852 1412729761.56
9.45013184891 1412729762.39
9.44788744519 1412729763.17
9.44666053466 1412729763.99
9.44527606415 1412729764.84
9.44768619103 1412729765.68
9.43142286468 1412729766.47
9.43861677868 1412729767.29
9.44511545074 1412729768.14
9.4367965573 1412729768.97
9.44328688746 1412729769.85
9.44960196404 1412729770.69
9.44173842967 1412729771.54
9.44800149214 1412729772.41
9.44020494835 1412729773.26
9.44646296665 1412729774.1
9.46123615231 1412729774.96
9.45257588262 1412729775.79
9.45129984529 1412729776.65
9.44936905843 1412729777.55
9.44830249714 1412729778.43
9.44756293865 1412729779.3
9.45808138674 1412729780.19
9.44958600763 1412729781.02
9.44779969957 1412729781.87
