7.89304788451 1412753566.27
7.76419346506 1412753567.67
7.87097970801 1412753569.08
7.74236381125 1412753570.43
7.68044701056 1412753571.81
7.49971455962 1412753573.21
7.43272637541 1412753574.58
7.45234276302 1412753575.92
7.63136394949 1412753577.24
7.61733544494 1412753578.54
7.51436414172 1412753579.86
7.31932107876 1412753581.17
7.58315545714 1412753582.52
7.77280978921 1412753583.85
7.92641859675 1412753585.19
7.99994513116 1412753586.52
7.89009496107 1412753587.83
7.87076153914 1412753589.18
7.86816333512 1412753590.5
7.84029561328 1412753591.8
7.9203788281 1412753593.14
8.0279338406 1412753594.41
8.23753297028 1412753595.73
8.38108631725 1412753597.04
8.47446656147 1412753598.41
8.51731787362 1412753599.75
8.47177282412 1412753601.04
8.44813800075 1412753602.32
8.43146435948 1412753603.61
8.50227994262 1412753604.91
8.47322127795 1412753606.2
8.50885746745 1412753607.51
8.5018165719 1412753608.81
8.52758198244 1412753610.1
8.52744365894 1412753611.37
8.62367198834 1412753612.64
8.70374585071 1412753613.91
8.72511944737 1412753615.18
8.74784097812 1412753616.48
8.77044717758 1412753617.75
8.80066094976 1412753619.0
8.8264295151 1412753620.23
8.83757788252 1412753621.51
8.82104585789 1412753622.72
8.82673936905 1412753623.96
8.85184594134 1412753625.2
8.83663108746 1412753626.47
8.84572586579 1412753627.74
8.86719907582 1412753629.0
8.85906242803 1412753630.29
8.84063356867 1412753631.58
8.81692086187 1412753632.87
8.76269127243 1412753634.13
8.7867576046 1412753635.46
8.75742541934 1412753636.73
8.73503241937 1412753638.02
8.76357901289 1412753639.33
8.76269552359 1412753640.63
8.67138729844 1412753641.9
8.65551527539 1412753643.23
8.63390618384 1412753644.5
8.6546117383 1412753645.82
8.6589607917 1412753647.03
8.67936326857 1412753648.3
8.66886305459 1412753649.63
8.62557789846 1412753650.96
8.61299147723 1412753652.28
8.62686923373 1412753653.56
8.59895938617 1412753654.85
8.65066374918 1412753656.17
8.63436946649 1412753657.45
8.60722597514 1412753658.78
8.58925266594 1412753660.07
8.60254379094 1412753661.37
8.58414768446 1412753662.67
8.61591348948 1412753663.97
8.58437695828 1412753665.27
8.5789785631 1412753666.53
8.58814612724 1412753667.89
8.60530027288 1412753669.14
8.58445648838 1412753670.41
8.60659110187 1412753671.73
8.61305970766 1412753673.04
8.60173191977 1412753674.32
8.58395883045 1412753675.63
8.55969653543 1412753676.92
8.56184102913 1412753678.21
8.52968978073 1412753679.47
8.47527931112 1412753680.76
8.38211622759 1412753682.05
8.06369298312 1412753683.3
8.1821017109 1412753684.6
7.86217450269 1412753685.92
7.67545233227 1412753687.18
7.79580720442 1412753688.45
7.69054564238 1412753689.76
7.55727014428 1412753691.08
7.77975563211 1412753692.4
7.65142384808 1412753693.69
7.60015485596 1412753694.97
7.67755993774 1412753696.24
7.58688670973 1412753697.55
7.63932492568 1412753698.83
7.76770943949 1412753700.14
7.79442015208 1412753701.44
7.86517637742 1412753702.71
7.90102264657 1412753704.03
7.90327497824 1412753705.33
7.90715450643 1412753706.61
7.92773834084 1412753707.92
7.94076208686 1412753709.26
7.93712986067 1412753710.56
7.93711787637 1412753711.81
7.90927444425 1412753713.07
7.87008861324 1412753714.39
7.86241327409 1412753715.67
7.89070697957 1412753716.98
7.87070339117 1412753718.26
7.8738109235 1412753719.57
7.86233873465 1412753720.88
7.82973722319 1412753722.16
7.75106402866 1412753723.45
7.70601803037 1412753724.73
7.69087140405 1412753726.01
7.67489167996 1412753727.25
7.62433060605 1412753728.53
7.50084970757 1412753729.79
7.46804456925 1412753731.06
7.43575556959 1412753732.3
7.42673494326 1412753733.57
7.43251680208 1412753734.88
7.39197448022 1412753736.18
7.31563493721 1412753737.48
7.31811323742 1412753738.74
7.33769165401 1412753740.04
7.3305811264 1412753741.34
7.36152838732 1412753742.64
7.38656153606 1412753743.98
7.40950126931 1412753745.31
7.41344388864 1412753746.62
7.43557840456 1412753747.94
7.44607254911 1412753749.25
7.44887383731 1412753750.61
7.46495117937 1412753751.93
7.46364938095 1412753753.24
7.44775037645 1412753754.55
7.42292502913 1412753755.86
7.43180237261 1412753757.2
7.46006127537 1412753758.54
7.4376122497 1412753759.83
7.47422475797 1412753761.14
7.4182312236 1412753762.45
7.46393624462 1412753763.78
7.42994044715 1412753765.11
7.46245858061 1412753766.43
7.43939684357 1412753767.76
7.46988097989 1412753769.05
7.42606796963 1412753770.39
7.44240179568 1412753771.69
7.40268505052 1412753773.0
7.39771447432 1412753774.37
7.38889020305 1412753775.67
7.37915114112 1412753777.02
7.36211066858 1412753778.3
7.37336747167 1412753779.59
7.3264234724 1412753780.92
7.30195901102 1412753782.25
7.27746937147 1412753783.53
7.24436520516 1412753784.83
7.17083845478 1412753786.16
7.12911623221 1412753787.51
7.08639653243 1412753788.84
7.02279787967 1412753790.15
6.92850398033 1412753791.5
6.90919207236 1412753792.83
6.88172182947 1412753794.16
6.8565644907 1412753795.45
6.83129818864 1412753796.79
6.78372044482 1412753798.11
6.77800740587 1412753799.38
6.75417157687 1412753800.69
6.74856910875 1412753802.03
6.73569104956 1412753803.36
6.68625018447 1412753804.7
6.6557622217 1412753806.07
6.6287882916 1412753807.48
6.61422774493 1412753808.89
6.64966558587 1412753810.24
6.65601877281 1412753811.63
6.65050658142 1412753813.0
6.65321439504 1412753814.37
6.66685003061 1412753815.77
6.69542524242 1412753817.16
6.7017787483 1412753818.53
6.71454807374 1412753819.95
6.74727447595 1412753821.34
6.76336173813 1412753822.71
6.75911716675 1412753824.04
6.7387879321 1412753825.43
6.69209424937 1412753826.84
