6.24679047473 1412733801.85
6.43774590343 1412733802.88
6.62509561005 1412733803.95
6.822203212 1412733805.0
6.97455170792 1412733806.0
7.18189616289 1412733806.97
7.41086487507 1412733808.03
7.63526095518 1412733809.03
7.7405044003 1412733810.01
7.92323808706 1412733810.99
8.06054105811 1412733811.96
8.08497639845 1412733812.91
8.11511972289 1412733813.85
8.10333111175 1412733814.81
8.11610028861 1412733815.76
8.20869836898 1412733816.69
8.29200760441 1412733817.66
8.36742639968 1412733818.61
8.45922945058 1412733819.57
8.54947661103 1412733820.54
8.62967248363 1412733821.46
8.69128404669 1412733822.41
8.770928989 1412733823.3
8.86927975928 1412733824.3
8.92853522122 1412733825.21
8.99545507507 1412733826.12
9.07868874237 1412733827.01
9.08381441803 1412733827.95
9.1232227187 1412733828.86
9.1853638731 1412733829.74
9.33370605751 1412733830.64
9.37424483921 1412733831.57
9.403367941 1412733832.5
9.44225115742 1412733833.38
9.41862229605 1412733834.28
9.40294433516 1412733835.21
9.41057322953 1412733836.08
9.52039659106 1412733836.95
9.51298044313 1412733837.81
9.56516091739 1412733838.76
9.57397962375 1412733839.67
9.62438374746 1412733840.55
9.58237835823 1412733841.45
9.54156041211 1412733842.33
9.51994790726 1412733843.26
9.45601766674 1412733844.16
9.51216111248 1412733845.09
9.4461121914 1412733845.97
9.51332525594 1412733846.87
9.51503453566 1412733847.76
9.4453736627 1412733848.66
9.38824723858 1412733849.58
9.37302739178 1412733850.48
9.33665966155 1412733851.39
9.31420020302 1412733852.26
9.32424092051 1412733853.15
9.27419113915 1412733854.04
9.22955885094 1412733854.89
9.25464512304 1412733855.76
9.1810193122 1412733856.63
9.17269255232 1412733857.5
9.18795882776 1412733858.41
9.18256078319 1412733859.31
9.14813859762 1412733860.19
9.16693501324 1412733861.12
9.12226632643 1412733862.0
9.1097231877 1412733862.93
9.13778536324 1412733863.8
9.04963557619 1412733864.7
9.04490906341 1412733865.56
8.96434265727 1412733866.42
8.87399791444 1412733867.25
8.81119927271 1412733868.14
8.71666593734 1412733869.0
8.67844384392 1412733869.9
8.57749359075 1412733870.8
8.60232800022 1412733871.68
8.56046861377 1412733872.54
8.51727195935 1412733873.38
8.43213927907 1412733874.27
8.34846949269 1412733875.16
8.29638792498 1412733876.04
8.19990980904 1412733876.96
8.12059289615 1412733877.86
8.01676674615 1412733878.72
7.96119071936 1412733879.57
7.85163908266 1412733880.47
7.66495380546 1412733881.35
7.64408534995 1412733882.23
7.58404487441 1412733883.1
7.53338981766 1412733883.98
7.46139757595 1412733884.83
7.3108143551 1412733885.72
7.30851858021 1412733886.62
7.20359621702 1412733887.49
7.10756825769 1412733888.38
7.0686936361 1412733889.27
7.02151481579 1412733890.14
7.02684403802 1412733891.01
6.90484433671 1412733891.87
6.88624228684 1412733892.75
6.79608571128 1412733893.64
6.73621983434 1412733894.5
6.6756535903 1412733895.36
6.60584771427 1412733896.23
6.54009688017 1412733897.12
6.49665725141 1412733898.0
6.45199356655 1412733898.86
6.37504344406 1412733899.76
6.30734225552 1412733900.64
6.27027093343 1412733901.51
6.21468111239 1412733902.39
6.1681117025 1412733903.28
6.12191768961 1412733904.17
6.06100371057 1412733905.09
6.04340307716 1412733906.0
5.95788602296 1412733906.86
5.92969689243 1412733907.72
5.84975305487 1412733908.57
5.8521808898 1412733909.44
5.80404709168 1412733910.32
5.71752495064 1412733911.18
5.65867874817 1412733912.06
5.59139096385 1412733912.91
5.53441908711 1412733913.79
5.51134457628 1412733914.67
5.45883418919 1412733915.5
5.44264722873 1412733916.37
5.43631315245 1412733917.26
5.45659838583 1412733918.16
5.37857758274 1412733919.0
5.32179527927 1412733919.88
5.3247606201 1412733920.76
5.23875387915 1412733921.65
5.240619533 1412733922.54
5.17738696594 1412733923.43
5.15883525035 1412733924.3
5.1170756354 1412733925.19
5.12254903253 1412733926.06
5.06577813796 1412733926.94
5.05530628205 1412733927.82
4.9954809385 1412733928.67
4.98998884558 1412733929.53
4.93671177255 1412733930.38
4.92689292026 1412733931.23
4.96671986262 1412733932.1
4.90891844167 1412733932.98
4.91155280383 1412733933.84
4.90619102249 1412733934.68
4.87317559122 1412733935.55
4.86892202964 1412733936.41
4.88010580046 1412733937.28
4.82301507178 1412733938.14
4.8219972506 1412733938.99
4.8286002397 1412733939.86
4.80854413933 1412733940.72
4.77696421601 1412733941.56
4.73046080113 1412733942.37
4.68991866197 1412733943.26
4.65341657169 1412733944.14
4.61498635755 1412733944.98
4.57742961861 1412733945.85
4.54826043883 1412733946.72
4.50957251657 1412733947.6
4.47134875378 1412733948.49
4.46565075646 1412733949.37
4.4457506114 1412733950.24
4.421828487 1412733951.1
4.39469244643 1412733951.97
4.37521410124 1412733952.84
4.35422445045 1412733953.75
4.31956952043 1412733954.61
4.31405802091 1412733955.55
4.30176222546 1412733956.42
4.27722060984 1412733957.27
4.27078829568 1412733958.15
4.2524008175 1412733959.07
4.24319541553 1412733959.93
4.23424268928 1412733960.79
4.23735664303 1412733961.68
4.24459422209 1412733962.61
4.24555242772 1412733963.45
4.25687694025 1412733964.3
4.24992129862 1412733965.18
4.22916600259 1412733966.07
4.21624105357 1412733966.91
4.20538658074 1412733967.72
4.19252350483 1412733968.62
4.18293374869 1412733969.62
4.16568274253 1412733970.46
4.1575760656 1412733971.4
4.1446160412 1412733972.26
4.1292959872 1412733973.13
4.10827477715 1412733974.01
4.0814813395 1412733974.88
4.07201103433 1412733975.72
4.06709655383 1412733976.57
4.0493156961 1412733977.45
4.03809339222 1412733978.34
4.0171097268 1412733979.22
