39.9881939915 1412737556.55
37.3884826164 1412737557.56
36.134590113 1412737558.58
35.5990111423 1412737559.56
35.5196187007 1412737560.56
33.8693325484 1412737561.57
33.2622348782 1412737562.59
33.1187305562 1412737563.58
33.5942866213 1412737564.53
33.7236319123 1412737565.5
33.9513264717 1412737566.48
34.0025503657 1412737567.5
33.7003903048 1412737568.45
33.4163758257 1412737569.51
32.9126938872 1412737570.47
32.7024125323 1412737571.43
33.2129046016 1412737572.46
32.2671515482 1412737573.42
33.2807613931 1412737574.38
33.8353581566 1412737575.4
32.6390745003 1412737576.37
33.4523307573 1412737577.4
31.1895297542 1412737578.41
32.7797350138 1412737579.41
34.1773466568 1412737580.45
27.8789818083 1412737581.47
27.8091983812 1412737582.49
28.0766578722 1412737583.51
28.0902699472 1412737584.59
28.1519235285 1412737585.64
27.9462453123 1412737586.69
27.817178744 1412737587.76
27.4801019495 1412737588.88
27.2272709919 1412737589.97
26.9493758613 1412737590.95
27.1915973876 1412737591.89
27.5171856666 1412737592.86
27.579910287 1412737593.85
27.8061965537 1412737594.77
27.9746062957 1412737595.72
28.0927134675 1412737596.66
27.8054768542 1412737597.57
27.8523796174 1412737598.54
27.7266672034 1412737599.52
27.6055935456 1412737600.51
27.5706842173 1412737601.52
27.3980175251 1412737602.5
27.3181201412 1412737603.44
27.2581542527 1412737604.38
27.1851380276 1412737605.36
26.9948462343 1412737606.38
26.5452535211 1412737607.32
26.2269392651 1412737608.29
25.9053796763 1412737609.22
25.4352165551 1412737610.16
24.8953113799 1412737611.13
24.901660193 1412737612.1
25.2770585605 1412737613.07
25.7211239902 1412737614.03
26.0915265358 1412737614.95
26.1482404483 1412737615.88
25.8098115609 1412737616.85
25.5516843292 1412737617.76
25.6998008876 1412737618.68
25.369333592 1412737619.63
25.6210452504 1412737620.58
25.3228820081 1412737621.56
25.5603393777 1412737622.51
25.2990578459 1412737623.47
25.5027968628 1412737624.41
25.2727938795 1412737625.37
24.8521584842 1412737626.3
25.0554771017 1412737627.24
25.2324689991 1412737628.19
25.0313382393 1412737629.14
25.2381617651 1412737630.06
25.1139261871 1412737631.03
24.9090055725 1412737631.95
25.0765606696 1412737632.96
24.8942617815 1412737633.97
25.0629820747 1412737634.91
24.9553323254 1412737635.87
25.1012916492 1412737636.8
24.8452902033 1412737637.74
24.9562887775 1412737638.69
25.0828400742 1412737639.64
24.9360340999 1412737640.61
25.0848109833 1412737641.56
24.9195368273 1412737642.49
25.0444758419 1412737643.47
24.9493541466 1412737644.52
25.071007581 1412737645.57
24.8504841869 1412737646.52
24.5822879568 1412737647.5
24.6977479745 1412737648.41
24.8693032725 1412737649.4
24.7577938009 1412737650.42
24.643471928 1412737651.39
24.7541202176 1412737652.35
24.7476593046 1412737653.29
24.6141773083 1412737654.27
24.7127766218 1412737655.24
24.6034950909 1412737656.19
24.6900875277 1412737657.15
24.6929598586 1412737658.1
24.6301204047 1412737659.06
24.6722065429 1412737660.06
24.6068950473 1412737661.03
24.6552642286 1412737661.98
24.7467346896 1412737662.94
24.6376310709 1412737663.9
24.7374585628 1412737664.84
24.4915109197 1412737665.78
24.386551127 1412737666.76
24.2462605245 1412737667.7
24.2312779646 1412737668.61
24.1001106461 1412737669.57
24.1655279568 1412737670.55
23.9364581803 1412737671.51
23.9281125242 1412737672.45
23.8823272573 1412737673.4
23.9855603948 1412737674.33
23.8763614118 1412737675.27
23.98745322 1412737676.23
23.7099055374 1412737677.17
23.8235642719 1412737678.13
23.7158656716 1412737679.07
23.8253175334 1412737680.04
23.6659669603 1412737681.03
23.7298292497 1412737682.0
23.6369815183 1412737682.97
23.7273469153 1412737683.93
23.5570114418 1412737684.87
23.4527353486 1412737685.86
23.2818000455 1412737686.8
23.3110559115 1412737687.76
23.2150935642 1412737688.78
23.2857935718 1412737689.76
23.1927056396 1412737690.77
23.2807382499 1412737691.78
23.3835943498 1412737692.81
23.3008715264 1412737693.79
23.3919430133 1412737694.89
23.2795800339 1412737695.87
23.148171111 1412737696.9
23.2279155231 1412737697.88
23.0989706333 1412737698.88
23.1749075103 1412737699.85
23.0878766906 1412737700.87
23.163740633 1412737701.89
23.0114381564 1412737702.86
22.9154098209 1412737703.83
22.824896173 1412737704.78
22.8909134215 1412737705.74
22.8014105245 1412737706.72
22.8192582241 1412737707.68
22.8291659166 1412737708.68
22.8995195892 1412737709.69
22.829673038 1412737710.72
22.7610645506 1412737711.72
22.8206152969 1412737712.74
22.7316240145 1412737713.76
22.8047503116 1412737714.75
22.575507401 1412737715.74
22.6471549267 1412737716.74
22.6238742163 1412737717.73
22.6787195505 1412737718.76
22.7311412719 1412737719.76
22.7407795195 1412737720.8
22.7676420765 1412737721.82
22.7229737609 1412737722.82
22.7361947233 1412737723.84
22.7963171513 1412737724.87
22.7706379955 1412737725.87
22.8145902106 1412737726.89
22.8086756498 1412737727.92
22.9128632675 1412737728.94
22.8725284062 1412737729.92
22.8244086767 1412737730.92
22.8832404302 1412737731.98
22.7942469044 1412737733.05
22.8678690572 1412737734.09
22.79626322 1412737735.09
22.7415156624 1412737736.1
22.7891973807 1412737737.12
22.7347297739 1412737738.09
22.6901779249 1412737739.51
22.7347092758 1412737740.6
22.6859839335 1412737741.64
22.7318640568 1412737742.69
22.6825705995 1412737743.73
22.5931253491 1412737744.77
22.5301254311 1412737745.73
22.5921915983 1412737746.74
22.6542794901 1412737747.73
22.5605300361 1412737748.71
22.616617818 1412737749.7
22.3922335192 1412737750.7
22.4496749965 1412737751.69
22.5009380731 1412737752.68
