18.2831649436 1412732468.08
18.0310433355 1412732468.72
18.0999971131 1412732469.34
18.0638809354 1412732470.03
17.9050623412 1412732470.67
18.0723809096 1412732471.29
18.1917288665 1412732471.9
18.1911722741 1412732472.54
18.3185031546 1412732473.16
18.3212012553 1412732473.81
18.3120259844 1412732474.43
18.3962882673 1412732475.06
18.3359344504 1412732475.68
18.1620693228 1412732476.29
18.118697956 1412732476.96
18.1673834603 1412732477.59
17.9680965501 1412732478.2
18.004615841 1412732478.82
17.9613162106 1412732479.44
18.0213369813 1412732480.07
18.0900199116 1412732480.69
18.0606324688 1412732481.33
18.044305644 1412732481.97
18.0453099545 1412732482.61
18.0998996714 1412732483.24
18.0880385094 1412732483.88
17.904395328 1412732484.53
17.9483086163 1412732485.15
17.9518671953 1412732485.79
17.9524106569 1412732486.43
18.0072136386 1412732487.05
18.0538111387 1412732487.68
18.1050519606 1412732488.35
18.3095712099 1412732488.99
18.1644926512 1412732489.62
18.06801792 1412732490.22
18.1617087339 1412732490.82
18.2903168759 1412732491.47
18.2312203227 1412732492.11
18.2237102997 1412732492.73
18.2282919139 1412732493.34
18.2484964577 1412732493.94
18.2137388342 1412732494.54
18.239902355 1412732495.15
18.270250492 1412732495.78
18.1591654852 1412732496.39
18.0717783879 1412732497.01
18.0098611587 1412732497.58
17.9121056791 1412732498.2
17.8458905514 1412732498.81
17.7562264498 1412732499.48
17.7236323993 1412732500.11
17.6419661465 1412732500.72
17.6657236675 1412732501.36
17.6842362935 1412732501.98
17.6394530636 1412732502.62
17.3625950111 1412732503.2
17.2394826372 1412732503.81
17.2048903893 1412732504.45
17.2289513693 1412732505.06
17.2049425069 1412732505.68
17.1539842265 1412732506.28
17.2567076115 1412732506.88
17.322723946 1412732507.5
17.2670160998 1412732508.11
17.2147533719 1412732508.73
17.2856630583 1412732509.32
17.1739761464 1412732509.94
17.2165469878 1412732510.58
17.1884425232 1412732511.21
17.1998448435 1412732511.85
17.2278830184 1412732512.52
17.1800898919 1412732513.19
17.1475572907 1412732513.88
17.1239243622 1412732514.53
17.0118665186 1412732515.11
17.0346180003 1412732515.71
16.9933312217 1412732516.3
17.0774415529 1412732516.92
17.1256155876 1412732517.55
17.2169889986 1412732518.18
17.1624235205 1412732518.78
17.1380080958 1412732519.38
17.0989337571 1412732520.03
17.1108717039 1412732520.68
16.9588685819 1412732521.31
16.8853605381 1412732521.93
16.9732536495 1412732522.55
16.8373647793 1412732523.17
16.8052577884 1412732523.82
16.805385674 1412732524.45
16.7434509563 1412732525.11
16.6814123518 1412732525.76
16.5535736499 1412732526.44
16.4799834439 1412732527.11
16.3536059861 1412732527.75
16.3806748844 1412732528.42
16.3478115144 1412732529.06
16.2493415124 1412732529.7
16.1660690544 1412732530.27
16.0724811736 1412732530.91
16.1002360917 1412732531.52
16.0041282716 1412732532.1
15.9090365229 1412732532.67
15.8362522117 1412732533.28
15.9026801641 1412732533.92
15.891960272 1412732534.52
15.8017834458 1412732535.11
15.8196621282 1412732535.7
15.8664562579 1412732536.28
15.8628562921 1412732536.88
15.897979959 1412732537.45
15.9855374271 1412732538.05
15.9995921915 1412732538.62
16.0171030911 1412732539.18
15.9807761045 1412732539.75
15.9119933207 1412732540.33
15.8277878769 1412732540.9
15.8485757655 1412732541.5
15.6935917517 1412732542.07
15.6216935016 1412732542.68
15.600848296 1412732543.26
15.5346452349 1412732543.86
15.5758063549 1412732544.46
15.4677513674 1412732545.01
15.4236270683 1412732545.57
15.4348087276 1412732546.13
15.4026703557 1412732546.72
15.3263225966 1412732547.31
15.3263938163 1412732547.89
15.2784759163 1412732548.47
15.3391195165 1412732549.03
15.4080500385 1412732549.63
15.4566211075 1412732550.21
15.3905287024 1412732550.82
15.3816288893 1412732551.42
15.2837298094 1412732552.01
15.2055752904 1412732552.57
15.1663596785 1412732553.19
15.1131357207 1412732553.75
15.0141425642 1412732554.32
14.8777529674 1412732554.91
14.8463275372 1412732555.48
14.8178512933 1412732556.05
14.6973742056 1412732556.62
14.6863409403 1412732557.2
14.5831950721 1412732557.77
14.6141651865 1412732558.36
14.4405408329 1412732558.92
14.5300728226 1412732559.48
14.484752841 1412732560.05
14.3727866646 1412732560.61
14.280485665 1412732561.17
14.1844160416 1412732561.75
14.0821925324 1412732562.35
13.9501290899 1412732562.93
13.9905493989 1412732563.49
13.8444730628 1412732564.05
13.8194616597 1412732564.65
13.8058484565 1412732565.24
13.7723668969 1412732565.8
13.7634392464 1412732566.36
13.6809836841 1412732566.93
13.6453226751 1412732567.51
13.6799213936 1412732568.11
13.6128156237 1412732568.68
13.62399025 1412732569.28
13.6584484162 1412732569.91
13.6984361535 1412732570.52
13.7126829623 1412732571.11
13.668053741 1412732571.71
13.6700738903 1412732572.3
13.6831269895 1412732572.89
13.6892127467 1412732573.45
13.7011293773 1412732574.01
13.6891243198 1412732574.63
13.5897838926 1412732575.23
13.591953898 1412732575.85
13.6900385027 1412732576.43
13.5821535808 1412732577.03
13.6169407326 1412732577.62
13.6691435941 1412732578.2
13.6127148954 1412732578.78
13.62944307 1412732579.38
13.6640195681 1412732579.97
13.633435127 1412732580.54
13.6310449911 1412732581.13
13.6347135149 1412732581.74
13.5940210021 1412732582.31
13.5974865681 1412732582.9
13.5903689985 1412732583.49
13.5831132383 1412732584.05
13.6190905955 1412732584.65
13.6277090281 1412732585.23
13.6624403618 1412732585.81
13.6447007843 1412732586.39
13.6104384718 1412732586.95
13.5905047972 1412732587.53
13.6048875047 1412732588.14
13.5802356687 1412732588.72
