19.6724008496 1412751728.73
18.7230802922 1412751730.14
18.4571546491 1412751731.55
18.4580992713 1412751732.96
18.4298651103 1412751734.36
18.4278834995 1412751735.71
18.380530749 1412751737.13
18.483512121 1412751738.48
18.3996055019 1412751739.81
18.4143882159 1412751741.19
18.4503188781 1412751742.54
18.3753427703 1412751743.88
18.3257950498 1412751745.28
18.3660746247 1412751746.63
18.3151417185 1412751747.97
18.2761494526 1412751749.3
18.2323612527 1412751750.63
18.1676464945 1412751752.01
18.1113333814 1412751753.4
18.0588150079 1412751754.72
17.994245125 1412751756.04
17.8836201917 1412751757.4
17.7751206956 1412751758.73
17.6409643369 1412751760.05
17.418823976 1412751761.38
17.329959534 1412751762.73
17.1284742548 1412751764.09
16.9792280758 1412751765.46
16.8565239208 1412751766.81
16.7693293903 1412751768.14
16.7294490914 1412751769.47
16.5423608372 1412751770.81
16.4960675729 1412751772.15
16.5434677675 1412751773.49
16.5579136689 1412751774.83
16.5737443402 1412751776.18
16.6439827048 1412751777.52
16.6862683264 1412751778.85
16.7975901754 1412751780.16
16.9219633085 1412751781.5
16.8820322929 1412751782.81
16.9535749978 1412751784.16
16.7622075758 1412751785.48
16.7669528044 1412751786.8
16.2805077055 1412751788.09
14.146089254 1412751789.43
15.3219814862 1412751790.77
13.7089776293 1412751792.11
13.9313085329 1412751793.45
13.2241087512 1412751794.77
13.3074614128 1412751796.09
12.8841107733 1412751797.4
12.9659203987 1412751798.68
12.5880072359 1412751799.97
12.6095242696 1412751801.28
12.2201922918 1412751802.56
12.2363994291 1412751803.89
11.9595422084 1412751805.22
11.9924423192 1412751806.57
11.7404722385 1412751807.92
11.7030855016 1412751809.25
11.4539914141 1412751810.57
11.4181571568 1412751811.87
11.4785383202 1412751813.2
11.1967820598 1412751814.48
11.2006090066 1412751815.79
11.0143084046 1412751817.11
10.7998313693 1412751818.41
10.6799917138 1412751819.69
10.6734096587 1412751821.0
10.5102571368 1412751822.33
10.4802096094 1412751823.66
10.3922426609 1412751824.97
10.3210926189 1412751826.31
10.2375751823 1412751827.62
10.1224396644 1412751828.91
10.0189301004 1412751830.22
9.94990577615 1412751831.54
9.89599831918 1412751832.87
9.88091743121 1412751834.2
9.8806929327 1412751835.57
9.75968737845 1412751836.88
9.76152830233 1412751838.17
9.78293713004 1412751839.53
9.78071267567 1412751840.87
9.64887042995 1412751842.17
9.58265535098 1412751843.49
9.5779229134 1412751844.77
9.58482293202 1412751846.09
9.47291710706 1412751847.41
9.48370913144 1412751848.69
9.35758567415 1412751850.01
9.18255842627 1412751851.35
9.26297815325 1412751852.69
9.25393812117 1412751854.08
9.13311441663 1412751855.36
9.11200040012 1412751856.66
9.12529872462 1412751858.02
9.03437727178 1412751859.33
9.04502768976 1412751860.67
9.06406778674 1412751862.02
9.04755245005 1412751863.41
9.0610723359 1412751864.78
8.98832180301 1412751866.19
8.97919849308 1412751867.51
8.92079851899 1412751868.8
8.81822859016 1412751870.12
8.74846006857 1412751871.4
8.66825988803 1412751872.73
8.5744157726 1412751874.07
8.59541353096 1412751875.35
8.64350308709 1412751876.61
8.53096028455 1412751877.85
8.60876221523 1412751879.14
8.46707861965 1412751880.45
8.54892294231 1412751881.7
8.57539313277 1412751882.98
8.49598990731 1412751884.27
8.53035177664 1412751885.58
8.57590767336 1412751886.83
8.51675111205 1412751888.12
8.43591483312 1412751889.41
8.47833960193 1412751890.74
8.52515397487 1412751892.0
8.57237315488 1412751893.27
8.4976897648 1412751894.54
8.52358271592 1412751895.82
8.46116486436 1412751897.09
8.48274751215 1412751898.39
8.43114826588 1412751899.69
8.34866881481 1412751900.97
8.40142487244 1412751902.26
8.32769361674 1412751903.54
8.36631645702 1412751904.79
8.30996957158 1412751906.06
8.33401635682 1412751907.34
8.26527909891 1412751908.65
8.29265708629 1412751909.91
8.19566536242 1412751911.19
8.22869572082 1412751912.49
8.26775184624 1412751913.79
8.20309259846 1412751915.11
8.13129678025 1412751916.44
8.16619428338 1412751917.72
8.08391927388 1412751919.03
8.00105664673 1412751920.31
7.94562786721 1412751921.57
7.87371719747 1412751922.8
7.79833112373 1412751924.09
7.75271537056 1412751925.35
7.6818198695 1412751926.61
7.59834611231 1412751927.85
7.56858247993 1412751929.12
7.52539062557 1412751930.41
7.45816219722 1412751931.68
7.41606837097 1412751932.94
7.3773543927 1412751934.24
7.39539072893 1412751935.5
7.36920894621 1412751936.76
7.31312697342 1412751938.02
7.32062211024 1412751939.29
7.30682921245 1412751940.54
7.30317753857 1412751941.81
7.28379391249 1412751943.08
7.28605867664 1412751944.34
7.2679983781 1412751945.6
7.25572596076 1412751946.87
7.27145236177 1412751948.13
7.28240049892 1412751949.36
7.27810680712 1412751950.62
7.26111125066 1412751951.86
7.22438514154 1412751953.1
7.22731738877 1412751954.39
7.2256912104 1412751955.64
7.23657589407 1412751956.9
7.25169529807 1412751958.19
7.18383546967 1412751959.45
7.20590820926 1412751960.71
7.16932988118 1412751961.98
7.12164464174 1412751963.25
7.14566391552 1412751964.55
7.10786612391 1412751965.81
7.07117285306 1412751967.09
7.04733398925 1412751968.34
7.00068353637 1412751969.57
6.99488844908 1412751970.78
7.00442585169 1412751972.06
7.01696581787 1412751973.33
7.03658286926 1412751974.65
7.06033807925 1412751975.91
7.08277948532 1412751977.19
7.12273860692 1412751978.47
7.12626447048 1412751979.74
7.13349581136 1412751981.02
7.1738189264 1412751982.3
7.18727219258 1412751983.6
7.15499221077 1412751984.88
7.1011364646 1412751986.17
7.12390930098 1412751987.44
7.07623744891 1412751988.71
