12.6336266861 1412737369.59
14.4528429666 1412737370.68
15.6058711691 1412737371.66
16.5686007256 1412737372.71
17.4277800643 1412737373.7
18.0986310044 1412737374.69
18.6973144842 1412737375.64
19.2996884998 1412737376.62
19.7734906764 1412737377.6
19.7968301192 1412737378.57
19.5779614814 1412737379.54
19.4880776552 1412737380.52
19.2875108891 1412737381.46
19.4394893932 1412737382.44
19.2272047425 1412737383.37
18.8598376149 1412737384.31
18.8880567137 1412737385.24
19.0005246575 1412737386.2
19.1404767632 1412737387.18
19.1166339909 1412737388.14
18.6875248817 1412737389.08
18.1944717025 1412737390.02
17.7455537879 1412737390.94
17.3556062347 1412737391.85
16.8743918049 1412737392.78
16.5585962572 1412737393.71
16.2724149837 1412737394.63
15.9999886352 1412737395.57
15.8568537549 1412737396.49
15.7731824442 1412737397.41
15.73790531 1412737398.34
15.7838387923 1412737399.25
15.3294845268 1412737400.18
15.4788993989 1412737401.11
15.0264037323 1412737402.05
15.2531581537 1412737402.96
14.7570604373 1412737403.87
15.0817572344 1412737404.79
14.4393745374 1412737405.71
15.0226854715 1412737406.6
14.032182357 1412737407.5
14.7656350097 1412737408.46
13.2431426005 1412737409.36
11.5960896167 1412737410.33
12.4033955131 1412737411.25
11.145519463 1412737412.18
11.816615088 1412737413.11
10.9589061639 1412737414.02
11.4664260002 1412737414.96
10.6378802706 1412737415.89
10.9788935066 1412737416.82
10.3535954661 1412737417.73
10.5345017139 1412737418.65
10.4621148857 1412737419.55
10.3883546536 1412737420.5
9.93472707021 1412737421.78
9.95166685236 1412737422.78
9.65160196489 1412737423.72
9.38801265336 1412737424.63
9.29060235939 1412737425.54
9.04908785694 1412737426.45
9.0379259968 1412737427.37
8.73993493325 1412737428.24
8.77946243064 1412737429.19
8.50044180445 1412737430.15
8.46971984459 1412737431.05
8.21800168834 1412737431.98
8.17122039336 1412737432.87
8.17334694166 1412737433.76
7.96375728516 1412737434.73
7.94459241707 1412737435.66
7.77267569188 1412737436.57
7.78108957442 1412737437.52
7.65021018899 1412737438.46
7.6362603773 1412737439.37
7.4201487539 1412737440.28
7.46103366994 1412737441.17
7.33845253105 1412737442.11
7.32601717469 1412737443.01
7.31737177575 1412737443.94
7.15824900384 1412737444.86
7.08603810348 1412737445.79
7.00915201468 1412737446.77
7.00211960563 1412737447.68
6.84816218153 1412737448.64
6.86451160127 1412737449.58
6.75575170247 1412737450.52
6.71714082358 1412737451.45
6.58880357684 1412737452.35
6.57141561494 1412737453.26
6.55878033716 1412737454.18
6.55436503502 1412737455.12
6.46490916926 1412737456.04
6.46725084035 1412737456.96
6.39089826532 1412737457.9
6.37677748076 1412737458.78
6.28743472889 1412737459.75
6.2788051803 1412737460.69
6.23823150514 1412737461.63
6.20611905481 1412737462.61
6.15276875229 1412737463.54
6.09899406117 1412737464.42
6.07586807518 1412737465.33
6.02613710219 1412737466.2
5.97518577113 1412737467.16
5.90034117841 1412737468.08
5.92225992144 1412737469.02
5.91153814255 1412737469.96
5.85727668748 1412737470.9
5.85040429569 1412737471.84
5.83167308583 1412737472.77
5.80483818684 1412737473.73
5.7401577312 1412737474.64
5.70836533816 1412737475.59
5.66888016545 1412737476.48
5.6399972362 1412737477.42
5.59080292737 1412737478.38
5.57092408145 1412737479.32
5.506654469 1412737480.23
5.4918904728 1412737481.13
5.45564702911 1412737482.07
5.47820299025 1412737483.02
5.47935377444 1412737483.96
5.40602364202 1412737484.88
5.41129381303 1412737485.8
5.3781420593 1412737486.72
5.39559842696 1412737487.68
5.43867238682 1412737488.61
5.37392558313 1412737489.56
5.40272804689 1412737490.47
5.34301048355 1412737491.42
5.36597157325 1412737492.34
5.39152223699 1412737493.28
5.3215003476 1412737494.24
5.36952977118 1412737495.17
5.39950408098 1412737496.12
5.33481463222 1412737497.06
5.27592102093 1412737497.98
5.23343910687 1412737498.9
5.17672654864 1412737499.82
5.20504678875 1412737500.76
5.14712021572 1412737501.69
5.17086712843 1412737502.62
5.11173066066 1412737503.53
5.15512850458 1412737504.45
5.09618693 1412737505.35
5.03494061178 1412737506.29
5.06491545666 1412737507.21
5.01015584325 1412737508.17
5.03005291128 1412737509.11
4.98654291682 1412737509.98
5.00263742093 1412737510.9
5.02220316366 1412737511.8
4.97219287656 1412737512.72
5.01811244358 1412737513.62
4.96255760242 1412737514.52
4.91907509544 1412737515.46
4.94676932904 1412737516.37
4.89360600488 1412737517.28
4.89506319492 1412737518.2
4.87216072635 1412737519.1
4.87110754548 1412737520.01
4.8184033078 1412737520.97
4.84308823811 1412737521.9
4.79061857725 1412737522.83
4.80887963129 1412737523.73
4.75827054408 1412737524.63
4.77862642169 1412737525.54
4.72916396616 1412737526.46
4.74723073284 1412737527.35
4.76118283542 1412737528.25
4.72655667733 1412737529.21
4.67707087485 1412737530.09
4.69357689067 1412737531.02
4.6459780624 1412737531.94
4.66333277109 1412737532.87
4.61674942426 1412737533.77
4.63009368855 1412737534.68
4.6203374371 1412737535.57
4.59602740557 1412737536.53
4.55394024079 1412737537.45
4.55675646024 1412737538.36
4.56795623549 1412737539.34
4.52627441828 1412737540.3
4.54291938681 1412737541.23
4.50378060856 1412737542.18
4.51768784649 1412737543.11
4.47876345452 1412737544.09
4.49192347147 1412737545.03
4.45484395362 1412737545.97
4.40159900723 1412737546.92
4.41501556288 1412737547.85
4.36623128595 1412737548.79
4.38844202696 1412737549.77
4.41052941136 1412737550.72
4.37647891002 1412737551.67
4.33737660137 1412737552.63
4.34959286973 1412737553.57
4.3001675764 1412737554.54
4.32442445712 1412737555.45
