8.23476584975 1412745207.8
8.64969313147 1412745209.3
8.79033068302 1412745210.8
8.84708113247 1412745212.26
8.91862031208 1412745213.75
9.03547352474 1412745215.14
9.20795160339 1412745216.53
9.33861240017 1412745217.96
9.37109732069 1412745219.37
9.51385329299 1412745220.77
9.68194463655 1412745222.18
9.91129808839 1412745223.65
10.080618259 1412745225.03
10.3088217525 1412745226.37
10.5357693798 1412745227.76
10.808545403 1412745229.14
10.959668512 1412745230.49
11.0998406372 1412745231.9
11.2709671633 1412745233.25
11.3988225192 1412745234.65
11.5003470689 1412745236.03
11.492646145 1412745237.44
11.5389624074 1412745238.83
11.5689717769 1412745240.24
11.4205221987 1412745241.62
11.4102911305 1412745242.99
11.308437918 1412745244.35
11.2379731376 1412745245.7
11.2105068819 1412745247.08
11.1459873609 1412745248.48
11.1447608686 1412745249.79
11.0839345238 1412745251.09
11.0262830622 1412745252.41
11.0308874687 1412745253.72
11.0415558332 1412745255.05
10.9636854037 1412745256.39
10.926013508 1412745257.77
10.8884697182 1412745259.12
10.7409119233 1412745260.43
10.6610478956 1412745261.77
10.6183946984 1412745263.15
10.5789462245 1412745264.51
10.6155120386 1412745265.89
10.5988953437 1412745267.27
10.6444369734 1412745268.6
10.6169869926 1412745269.92
10.5718941861 1412745271.26
10.5722620638 1412745272.6
10.4711299875 1412745273.94
10.2011631153 1412745275.3
9.87827550694 1412745276.65
9.73937510936 1412745277.99
9.86188935978 1412745279.34
9.73917197223 1412745280.64
9.90645699916 1412745282.01
9.79762333904 1412745283.41
9.86260532097 1412745284.73
9.82255391237 1412745286.1
9.84687445174 1412745287.42
9.84754843978 1412745288.77
9.86733223257 1412745290.08
9.87224632083 1412745291.41
9.85860922959 1412745292.72
9.89261389952 1412745294.08
9.87068188456 1412745295.37
9.85369989772 1412745296.71
9.83551791393 1412745298.08
9.78071123909 1412745299.46
9.68402982198 1412745300.81
9.57790424757 1412745302.15
9.4417618118 1412745303.5
9.35189825811 1412745304.82
9.2579302407 1412745306.2
9.202057527 1412745307.55
9.1359639892 1412745308.89
9.10375838303 1412745310.26
9.04927466803 1412745311.59
8.99664552666 1412745312.97
8.97043066263 1412745314.3
8.95921354502 1412745315.64
8.93311800981 1412745316.99
8.89777476553 1412745318.32
8.87818894381 1412745319.68
8.87941257764 1412745321.1
8.86972067554 1412745322.43
8.85367625104 1412745323.78
8.83753707857 1412745325.16
8.78349364621 1412745326.54
8.79214471233 1412745327.88
8.78989518171 1412745329.29
8.76880061244 1412745330.68
8.74113873895 1412745332.04
8.74161279421 1412745333.4
8.7520355317 1412745334.77
8.76696524137 1412745336.12
8.72277691803 1412745337.5
8.71257624286 1412745338.9
8.73602228317 1412745340.28
8.70613024048 1412745341.69
8.64007683163 1412745343.1
8.6183385247 1412745344.48
8.60394574103 1412745345.87
8.58903265484 1412745347.26
8.53521273726 1412745348.69
8.51520984882 1412745350.12
8.48656298278 1412745351.54
8.44915243685 1412745352.92
8.44114731515 1412745354.3
8.43198864705 1412745355.67
8.40875569764 1412745357.05
8.35221509649 1412745358.44
8.30947268449 1412745359.87
8.28623112587 1412745361.32
8.29019228765 1412745362.68
8.28317733042 1412745364.09
8.28165067471 1412745365.53
8.28718666797 1412745367.01
8.27690393117 1412745368.46
8.23886307413 1412745369.93
8.21893063582 1412745371.39
8.23305281797 1412745372.81
8.23997941526 1412745374.28
8.21856706217 1412745375.77
8.22087142058 1412745377.24
8.21160751778 1412745378.65
8.21738979181 1412745380.08
8.21232514335 1412745381.56
8.21442269653 1412745383.03
8.20082022869 1412745384.48
8.18797396781 1412745385.96
8.19834029662 1412745387.45
8.19573285891 1412745388.93
8.21440389214 1412745390.36
8.22476594052 1412745391.88
8.22932404965 1412745393.41
8.20397420109 1412745394.89
8.17861155519 1412745396.36
8.17577133706 1412745397.81
8.19403991532 1412745399.25
8.16497197011 1412745400.71
8.16237928059 1412745402.18
8.17541381956 1412745403.67
8.16316537294 1412745405.12
8.147266856 1412745406.58
8.15381618848 1412745408.07
8.15731128177 1412745409.58
8.16425774335 1412745411.06
8.18114517705 1412745412.58
8.16073860259 1412745414.04
8.16163250647 1412745415.59
8.17283079408 1412745417.18
8.16809730562 1412745418.73
8.15510389596 1412745420.28
8.15556559406 1412745421.84
8.16515578075 1412745423.37
8.1426452857 1412745424.92
8.14878105782 1412745426.46
8.15550104066 1412745427.99
8.13998948975 1412745429.53
8.15818048246 1412745431.04
8.14651180311 1412745432.61
8.13346806904 1412745434.2
8.1448533845 1412745435.78
8.12886350561 1412745437.29
8.11720211486 1412745438.86
8.12303472868 1412745440.39
8.1262774432 1412745441.92
8.11860531941 1412745443.44
8.11374830839 1412745444.95
8.11122303766 1412745446.49
8.10175848942 1412745448.02
8.0749495192 1412745449.51
8.0786284242 1412745451.08
8.05789507288 1412745452.56
8.06194448487 1412745454.06
8.05063087646 1412745455.64
8.04683435327 1412745457.15
8.05643389263 1412745458.66
8.04636918106 1412745460.22
8.05602570269 1412745461.8
8.04345122514 1412745463.3
8.05930763903 1412745464.83
8.04731083625 1412745466.35
8.04760967259 1412745467.83
8.02172166496 1412745469.35
8.01994607539 1412745470.88
8.01679201959 1412745472.4
8.01277536521 1412745473.95
7.98076114488 1412745475.42
7.98916075988 1412745476.94
7.99836083052 1412745478.42
7.97901720714 1412745479.9
7.9738202155 1412745481.38
7.96070464121 1412745482.93
7.94373569692 1412745484.44
7.9378123579 1412745486.05
7.93251009804 1412745487.59
7.93997367531 1412745489.14
7.96883559772 1412745490.73
7.96510036075 1412745492.29
