6.67792710514 1412721583.67
6.53628113015 1412721583.75
6.51502942913 1412721583.85
6.44081239917 1412721583.93
6.5850481908 1412721584.03
6.75507494187 1412721584.12
6.65539408168 1412721584.22
6.72852749977 1412721584.32
6.88140181897 1412721584.41
6.97348949428 1412721584.49
7.04498525141 1412721584.6
7.0960842424 1412721584.7
7.30626778267 1412721584.78
7.38036347516 1412721584.87
7.63681250589 1412721584.96
7.83162456728 1412721585.05
7.86919907073 1412721585.13
8.05267391567 1412721585.24
8.24191227384 1412721585.37
8.36305271711 1412721585.45
8.5570409303 1412721585.55
8.72322930622 1412721585.64
8.88787968754 1412721585.72
9.06068018105 1412721585.81
9.21278223161 1412721585.88
9.35228367306 1412721586.0
9.50015301518 1412721586.09
9.61026546325 1412721586.16
9.73875625612 1412721586.23
9.74622827813 1412721586.33
9.80942350119 1412721586.44
9.86594338812 1412721586.52
9.99345302909 1412721586.62
10.0577232283 1412721586.71
9.95234682888 1412721586.8
9.91764148501 1412721586.87
9.93217664466 1412721586.95
9.91252116997 1412721587.03
9.88396792257 1412721587.11
9.89547720477 1412721587.19
9.872310228 1412721587.27
9.89082683436 1412721587.37
9.86605588647 1412721587.46
9.7876727694 1412721587.55
9.8051721377 1412721587.63
9.81649914536 1412721587.71
9.78769583769 1412721587.8
9.69558965475 1412721587.9
9.69695568537 1412721587.98
9.67633334317 1412721588.08
9.65574456358 1412721588.16
9.66106867463 1412721588.25
9.64355496439 1412721588.35
9.65116865646 1412721588.44
9.66181778965 1412721588.53
9.66868472747 1412721588.61
9.62433365593 1412721588.69
9.63047045193 1412721588.78
9.61335921523 1412721588.89
9.59630523581 1412721588.97
9.56579644488 1412721589.07
9.54963192341 1412721589.16
9.55366753519 1412721589.25
9.56950496455 1412721589.35
9.57330600411 1412721589.51
9.55846333193 1412721589.65
9.54369561564 1412721589.79
9.54685910449 1412721589.91
9.53275147717 1412721590.03
9.53556450794 1412721590.13
9.51601748925 1412721590.22
9.49423765008 1412721590.31
9.4538521531 1412721590.4
9.43270495972 1412721590.49
9.35823821334 1412721590.56
9.22483628085 1412721590.64
9.20199008699 1412721590.74
9.17936018227 1412721590.82
9.15685006249 1412721590.9
9.13451849229 1412721590.99
9.0993970228 1412721591.07
9.07730548825 1412721591.17
9.01659108078 1412721591.25
8.92837879788 1412721591.37
8.90790839658 1412721591.46
8.86994267037 1412721591.54
8.84917360993 1412721591.63
8.83442137904 1412721591.73
8.81505900612 1412721591.82
8.79602399416 1412721591.9
8.70917353627 1412721591.98
8.68890713739 1412721592.06
8.66904483367 1412721592.13
8.62355493424 1412721592.23
8.49912660052 1412721592.33
8.48122324862 1412721592.4
8.46068532056 1412721592.48
8.30574771668 1412721592.55
8.28623229425 1412721592.65
8.35872025632 1412721592.75
8.34163438657 1412721592.84
8.32498290277 1412721592.92
8.29490771905 1412721593.02
8.27911172878 1412721593.1
8.26378434388 1412721593.19
8.15639766835 1412721593.28
8.15983084888 1412721593.39
8.09257243405 1412721593.48
8.09157331235 1412721593.57
8.080105949 1412721593.66
8.06894395145 1412721593.74
8.05816036831 1412721593.84
8.04958020529 1412721593.91
8.03970267172 1412721594.02
7.99175357424 1412721594.14
7.96953195952 1412721594.22
7.9603632196 1412721594.35
7.95155089748 1412721594.46
7.85382034803 1412721594.56
7.8461124424 1412721594.67
7.83873969013 1412721594.77
7.8317764468 1412721594.88
7.82508278201 1412721594.99
7.79070205347 1412721595.09
7.78472910591 1412721595.19
7.7609465202 1412721595.32
7.69306124799 1412721595.42
7.67105959231 1412721595.52
7.64352062631 1412721595.62
7.62061333763 1412721595.74
7.59710582477 1412721595.84
7.56976688626 1412721595.94
7.58677452158 1412721596.07
7.58100978037 1412721596.17
7.5063560083 1412721596.29
7.5012819607 1412721596.4
7.49660805911 1412721596.49
7.49212373843 1412721596.59
7.48802378664 1412721596.68
7.46946781789 1412721596.77
7.45052581682 1412721596.88
7.45357744867 1412721596.97
7.43506433383 1412721597.05
7.41614914507 1412721597.15
7.41242664037 1412721597.26
7.39351841495 1412721597.38
7.37408745829 1412721597.48
7.35429111917 1412721597.57
7.35074556826 1412721597.67
7.33084727105 1412721597.78
7.28313919728 1412721597.89
7.29125725379 1412721597.99
7.27232144696 1412721598.1
7.20593750197 1412721598.2
7.2039650107 1412721598.3
7.20226171879 1412721598.39
7.18586027938 1412721598.49
7.18287802817 1412721598.59
7.16643167624 1412721598.69
7.14965563455 1412721598.78
7.14683756852 1412721598.88
7.12994406579 1412721598.99
7.12733375843 1412721599.1
7.11040022347 1412721599.22
7.1080410331 1412721599.35
7.0853169611 1412721599.47
7.06627660367 1412721599.58
7.04674686617 1412721599.67
7.04469696388 1412721599.79
7.02511980575 1412721599.89
7.02339201636 1412721599.99
7.00373875731 1412721600.07
7.00225593663 1412721600.2
7.02638926097 1412721600.32
7.03475650952 1412721600.43
7.01501285627 1412721600.5
6.92244953053 1412721600.59
6.8983930155 1412721600.67
6.89503300887 1412721600.76
6.88764190009 1412721600.84
6.86750262494 1412721600.92
6.84687342582 1412721601.02
6.84527431641 1412721601.1
6.82454891385 1412721601.21
6.82330864347 1412721601.28
6.80253819538 1412721601.35
6.80153800536 1412721601.44
6.78386026208 1412721601.52
6.78323994128 1412721601.6
6.76223692523 1412721601.69
6.76925620186 1412721601.78
6.74882991133 1412721601.86
6.74871723822 1412721601.95
6.72826779745 1412721602.02
6.72848042086 1412721602.12
6.707957531 1412721602.2
6.70850359925 1412721602.31
6.68798899812 1412721602.4
6.68893284702 1412721602.47
6.66832974588 1412721602.55
