6.82809755746 1412722663.0
7.27910076407 1412722663.19
7.35795569008 1412722663.3
7.1586383564 1412722663.43
7.1863833491 1412722663.55
7.06857331526 1412722663.68
6.99322058149 1412722663.84
6.76739064007 1412722663.97
6.83821606058 1412722664.08
6.9284988176 1412722664.25
7.22201032173 1412722664.38
7.41411727554 1412722664.49
7.64262771552 1412722664.59
7.67865786094 1412722664.7
7.72803528457 1412722664.8
7.69765897834 1412722664.9
7.69020174483 1412722665.02
7.76609160678 1412722665.15
7.70780258747 1412722665.3
7.7641209403 1412722665.43
7.74413579567 1412722665.55
7.67231326747 1412722665.71
7.57495251607 1412722665.83
7.56372663109 1412722665.93
7.68022402695 1412722666.04
7.76123687825 1412722666.15
8.06305191181 1412722666.27
8.22898979534 1412722666.39
8.20350794119 1412722666.48
8.19085383026 1412722666.64
8.05453289898 1412722666.78
8.07586174809 1412722666.9
8.06104367322 1412722667.0
8.05170831884 1412722667.14
8.11621800218 1412722667.24
8.13895970891 1412722667.35
8.18524767737 1412722667.51
8.20136956549 1412722667.64
8.21171960717 1412722667.74
8.14558010651 1412722667.85
8.14888435047 1412722667.96
8.14938480444 1412722668.05
8.1603715948 1412722668.15
8.15686186337 1412722668.27
8.15085011891 1412722668.44
8.13553358813 1412722668.57
8.12411075746 1412722668.68
8.11128856991 1412722668.78
8.09598373004 1412722668.91
8.08855623379 1412722669.06
8.06977243421 1412722669.17
8.05000126075 1412722669.31
8.02979853345 1412722669.44
8.00840665065 1412722669.55
7.94278453262 1412722669.67
7.91918512489 1412722669.79
7.89347541 1412722669.91
7.86742429777 1412722670.02
7.84092980216 1412722670.15
7.69293343048 1412722670.28
7.67486045046 1412722670.39
7.62915709318 1412722670.53
7.60507591196 1412722670.69
7.59296664318 1412722670.8
7.56925973627 1412722670.94
7.54518636815 1412722671.05
7.59746827139 1412722671.18
7.51749100509 1412722671.3
7.45527431071 1412722671.44
7.43256792729 1412722671.59
7.30708837804 1412722671.71
7.28666227547 1412722671.83
7.26633719147 1412722671.96
7.27114967852 1412722672.08
7.22644149487 1412722672.18
7.20478897827 1412722672.3
7.18308194779 1412722672.43
7.16135507281 1412722672.56
7.19455532736 1412722672.68
7.18739290488 1412722672.8
7.20604440748 1412722672.91
7.17215946658 1412722673.04
7.15108607252 1412722673.14
7.1277518851 1412722673.24
7.0415311226 1412722673.35
7.05477057689 1412722673.46
7.02939051891 1412722673.58
7.0606746162 1412722673.68
7.03340951205 1412722673.81
7.00738115023 1412722673.96
6.92795683457 1412722674.06
6.90310024705 1412722674.17
6.87213933834 1412722674.27
6.76204171481 1412722674.39
6.73040788222 1412722674.5
6.84620765585 1412722674.66
6.81813823709 1412722674.77
6.84219651389 1412722674.91
6.81445314642 1412722675.01
6.78684968794 1412722675.12
6.80562389947 1412722675.25
6.84894186473 1412722675.35
6.81848118909 1412722675.47
6.78830848917 1412722675.59
6.79207831038 1412722675.71
6.77629529893 1412722675.82
6.76055746036 1412722675.92
7.01466225869 1412722676.01
7.03128345622 1412722676.11
7.02168546427 1412722676.24
7.00879685077 1412722676.46
7.04733209218 1412722676.63
7.21120938223 1412722676.85
7.20789004936 1412722676.98
7.18061790436 1412722677.16
7.1696719551 1412722677.28
7.15933391421 1412722677.41
7.12872426012 1412722677.51
7.25204016572 1412722677.63
7.24695107097 1412722677.74
7.23385442323 1412722677.85
7.2370537247 1412722677.96
7.2668493808 1412722678.09
7.30105614172 1412722678.18
7.29550908996 1412722678.29
7.318218169 1412722678.39
7.33263457104 1412722678.49
7.36607693455 1412722678.61
7.37822275997 1412722678.75
7.36115460214 1412722678.88
7.37820682552 1412722678.98
7.37166955164 1412722679.09
7.50778587861 1412722679.19
7.5308514818 1412722679.33
7.54100573683 1412722679.43
7.59574895526 1412722679.54
7.58105582178 1412722679.64
7.58569138151 1412722679.76
7.61620820423 1412722679.86
7.59911471973 1412722679.98
7.62263241081 1412722680.09
7.61477502829 1412722680.2
7.56794752074 1412722680.31
7.59682331763 1412722680.44
7.54917951149 1412722680.56
7.57962896314 1412722680.68
7.62352657793 1412722680.79
7.56735719231 1412722680.88
7.60344135853 1412722680.98
7.74069591753 1412722681.1
7.79528378419 1412722681.21
7.80257303986 1412722681.33
7.74032546059 1412722681.49
7.78258828242 1412722681.61
7.71994404305 1412722681.76
7.80244843662 1412722681.9
7.75415611989 1412722682.0
7.80134347814 1412722682.13
7.85071974617 1412722682.25
7.79096493329 1412722682.38
7.75130115815 1412722682.49
7.92023599827 1412722682.61
7.86253070687 1412722682.72
7.89969948245 1412722682.83
7.83346315773 1412722682.96
7.89705518322 1412722683.09
7.82816649777 1412722683.22
7.89431276364 1412722683.34
7.82617278492 1412722683.47
8.05686035236 1412722683.61
8.03574871494 1412722683.74
8.11134819521 1412722683.84
8.04262333664 1412722683.96
8.10679004502 1412722684.1
8.03957914847 1412722684.25
8.09897146607 1412722684.37
8.03297078016 1412722684.49
7.97286651106 1412722684.59
8.0660262377 1412722684.7
7.98562580184 1412722684.81
8.06981008123 1412722684.93
8.00305901034 1412722685.05
8.08806542028 1412722685.15
8.02301155453 1412722685.26
8.19502297714 1412722685.38
8.13651413102 1412722685.47
8.22636633377 1412722685.64
8.17013954718 1412722685.77
8.25572299852 1412722685.89
8.2007093742 1412722686.01
8.08029683677 1412722686.14
8.16876845327 1412722686.24
8.28696276241 1412722686.33
8.21365335743 1412722686.45
8.16512509797 1412722686.59
8.25282285358 1412722686.71
8.20658840027 1412722686.81
8.3041483416 1412722686.94
8.25837066022 1412722687.12
8.24782421664 1412722687.24
