71.3792049528 1412723104.7
68.3273946664 1412723105.01
67.62694503 1412723105.3
68.1562854248 1412723105.62
68.1099831213 1412723105.96
69.0552715923 1412723106.29
70.8350355562 1412723106.59
69.8612594449 1412723106.89
70.4955910919 1412723107.22
70.1131728834 1412723107.51
69.769624693 1412723107.84
70.6050723986 1412723108.15
70.5661081483 1412723108.47
70.2454796945 1412723108.8
70.9668858171 1412723109.1
71.7707640476 1412723109.4
70.562369733 1412723109.74
70.7314948413 1412723110.14
70.9054604324 1412723110.48
70.4638475428 1412723110.84
71.386153372 1412723111.2
71.2270963194 1412723111.51
71.8971876437 1412723111.87
71.0040332637 1412723112.22
70.8933949211 1412723112.54
70.6786169714 1412723112.91
70.2622011939 1412723113.24
70.6165455709 1412723113.6
70.4952411244 1412723113.95
70.402243197 1412723114.31
70.2649633394 1412723114.69
70.0475292729 1412723115.08
70.2895067763 1412723115.43
69.9077273938 1412723115.82
70.1381943018 1412723116.19
70.4795817258 1412723116.55
70.4824330242 1412723116.91
70.6352398025 1412723117.32
70.6350432808 1412723117.86
70.7229134243 1412723118.25
70.8195357481 1412723118.61
70.8947111548 1412723119.0
70.9601889968 1412723119.39
71.0235416233 1412723119.73
71.0645796832 1412723120.12
70.9941378983 1412723120.51
71.2400678602 1412723120.9
71.3229857181 1412723121.32
71.0734515157 1412723121.72
71.0953670997 1412723122.06
71.1194751319 1412723122.47
70.9909480922 1412723122.9
71.2444544993 1412723123.25
71.2860778881 1412723123.61
71.1196420528 1412723123.97
71.1458356795 1412723124.32
71.0939093824 1412723124.65
71.1155289251 1412723125.02
70.9984850188 1412723125.4
71.0159826871 1412723125.75
71.2897695134 1412723126.14
71.3172405748 1412723126.57
71.313074372 1412723126.92
71.3838831002 1412723127.27
71.3917823832 1412723127.63
71.4624375534 1412723127.99
71.2629954135 1412723128.34
71.2215804883 1412723128.71
71.231508775 1412723129.1
71.1791086979 1412723129.48
71.2287125123 1412723129.89
71.2380623183 1412723130.26
71.1830685339 1412723130.61
71.1464187836 1412723131.0
71.1400543813 1412723131.34
71.118892463 1412723131.75
71.1137643051 1412723132.13
70.9962932284 1412723132.49
70.9253146286 1412723132.86
71.0189215562 1412723133.22
70.9902549441 1412723133.58
71.1185526166 1412723133.94
70.8988668069 1412723134.28
70.7974689156 1412723134.64
70.8230225131 1412723135.0
70.9581852127 1412723135.36
70.8440351196 1412723135.73
70.8757697179 1412723136.09
70.9103472192 1412723136.44
70.8690043096 1412723136.79
70.9920327992 1412723137.12
71.0034445998 1412723137.48
70.9605385883 1412723137.84
71.0881970219 1412723138.2
71.0429817183 1412723138.56
71.1637612901 1412723138.92
71.1840886272 1412723139.35
71.1325105305 1412723139.76
71.1548285264 1412723140.16
71.1881453236 1412723140.55
71.1647828328 1412723140.87
71.110809612 1412723141.25
71.1615637744 1412723141.59
71.1595881173 1412723141.93
71.1658432179 1412723142.28
71.1758099921 1412723142.63
71.184750213 1412723142.96
71.0946724076 1412723143.28
70.9236970277 1412723143.64
70.957257976 1412723144.02
71.0195648405 1412723144.41
71.140949489 1412723144.78
71.1678416142 1412723145.13
71.1167222592 1412723145.48
71.0192228608 1412723145.84
71.0753263701 1412723146.19
71.3076737013 1412723146.57
71.2777678547 1412723146.91
71.3400413206 1412723147.26
71.3754669289 1412723147.61
71.268945512 1412723147.94
71.3408344978 1412723148.31
71.2062108168 1412723148.85
71.3035937962 1412723149.27
71.5681315787 1412723149.6
71.6532798196 1412723149.96
71.8168794414 1412723150.33
72.0071835319 1412723150.68
72.0563744229 1412723151.05
72.4388749462 1412723151.41
72.4346932451 1412723151.77
72.5559925356 1412723152.15
72.8142069018 1412723152.54
72.9243204048 1412723152.92
73.1195181248 1412723153.21
73.4207042596 1412723153.59
73.7414255239 1412723153.91
73.7732401602 1412723154.32
74.4566406571 1412723154.68
74.7166972757 1412723155.02
75.3037787221 1412723155.4
75.6487921292 1412723155.77
76.2161400906 1412723156.13
76.7452435636 1412723156.48
76.9571828224 1412723156.82
77.6808112526 1412723157.11
78.0182771714 1412723157.43
78.1001133436 1412723157.76
78.5775129713 1412723158.1
79.1628490874 1412723158.45
79.4037366481 1412723158.79
80.1879341376 1412723159.15
80.3471969537 1412723159.48
80.605927747 1412723159.84
80.8808500915 1412723160.18
81.0381515761 1412723160.5
82.0062573052 1412723160.83
82.2085789223 1412723161.12
82.2705045005 1412723161.44
82.4036464953 1412723161.74
82.6054316492 1412723162.04
82.696392111 1412723162.35
82.8850417438 1412723162.68
82.8289445459 1412723163.01
83.1390207076 1412723163.34
83.1253785194 1412723163.67
83.352927999 1412723163.98
83.1519808018 1412723164.29
83.2601262672 1412723164.61
83.8212693923 1412723164.97
83.8509478034 1412723165.3
84.036195743 1412723165.65
84.2480520909 1412723166.01
84.19829454 1412723166.36
84.3026583324 1412723166.73
84.7295418099 1412723167.09
85.1362920484 1412723167.45
85.0514805669 1412723167.83
85.2915973125 1412723168.22
85.4002288426 1412723168.65
85.6100285894 1412723169.04
85.9468947585 1412723169.44
86.2130623172 1412723169.83
86.4469721241 1412723170.24
86.6712017722 1412723170.69
86.8078004157 1412723171.04
86.9850382224 1412723171.46
87.1152970089 1412723171.88
87.5019762426 1412723172.29
87.6958851773 1412723172.72
87.5489307347 1412723173.15
87.7740130616 1412723173.57
87.910756095 1412723174.0
88.1206660536 1412723174.38
87.7547846232 1412723174.76
87.7377839752 1412723175.15
88.18215876 1412723175.56
87.9621768055 1412723175.97
88.472286511 1412723176.38
88.8699002966 1412723176.81
