46.5443699307 1412723412.5
45.1848332086 1412723412.78
44.0382183702 1412723413.05
43.5311434681 1412723413.32
43.2249588157 1412723413.63
43.1577635235 1412723413.87
43.2923609962 1412723414.14
43.2414020931 1412723414.39
43.012515684 1412723414.67
42.8457394761 1412723414.92
42.2897231272 1412723415.17
40.1267247015 1412723415.44
37.8677603752 1412723415.68
36.3188880367 1412723415.93
35.7169832964 1412723416.19
35.6778824896 1412723416.49
35.5739917429 1412723416.75
35.6994023906 1412723417.05
35.4867041586 1412723417.29
35.299181205 1412723417.53
35.2953354094 1412723417.76
35.0946095273 1412723418.02
34.9399068627 1412723418.28
35.0238576321 1412723418.54
35.108949426 1412723418.82
35.0734206815 1412723419.1
34.9674437489 1412723419.38
35.3100506284 1412723419.68
35.6866467025 1412723419.95
35.7175159361 1412723420.23
35.8592742469 1412723420.51
36.0377438808 1412723420.8
36.0583912945 1412723421.07
36.2968065154 1412723421.35
36.127773692 1412723421.64
36.3008698348 1412723421.93
36.3427716375 1412723422.22
36.3464303591 1412723422.5
36.4290487699 1412723422.78
36.7253561853 1412723423.09
36.9208555481 1412723423.37
37.048009058 1412723423.67
37.050181871 1412723423.99
37.1916462314 1412723424.31
37.5270907218 1412723424.66
37.6499033954 1412723425.02
37.9289888978 1412723425.34
37.8020162431 1412723425.71
38.0714045903 1412723426.02
38.0591902901 1412723426.35
38.2624231027 1412723426.7
38.1715124352 1412723427.04
37.7870474066 1412723427.35
37.990837567 1412723427.66
37.6909138055 1412723428.0
37.6483795359 1412723428.34
37.4738350234 1412723428.73
37.8467333798 1412723429.07
37.7130363294 1412723429.39
37.8398002037 1412723429.71
38.0825928771 1412723430.09
38.1910982374 1412723430.43
38.2871256119 1412723430.73
38.3958503026 1412723431.04
38.5004742018 1412723431.38
38.6657094444 1412723431.67
38.8158023129 1412723431.97
38.6771617359 1412723432.28
38.8364531729 1412723432.59
38.9054367199 1412723432.88
39.2170455327 1412723433.16
39.2703036694 1412723433.45
39.1757471469 1412723433.79
38.8395138268 1412723434.11
38.893944237 1412723434.37
39.0584610418 1412723434.74
39.1277965265 1412723435.05
39.117954811 1412723435.41
39.1752756574 1412723435.72
38.8788931029 1412723436.0
38.9961386997 1412723436.28
38.8927089006 1412723436.56
38.8766358782 1412723436.83
38.8926825499 1412723437.12
38.9297926076 1412723437.39
38.9495851055 1412723437.67
38.9709585444 1412723437.94
38.993799355 1412723438.2
38.8806036813 1412723438.5
38.9214765875 1412723438.79
38.9363554991 1412723439.1
39.133107381 1412723439.38
39.178766404 1412723439.69
39.1284915351 1412723439.96
39.1300071917 1412723440.23
39.1375202586 1412723440.53
39.1586774727 1412723440.81
39.1808119446 1412723441.06
39.2110073199 1412723441.37
39.2352763204 1412723441.65
39.2062071692 1412723441.95
39.2782134756 1412723442.23
39.3066825054 1412723442.55
39.4000579319 1412723442.83
39.4045285137 1412723443.13
39.6632379205 1412723443.43
39.5198445549 1412723443.74
39.6038530352 1412723444.04
39.4552650701 1412723444.34
39.5116568582 1412723444.65
39.5801368485 1412723444.98
39.4994768102 1412723445.28
39.5920992646 1412723445.6
39.6474701175 1412723445.9
39.5585344951 1412723446.21
39.7652078955 1412723446.52
39.7544588758 1412723446.88
39.8141046659 1412723447.22
39.9128615206 1412723447.5
40.0134646099 1412723447.83
40.007964409 1412723448.16
40.0666544083 1412723448.49
39.4192818095 1412723448.81
39.4874281229 1412723449.15
39.5224855315 1412723449.5
39.593364655 1412723449.83
39.6651432716 1412723450.18
39.7544354181 1412723450.51
39.8373764461 1412723450.84
39.7712903141 1412723451.17
39.6421491159 1412723451.51
39.4271706984 1412723451.86
39.491255652 1412723452.24
39.4486645288 1412723452.62
39.19548375 1412723453.01
39.2490334819 1412723453.41
39.279176809 1412723453.77
39.343770466 1412723454.14
39.3816353852 1412723454.54
39.4460159162 1412723454.9
39.5462686421 1412723455.3
39.6459766309 1412723455.67
39.5261480803 1412723456.01
39.6058218531 1412723456.36
39.5016427886 1412723456.72
39.5610104289 1412723457.06
39.5012598952 1412723457.41
39.5536480658 1412723457.73
39.7459159776 1412723458.07
39.8138797992 1412723458.39
39.884744359 1412723458.72
39.807356648 1412723459.06
39.8694858818 1412723459.4
39.9334034385 1412723459.75
39.9132153441 1412723460.09
39.9679295131 1412723460.42
40.109677398 1412723460.77
40.1810053546 1412723461.13
40.2542630423 1412723461.53
40.2080867992 1412723461.9
39.8676073476 1412723462.26
40.0129483316 1412723462.59
40.0992587318 1412723462.94
40.1777244873 1412723463.31
40.8335147316 1412723463.69
40.8598020214 1412723464.08
40.9838343514 1412723464.43
40.8828603926 1412723464.81
40.9630333594 1412723465.17
40.7774999613 1412723465.56
40.7906812257 1412723465.96
40.7326840728 1412723466.34
40.7764477186 1412723466.71
40.8550657403 1412723467.09
40.8975348316 1412723467.45
40.8148075271 1412723467.81
40.8417133336 1412723468.17
40.8860703827 1412723468.55
40.9087370376 1412723468.95
40.9737348376 1412723469.31
40.9957172933 1412723469.7
41.0470459678 1412723470.07
41.0424164333 1412723470.45
41.1095164296 1412723470.83
41.1570700316 1412723471.23
41.1665245144 1412723471.61
41.177355864 1412723472.04
41.1775945372 1412723472.43
41.1798389407 1412723472.83
41.178456052 1412723473.28
41.1814400872 1412723473.72
41.1722924092 1412723474.15
41.164126665 1412723474.59
41.1724575871 1412723475.03
41.1935272297 1412723475.47
41.0967658205 1412723475.92
41.0778598445 1412723476.37
41.0335969303 1412723476.8
40.9232029219 1412723477.22
40.8948184751 1412723477.69
