21.5775386195 1412755188.8
22.8022042646 1412755190.2
23.4972620832 1412755191.56
24.040593174 1412755192.95
24.8830607754 1412755194.36
25.1955979777 1412755195.74
25.5656906117 1412755197.11
25.664342772 1412755198.49
25.1061350791 1412755200.24
24.6240896233 1412755201.63
24.4157448625 1412755203.0
26.4426525157 1412755204.38
26.4433845378 1412755205.75
23.4904426211 1412755207.11
25.7602120431 1412755208.5
21.0366895691 1412755209.85
20.5769385864 1412755211.25
22.9702093315 1412755212.64
24.61366232 1412755214.03
20.8619379091 1412755215.4
19.1514276143 1412755216.78
19.6114192992 1412755218.24
18.5294269257 1412755219.64
17.3868503942 1412755221.02
18.0410562748 1412755222.37
17.0910485497 1412755223.73
17.8352825308 1412755225.13
16.995722296 1412755226.49
17.413122294 1412755227.85
16.6880147069 1412755229.22
16.0518738258 1412755230.57
16.504934307 1412755231.91
15.8623097142 1412755233.26
16.1018192003 1412755234.63
15.7247010975 1412755235.99
15.9245563868 1412755237.37
16.1444591395 1412755238.76
15.6123151583 1412755240.21
15.8424505544 1412755241.63
15.6201310655 1412755243.03
15.6065840451 1412755244.41
15.3501626899 1412755245.82
15.0526064007 1412755247.2
15.1516897113 1412755248.62
14.930739584 1412755250.06
15.0148800721 1412755251.44
14.95178946 1412755252.85
15.2270273002 1412755254.28
14.8695512767 1412755255.64
15.0281996129 1412755257.06
15.0564416554 1412755258.44
14.7373619669 1412755259.85
15.0474548512 1412755261.22
14.8519507951 1412755262.63
14.6472227114 1412755263.99
14.7748796342 1412755265.41
14.5893866025 1412755266.77
14.6715382995 1412755268.18
14.8772589148 1412755269.56
14.6490945589 1412755270.92
14.8582059375 1412755272.34
14.683376959 1412755273.77
14.8822814951 1412755275.18
14.9373775969 1412755276.61
14.8395905013 1412755278.0
14.6853357864 1412755279.43
14.80895165 1412755280.84
14.7087235666 1412755282.29
14.7899026232 1412755283.75
14.7262512909 1412755285.22
14.8681693974 1412755286.7
14.9873399567 1412755288.13
15.1360717803 1412755289.53
15.1954290927 1412755290.96
15.2947840948 1412755292.4
15.3051124961 1412755293.88
15.2481214454 1412755295.35
15.2366460355 1412755296.82
15.2111254168 1412755298.22
15.1609911531 1412755299.67
15.1055619066 1412755301.18
14.8885818758 1412755302.61
14.8598134009 1412755304.15
14.8253726618 1412755305.61
14.7398440308 1412755307.07
14.6486530367 1412755308.56
14.6604423363 1412755310.07
14.5770026802 1412755311.56
14.4505556859 1412755313.12
14.4088059761 1412755314.66
14.3401236679 1412755316.21
14.2658683002 1412755317.71
14.2193796918 1412755319.24
14.2318431306 1412755320.77
14.1838173703 1412755322.31
14.0896348389 1412755323.83
13.9909031759 1412755325.32
13.977281189 1412755326.87
13.888588799 1412755328.36
13.8439190331 1412755329.83
13.7453233329 1412755331.41
13.7242740077 1412755332.96
13.5554512822 1412755334.48
13.4822794915 1412755336.01
13.4410295176 1412755337.51
13.3538363091 1412755339.02
13.2838462962 1412755340.55
13.2375244034 1412755342.02
13.1822217372 1412755343.56
13.1704966577 1412755345.08
13.233154987 1412755346.56
13.2768214769 1412755348.09
13.2195719936 1412755349.63
13.2265361879 1412755351.13
13.1041388244 1412755352.66
13.0619705827 1412755354.23
13.1375679791 1412755355.73
13.1519104222 1412755357.28
13.1428281243 1412755358.73
13.153927835 1412755360.19
13.1668843715 1412755361.69
13.145860708 1412755363.23
13.1233708193 1412755364.79
13.1326015681 1412755366.34
13.1390814018 1412755367.91
13.1452035302 1412755369.48
13.1615726704 1412755371.05
13.1418822326 1412755372.59
13.2434172966 1412755374.15
13.2384448323 1412755375.7
13.273616967 1412755377.26
13.2570359046 1412755378.84
13.3130510503 1412755380.43
13.2724445665 1412755382.0
13.2517621452 1412755383.6
13.237015057 1412755385.21
13.2328967277 1412755386.83
13.2324129294 1412755388.47
13.2019646101 1412755390.12
13.1926137158 1412755391.77
13.2042246772 1412755393.4
13.1758648849 1412755395.06
13.264756598 1412755396.69
13.1853149216 1412755398.35
13.2206997964 1412755399.99
13.1916904308 1412755401.6
13.1907151583 1412755403.27
13.3160194647 1412755404.91
13.3926546157 1412755406.53
13.3955457323 1412755408.11
13.4108463133 1412755409.73
13.4353367648 1412755411.34
13.452167961 1412755412.96
13.4783474039 1412755414.56
13.4811133841 1412755416.17
13.4875359952 1412755417.8
13.5025415853 1412755419.37
13.5052771176 1412755421.02
13.5031791631 1412755422.65
13.5725097941 1412755424.24
13.4864047199 1412755425.86
13.4735769358 1412755427.47
13.5035103057 1412755429.08
13.5638500495 1412755430.69
13.5711362668 1412755432.36
13.5120771256 1412755433.98
13.5559260577 1412755435.58
13.5251932462 1412755437.22
13.5567236535 1412755438.9
13.5456813417 1412755440.53
13.6308729372 1412755442.18
13.6015604784 1412755443.82
13.5607315177 1412755445.41
13.5738105439 1412755447.05
13.6270140552 1412755448.63
13.6863254121 1412755450.28
13.6768804365 1412755451.89
13.655681796 1412755453.52
13.7093579736 1412755455.13
13.7438414999 1412755456.7
13.7972358535 1412755458.29
13.797366952 1412755459.95
13.7693978084 1412755461.57
13.6696897867 1412755463.14
13.6627874924 1412755464.77
13.6262780645 1412755466.37
13.6585134783 1412755468.04
13.7131215586 1412755469.68
13.74509524 1412755471.29
13.7175656609 1412755472.94
13.6889017001 1412755474.62
13.7243349683 1412755476.25
13.6926759048 1412755477.9
13.7251179986 1412755479.53
13.7154572483 1412755481.18
13.6701255487 1412755482.91
13.5629647925 1412755484.59
13.5789580859 1412755486.32
13.5488411509 1412755488.03
13.4649731248 1412755489.74
