13.7818703685 1412725449.47
13.8100650432 1412725449.8
14.0355845321 1412725450.14
14.5740594416 1412725450.47
15.0330217288 1412725450.81
15.5170937397 1412725451.15
15.8413352629 1412725451.48
16.0390231463 1412725451.83
16.169420593 1412725452.14
16.0631174749 1412725452.46
16.2168637888 1412725452.77
16.1785112961 1412725453.08
15.8872808017 1412725453.39
16.0244431951 1412725453.74
15.766888864 1412725454.11
15.7014602407 1412725454.45
15.6002267608 1412725454.76
15.6573307002 1412725455.1
15.5453927953 1412725455.46
15.3522933086 1412725455.8
15.4565763452 1412725456.1
15.381847272 1412725456.43
15.3545126866 1412725456.73
15.1175131601 1412725457.05
15.0464144932 1412725457.38
14.9812733291 1412725457.7
15.0128022638 1412725458.04
15.0220741744 1412725458.35
14.9662053146 1412725458.66
14.8183960521 1412725458.98
14.7835243435 1412725459.31
14.7356349145 1412725459.66
14.6409275394 1412725459.97
14.5966755092 1412725460.28
14.5100724894 1412725460.61
14.3201902705 1412725460.94
14.2868256217 1412725461.26
14.2153448831 1412725461.59
14.1475623219 1412725461.9
13.8733655088 1412725462.21
13.8835342848 1412725462.54
13.9374632154 1412725462.91
13.9080438555 1412725463.23
13.9764486523 1412725463.56
13.8816035137 1412725463.88
13.8299035616 1412725464.21
13.7625476639 1412725464.53
13.6917805775 1412725464.84
13.6310661753 1412725465.16
13.5565908046 1412725465.47
13.5151330806 1412725465.8
13.4979775657 1412725466.12
13.4741229784 1412725466.46
13.4516385709 1412725466.78
13.4903378984 1412725467.11
13.5072307641 1412725467.42
13.4988584144 1412725467.72
13.5037332311 1412725468.04
13.4703182483 1412725468.34
13.4894088218 1412725468.66
13.4236109315 1412725468.96
13.4149144467 1412725469.26
13.3509183575 1412725469.57
13.2840706831 1412725469.87
13.1640679157 1412725470.17
13.0936357778 1412725470.5
13.0247783273 1412725470.83
12.9821022875 1412725471.15
12.9473791449 1412725471.51
12.7513447624 1412725471.82
12.565731084 1412725472.12
12.5580801355 1412725472.44
12.4187186435 1412725472.77
12.3811540359 1412725473.08
12.2937191313 1412725473.37
12.271181406 1412725473.7
12.3173439158 1412725474.01
12.3121273537 1412725474.33
12.110638984 1412725474.64
11.813590441 1412725474.92
11.7338649806 1412725475.24
11.5823814393 1412725475.55
11.5703543265 1412725475.85
11.5023049851 1412725476.15
11.4271032576 1412725476.45
11.3272168528 1412725476.75
11.2299488203 1412725477.07
11.3114947347 1412725477.39
11.2679977859 1412725477.74
11.255371161 1412725478.1
11.1652210448 1412725478.43
11.0864818108 1412725478.75
11.13416099 1412725479.08
11.057613155 1412725479.39
10.9439432498 1412725479.69
10.9403995548 1412725480.0
10.8733129067 1412725480.32
10.8008264235 1412725480.62
10.7906778979 1412725480.91
10.7016699523 1412725481.21
10.6088084026 1412725481.52
10.5515643266 1412725481.83
10.4953120433 1412725482.12
10.5773158202 1412725482.43
10.5542326332 1412725482.72
10.5955092743 1412725483.0
10.5136120756 1412725483.3
10.4499014349 1412725483.67
10.4572593177 1412725483.98
10.4674186781 1412725484.28
10.553578267 1412725484.6
10.4471547011 1412725484.91
10.3598430945 1412725485.21
10.3198198573 1412725485.52
10.3249982899 1412725485.81
10.3629912742 1412725486.12
10.321938468 1412725486.43
10.3074106137 1412725486.75
10.3043876206 1412725487.05
10.3173147487 1412725487.34
10.3137965163 1412725487.64
10.3502631615 1412725487.95
10.2376422199 1412725488.24
10.2116830611 1412725488.55
10.2636813533 1412725488.85
10.2912238346 1412725489.15
10.283003724 1412725489.46
10.3144073239 1412725489.75
10.3093993139 1412725490.04
10.4275835429 1412725490.36
10.3769485231 1412725490.68
10.3907014237 1412725490.98
10.3165730759 1412725491.28
10.3166750808 1412725491.59
10.305540391 1412725491.89
10.3550300767 1412725492.16
10.3396587618 1412725492.49
10.352590325 1412725492.8
10.3500627141 1412725493.13
10.3433192049 1412725493.44
10.295212266 1412725493.76
10.3054230182 1412725494.08
10.2816091708 1412725494.4
10.3334667416 1412725494.73
10.43496423 1412725495.01
10.4184007095 1412725495.32
10.4040010774 1412725495.62
10.4444603901 1412725495.9
10.4830238196 1412725496.2
10.5026269643 1412725496.52
10.5680021337 1412725496.82
10.5623581192 1412725497.12
10.5293641121 1412725497.43
10.4921896478 1412725497.72
10.5291586151 1412725498.02
10.5170879163 1412725498.34
10.6042213544 1412725498.64
10.6465258126 1412725498.96
10.6346331196 1412725499.26
10.5547064252 1412725499.59
10.4221966047 1412725499.88
10.4061906955 1412725500.21
10.467036427 1412725500.57
10.4945540159 1412725500.88
10.4855133015 1412725501.21
10.44591532 1412725501.58
10.4620657419 1412725501.92
10.5075557431 1412725502.23
10.484617913 1412725502.57
10.5556023794 1412725502.89
10.512239211 1412725503.2
10.4911384085 1412725503.51
10.4706367046 1412725503.83
10.429816044 1412725504.18
10.3679436256 1412725504.52
10.397291322 1412725504.84
10.3673834147 1412725505.15
10.4428736975 1412725505.46
10.4025170287 1412725505.78
10.3406958022 1412725506.07
10.4588701488 1412725506.39
10.4302395013 1412725506.69
10.4675710892 1412725507.0
10.3708870764 1412725507.32
10.3553293979 1412725507.66
10.258190502 1412725507.96
10.2254365618 1412725508.28
10.3831032262 1412725508.57
10.3993679357 1412725508.89
10.3774302323 1412725509.22
10.3790667182 1412725509.55
10.3773231455 1412725509.87
10.3714595013 1412725510.21
10.368965647 1412725510.54
10.3954319401 1412725510.91
10.3918509359 1412725511.21
10.3569235643 1412725511.49
10.5036672933 1412725511.8
10.5360380351 1412725512.15
10.6418362622 1412725512.48
