20.5870462851 1412726898.16
20.6051913538 1412726898.97
20.6954978044 1412726899.6
20.6159693129 1412726900.43
20.5360094849 1412726901.1
20.5360940731 1412726901.85
20.4638372688 1412726902.51
20.2325410654 1412726903.27
20.0070147351 1412726904.03
19.9373504621 1412726904.73
19.7425444373 1412726905.38
19.386558356 1412726906.01
19.2897975627 1412726906.62
19.1654445716 1412726907.18
19.0199126423 1412726907.78
19.2419854775 1412726908.4
19.6339600985 1412726909.1
19.8588890495 1412726909.72
21.0417834542 1412726910.35
18.9970854815 1412726910.96
20.4420142906 1412726911.54
19.094138677 1412726912.14
20.1238769439 1412726912.73
19.1165093093 1412726913.6
18.1531278537 1412726914.33
18.8575603518 1412726914.97
17.6434335462 1412726915.58
18.666006297 1412726916.27
17.2050982795 1412726916.86
18.1816223546 1412726917.4
16.6879951088 1412726917.97
18.1485709828 1412726918.77
16.2793801493 1412726919.46
16.8069467431 1412726920.16
17.2487098887 1412726920.74
15.5317525365 1412726921.38
15.1189220339 1412726922.0
15.2116129609 1412726922.48
14.6309316291 1412726923.04
14.7146106997 1412726923.61
14.6198920797 1412726924.24
14.5300472848 1412726924.83
14.4740467815 1412726925.38
14.2120586944 1412726925.98
14.3512915561 1412726926.61
13.9142317827 1412726927.18
14.0399623086 1412726927.89
13.604842503 1412726928.72
13.8276333494 1412726929.33
13.3076863828 1412726929.84
13.4966769247 1412726930.33
12.8972877327 1412726930.82
12.9732272497 1412726931.36
12.4946108194 1412726931.87
12.4657011187 1412726932.5
12.0752204681 1412726933.18
12.0309716921 1412726933.81
11.4873081456 1412726934.36
11.4733514279 1412726934.95
11.158488129 1412726935.44
11.1321298491 1412726935.95
10.8566575289 1412726936.43
10.8104772622 1412726936.93
10.6039427361 1412726937.42
10.6092355793 1412726937.9
10.4716035066 1412726938.41
10.3032659045 1412726938.93
10.1010940982 1412726939.4
10.0579975261 1412726939.91
9.91707806341 1412726940.41
9.90223516438 1412726940.89
9.83771248639 1412726941.41
9.73039223843 1412726941.89
9.57094691274 1412726942.36
9.51104633869 1412726942.88
9.41444685538 1412726943.37
9.40695540494 1412726943.89
9.34188571516 1412726944.37
9.2574669662 1412726944.97
9.17449149329 1412726945.5
9.12023014384 1412726946.11
9.0274254396 1412726946.67
8.94756271258 1412726947.23
8.84002453965 1412726947.76
8.76418957542 1412726948.28
8.59702418674 1412726948.8
8.51534716561 1412726949.39
8.38581377921 1412726950.03
8.32951241489 1412726950.57
8.26751529519 1412726951.19
8.2634661841 1412726951.8
8.13240968445 1412726952.34
8.05335190121 1412726952.86
7.99082309872 1412726953.44
7.91629572856 1412726954.12
7.84599739301 1412726954.8
7.79038099362 1412726955.35
7.71113547412 1412726955.86
7.66432937708 1412726956.39
7.59496826585 1412726956.92
7.53035305579 1412726957.55
7.3967710418 1412726958.17
7.38559357515 1412726958.82
7.30365211974 1412726959.46
7.24648043468 1412726960.11
7.17087124106 1412726960.7
7.14308295036 1412726961.18
7.06600781659 1412726961.69
6.99996294844 1412726962.28
6.93170866679 1412726962.88
6.84619514869 1412726963.51
6.79183787346 1412726964.03
6.73745303034 1412726964.52
6.70609575521 1412726965.02
6.66012297915 1412726965.67
6.64328098944 1412726966.21
6.56108174053 1412726966.79
6.53054812942 1412726967.3
6.48027714164 1412726967.81
6.45439528656 1412726968.29
6.40492602385 1412726968.79
6.3888937106 1412726969.26
6.346693261 1412726969.73
6.36388910219 1412726970.3
6.32181270685 1412726970.9
6.25523946962 1412726971.42
6.21877194046 1412726972.01
6.19529197306 1412726972.51
6.13978225325 1412726972.98
6.09336169524 1412726973.45
6.1056895788 1412726974.03
6.06816425666 1412726974.59
6.03348415234 1412726975.17
6.02835805276 1412726975.69
5.97330158832 1412726976.24
5.9458887175 1412726976.78
5.89455170111 1412726977.34
5.91219020058 1412726977.9
5.86249321121 1412726978.48
5.8324685342 1412726979.13
5.79303977101 1412726979.72
5.72557701573 1412726980.34
5.68892002955 1412726980.86
5.64289517485 1412726981.38
5.62184413491 1412726981.89
5.60330927175 1412726982.37
5.5999563039 1412726982.87
5.57696750826 1412726983.4
5.55914196485 1412726983.9
5.54352510245 1412726984.52
5.50356919476 1412726985.17
5.47515690371 1412726985.72
5.43671254759 1412726986.31
5.44981487504 1412726986.86
5.40612033967 1412726987.39
5.39444368471 1412726987.88
5.34364860004 1412726988.51
5.33194028502 1412726989.11
5.33443274002 1412726989.71
5.2799465641 1412726990.28
5.27584638528 1412726990.8
5.28290011977 1412726991.32
5.24936801325 1412726991.94
5.21994967094 1412726992.44
5.20437876434 1412726992.97
5.20201469271 1412726993.61
5.18315742606 1412726994.15
5.1560333941 1412726994.72
5.11804675559 1412726995.28
5.10583115619 1412726995.79
5.07657229825 1412726996.35
5.07123371583 1412726996.91
5.04172174468 1412726997.46
5.03666016542 1412726998.02
5.02376933994 1412726998.58
5.0126629125 1412726999.12
4.9841664514 1412726999.61
4.96361707799 1412727000.1
4.94119875795 1412727000.6
4.93008303679 1412727001.09
4.89308507908 1412727001.57
4.87844253146 1412727002.06
4.83475784783 1412727002.65
4.82762053737 1412727003.27
4.80939973246 1412727003.81
4.80665125655 1412727004.34
4.7885545588 1412727004.85
4.76983047638 1412727005.4
4.76163240986 1412727005.92
4.74323831371 1412727006.4
4.72729438381 1412727006.92
4.71344590059 1412727007.45
4.70279945597 1412727007.96
4.68377292524 1412727008.46
4.6767962074 1412727008.93
4.66082582903 1412727009.4
4.64186603644 1412727009.89
4.63124947987 1412727010.39
4.61320887147 1412727010.86
4.59327692329 1412727011.36
