21.6203896626 1412739293.93
21.271964778 1412739294.88
20.7059981905 1412739295.88
20.5451057946 1412739296.88
20.4718940786 1412739297.83
20.5861059604 1412739298.84
20.5318043927 1412739299.84
20.3553109747 1412739300.82
20.2650201442 1412739301.78
20.1921921169 1412739302.77
19.9331758164 1412739303.79
19.6723233012 1412739304.74
19.4949009965 1412739305.72
19.2934479907 1412739306.67
19.1651756466 1412739307.65
18.9223674821 1412739308.66
18.5954637328 1412739309.61
18.1847658757 1412739310.57
17.9534878303 1412739311.58
17.5519076378 1412739312.59
17.413807725 1412739313.59
17.163638259 1412739314.57
16.8278705971 1412739315.55
16.5452806836 1412739316.53
16.2914974864 1412739317.48
16.1254994373 1412739318.49
15.9413977093 1412739319.49
15.8708481974 1412739320.47
15.8450636957 1412739321.46
15.7911896508 1412739322.42
15.8134701115 1412739323.33
15.7808826183 1412739324.27
15.5356959392 1412739325.21
15.3119510065 1412739326.17
15.023556184 1412739327.14
14.750381899 1412739328.15
14.6473591682 1412739329.13
14.5837037833 1412739330.07
14.4125968148 1412739331.02
14.2711555822 1412739332.0
14.1665471616 1412739332.93
13.852388588 1412739333.88
13.9920688603 1412739334.82
13.4397400075 1412739335.76
13.7913742851 1412739336.71
13.1631917381 1412739337.64
13.6121756959 1412739338.53
12.794961194 1412739339.47
11.9454978017 1412739340.39
11.4798416624 1412739341.31
11.8954779355 1412739342.21
12.064133586 1412739343.08
12.0516978617 1412739344.02
11.9519648773 1412739344.93
11.8073027128 1412739345.82
11.574914586 1412739346.72
11.3863937214 1412739347.6
11.2294173458 1412739348.46
10.8624651975 1412739349.35
10.8007172975 1412739350.29
10.6489616328 1412739351.16
10.5038742491 1412739352.06
10.6262846145 1412739352.97
10.7302290115 1412739353.97
10.7149485781 1412739354.87
10.7034109081 1412739355.81
10.6932835193 1412739356.73
10.5919994377 1412739357.58
10.6087217034 1412739358.49
10.5070012996 1412739359.35
10.5266673951 1412739360.26
10.5593850382 1412739361.16
10.4842960514 1412739362.07
10.3688827831 1412739363.0
10.3065705925 1412739364.01
10.3543190285 1412739365.06
10.2196162358 1412739366.0
10.1341885358 1412739366.89
10.1826666282 1412739367.77
10.0843930505 1412739368.68
10.1259536356 1412739369.63
10.0040661952 1412739370.6
10.041589484 1412739371.51
10.0842312843 1412739372.43
10.01937951 1412739373.37
9.95543203681 1412739374.29
9.89547520206 1412739375.21
9.84222161868 1412739376.11
9.83695374553 1412739376.99
9.83494959415 1412739377.89
9.85561345287 1412739378.81
9.81188618907 1412739379.71
9.67395018765 1412739380.63
9.59984447992 1412739381.49
9.51496808338 1412739382.37
9.49139724734 1412739383.3
9.43618419217 1412739384.22
9.36298040323 1412739385.13
9.24504645128 1412739386.01
9.10143322762 1412739386.93
8.95260593332 1412739387.87
8.67870241053 1412739388.79
8.90428041579 1412739389.72
8.6312063921 1412739390.63
8.77869446402 1412739391.55
8.56496894227 1412739392.45
8.73914293041 1412739393.38
8.5292232245 1412739394.27
8.70124949224 1412739395.19
8.52693172574 1412739396.11
8.6192533123 1412739397.02
8.38817832391 1412739397.93
8.53137326313 1412739398.85
8.38443803145 1412739399.75
8.48268424148 1412739400.65
8.32184709992 1412739401.58
8.04549165079 1412739402.52
8.25903447659 1412739403.43
8.32582755498 1412739404.37
8.15210235376 1412739405.28
8.28436971957 1412739406.15
8.12662627536 1412739407.09
8.24479437543 1412739407.97
8.07669883039 1412739408.88
8.23949285556 1412739409.81
8.08858562982 1412739410.72
8.20465587125 1412739411.62
8.10571985468 1412739412.55
8.15496931721 1412739413.47
8.19892223633 1412739414.38
8.20178889565 1412739415.27
8.21949996429 1412739416.22
8.19229240424 1412739417.12
8.15354171737 1412739418.0
8.07572025586 1412739418.89
8.01422080857 1412739419.81
7.94920371141 1412739420.71
7.94079683189 1412739421.64
7.93547275955 1412739422.56
8.00000402151 1412739423.49
8.05389461263 1412739424.45
7.96430748067 1412739425.38
8.06531453354 1412739426.36
7.95496533421 1412739427.32
7.86102731889 1412739428.25
7.9219801491 1412739429.23
7.84442829267 1412739430.2
7.89911707729 1412739431.14
7.79746537645 1412739432.08
7.83267469367 1412739433.0
7.74564650168 1412739433.95
7.74646626919 1412739434.91
7.65250660015 1412739435.9
7.71103337662 1412739436.86
7.60516128154 1412739437.84
7.64991337691 1412739438.76
7.55543067307 1412739439.73
7.61108558231 1412739440.69
7.516044796 1412739441.63
7.56682504698 1412739442.56
7.49299102083 1412739443.53
7.39975336985 1412739444.5
7.36798492987 1412739445.45
7.3461543893 1412739446.39
7.2976716596 1412739447.31
7.28865739283 1412739448.25
7.30457736865 1412739449.2
7.25521912905 1412739450.14
7.28063857326 1412739451.13
7.20731816341 1412739452.13
7.25527108854 1412739453.08
7.16611395607 1412739454.06
7.16615760674 1412739455.05
7.09239995928 1412739456.01
7.105193821 1412739456.99
7.04868522452 1412739457.94
7.04374225162 1412739458.9
6.95029301121 1412739459.89
6.98160978125 1412739460.83
6.91650171179 1412739461.76
6.96010298893 1412739462.7
6.90523675654 1412739463.66
6.93646238695 1412739464.58
6.99652348199 1412739465.54
6.90218137614 1412739466.49
6.95185279506 1412739467.49
6.83613473438 1412739468.44
6.75182715955 1412739469.45
6.79226649649 1412739470.38
6.83194543524 1412739471.36
6.73816188902 1412739472.31
6.79488912589 1412739473.27
6.70174860593 1412739474.27
6.76420057859 1412739475.24
6.67141779563 1412739476.22
6.56146127347 1412739477.17
6.59481159785 1412739478.13
6.50756870134 1412739479.05
6.52637437936 1412739480.03
6.4281647585 1412739480.99
