21.0139369559 1412742873.22
21.1545663533 1412742874.13
20.8630748333 1412742875.08
20.8640155709 1412742876.01
20.9162341331 1412742876.94
20.8721071023 1412742877.9
20.7918672639 1412742878.85
20.7463780489 1412742879.8
20.7053099235 1412742880.71
20.6295825027 1412742881.61
20.4773405469 1412742882.53
20.447168586 1412742883.44
20.3343027155 1412742884.35
20.1773073392 1412742885.27
20.0956340292 1412742886.17
19.9996148507 1412742887.02
19.8819293285 1412742887.93
19.7287229735 1412742888.83
19.7530018711 1412742889.76
19.6875069465 1412742890.66
19.7693399134 1412742891.57
19.816011541 1412742892.46
19.9101710436 1412742893.32
19.8926379491 1412742894.21
19.9949052196 1412742895.11
19.9798732666 1412742896.02
19.8969290714 1412742896.93
19.9365624781 1412742897.82
19.878099807 1412742898.69
19.9057819835 1412742899.59
19.9029318876 1412742900.48
19.7535506327 1412742901.39
19.7446300539 1412742902.28
19.7132712495 1412742903.18
19.7150889447 1412742904.11
19.7746983259 1412742905.03
19.6412087819 1412742905.97
19.6481114473 1412742906.9
19.6308692175 1412742907.77
19.5804841047 1412742908.71
19.4813308224 1412742909.65
19.2094615214 1412742910.6
19.0532914412 1412742911.54
18.6819360358 1412742912.48
18.6033727996 1412742913.42
18.460224936 1412742914.43
18.4600396066 1412742915.42
18.4556390105 1412742916.38
18.4147933182 1412742917.34
18.4272176998 1412742918.31
18.3840998461 1412742919.27
18.2963465585 1412742920.25
18.1858758924 1412742921.19
18.2049734304 1412742922.13
18.1966274396 1412742923.11
18.1448298662 1412742924.08
18.1642563907 1412742925.07
18.1163780636 1412742926.06
18.0998577425 1412742927.02
18.1876298428 1412742927.98
18.1211048077 1412742928.89
18.1134432839 1412742929.82
18.0520683421 1412742930.77
18.0739602628 1412742931.71
18.0156333486 1412742932.63
17.981082647 1412742933.58
17.9334985844 1412742934.54
17.9764151743 1412742935.51
17.9330326431 1412742936.49
17.9409315883 1412742937.42
17.9812065919 1412742938.41
18.0148702558 1412742939.36
17.8923303309 1412742940.35
17.9019789535 1412742941.33
17.9490303962 1412742942.33
17.9459257718 1412742943.33
17.9463043719 1412742944.36
17.8950620903 1412742945.31
17.9080974309 1412742946.26
17.8794487555 1412742947.21
17.8959381522 1412742948.17
17.8557789407 1412742949.12
17.8052903858 1412742950.14
17.8235570602 1412742951.12
17.8730975844 1412742952.08
17.8194600585 1412742953.04
17.7820040891 1412742953.96
17.7402808318 1412742954.88
17.6864800163 1412742955.83
17.6457778721 1412742956.78
17.5878087849 1412742957.73
17.660932329 1412742958.66
17.5403396651 1412742959.63
17.5645684671 1412742960.58
17.5509290838 1412742961.56
17.5225704694 1412742962.54
17.4637614531 1412742963.5
17.3588632225 1412742964.42
17.2944074338 1412742965.37
17.2356414967 1412742966.35
17.2214259706 1412742967.3
17.2112270366 1412742968.27
17.2457695699 1412742969.22
17.2655320454 1412742970.17
17.2815978081 1412742971.08
17.184712398 1412742972.04
17.1526726933 1412742972.97
17.0087023349 1412742973.93
16.9549380764 1412742974.87
16.9602980142 1412742975.81
16.871762032 1412742976.73
16.7793635834 1412742977.68
16.7238625936 1412742978.64
16.6930217111 1412742979.57
16.6218007353 1412742980.54
16.5691831485 1412742981.49
16.5466264633 1412742982.4
16.5465973119 1412742983.36
16.490019612 1412742984.32
16.4742564731 1412742985.29
16.4102224687 1412742986.23
16.424996956 1412742987.16
16.3475160098 1412742988.11
16.3478141449 1412742989.06
16.3953431315 1412742990.01
16.3057391901 1412742990.95
16.3303001768 1412742991.89
16.3611401502 1412742992.88
16.3409785563 1412742993.81
16.30435137 1412742994.76
16.3154782791 1412742995.73
16.2990866348 1412742996.71
16.281223106 1412742997.65
16.2710160869 1412742998.56
16.2443036064 1412742999.53
16.1841324772 1412743000.53
16.1862831992 1412743001.5
16.2016226533 1412743002.44
16.1979152636 1412743003.4
16.142004749 1412743004.35
16.123853337 1412743005.32
16.1305371092 1412743006.3
16.1257646449 1412743007.26
16.1094976494 1412743008.19
16.0605375668 1412743009.16
16.1091145943 1412743010.1
16.1445824613 1412743011.03
16.1365302736 1412743012.0
16.1232134079 1412743012.97
16.1013741136 1412743013.9
16.0594246268 1412743014.89
16.0843458562 1412743015.85
16.0605561924 1412743016.82
16.0368820276 1412743017.75
15.9672907762 1412743018.71
15.9639140212 1412743019.69
15.9299870622 1412743020.66
15.9043834647 1412743021.59
15.9214440794 1412743022.59
15.8997189673 1412743023.51
15.9123808785 1412743024.43
15.8831402873 1412743025.4
15.9190997684 1412743026.34
15.8831242777 1412743027.31
15.9090914665 1412743028.27
15.8723466568 1412743029.27
15.8812006065 1412743030.21
15.8630947019 1412743031.19
15.9025261083 1412743032.17
15.8549098657 1412743033.17
15.8633570156 1412743034.17
15.8939096139 1412743035.12
15.8552491866 1412743036.08
15.8521014078 1412743037.0
15.8577322704 1412743038.0
15.841079828 1412743038.94
15.8466924076 1412743039.93
15.8621941078 1412743040.9
15.8661286972 1412743041.9
15.8455663662 1412743042.88
15.8649212956 1412743043.87
15.8297056504 1412743044.86
15.8441164054 1412743045.83
15.8776133964 1412743046.84
15.8715804116 1412743047.83
15.8669076416 1412743048.8
15.8350694497 1412743049.79
15.844442546 1412743050.78
15.8647833561 1412743051.76
15.846802479 1412743052.76
15.8762719287 1412743053.75
15.8464847118 1412743054.76
15.883177592 1412743055.77
15.8569765567 1412743056.72
15.8794852899 1412743057.69
15.8671794279 1412743058.64
15.842585305 1412743059.6
15.8361187276 1412743060.6
15.8544280467 1412743061.59
15.8429633136 1412743062.55
