32.0055729119 1412727409.24
31.0808237195 1412727409.81
29.932241916 1412727410.36
28.9632065335 1412727410.92
28.5371392417 1412727411.5
27.5263972562 1412727412.07
26.9605923558 1412727412.65
26.4148265424 1412727413.22
25.935674078 1412727413.78
25.507944251 1412727414.4
24.8783461072 1412727414.96
24.5850183208 1412727415.6
24.1340087851 1412727416.23
23.7433764227 1412727416.89
23.456561688 1412727417.49
23.3109272248 1412727418.04
22.5767623752 1412727418.58
22.3329469814 1412727419.15
22.2904807676 1412727419.7
22.2700043879 1412727420.24
22.0391884924 1412727420.77
21.9657563565 1412727421.29
21.7081184462 1412727421.85
21.4503318563 1412727422.39
21.0922198602 1412727422.91
20.7053873122 1412727423.49
20.6263828256 1412727424.1
20.7528747942 1412727424.72
20.6974142897 1412727425.43
20.692164569 1412727425.99
20.7012365043 1412727426.54
20.79298877 1412727427.1
20.7078845691 1412727427.67
20.5575941359 1412727428.2
20.6062978833 1412727428.87
20.5594950494 1412727429.5
20.5303620997 1412727430.04
20.4193000193 1412727430.59
20.3824277784 1412727431.13
20.1439662218 1412727431.71
19.9182449919 1412727432.28
19.8762089414 1412727432.83
19.8572456038 1412727433.4
19.7719171183 1412727434.11
19.6224302647 1412727434.68
19.5574719715 1412727435.28
19.4430066506 1412727435.79
19.3289555237 1412727436.3
19.1311794194 1412727436.86
19.0471475033 1412727437.44
18.9961661411 1412727438.01
18.8935587711 1412727438.59
18.7791984069 1412727439.18
18.6029542491 1412727439.73
18.5090390929 1412727440.28
18.4723735902 1412727440.81
18.4166350105 1412727441.41
18.3305991362 1412727441.98
18.2600705106 1412727442.53
18.1967750831 1412727443.05
18.136694232 1412727443.65
18.0508717638 1412727444.3
17.9793486392 1412727444.89
17.9670548846 1412727445.5
17.8297390415 1412727446.07
17.6170141725 1412727446.93
17.5494300485 1412727447.6
17.4858745378 1412727448.26
17.4503258329 1412727448.91
17.3268826498 1412727449.47
17.1827488865 1412727450.09
17.0366521838 1412727450.66
17.0390924464 1412727451.31
16.9011154232 1412727451.89
16.8305061871 1412727452.46
16.7864540841 1412727453.05
16.6812749395 1412727453.65
16.5912707096 1412727454.22
16.5253000911 1412727454.77
16.4588908644 1412727455.35
16.4672839888 1412727455.92
16.5531382312 1412727456.54
16.5199926077 1412727457.14
16.4437864781 1412727457.74
16.4025300697 1412727458.28
16.3454902501 1412727458.87
16.307290193 1412727459.43
16.2213874141 1412727460.01
16.1714189716 1412727460.61
16.1515430531 1412727461.21
16.1196917931 1412727461.97
16.1495997788 1412727462.56
16.148502966 1412727463.13
16.1173832639 1412727463.71
16.0224083384 1412727464.33
16.0077019961 1412727464.94
15.9265077464 1412727465.52
15.7456524591 1412727466.15
15.6979983999 1412727466.73
15.8011983924 1412727467.31
15.7501181587 1412727467.86
15.5112373142 1412727468.41
15.5329839365 1412727468.97
15.5910876874 1412727469.53
15.6148284191 1412727470.11
15.6414052739 1412727470.66
15.6458664355 1412727471.22
15.6670673487 1412727471.82
15.69624211 1412727472.39
15.7037246022 1412727472.95
15.7527848345 1412727473.55
15.7881889845 1412727474.13
15.8227795936 1412727474.76
15.7889208106 1412727475.32
15.7837517851 1412727475.88
15.7480379008 1412727476.46
15.7521026383 1412727477.01
15.750247043 1412727477.65
15.8125617337 1412727478.25
15.8017004633 1412727478.89
15.7057358034 1412727479.71
15.7733903872 1412727480.4
15.7330932853 1412727481.01
15.6979142911 1412727481.66
15.7205757385 1412727482.42
15.7488619604 1412727483.02
15.7374708051 1412727483.6
15.7280780563 1412727484.17
15.6605602539 1412727484.71
15.7239635054 1412727485.33
15.6776994795 1412727485.83
15.7308025498 1412727486.37
15.7192284981 1412727486.96
15.7291217316 1412727487.59
15.6854709104 1412727488.14
15.6687130573 1412727488.72
15.5873352324 1412727489.31
15.670456756 1412727489.96
15.6189042933 1412727490.5
15.6319996791 1412727491.06
15.6706393666 1412727491.61
15.6524911684 1412727492.14
15.6512099671 1412727492.71
15.6546171415 1412727493.32
15.6567199734 1412727493.92
15.6589451907 1412727494.43
15.7228365118 1412727495.01
15.6733849553 1412727495.54
15.7034023203 1412727496.08
15.6866643966 1412727496.59
15.6521793581 1412727497.16
15.6678869932 1412727497.72
15.5978403835 1412727498.27
15.6192306672 1412727498.83
15.6633803565 1412727499.38
15.6905130349 1412727500.07
15.6326829695 1412727500.65
15.5960549134 1412727501.18
15.6031988982 1412727501.7
15.5912846507 1412727502.22
15.6091278933 1412727502.73
15.6298942308 1412727503.25
15.667801624 1412727503.77
15.5678756395 1412727504.32
15.6275275819 1412727504.91
15.5874078617 1412727505.5
15.4790807067 1412727506.09
15.4754358189 1412727506.68
15.5921013466 1412727507.26
15.6139800491 1412727507.8
15.6046044383 1412727508.41
15.5086701658 1412727508.93
15.4718601621 1412727509.46
15.4882574042 1412727509.98
15.47295086 1412727510.56
15.4692291447 1412727511.12
15.4456829649 1412727511.67
15.4242615822 1412727512.29
15.3775312526 1412727513.05
15.4056898679 1412727513.6
15.432525211 1412727514.12
15.425141026 1412727514.66
15.4516219632 1412727515.18
15.4561512438 1412727515.7
15.4635414143 1412727516.2
15.3897739592 1412727516.75
15.4271365256 1412727517.3
15.3717152619 1412727517.84
15.3846748638 1412727518.35
15.373053754 1412727518.92
15.4244314168 1412727519.41
15.4244512846 1412727519.96
15.4006285865 1412727520.46
15.4470922614 1412727520.98
15.4151070779 1412727521.5
15.4114462281 1412727522.08
15.413575938 1412727522.67
15.3769469174 1412727523.22
15.3969030418 1412727523.75
15.3463251766 1412727524.29
