23.8648293814 1412740294.6
23.2706829247 1412740295.57
22.9433627823 1412740296.55
22.8361628569 1412740297.55
22.6833293785 1412740298.55
22.5329340798 1412740299.51
22.4216514726 1412740300.49
21.978625708 1412740301.5
21.6793387551 1412740302.49
21.2451701085 1412740303.51
20.8337998546 1412740304.5
20.7467434051 1412740305.52
20.4300648706 1412740306.5
20.3385047237 1412740307.51
20.0881775989 1412740308.49
19.8276767379 1412740309.56
19.7059490134 1412740310.57
19.5760407075 1412740311.51
19.4373744041 1412740312.46
19.1715500448 1412740313.51
19.0105937075 1412740314.57
18.9205222751 1412740315.66
18.8339233376 1412740316.85
18.9316612054 1412740318.06
18.9038181374 1412740319.22
19.116821621 1412740320.41
19.2051084031 1412740321.56
19.5403519247 1412740322.73
19.7228939414 1412740323.9
19.7556261159 1412740325.05
19.9498940606 1412740326.24
20.0994096948 1412740327.41
20.3745210382 1412740328.6
20.3655971153 1412740329.8
20.3842705674 1412740330.97
20.5860731626 1412740332.14
20.5493957865 1412740333.34
20.6754868383 1412740334.57
20.7229151442 1412740335.87
20.8020138231 1412740337.1
20.9072744555 1412740338.34
20.9561886575 1412740339.55
20.8827549323 1412740340.77
21.0207540431 1412740342.05
20.9257751635 1412740343.31
20.9444665202 1412740344.55
20.8161822592 1412740345.75
20.9084083383 1412740346.97
20.9137452028 1412740348.15
20.8652227623 1412740349.38
20.8280603445 1412740350.71
20.9220562113 1412740351.98
20.7208447328 1412740353.25
20.9106288358 1412740354.54
21.0389450638 1412740355.82
21.0205076423 1412740357.16
21.1764686165 1412740358.41
21.0509001555 1412740359.69
21.2881705395 1412740361.0
21.3549343683 1412740362.25
21.583327048 1412740363.55
21.5933821542 1412740364.89
21.6461914715 1412740366.2
21.727038897 1412740367.46
21.8319281647 1412740368.79
21.7334468446 1412740370.09
21.808240659 1412740371.42
21.9085251509 1412740372.68
21.9454842667 1412740374.01
22.1006343791 1412740375.31
22.1956978973 1412740376.62
22.259306895 1412740378.0
22.178988658 1412740379.32
22.2418100431 1412740380.67
22.3330470591 1412740382.01
22.3177831213 1412740383.41
22.5049197037 1412740384.81
22.5041171187 1412740386.17
22.5846330187 1412740387.53
22.718176565 1412740388.91
22.7503977298 1412740390.34
22.6749347658 1412740391.76
23.0162572598 1412740393.18
22.9154588764 1412740394.62
22.7470195789 1412740396.01
22.6772076924 1412740397.43
22.6239215284 1412740398.81
22.8641315019 1412740400.19
22.8545028662 1412740401.61
21.8280272802 1412740403.06
21.5063537786 1412740404.52
21.3953365519 1412740406.01
21.3966682013 1412740407.49
21.5917382323 1412740408.94
21.4955380676 1412740410.42
21.4405053441 1412740411.87
21.0035001076 1412740413.29
20.9356396948 1412740414.73
20.9607882138 1412740416.21
20.9087623113 1412740417.72
20.8908147151 1412740419.19
20.8873964045 1412740420.68
20.9770916598 1412740422.14
20.9959689038 1412740423.74
21.1848448928 1412740425.2
21.2633679126 1412740426.64
21.2030807401 1412740428.06
21.1441050836 1412740429.55
21.0474327689 1412740431.03
20.8546010277 1412740432.53
20.7887468762 1412740434.16
20.9280045489 1412740435.58
20.0675982459 1412740437.05
20.1521300177 1412740438.54
20.1371170372 1412740440.0
20.3827838674 1412740441.53
20.2979500851 1412740442.98
20.2041851653 1412740444.71
20.307054797 1412740446.27
20.2376989174 1412740447.76
20.3487706552 1412740449.27
20.320603702 1412740450.83
20.0585661833 1412740452.37
20.0069071917 1412740453.9
20.155249606 1412740455.44
20.1999132813 1412740456.95
20.2703471688 1412740458.46
20.1209984348 1412740459.93
20.1216713835 1412740461.41
19.837797868 1412740462.9
19.8564041558 1412740464.39
20.0100458472 1412740465.93
20.1046737022 1412740467.44
19.8909234018 1412740468.95
19.8063342153 1412740470.45
19.6814735711 1412740471.97
19.7419374359 1412740473.57
19.9236149287 1412740475.15
19.9794184649 1412740476.64
20.1121015223 1412740478.16
19.9486085409 1412740479.74
20.0079619553 1412740481.26
20.0221551899 1412740482.8
20.1344287667 1412740484.33
20.2628130949 1412740485.92
20.3258228086 1412740487.5
20.1648663703 1412740489.07
20.1676311341 1412740490.63
20.0977065905 1412740492.18
19.856159074 1412740493.81
19.739802302 1412740495.38
19.781718018 1412740496.97
19.8549390104 1412740498.54
19.9035362665 1412740500.12
19.9182140477 1412740501.71
19.9724173228 1412740503.26
19.8958840245 1412740504.9
19.9302003787 1412740506.5
19.9178772565 1412740508.09
20.1074605386 1412740509.7
20.1297772341 1412740511.41
20.1061565696 1412740513.03
20.2623749305 1412740514.66
20.2006333448 1412740516.31
20.1603340965 1412740517.91
20.2532577096 1412740519.52
20.2192060653 1412740521.2
20.2508053718 1412740522.89
20.253125064 1412740524.58
20.2953967728 1412740526.17
20.2327198141 1412740527.77
20.3083504773 1412740529.45
20.2717092339 1412740531.15
20.2932141094 1412740532.79
20.3538700172 1412740534.44
20.1259564858 1412740536.06
20.1698002676 1412740537.73
20.1398353393 1412740539.38
20.1443462597 1412740541.01
20.1452146721 1412740542.66
20.160195829 1412740544.31
20.1949813712 1412740546.1
20.2199263083 1412740547.77
20.2479357662 1412740549.44
20.2698540482 1412740551.12
20.151684355 1412740552.76
20.219982613 1412740554.44
20.2099941599 1412740556.02
20.2409848623 1412740557.67
20.2663974228 1412740559.37
20.2954537166 1412740561.02
20.378956291 1412740562.65
20.3915650357 1412740564.32
20.3685458642 1412740565.99
20.4289174305 1412740567.61
20.4931465386 1412740569.27
20.3497611872 1412740570.87
20.3739619796 1412740572.48
20.3876022164 1412740574.15
20.3930969411 1412740575.79
