30.1680458546 1412722711.09
29.6396219941 1412722711.22
29.1870846826 1412722711.34
28.3415575377 1412722711.49
27.7219649873 1412722711.67
27.236540895 1412722711.8
26.8567293601 1412722711.94
26.6583079708 1412722712.07
26.283115522 1412722712.21
25.9058586912 1412722712.34
25.980601049 1412722712.48
25.8412718963 1412722712.64
25.905726456 1412722712.76
26.0382983184 1412722712.91
26.0264822925 1412722713.03
26.1745661571 1412722713.17
26.2281563221 1412722713.31
26.0314287544 1412722713.45
26.1084482414 1412722713.58
25.9989228578 1412722713.7
26.0012447077 1412722713.83
26.0307841819 1412722713.98
26.0689354634 1412722714.11
26.2047942381 1412722714.25
25.9904139422 1412722714.38
25.9928064516 1412722714.52
26.0278036578 1412722714.65
25.9709803553 1412722714.79
25.9901028359 1412722714.93
25.9823121091 1412722715.08
25.9863288903 1412722715.22
25.8474987514 1412722715.35
25.8730478495 1412722715.49
25.873743921 1412722715.61
25.8469868457 1412722715.74
25.7344171053 1412722715.87
25.7654104678 1412722716.0
25.735805191 1412722716.13
25.7302276295 1412722716.27
25.7644036508 1412722716.41
25.6928722302 1412722716.54
25.8305252225 1412722716.66
25.8046416872 1412722716.81
25.8209853544 1412722716.95
25.6670728792 1412722717.08
25.7700209562 1412722717.22
25.7666507007 1412722717.34
25.7831255636 1412722717.47
25.8051774075 1412722717.61
25.7989232454 1412722717.76
25.7777430196 1412722717.92
25.8034260143 1412722718.06
25.7943693584 1412722718.2
25.8675353793 1412722718.33
25.8914282348 1412722718.47
25.8134443553 1412722718.6
25.7648837785 1412722718.76
25.790557474 1412722718.89
25.9280983062 1412722719.03
25.8745178301 1412722719.16
25.9031002954 1412722719.3
25.9024144792 1412722719.45
25.8607779904 1412722719.6
25.9587674957 1412722719.75
25.8987263358 1412722719.88
25.9040318086 1412722720.01
25.9933130204 1412722720.16
25.916806276 1412722720.3
26.0299331183 1412722720.43
25.8721984242 1412722720.57
25.9562273122 1412722720.7
25.9842598906 1412722720.84
25.9805088104 1412722721.0
26.0101659627 1412722721.13
26.0346322324 1412722721.26
26.0554022499 1412722721.39
26.0466417897 1412722721.51
26.085147096 1412722721.65
26.1028391641 1412722721.81
26.099971733 1412722721.95
26.1273236185 1412722722.09
26.1373039476 1412722722.25
26.1463857272 1412722722.38
26.1397299389 1412722722.52
26.1491927539 1412722722.68
26.2431614834 1412722722.83
26.2410590975 1412722722.96
26.1882598182 1412722723.1
26.1775716911 1412722723.24
26.2009696472 1412722723.38
26.1203844242 1412722723.54
26.1469059022 1412722723.69
26.1461785799 1412722723.84
26.1737210918 1412722724.0
26.3109871733 1412722724.14
26.3182401521 1412722724.27
26.3486859098 1412722724.42
26.3448027665 1412722724.57
26.3733201667 1412722724.71
26.3388331666 1412722724.83
26.3374068239 1412722724.96
26.4872631865 1412722725.11
26.489137327 1412722725.25
26.5106256413 1412722725.4
26.5129333441 1412722725.55
26.5348006988 1412722725.69
26.5573855449 1412722725.83
26.5770549469 1412722725.99
26.5972127745 1412722726.11
26.6533148942 1412722726.25
26.7484392296 1412722726.41
26.6702710669 1412722726.55
26.7026084326 1412722726.7
26.7360351132 1412722726.84
26.7786770764 1412722726.99
26.7944321557 1412722727.12
26.798018865 1412722727.27
26.8867405264 1412722727.42
26.882517925 1412722727.55
26.9197673292 1412722727.66
26.958746536 1412722727.79
26.9984042021 1412722727.93
27.0391886098 1412722728.09
27.0814133333 1412722728.22
27.0161159051 1412722728.35
27.1161719362 1412722728.5
27.167279266 1412722728.62
27.2219245034 1412722728.77
27.3790205899 1412722728.92
27.2545734117 1412722729.08
27.1553758412 1412722729.21
27.3156433612 1412722729.34
27.3757776777 1412722729.48
27.389968906 1412722729.63
27.5707291576 1412722729.77
27.5280068548 1412722729.9
27.5384226793 1412722730.03
27.4437764412 1412722730.18
27.4558864739 1412722730.34
27.4307938689 1412722730.48
27.2037266612 1412722730.63
27.2150625367 1412722730.79
27.2528582145 1412722730.93
27.3174723145 1412722731.07
27.3246406859 1412722731.22
27.3390031636 1412722731.38
27.3453095236 1412722731.51
27.3996510693 1412722731.65
27.4514553804 1412722731.85
27.4177492852 1412722731.98
27.4368275068 1412722732.12
27.4448048726 1412722732.27
27.4843991199 1412722732.42
27.4934308867 1412722732.54
27.5342801093 1412722732.68
27.6557847796 1412722732.83
27.7291993719 1412722732.96
27.7443234852 1412722733.1
27.7598186895 1412722733.26
27.7756280064 1412722733.41
27.7918208717 1412722733.55
27.8985440536 1412722733.69
27.9168536407 1412722733.83
28.1239895241 1412722733.98
28.1196180372 1412722734.12
28.1151893451 1412722734.27
28.0194825861 1412722734.43
28.0164252616 1412722734.57
28.1071772956 1412722734.71
28.1181166881 1412722734.86
28.1289918384 1412722734.99
28.1239905829 1412722735.13
28.2302982168 1412722735.28
28.247731025 1412722735.44
28.3577042599 1412722735.59
28.3718539221 1412722735.75
28.3968105021 1412722735.91
28.4223745036 1412722736.05
28.4484343507 1412722736.24
28.5196097393 1412722736.37
28.5511074966 1412722736.53
28.583389968 1412722736.67
28.6165127883 1412722736.81
28.6505540593 1412722736.96
28.6855079212 1412722737.1
28.7213420917 1412722737.28
28.5686178195 1412722737.43
28.5920347809 1412722737.6
28.6160864098 1412722737.76
28.6712966715 1412722737.88
28.6989913118 1412722738.03
28.9321661387 1412722738.29
28.9594744903 1412722738.6
28.9875835707 1412722738.8
29.0165860251 1412722739.01
29.0464470698 1412722739.17
29.0772064219 1412722739.33
29.0710609746 1412722739.48
29.1007056743 1412722739.63
29.1311742407 1412722739.78
