5.41948578431 1412736374.35
5.44963065423 1412736375.43
5.41723879361 1412736376.4
5.33123953982 1412736377.43
5.34567487125 1412736378.39
5.43134283041 1412736379.39
5.50011682233 1412736380.38
5.54294455188 1412736381.35
5.62859398056 1412736382.32
5.7501935999 1412736383.23
5.90660262527 1412736384.18
6.00018240007 1412736385.12
6.2136770512 1412736386.11
6.38894668296 1412736387.08
6.49942174947 1412736388.07
6.63949879919 1412736389.03
6.80206579688 1412736389.98
6.93470557115 1412736390.88
7.04086786123 1412736391.83
7.11756668895 1412736392.76
7.14427191654 1412736393.69
7.24492563475 1412736394.69
7.2302930642 1412736395.66
7.26449618523 1412736396.59
7.31536451423 1412736397.51
7.25874941604 1412736398.49
7.33467243995 1412736399.41
7.39355675401 1412736400.35
7.44289483311 1412736401.3
7.51012212344 1412736402.25
7.58229149896 1412736403.17
7.53573758366 1412736404.11
7.49482662889 1412736405.03
7.37318004253 1412736405.97
7.38319289471 1412736406.87
7.39539207393 1412736407.85
7.41030269732 1412736408.8
7.38786081868 1412736409.75
7.403615225 1412736410.68
7.39909112114 1412736411.62
7.35808734285 1412736412.53
7.33019002803 1412736413.52
7.40290817227 1412736414.47
7.39122363674 1412736415.41
7.36702103986 1412736416.36
7.42835007464 1412736417.27
7.43126997512 1412736418.19
7.36979125703 1412736419.13
7.29632455563 1412736420.02
7.30186053511 1412736420.96
7.32359790863 1412736421.86
7.30017570388 1412736422.74
7.30962446907 1412736423.65
7.30129076776 1412736424.55
7.30753612121 1412736425.43
7.29466400767 1412736426.34
7.28745863877 1412736427.28
7.26481696278 1412736428.24
7.2401100043 1412736429.16
7.14189036873 1412736430.04
7.168120511 1412736430.94
7.13221876827 1412736431.86
7.16419398762 1412736432.74
7.22699728618 1412736433.7
7.29860725373 1412736434.64
7.24558795175 1412736435.55
7.18139141181 1412736436.46
7.23309156571 1412736437.39
7.29062400762 1412736438.31
7.30166387745 1412736439.21
7.26833420708 1412736440.12
7.32794183338 1412736441.07
7.24478679088 1412736441.98
7.23376122642 1412736442.9
7.22819171531 1412736443.8
7.26175798609 1412736444.72
7.20103404862 1412736445.67
7.2119175453 1412736446.6
7.26909343626 1412736447.55
7.23552813481 1412736448.47
7.35435672809 1412736449.37
7.2448442557 1412736450.29
7.2701863961 1412736451.21
7.14820715634 1412736452.15
7.04229833924 1412736453.07
7.02050913079 1412736453.98
6.98936695955 1412736454.92
6.96820041172 1412736455.84
6.95078181676 1412736456.75
6.882341247 1412736457.64
6.69710959204 1412736458.52
6.48449470978 1412736459.46
6.33162163396 1412736460.33
6.41137035148 1412736461.28
6.47788916899 1412736462.14
6.498338072 1412736463.03
6.48787318422 1412736463.97
6.44588383064 1412736464.89
6.43332822877 1412736465.83
6.44755989845 1412736466.73
6.31440848014 1412736467.69
6.38034116778 1412736468.67
6.09756556138 1412736469.6
5.91829052877 1412736470.54
6.01704666317 1412736471.5
5.86960298337 1412736472.42
5.98695830592 1412736473.34
6.06368611702 1412736474.28
5.94885261153 1412736475.16
5.8145022947 1412736476.06
5.91067994546 1412736476.98
6.00947005331 1412736477.9
5.85422756517 1412736478.82
5.98463580068 1412736479.73
5.85768536122 1412736480.65
5.9376372167 1412736481.56
5.85599341701 1412736482.44
5.84673362368 1412736483.33
5.76111082459 1412736484.21
5.81183021422 1412736485.13
5.65752805768 1412736486.0
5.72823957644 1412736486.87
5.63964012271 1412736487.77
5.67526722374 1412736488.67
5.80856671882 1412736489.57
5.64077359943 1412736490.49
5.72764502815 1412736491.39
5.58736916957 1412736492.31
5.68066230001 1412736493.17
5.56616058707 1412736494.06
5.61755320012 1412736494.95
5.50644302035 1412736495.82
5.55280711437 1412736496.72
5.4684850473 1412736497.64
5.55629806182 1412736498.51
5.45123643529 1412736499.34
5.48258953637 1412736500.26
5.40734580822 1412736501.11
5.46419111061 1412736501.96
5.34985464207 1412736502.83
5.40517616944 1412736503.68
5.30122255237 1412736504.54
5.32357493653 1412736505.39
5.23757872923 1412736506.28
5.28857428134 1412736507.16
5.21536298759 1412736508.07
5.24941204121 1412736508.97
5.18323439901 1412736509.82
5.13935584866 1412736510.71
5.16099765497 1412736511.63
5.1855913754 1412736512.51
5.13445320899 1412736513.38
5.17151095784 1412736514.23
5.12693857531 1412736515.1
5.15793067529 1412736515.93
5.07901878613 1412736516.78
5.16764473586 1412736517.68
5.09223487842 1412736518.57
5.11305903368 1412736519.38
5.05139035171 1412736520.23
5.11307083228 1412736521.11
5.05296988428 1412736521.94
5.12701188915 1412736522.81
5.05701884395 1412736523.66
5.08610186513 1412736524.48
5.01671973576 1412736525.32
5.02971937018 1412736526.17
4.99341234169 1412736526.99
5.01254628923 1412736527.88
4.95091936333 1412736528.74
4.96034320805 1412736529.59
4.90537081837 1412736530.45
4.91074459053 1412736531.31
4.85101296802 1412736532.15
4.82504002656 1412736533.03
4.81099038811 1412736533.89
4.77147273059 1412736534.8
4.77978237299 1412736535.65
4.74521604087 1412736536.56
4.71087781454 1412736537.43
4.68959432749 1412736538.29
4.68791317877 1412736539.14
4.67228176661 1412736539.99
4.65822930295 1412736540.83
4.63853734164 1412736541.67
4.61077434887 1412736542.53
4.60059078677 1412736543.35
4.57371393852 1412736544.18
4.56178509695 1412736545.02
4.53436762098 1412736545.85
4.53446238718 1412736546.72
4.53837831994 1412736547.58
4.54236849237 1412736548.42
4.51734392898 1412736549.26
4.5067354776 1412736550.09
4.51202659155 1412736550.94
4.48720670531 1412736551.81
4.48402417737 1412736552.62
4.46841509061 1412736553.48
4.44484831654 1412736554.35
