5.06237949704 1412725177.3
5.12003021441 1412725177.61
5.17487889186 1412725177.92
5.23795800945 1412725178.23
5.38575799396 1412725178.52
5.62889909022 1412725178.86
6.00478133201 1412725179.15
6.4988979825 1412725179.44
6.82649970402 1412725179.75
7.13939313695 1412725180.05
7.28707081332 1412725180.38
7.37808627722 1412725180.71
7.38733515492 1412725181.05
7.30941760583 1412725181.33
7.21360444982 1412725181.66
7.14216823981 1412725181.99
7.10115712722 1412725182.31
7.04677152026 1412725182.64
6.98050296655 1412725182.92
7.07591018581 1412725183.19
7.01648249581 1412725183.48
7.12160401967 1412725183.74
7.16150745132 1412725184.0
7.21843561227 1412725184.3
7.40179533423 1412725184.56
7.40936360343 1412725184.85
7.33245763501 1412725185.13
7.3357509396 1412725185.37
7.32858104439 1412725185.64
7.26946420383 1412725185.91
7.27093354477 1412725186.13
7.21691985676 1412725186.37
7.15895349306 1412725186.62
7.14273586389 1412725186.86
7.11484500697 1412725187.11
7.00324788336 1412725187.37
6.98430804047 1412725187.62
6.96583238361 1412725187.86
6.88954575921 1412725188.1
6.79906010967 1412725188.37
6.70565497199 1412725188.65
6.63593388356 1412725188.93
6.62180720074 1412725189.14
6.86817162241 1412725189.36
8.63515239639 1412725189.62
9.31492535878 1412725189.94
7.90425940186 1412725190.21
8.76307612799 1412725190.43
8.9739477911 1412725190.69
7.33242085094 1412725190.93
9.32160909302 1412725191.17
9.98476337245 1412725191.42
8.30988503396 1412725191.65
7.50197855826 1412725191.89
8.51677350944 1412725192.13
7.57291804346 1412725192.38
9.1726413344 1412725192.63
10.1206265839 1412725192.89
8.77260329153 1412725193.12
7.51460176223 1412725193.34
9.84290418904 1412725193.56
9.72117217157 1412725193.78
9.55306041808 1412725194.07
9.34962548101 1412725194.35
9.57618666535 1412725194.63
9.2656786878 1412725194.9
9.57279432116 1412725195.15
9.24193188053 1412725195.41
9.48412817674 1412725195.62
9.04722954896 1412725195.87
9.01474976492 1412725196.12
9.19720156895 1412725196.37
9.33051187678 1412725196.62
9.04491788017 1412725196.87
9.3446538073 1412725197.12
8.91548429344 1412725197.4
9.38330276199 1412725197.65
9.02011576357 1412725197.91
9.29091577598 1412725198.16
8.91935580347 1412725198.43
9.28380697612 1412725198.77
8.64514614934 1412725199.09
5.28813265528 1412725199.41
4.8874025701 1412725199.65
4.66726846023 1412725199.86
4.51211294336 1412725200.08
4.65535415226 1412725200.31
4.77398976733 1412725200.55
4.58410445086 1412725200.79
4.67936490247 1412725201.03
4.77176284827 1412725201.26
4.70296024987 1412725201.5
4.77385997099 1412725201.75
4.65478076228 1412725201.97
4.67448890628 1412725202.21
4.70398930802 1412725202.45
4.71641888251 1412725202.7
4.71081275554 1412725202.96
4.73016859948 1412725203.19
4.70021304148 1412725203.43
4.5896724533 1412725203.72
4.52239403816 1412725203.95
4.4384947286 1412725204.22
4.34027539008 1412725204.48
4.26767519447 1412725204.71
4.22148512881 1412725204.98
4.13081810076 1412725205.22
4.07070090488 1412725205.47
4.07967294512 1412725205.74
4.0409597562 1412725205.96
3.97535769615 1412725206.18
4.00175641338 1412725206.45
4.02664161691 1412725206.7
4.0951168354 1412725206.98
4.1316936948 1412725207.21
4.22234238469 1412725207.56
4.32163448018 1412725207.8
4.4409459508 1412725208.03
4.51091897029 1412725208.27
4.57094321097 1412725208.56
4.55660836909 1412725208.81
4.53469117525 1412725209.08
4.5932181304 1412725209.32
4.57641284295 1412725209.54
4.55740720067 1412725209.75
4.61287627993 1412725209.97
4.59856020475 1412725210.2
4.54870684135 1412725210.42
4.60035892327 1412725210.66
4.64958772145 1412725210.91
4.64102082578 1412725211.17
4.6797294872 1412725211.45
4.70727178011 1412725211.73
4.69552133188 1412725212.06
4.68867134064 1412725212.35
4.69188752756 1412725212.62
4.68112002363 1412725212.89
4.64994957905 1412725213.16
4.63527749823 1412725213.47
4.61862290428 1412725213.73
4.60018874936 1412725214.05
4.57674456367 1412725214.32
4.55300183481 1412725214.64
4.59819644326 1412725214.9
4.63014781045 1412725215.16
4.67368536392 1412725215.43
4.65806538561 1412725215.76
4.66882810252 1412725216.03
4.68894259496 1412725216.28
4.74945477885 1412725216.54
4.75810635677 1412725216.8
4.76035779236 1412725217.05
4.76807909881 1412725217.31
4.77680149122 1412725217.53
4.76833695506 1412725217.78
4.7577506372 1412725218.02
4.75054175104 1412725218.27
4.73486767592 1412725218.55
4.71876903634 1412725218.81
4.70157016916 1412725219.11
4.68315581422 1412725219.42
4.63660154674 1412725219.67
4.6151496405 1412725219.91
4.58453187417 1412725220.14
4.55993220328 1412725220.4
4.53279673712 1412725220.62
4.50692716943 1412725220.87
4.56671190109 1412725221.13
4.5379939361 1412725221.4
4.51326866033 1412725221.64
4.44845120934 1412725221.87
4.48725120601 1412725222.14
4.52384175626 1412725222.4
4.50259226203 1412725222.66
4.47863977017 1412725222.9
4.51305340752 1412725223.15
4.42742504478 1412725223.4
4.45992177606 1412725223.63
4.49325597429 1412725223.91
4.46590418402 1412725224.22
4.54290966335 1412725224.52
4.5204092618 1412725224.8
4.50068225467 1412725225.07
4.47801429835 1412725225.31
4.45712076728 1412725225.6
4.43175007318 1412725225.87
4.46076114316 1412725226.13
4.44229601619 1412725226.42
4.47819031142 1412725226.68
4.50985767575 1412725226.96
4.53759316437 1412725227.23
4.5220228135 1412725227.52
4.50451641771 1412725227.77
4.51643098798 1412725228.04
4.49974459691 1412725228.3
4.48234755631 1412725228.57
4.46438581995 1412725228.82
4.53562773388 1412725229.05
4.50507322625 1412725229.29
4.54625422432 1412725229.53
