13.1072293853 1412754918.92
12.7522433154 1412754920.35
12.2711775743 1412754921.78
12.1067172403 1412754923.18
12.2929682958 1412754924.59
12.1722790395 1412754925.98
11.8651106763 1412754927.29
11.8191762542 1412754928.65
11.4726909531 1412754930.04
11.3838437975 1412754931.38
11.3667418242 1412754932.76
11.4224954173 1412754934.14
11.3879691768 1412754935.45
11.4223310396 1412754936.75
11.3393431523 1412754938.05
11.2972368678 1412754939.37
11.3406380486 1412754940.65
11.3352156074 1412754941.95
11.3421624362 1412754943.25
11.4228824101 1412754944.49
11.4804685123 1412754945.79
11.6820059312 1412754947.12
11.9173887269 1412754948.43
12.0421919614 1412754949.76
12.2190244474 1412754951.02
12.3348507141 1412754952.32
12.4928183699 1412754953.64
12.5941253458 1412754954.95
12.6441559331 1412754956.22
12.7159789027 1412754957.51
12.7940159866 1412754958.79
12.8633792911 1412754960.08
12.8837266945 1412754961.36
12.8912335727 1412754962.66
12.8892548784 1412754963.95
12.8561248244 1412754965.3
12.8614381736 1412754966.59
12.8698884672 1412754967.89
12.87587463 1412754969.22
12.8786124955 1412754970.54
12.8879068165 1412754971.89
12.9792867202 1412754973.2
13.0627287169 1412754974.48
13.1452019255 1412754975.79
13.2443720075 1412754977.07
13.298022984 1412754978.33
13.3339250688 1412754979.63
13.3696631625 1412754980.92
13.3821986629 1412754982.25
13.3995048084 1412754983.53
13.4272457957 1412754984.86
13.3273173195 1412754986.16
13.2834978414 1412754987.47
13.248893202 1412754988.81
13.1971830374 1412754990.15
13.1731712603 1412754991.42
13.1360857467 1412754992.77
13.0942478998 1412754994.11
13.0752426547 1412754995.42
13.0834388609 1412754996.78
13.0634066928 1412754998.15
13.0322220739 1412754999.52
13.0274734025 1412755000.86
13.0122158887 1412755002.22
13.0250337514 1412755003.59
12.999421754 1412755004.92
12.9818232012 1412755006.3
12.9369646934 1412755007.65
12.9205620561 1412755008.99
12.8860272003 1412755010.32
12.8581323789 1412755011.68
12.8432818395 1412755013.03
12.8253956967 1412755014.33
12.7913855214 1412755015.7
12.7753813162 1412755017.04
12.747477281 1412755018.38
12.7061222076 1412755019.73
12.6859883883 1412755021.08
12.6884678645 1412755022.43
12.677924043 1412755023.78
12.6702065436 1412755025.14
12.6600122372 1412755026.47
12.6559526954 1412755027.8
12.6686130488 1412755029.12
12.6590826975 1412755030.44
12.6164076124 1412755031.79
12.6036919805 1412755033.12
12.5897552425 1412755034.48
12.5773827276 1412755035.86
12.5345568211 1412755037.27
12.505540204 1412755038.66
12.5279684607 1412755040.02
12.4893941536 1412755041.38
12.5076449914 1412755042.73
12.4929867285 1412755044.09
12.4531915994 1412755045.44
12.4624766252 1412755046.77
12.4316970467 1412755048.09
12.4349884859 1412755049.42
12.4341071316 1412755050.72
12.4134298464 1412755052.05
12.3849652416 1412755053.35
12.3861841134 1412755054.78
12.3606526458 1412755056.08
12.3567747772 1412755057.4
12.3034677372 1412755058.71
12.2655919209 1412755060.02
12.2221716205 1412755061.32
12.1697394618 1412755062.62
12.033204724 1412755063.95
11.7978922694 1412755065.24
12.024764525 1412755066.65
11.7931105588 1412755067.99
12.0051833974 1412755069.3
11.7418065873 1412755070.56
11.9760896824 1412755071.91
11.7684672442 1412755073.17
11.9730103013 1412755074.49
11.7140901725 1412755075.82
11.8989144411 1412755077.1
11.974866771 1412755078.39
12.0231707106 1412755079.65
11.9902127887 1412755080.92
11.8621192458 1412755082.25
11.9636133882 1412755083.57
11.839059207 1412755084.85
11.9285373163 1412755086.09
11.8269540917 1412755087.48
11.9138540361 1412755088.77
11.7776104447 1412755090.09
11.8575270593 1412755091.42
11.7544008419 1412755092.75
11.6976878695 1412755094.02
11.6002518084 1412755095.27
11.463013709 1412755096.57
11.3799006657 1412755097.88
11.2458865454 1412755099.17
11.1619406424 1412755100.47
11.0489115443 1412755101.78
10.8531780524 1412755103.05
10.6414668935 1412755104.33
10.3572001944 1412755105.67
9.77962850201 1412755107.03
9.43085688617 1412755108.42
9.40996118204 1412755109.85
9.6848176637 1412755111.23
9.91610178157 1412755112.61
9.51884638136 1412755114.01
9.67198919003 1412755115.4
9.7689020833 1412755116.75
9.5578053309 1412755118.17
9.65333693521 1412755119.54
9.68443727682 1412755120.9
9.68807182233 1412755122.25
9.68828773005 1412755123.59
9.65686160812 1412755124.95
9.6157083507 1412755126.28
9.48654552341 1412755127.68
9.43438482913 1412755129.1
9.31505183362 1412755130.51
9.21476260104 1412755131.86
9.09592460241 1412755133.21
9.01361884805 1412755134.57
8.94391976354 1412755135.93
8.85387387956 1412755137.35
8.73116106953 1412755138.76
8.54490325619 1412755140.13
8.44173921337 1412755141.47
8.32097778485 1412755142.86
8.23730858824 1412755144.28
8.12450122867 1412755145.63
8.0097455093 1412755147.01
7.85420600246 1412755148.41
7.79991764326 1412755149.8
7.70776866807 1412755151.14
7.61296062859 1412755152.57
7.47957287451 1412755154.0
7.3621230106 1412755155.4
7.22938846603 1412755156.8
7.15793999273 1412755158.21
7.09218530055 1412755159.64
6.97219944714 1412755161.04
6.89994716378 1412755162.5
6.86405036883 1412755163.99
6.84589695702 1412755165.43
6.7929366645 1412755166.88
6.78655701823 1412755168.33
6.80199707622 1412755169.77
6.8251454344 1412755171.21
6.87637470939 1412755172.72
6.90464274477 1412755174.24
6.90433798533 1412755175.64
6.9713783562 1412755177.12
6.9852834125 1412755178.6
7.0040186085 1412755180.09
7.03017400804 1412755181.59
7.06117475809 1412755183.03
7.09043851141 1412755184.45
7.11999759084 1412755185.9
7.15021840709 1412755187.38
