28.4547967048 1412726136.35
28.7111489277 1412726136.72
28.9999771838 1412726137.07
29.2382659361 1412726137.42
29.2746666257 1412726137.77
29.6021211471 1412726138.13
29.7553052337 1412726138.46
29.2451385677 1412726138.78
30.2073961803 1412726139.19
29.9461372738 1412726139.55
30.5345597019 1412726139.9
17.8489955185 1412726140.24
15.8461444244 1412726140.55
15.4999062266 1412726140.85
15.1355314985 1412726141.31
14.152266823 1412726141.76
13.6653397663 1412726142.15
13.5825710783 1412726142.5
13.0575514458 1412726142.93
12.8965623815 1412726143.34
12.4032670202 1412726143.8
12.1395533808 1412726144.24
11.9614158868 1412726144.71
11.842999336 1412726145.1
11.4718053457 1412726145.48
11.3590847858 1412726145.92
11.1460508612 1412726146.35
11.0360229194 1412726146.71
10.805918263 1412726147.12
10.7941489566 1412726147.58
10.630406267 1412726147.98
10.5721260962 1412726148.28
10.5077337783 1412726148.57
10.3565518759 1412726148.85
10.1847942833 1412726149.13
10.1474870415 1412726149.4
9.98914648357 1412726149.71
9.84709867343 1412726149.99
9.73052351639 1412726150.27
9.59692335059 1412726150.55
9.65341824177 1412726150.86
9.58791532225 1412726151.17
9.42673961499 1412726151.55
9.402155823 1412726151.87
9.24844654304 1412726152.2
9.20806072873 1412726152.54
9.06045877253 1412726152.84
9.13139561365 1412726153.14
8.99862791056 1412726153.44
8.9844289302 1412726153.76
8.85488052371 1412726154.11
8.700173137 1412726154.46
8.87164762887 1412726154.79
8.71444816306 1412726155.12
8.76787995235 1412726155.47
8.75594876155 1412726155.79
8.8636967955 1412726156.21
8.64107276407 1412726156.59
8.83576312214 1412726156.91
8.67014264164 1412726157.25
8.47403658045 1412726157.61
8.5088748273 1412726157.93
8.6659842846 1412726158.27
8.50315036322 1412726158.6
8.27306108712 1412726158.91
8.27611839384 1412726159.25
8.12464282991 1412726159.6
8.0760505834 1412726159.93
7.96132477499 1412726160.28
8.05008671743 1412726160.61
7.91430732438 1412726160.91
7.99351851618 1412726161.23
7.87846401972 1412726161.51
7.82333308214 1412726161.81
7.66743906611 1412726162.07
7.62119701436 1412726162.36
7.49812873645 1412726162.64
7.49874672422 1412726162.93
7.33206425762 1412726163.21
7.32163071859 1412726163.48
7.23133986497 1412726163.78
7.2815276958 1412726164.07
7.17528075636 1412726164.36
7.13832738475 1412726164.62
7.05604913894 1412726164.89
7.07894275295 1412726165.18
7.03592890621 1412726165.46
7.01031128411 1412726165.74
6.95454122119 1412726166.03
6.93471867936 1412726166.31
6.93546476345 1412726166.59
6.93809645893 1412726166.89
6.84745300392 1412726167.16
6.79419218649 1412726167.45
6.69794696813 1412726167.72
6.72714726412 1412726168.02
6.62406642649 1412726168.29
6.60261692079 1412726168.59
6.52419561684 1412726168.89
6.5137541898 1412726169.16
6.44865811911 1412726169.44
6.4029449848 1412726169.73
6.33513187947 1412726170.01
6.34213470076 1412726170.29
6.29717949723 1412726170.58
6.27479807161 1412726170.87
6.17984697863 1412726171.16
6.16476721713 1412726171.44
6.07019720249 1412726171.73
6.0448991945 1412726172.02
5.97245451344 1412726172.32
5.88575704326 1412726172.6
5.87878886477 1412726172.9
5.82543918685 1412726173.18
5.75431441301 1412726173.47
5.71783657923 1412726173.76
5.66688349155 1412726174.06
5.63434023338 1412726174.34
5.59837534179 1412726174.62
5.6044317014 1412726174.89
5.61256614626 1412726175.19
5.51827652971 1412726175.5
5.52217602589 1412726175.77
5.4866834817 1412726176.09
5.51506750625 1412726176.36
5.47326727062 1412726176.68
5.41644072924 1412726176.96
5.4214953509 1412726177.27
5.40905692187 1412726177.57
5.36095461654 1412726177.86
5.32397398057 1412726178.13
5.30907976422 1412726178.43
5.3333885782 1412726178.73
5.34660789731 1412726179.02
5.31777908979 1412726179.31
5.33197436298 1412726179.6
5.33870439062 1412726179.91
5.30904746158 1412726180.21
5.26624821805 1412726180.5
5.2672060909 1412726180.82
5.2207559925 1412726181.13
5.21840817688 1412726181.43
5.2289675909 1412726181.75
5.16667388397 1412726182.06
5.21729508841 1412726182.39
5.17408030046 1412726182.7
5.18172446642 1412726183.02
5.14791030021 1412726183.34
5.10609859947 1412726183.66
5.10677914521 1412726183.96
5.06605815393 1412726184.26
5.06010115499 1412726184.56
5.04658290189 1412726184.87
5.06353167491 1412726185.18
5.0078606742 1412726185.51
5.05730076944 1412726185.83
5.01755983589 1412726186.13
4.98889253547 1412726186.4
4.98867659086 1412726186.7
4.96613336981 1412726187.0
4.97073302526 1412726187.31
4.97212708049 1412726187.61
4.92929379999 1412726187.89
4.88143650026 1412726188.2
4.88703588667 1412726188.52
4.84971265528 1412726188.82
4.81539811625 1412726189.1
4.77895684636 1412726189.38
4.76797645219 1412726189.68
4.75505146037 1412726189.96
4.73452491699 1412726190.27
4.77410303656 1412726190.58
4.78440258159 1412726190.91
4.71654867679 1412726191.2
4.69477646059 1412726191.5
4.66627990119 1412726191.79
4.67550072068 1412726192.08
4.64747075928 1412726192.38
4.64325829209 1412726192.68
4.63251703685 1412726192.96
4.60480544986 1412726193.29
4.58880282231 1412726193.57
4.57497291056 1412726193.89
4.55723042543 1412726194.18
4.54676284184 1412726194.5
4.54129347151 1412726194.82
4.51121220724 1412726195.13
4.53890048424 1412726195.44
4.51938024829 1412726195.82
4.50273347022 1412726196.18
4.4915703152 1412726196.51
4.49175613215 1412726196.86
4.46251264058 1412726197.19
4.46273815427 1412726197.5
4.44547479324 1412726197.84
4.45361414966 1412726198.19
4.42516001672 1412726198.5
4.43782438268 1412726198.82
4.41867891383 1412726199.13
4.40360123763 1412726199.45
