4.22113821882 1412724267.71
4.11439906058 1412724268.01
3.79640610153 1412724268.31
3.69903253837 1412724268.65
3.70382016519 1412724268.96
3.67237767023 1412724269.23
3.60037713096 1412724269.51
3.48960068175 1412724269.76
3.42893917914 1412724270.01
3.50962772215 1412724270.28
3.46951539942 1412724270.54
3.43037402908 1412724270.78
3.3673761672 1412724271.04
3.29455950672 1412724271.32
3.26400564455 1412724271.6
3.23627782588 1412724271.89
3.1878654294 1412724272.15
3.16175860666 1412724272.41
3.09541906393 1412724272.65
3.1284236989 1412724272.94
3.13847457613 1412724273.2
3.15518003209 1412724273.46
3.14596740992 1412724273.71
3.16651196642 1412724273.96
3.15503448887 1412724274.21
3.1692986486 1412724274.44
3.18786025907 1412724274.69
3.13599001274 1412724274.92
3.17254071749 1412724275.15
3.19828752517 1412724275.37
3.19839845383 1412724275.63
3.1986854089 1412724275.88
3.22079612299 1412724276.13
3.25334208822 1412724276.37
3.28318023292 1412724276.59
3.30187271404 1412724276.82
3.30727830354 1412724277.11
3.31641931849 1412724277.41
3.32871984793 1412724277.66
3.35155377923 1412724277.89
3.38706935955 1412724278.13
3.41449643003 1412724278.39
3.43150373771 1412724278.63
3.44414734556 1412724278.87
3.46480873638 1412724279.11
3.48663863196 1412724279.34
3.49330679749 1412724279.57
3.50620440403 1412724279.8
3.53730477733 1412724280.05
3.56146448399 1412724280.28
3.58147066726 1412724280.5
3.60237662382 1412724280.73
3.62562113744 1412724280.97
3.64679643558 1412724281.22
3.66342988682 1412724281.45
3.68201068158 1412724281.71
3.70102307474 1412724281.95
3.72254219965 1412724282.21
3.74041617871 1412724282.46
3.75366514085 1412724282.68
3.76857779161 1412724282.94
3.75939039115 1412724283.2
3.77234243647 1412724283.45
3.77728506204 1412724283.69
3.79240325803 1412724283.95
3.80002852734 1412724284.17
3.80567204138 1412724284.4
3.80975016118 1412724284.63
3.8116260915 1412724284.87
3.80956311776 1412724285.11
3.80838073734 1412724285.36
3.80305322666 1412724285.59
3.7953378572 1412724285.81
3.78738131165 1412724286.05
3.77869569109 1412724286.31
3.77001422981 1412724286.55
3.7699026755 1412724286.78
3.76025626976 1412724287.02
3.75677775253 1412724287.26
3.74688209855 1412724287.51
3.73693801323 1412724287.75
3.72734810132 1412724287.99
3.72474734586 1412724288.22
3.7244746382 1412724288.44
3.7153204167 1412724288.68
3.7032509566 1412724288.91
3.69134323519 1412724289.13
3.67437552615 1412724289.37
3.65677691332 1412724289.62
3.63887175345 1412724289.86
3.62512625278 1412724290.1
3.61186927073 1412724290.32
3.60892223905 1412724290.55
3.58862594883 1412724290.78
3.58681846519 1412724290.99
3.56498367593 1412724291.22
3.54208670041 1412724291.43
3.51871373966 1412724291.67
3.49715474327 1412724291.91
3.46884481137 1412724292.11
3.44298374709 1412724292.31
3.43081312001 1412724292.53
3.39208316556 1412724292.76
3.3734459391 1412724293.0
3.34491483447 1412724293.2
3.31561576892 1412724293.46
3.28567924138 1412724293.69
3.25300168442 1412724293.91
3.24435110714 1412724294.14
3.21540517134 1412724294.35
3.18390273244 1412724294.6
3.15311402555 1412724294.81
3.12688253672 1412724295.04
3.09948974229 1412724295.26
3.0711434708 1412724295.5
3.05750513275 1412724295.72
3.03619823204 1412724295.94
3.0083736887 1412724296.19
2.98952368287 1412724296.42
2.96508872151 1412724296.66
2.942533 1412724296.88
2.93185550921 1412724297.1
2.90694551675 1412724297.32
2.90232565841 1412724297.53
2.86977930689 1412724297.75
2.85989856619 1412724297.99
2.83631178463 1412724298.21
2.82786158407 1412724298.45
2.8038125151 1412724298.69
2.78576059086 1412724298.92
2.76219351837 1412724299.12
2.7549885608 1412724299.35
2.73144098227 1412724299.58
2.72986701666 1412724299.81
2.71276966902 1412724300.07
2.69478390003 1412724300.3
2.68197272369 1412724300.51
2.66437927791 1412724300.75
2.64949815952 1412724300.98
2.63400072528 1412724301.23
2.60900358773 1412724301.43
2.59659004435 1412724301.63
2.57948664837 1412724301.84
2.56860700538 1412724302.07
2.55169615307 1412724302.3
2.54101721589 1412724302.49
2.52420973797 1412724302.69
2.51467593366 1412724302.92
2.49869407292 1412724303.14
2.48952486541 1412724303.37
2.47946400434 1412724303.57
2.47058895519 1412724303.81
2.454344173 1412724304.04
2.44085635988 1412724304.25
2.424715552 1412724304.47
2.41101635623 1412724304.69
2.40070045959 1412724304.9
2.38730307755 1412724305.12
2.37455643868 1412724305.34
2.36173580942 1412724305.55
2.3516303851 1412724305.79
2.33918715061 1412724306.02
2.32918615866 1412724306.26
2.31521608011 1412724306.5
2.30644824673 1412724306.73
2.29467980218 1412724306.94
2.28573557957 1412724307.15
2.27226855049 1412724307.37
2.25666470138 1412724307.58
2.24848414136 1412724307.81
2.23509640869 1412724308.03
2.22495429921 1412724308.25
2.21393431421 1412724308.5
2.20558565171 1412724308.73
2.19624728706 1412724308.95
2.18830403783 1412724309.17
2.17742795209 1412724309.39
2.16738826402 1412724309.6
2.16443172437 1412724309.8
2.15567998122 1412724310.03
2.1444541703 1412724310.29
2.13776025986 1412724310.48
2.12681463135 1412724310.68
2.12014090195 1412724310.9
2.11007699442 1412724311.13
2.1057355273 1412724311.35
2.09539646441 1412724311.55
2.08893833725 1412724311.8
2.07886496037 1412724312.01
2.07245392117 1412724312.24
2.062633222 1412724312.45
2.05776134521 1412724312.66
2.0503291076 1412724312.89
2.04399713172 1412724313.11
2.03342494409 1412724313.34
2.02706625049 1412724313.55
2.02577042081 1412724313.77
2.01755132836 1412724313.99
2.00799493402 1412724314.2
1.99793780718 1412724314.39
