14.0551385357 1412723047.27
13.7582488827 1412723047.57
14.3549371619 1412723047.88
14.3983996345 1412723048.16
14.6270631214 1412723048.46
14.6194244073 1412723048.77
14.5211212148 1412723049.05
14.5044344436 1412723049.36
14.3850759294 1412723049.64
14.356857057 1412723049.95
14.3566810027 1412723050.26
14.4080867041 1412723050.56
14.3484647534 1412723050.86
14.3885781452 1412723051.11
14.469477012 1412723051.35
14.574427789 1412723051.59
14.5140281918 1412723051.88
14.6963787615 1412723052.18
14.725288042 1412723052.45
14.7391193268 1412723052.72
14.9303450151 1412723053.02
15.0804010941 1412723053.31
15.1869495592 1412723053.58
15.1387209812 1412723054.02
15.248206595 1412723054.41
15.3743111682 1412723054.71
15.4615181545 1412723055.0
15.4537460604 1412723055.27
15.4587730542 1412723055.54
15.502614823 1412723055.85
15.5396887736 1412723056.14
15.5945296949 1412723056.4
15.6460941185 1412723056.72
15.6816446736 1412723057.0
15.6860550143 1412723057.27
15.6960775878 1412723057.52
15.695401096 1412723057.79
15.5817358526 1412723058.07
15.581352251 1412723058.38
15.6163358078 1412723058.65
15.5705926881 1412723058.95
15.3980972799 1412723059.23
15.3904515084 1412723059.49
15.3806080021 1412723059.74
15.4771858974 1412723060.04
15.4640728854 1412723060.32
15.5091305742 1412723060.6
15.4960609859 1412723060.86
15.4833366846 1412723061.15
15.4684241036 1412723061.38
15.5449700556 1412723061.65
15.5311601779 1412723061.91
15.5144120597 1412723062.18
15.4998594496 1412723062.49
15.5216384481 1412723062.78
15.3788049846 1412723063.05
15.404537749 1412723063.33
15.4988246508 1412723063.61
15.4474832919 1412723063.91
15.4237125808 1412723064.18
15.318232739 1412723064.44
15.378706634 1412723064.75
15.3550764495 1412723065.03
15.337253515 1412723065.31
15.3193380147 1412723065.6
15.4223475462 1412723065.85
15.2752763162 1412723066.12
15.3287714354 1412723066.41
15.2086608556 1412723066.67
15.2288152725 1412723066.96
15.181120625 1412723067.23
15.1616297723 1412723067.5
15.1148664021 1412723067.76
14.8358787806 1412723068.02
14.8978461837 1412723068.29
14.8791544297 1412723068.58
14.81613483 1412723068.88
14.6037258617 1412723069.14
14.535888941 1412723069.41
14.480741275 1412723069.68
14.4578895097 1412723069.96
14.3828266867 1412723070.24
14.2073242646 1412723070.53
14.118737786 1412723070.82
13.9303129954 1412723071.09
13.7825962792 1412723071.37
13.6249628658 1412723071.63
13.5657508771 1412723071.91
13.3571939292 1412723072.19
13.2816319961 1412723072.47
13.1553380116 1412723072.79
12.9458215618 1412723073.07
12.8549463032 1412723073.35
12.7187965525 1412723073.65
12.6201083869 1412723073.92
12.1530405923 1412723074.23
12.0507892654 1412723074.51
11.8551793465 1412723074.79
11.7383885417 1412723075.06
11.5477204233 1412723075.32
11.4006043106 1412723075.59
11.2389685402 1412723075.87
11.2708802715 1412723076.14
10.8771326629 1412723076.43
10.8210189597 1412723076.75
10.6598973288 1412723077.01
10.6156335755 1412723077.29
10.3299473715 1412723077.59
10.2745959699 1412723077.87
10.1662387993 1412723078.2
10.0711554534 1412723078.47
9.78695656424 1412723078.74
9.71117838303 1412723079.02
9.60041273892 1412723079.28
9.52393516191 1412723079.55
9.2436382733 1412723079.81
9.19337448239 1412723080.07
9.17261253829 1412723080.38
9.16777142787 1412723080.7
9.03581980199 1412723081.02
8.98315790679 1412723081.3
8.9841375636 1412723081.75
8.9475085225 1412723082.16
8.97038799851 1412723082.52
8.96948950875 1412723082.84
8.98269185074 1412723083.11
9.01795230257 1412723083.39
8.92950287605 1412723083.65
8.92385023845 1412723083.92
8.96409357015 1412723084.2
8.93153205225 1412723084.48
9.02464725004 1412723084.79
8.96601474123 1412723085.06
9.00109553436 1412723085.35
8.94097294054 1412723085.75
8.94649353231 1412723086.21
8.95899816427 1412723086.54
8.8995010401 1412723086.83
8.8422838819 1412723087.12
8.81399111323 1412723087.4
8.71624196138 1412723087.69
8.62941580158 1412723087.97
8.53269357554 1412723088.23
8.42099324355 1412723088.5
8.30046478635 1412723088.75
8.23952350269 1412723088.99
8.11339212299 1412723089.29
8.06461025106 1412723089.59
8.16417346309 1412723089.89
8.19735203371 1412723090.2
8.17025202327 1412723090.51
8.25244562122 1412723090.82
8.11304607237 1412723091.12
8.2022011169 1412723091.44
7.95824775874 1412723091.7
8.04913961915 1412723091.99
8.13128628007 1412723092.28
8.01867855194 1412723092.55
7.8933012928 1412723092.83
7.82295646693 1412723093.11
7.90090284716 1412723093.44
8.03608219779 1412723093.72
7.89557264767 1412723093.99
7.76149938297 1412723094.26
7.81857033734 1412723094.54
7.647136636 1412723094.83
7.50628602086 1412723095.13
7.38331224871 1412723095.41
7.42112628268 1412723095.68
7.23840345181 1412723095.97
7.34590643741 1412723096.25
7.17023093204 1412723096.52
7.32447089356 1412723096.77
7.14727990436 1412723097.06
7.25488749018 1412723097.32
7.09858286128 1412723097.57
7.14352224942 1412723097.85
6.9342797054 1412723098.14
6.81398828706 1412723098.46
6.82871347113 1412723098.74
6.72345965118 1412723099.03
6.7716725734 1412723099.3
6.65359738642 1412723099.59
6.70869913062 1412723099.87
6.58642181963 1412723100.16
6.51542973611 1412723100.46
6.4265861021 1412723100.75
6.47022058167 1412723101.05
6.35022661585 1412723101.38
6.39125215937 1412723101.69
6.28227109773 1412723101.97
6.19550122679 1412723102.24
6.21027665309 1412723102.51
6.12639114508 1412723102.78
6.04927379294 1412723103.04
6.05901235094 1412723103.29
6.00981224537 1412723103.55
5.98771904032 1412723103.82
5.92906685203 1412723104.07
5.94194270425 1412723104.32
