15.800730537 1412723852.07
15.9498484735 1412723852.78
15.8257635072 1412723853.34
15.4771860094 1412723853.8
15.5100285242 1412723854.24
15.2885836755 1412723854.68
15.5845758234 1412723855.13
15.4743003918 1412723855.49
15.354594385 1412723855.82
15.2563858801 1412723856.16
15.2438842312 1412723856.45
15.3338760508 1412723856.76
15.2767822097 1412723857.22
15.148871729 1412723857.56
15.0767267822 1412723857.97
15.0231014057 1412723858.27
14.8134035742 1412723858.67
14.8059690961 1412723858.95
14.6884968894 1412723859.26
14.5904531901 1412723859.62
14.5211832182 1412723859.95
14.3414455707 1412723860.24
14.4370240773 1412723860.54
14.6221920412 1412723860.85
14.5310884566 1412723861.19
14.6016550445 1412723861.52
14.5630308778 1412723861.83
14.142840588 1412723862.17
14.1593275287 1412723862.5
14.2568334337 1412723862.82
14.0652919461 1412723863.14
13.9603317245 1412723863.46
13.8399402484 1412723863.76
13.7312174862 1412723864.06
13.4400621188 1412723864.37
13.2457774816 1412723864.83
12.6356352284 1412723865.21
11.8131208497 1412723865.53
14.2986479558 1412723865.85
11.6995320547 1412723866.18
12.3443475778 1412723866.52
12.2722139848 1412723867.11
12.4513489864 1412723867.54
12.505630521 1412723867.89
12.376619339 1412723868.2
12.4756765391 1412723868.58
12.5451078738 1412723868.95
12.6459731307 1412723869.29
12.964261829 1412723869.64
12.8388423869 1412723869.95
13.2975793283 1412723870.26
13.4364284742 1412723870.6
13.5737463799 1412723870.96
13.6118754574 1412723871.39
14.1871213597 1412723871.71
14.1030279389 1412723872.06
14.3311754788 1412723872.41
14.057772934 1412723872.75
14.0912259464 1412723873.08
14.0633219597 1412723873.53
13.7682380655 1412723873.91
13.7349103095 1412723874.22
13.6774320355 1412723874.57
13.6515182145 1412723874.96
13.5473954315 1412723875.33
13.6054653624 1412723875.67
13.5809580707 1412723875.98
13.5363115379 1412723876.3
13.3751514443 1412723876.62
13.3298622707 1412723876.96
13.2884474856 1412723877.28
13.539426795 1412723877.58
13.3681235796 1412723877.93
13.3324923302 1412723878.24
13.2942955242 1412723878.56
13.3293816704 1412723878.88
13.316480466 1412723879.19
13.2360262571 1412723879.52
13.33893711 1412723879.88
13.2348405265 1412723880.22
13.1990864289 1412723880.54
13.1731727393 1412723880.86
13.1854970637 1412723881.23
13.1585264748 1412723881.58
13.1539872774 1412723881.89
13.1736813732 1412723882.25
13.2105471009 1412723882.58
13.1877577394 1412723882.89
13.1599473841 1412723883.23
13.1191136889 1412723883.56
13.1293745456 1412723883.93
13.1097499493 1412723884.28
13.2370560908 1412723884.59
13.2161666509 1412723884.97
13.2995849865 1412723885.32
13.2753896781 1412723885.65
13.2490923433 1412723885.99
13.140377914 1412723886.37
13.2166150157 1412723886.73
13.1349499933 1412723887.11
13.1198769331 1412723887.57
13.1368649885 1412723887.92
13.1528460177 1412723888.25
13.1334735693 1412723888.64
13.1144473407 1412723888.99
13.2273604889 1412723889.32
13.211773922 1412723889.66
13.0983449325 1412723889.96
13.1342968631 1412723890.29
13.1202745819 1412723890.6
13.0814701333 1412723890.89
13.0620976098 1412723891.21
12.9604066467 1412723891.5
12.9820227828 1412723891.8
12.9753298026 1412723892.13
12.9647456419 1412723892.43
12.9543375103 1412723892.73
12.9499695276 1412723893.03
12.9403835001 1412723893.3
12.9673099004 1412723893.59
12.959022104 1412723893.91
12.9549135039 1412723894.24
12.9774759367 1412723894.54
12.9697112777 1412723894.85
12.9620314298 1412723895.14
12.9554444286 1412723895.47
12.9778150758 1412723895.78
12.9711997134 1412723896.06
12.9647305269 1412723896.37
12.9592056837 1412723896.66
12.9535724482 1412723896.96
12.9489337993 1412723897.27
12.9345752816 1412723897.6
12.9336609293 1412723897.9
12.9661751643 1412723898.22
12.9604441219 1412723898.53
12.9509353221 1412723898.85
12.9516459917 1412723899.11
12.9476164425 1412723899.42
12.944379019 1412723899.74
12.9411665641 1412723900.03
12.9380320067 1412723900.34
12.9495774009 1412723900.61
12.948539388 1412723900.93
12.9454933169 1412723901.23
12.9932336579 1412723901.54
12.9895109364 1412723901.83
12.9858655112 1412723902.15
12.9767401672 1412723902.46
12.9814986894 1412723902.8
12.9703472081 1412723903.11
12.9752267648 1412723903.42
12.9710823368 1412723903.73
12.9623911944 1412723904.07
12.9651048672 1412723904.47
12.9574755336 1412723904.78
12.9602838372 1412723905.07
12.9613501396 1412723905.36
12.9566661777 1412723905.7
12.9521977127 1412723905.98
12.9495314285 1412723906.3
12.9834679779 1412723906.62
12.9852973668 1412723906.95
12.9839921212 1412723907.28
12.9813531667 1412723907.59
12.9786392334 1412723907.92
12.9758067652 1412723908.2
12.9728584001 1412723908.5
13.0477784167 1412723908.79
13.0400163804 1412723909.1
13.0359604536 1412723909.43
13.0909010871 1412723909.78
13.0882634413 1412723910.1
13.0845359752 1412723910.39
13.0820420307 1412723910.7
13.0796279194 1412723911.01
13.0679713778 1412723911.34
13.063932754 1412723911.6
13.0722917107 1412723911.92
13.0575776 1412723912.24
13.0658817332 1412723912.57
13.0612875017 1412723912.89
13.0564513297 1412723913.18
13.0538387671 1412723913.49
13.0515147917 1412723913.81
13.0488769886 1412723914.11
13.0465671158 1412723914.43
13.0438624357 1412723914.79
13.0415063084 1412723915.09
13.0382347184 1412723915.4
13.0356645669 1412723915.69
13.0332770073 1412723915.99
13.0305990937 1412723916.31
13.028278886 1412723916.61
13.0251764604 1412723916.91
13.0229409192 1412723917.22
13.0212701551 1412723917.52
13.0181479533 1412723917.86
13.0161212648 1412723918.25
13.0121361054 1412723918.63
