8.01288495311 1412725580.61
7.98680814882 1412725580.92
7.97422052247 1412725581.26
7.99017051068 1412725581.6
8.04331517841 1412725581.93
8.25776702856 1412725582.27
8.06081533564 1412725582.6
8.11784081451 1412725582.89
8.24571780516 1412725583.19
8.2250667835 1412725583.51
8.48136557962 1412725583.83
8.44757065402 1412725584.15
8.68262816532 1412725584.43
8.76447070033 1412725584.73
8.98913936967 1412725585.03
9.27593942393 1412725585.35
9.55308740906 1412725585.67
9.73303604577 1412725585.98
9.70949563316 1412725586.28
9.94223888327 1412725586.58
9.83831926062 1412725586.88
9.58201934129 1412725587.22
9.96519710827 1412725587.53
9.89167689432 1412725587.83
10.1085336352 1412725588.11
10.9137448998 1412725588.4
11.3272307663 1412725588.74
11.502809116 1412725589.02
11.9161098561 1412725589.3
11.7199666062 1412725589.6
11.4622228338 1412725589.89
11.7864254986 1412725590.17
11.7744129401 1412725590.5
11.572440261 1412725590.81
11.8072225993 1412725591.08
11.6690476871 1412725591.38
11.4182160243 1412725591.67
11.5198393913 1412725591.95
11.6134180953 1412725592.24
11.818543425 1412725592.51
11.7309103393 1412725592.8
11.6817982841 1412725593.1
11.6380472793 1412725593.41
11.6427870134 1412725593.71
11.4875738119 1412725593.99
11.2221183213 1412725594.3
11.0675421771 1412725594.62
11.0367036266 1412725594.89
10.7981621499 1412725595.18
10.6398987707 1412725595.5
10.3354384373 1412725595.76
10.1669442093 1412725596.07
9.9472479481 1412725596.36
9.80033779438 1412725596.68
9.64497324328 1412725596.95
9.65650570621 1412725597.23
9.49378996479 1412725597.53
9.29545154065 1412725597.83
9.17186569507 1412725598.13
9.28158700529 1412725598.43
9.14811789877 1412725598.73
9.25855408009 1412725599.02
9.20778891101 1412725599.31
9.40198026783 1412725599.58
9.48187826652 1412725599.86
9.31730264584 1412725600.15
9.35049583828 1412725600.46
9.38609418774 1412725600.71
9.67937228699 1412725600.98
9.4371732688 1412725601.27
9.35379296148 1412725601.56
9.40284046412 1412725601.82
9.58189244922 1412725602.11
9.46050952917 1412725602.39
9.48021326904 1412725602.67
9.45011193342 1412725602.94
9.54349878385 1412725603.21
9.52648419982 1412725603.51
9.4856329745 1412725603.79
9.46923633745 1412725604.09
9.37872138864 1412725604.37
9.31722524497 1412725604.64
9.29643440659 1412725604.9
9.30365846275 1412725605.17
9.29295429295 1412725605.46
9.19826267395 1412725605.73
9.16255400272 1412725606.0
9.2695544561 1412725606.28
9.13694682255 1412725606.58
9.12750554079 1412725606.87
8.98081843946 1412725607.15
9.01929853753 1412725607.46
9.07406077536 1412725607.77
9.10292562645 1412725608.07
9.28595453766 1412725608.38
9.2415671088 1412725608.7
9.06199925687 1412725608.96
9.0882184151 1412725609.25
8.97074872481 1412725609.55
9.01028508876 1412725609.86
9.12452301578 1412725610.14
9.03654301833 1412725610.45
9.04805963141 1412725610.74
8.93637926103 1412725611.03
9.00370650556 1412725611.34
8.89506989221 1412725611.64
8.96602499587 1412725611.91
8.71865029004 1412725612.19
8.69681188406 1412725612.44
8.59181263121 1412725612.74
8.60102738011 1412725613.04
8.57631667315 1412725613.33
8.48314880581 1412725613.61
8.4769408232 1412725613.88
8.42612394812 1412725614.16
8.46895167878 1412725614.45
8.38148028425 1412725614.74
8.4182669454 1412725615.02
8.33853961881 1412725615.32
8.33367344044 1412725615.64
8.23909945256 1412725615.97
8.16490042467 1412725616.27
8.14065131757 1412725616.58
8.09129096549 1412725616.92
8.04530220119 1412725617.24
8.05997652449 1412725617.54
7.99181946105 1412725617.86
7.99698590998 1412725618.16
8.06910092173 1412725618.43
7.98350247017 1412725618.73
7.91978170065 1412725619.03
7.82004315707 1412725619.32
7.80849786138 1412725619.62
7.80260844607 1412725619.9
7.84819955815 1412725620.19
7.77864802445 1412725620.49
7.91012255851 1412725620.79
7.83939513059 1412725621.09
7.83903472567 1412725621.36
7.76617280806 1412725621.67
7.80280080828 1412725621.97
7.80685029533 1412725622.23
7.80757672604 1412725622.51
7.74626651127 1412725622.8
7.79470553521 1412725623.1
7.74389713516 1412725623.37
7.77562876262 1412725623.65
7.70777550415 1412725623.91
7.75469136196 1412725624.18
7.75338811723 1412725624.5
7.75779273466 1412725624.77
7.70434330252 1412725625.07
7.69169518132 1412725625.35
7.67330363756 1412725625.63
7.65588827874 1412725625.9
7.62937924707 1412725626.16
7.61025215206 1412725626.46
7.57241632531 1412725626.74
7.57006672989 1412725627.03
7.52558903243 1412725627.3
7.47364321799 1412725627.58
7.43675013072 1412725627.86
7.41528264001 1412725628.14
7.37647740959 1412725628.42
7.30282690022 1412725628.71
7.28635806981 1412725629.01
7.25160598835 1412725629.31
7.24480138424 1412725629.59
7.22651622991 1412725629.88
7.21900359291 1412725630.18
7.17504851271 1412725630.49
7.09569895678 1412725630.77
7.08940197345 1412725631.04
7.14100841137 1412725631.33
7.1361699218 1412725631.6
7.12225402976 1412725631.89
7.13947683141 1412725632.15
7.14360846422 1412725632.42
7.10082467553 1412725632.72
7.11237834561 1412725633.0
7.08935767855 1412725633.29
7.11433508597 1412725633.55
7.15658089377 1412725633.83
7.18697586237 1412725634.14
7.20598231517 1412725634.44
7.24058356347 1412725634.72
7.22181647309 1412725635.0
7.22813710586 1412725635.29
7.20717280615 1412725635.57
7.23835192264 1412725635.85
7.27326444835 1412725636.16
7.22839704564 1412725636.46
7.21013262727 1412725636.75
7.23704261249 1412725637.04
7.21375232222 1412725637.32
7.19916625354 1412725637.63
7.2081212523 1412725637.89
7.21564018971 1412725638.16
7.22956012256 1412725638.45
7.21517782444 1412725638.74
