26.4402882831 1412721745.35
25.9917525843 1412721745.6
25.915758175 1412721745.77
26.150228415 1412721745.95
26.0264853865 1412721746.12
26.0741669809 1412721746.3
25.9790499039 1412721746.45
25.844551502 1412721746.63
25.9358198903 1412721746.78
25.8415985238 1412721746.94
25.8425891054 1412721747.1
25.6626597727 1412721747.26
25.3816586424 1412721747.44
26.2546018818 1412721747.61
25.8290295131 1412721747.74
26.5818245771 1412721747.87
27.2284942062 1412721748.01
26.6207347713 1412721748.16
27.6268097053 1412721748.3
26.7664258456 1412721748.41
26.3040248318 1412721748.54
26.2331994035 1412721748.68
26.1572838098 1412721748.85
26.6341720156 1412721749.03
27.1802330595 1412721749.19
26.789888379 1412721749.34
26.9683992371 1412721749.46
27.1897108436 1412721749.62
27.160498643 1412721749.73
27.1364923883 1412721749.87
27.1660449719 1412721750.02
26.5969759212 1412721750.16
26.5362814022 1412721750.35
27.1210188054 1412721750.51
27.2084495129 1412721750.68
27.5955676308 1412721750.86
27.7320506923 1412721751.0
27.7212858755 1412721751.17
27.450389346 1412721751.31
27.570677629 1412721751.44
27.5873327377 1412721751.55
28.1244305892 1412721751.71
28.5280445007 1412721751.85
28.2791121591 1412721751.97
28.3801497368 1412721752.13
28.6551068097 1412721752.28
28.6759833884 1412721752.43
28.5986463629 1412721752.6
28.8352898582 1412721752.73
28.610805744 1412721752.87
28.6605754699 1412721753.02
28.9675938627 1412721753.14
28.6715065506 1412721753.37
28.5825145667 1412721753.54
28.9838370746 1412721753.69
29.057302429 1412721753.87
29.0646649588 1412721754.01
29.8175556641 1412721754.31
29.7140759289 1412721754.61
29.7986061406 1412721754.83
29.0450189205 1412721755.02
29.1361646106 1412721755.19
28.8084838413 1412721755.4
28.6755260944 1412721755.54
28.5938403359 1412721755.67
28.7473525408 1412721755.82
28.4365021836 1412721755.97
28.8302486805 1412721756.13
28.6078572434 1412721756.28
28.6585891607 1412721756.47
28.736535744 1412721756.61
29.0426511101 1412721756.75
28.9868931074 1412721756.91
29.2159560915 1412721757.07
28.8261470149 1412721757.27
28.7679386609 1412721757.44
28.8323018277 1412721757.61
28.8031394072 1412721757.76
28.9494152383 1412721757.89
29.0100456625 1412721758.04
29.1336007732 1412721758.18
29.4409148621 1412721758.34
29.1078173174 1412721758.54
28.7927217083 1412721758.8
28.5808599148 1412721759.0
28.1941318603 1412721759.19
28.7023094264 1412721759.37
28.4450281501 1412721759.59
28.4870949862 1412721759.76
28.3152731719 1412721759.92
28.4007887519 1412721760.09
28.5433994533 1412721760.26
28.3167221715 1412721760.44
28.1725189195 1412721760.62
28.1235205082 1412721760.81
27.6944991259 1412721760.99
27.8400179868 1412721761.16
27.6498504235 1412721761.35
27.5634648573 1412721761.5
27.1086838869 1412721761.64
26.7301407616 1412721761.81
26.9881276993 1412721761.97
26.7968588064 1412721762.12
26.7811228813 1412721762.3
27.1413802885 1412721762.48
27.0305110071 1412721762.68
27.6575946842 1412721762.88
28.3620116388 1412721763.05
87.6823068264 1412721763.19
88.8422519877 1412721763.34
91.5093946078 1412721763.49
91.7579684726 1412721763.61
91.3832558931 1412721763.76
92.2640340086 1412721763.88
92.0030215371 1412721764.04
92.0025585729 1412721764.21
93.8200928279 1412721764.4
94.804046989 1412721764.53
93.834904015 1412721764.68
93.5499441215 1412721764.86
93.2042409649 1412721765.03
92.9594460314 1412721765.16
93.7649209246 1412721765.33
95.7891161929 1412721765.47
95.6051797318 1412721765.62
95.2539288442 1412721765.77
95.2151671788 1412721765.92
94.8226019112 1412721766.08
95.8518364825 1412721766.24
95.4383203811 1412721766.42
95.3348336755 1412721766.58
95.2069019287 1412721766.76
95.3669730139 1412721766.95
95.0748216036 1412721767.14
99.3777345785 1412721767.32
99.3935426923 1412721767.53
99.4116679118 1412721767.75
99.5407526871 1412721767.91
99.5375920968 1412721768.07
99.5414419565 1412721768.24
99.5497529323 1412721768.43
99.3684502076 1412721768.62
99.3658481714 1412721768.79
99.3639819141 1412721768.94
99.4069297155 1412721769.13
99.4016912848 1412721769.29
99.3974655313 1412721769.48
99.3941422928 1412721769.67
99.0917093459 1412721769.85
99.0851442514 1412721770.01
98.9309693959 1412721770.18
99.0994262268 1412721770.37
98.9472747862 1412721770.52
99.8979940433 1412721770.71
99.9149205462 1412721770.87
99.9305681874 1412721771.03
99.9451835905 1412721771.22
99.9586792227 1412721771.39
99.9363302027 1412721771.59
99.9526382407 1412721771.83
99.9676889531 1412721772.03
99.9817581374 1412721772.22
100.182569023 1412721772.45
100.291326843 1412721772.63
100.27865034 1412721772.81
100.265302666 1412721773.0
100.368577008 1412721773.16
100.383506978 1412721773.31
100.398700268 1412721773.5
100.414130187 1412721773.69
100.561874741 1412721773.84
100.431963603 1412721774.01
100.448753835 1412721774.2
100.465714658 1412721774.4
100.482858687 1412721774.55
100.124174976 1412721774.78
100.139506371 1412721774.96
100.155057741 1412721775.23
100.170788013 1412721775.5
100.18670416 1412721775.76
100.20280803 1412721776.01
100.219186469 1412721776.24
100.64151206 1412721776.4
101.426724771 1412721776.58
101.283119722 1412721776.74
101.301729429 1412721776.92
101.320597628 1412721777.12
101.460600644 1412721777.33
101.617622474 1412721777.51
101.421964368 1412721777.69
101.156562576 1412721777.91
101.181330964 1412721778.1
101.326449181 1412721778.28
101.928304769 1412721778.44
101.962522408 1412721778.61
101.996985822 1412721778.8
102.135311162 1412721778.99
101.910382549 1412721779.15
102.09657741 1412721779.38
103.048800787 1412721779.57
