19.9138550001 1412757801.78
19.8577816525 1412757803.21
19.7763687372 1412757804.6
19.5270875886 1412757806.0
19.2515914997 1412757807.4
18.8764509737 1412757808.79
18.7338438902 1412757810.16
18.5157101608 1412757811.59
18.2640144015 1412757813.03
18.2499522881 1412757814.4
18.1397895438 1412757815.78
17.9778493383 1412757817.17
17.964279319 1412757818.61
17.9602742349 1412757820.04
18.0574268137 1412757821.48
18.1235420364 1412757822.87
17.726460058 1412757824.32
17.3325279403 1412757825.73
16.9832396727 1412757827.15
16.5866316912 1412757828.58
16.3974624869 1412757830.02
15.9794274213 1412757831.48
15.6831918593 1412757832.91
15.4176606551 1412757834.32
15.2175264982 1412757835.67
15.2541248487 1412757837.07
15.2464739123 1412757838.46
15.2398672297 1412757839.94
14.9496171795 1412757841.35
14.6342018176 1412757842.78
14.5402014574 1412757844.22
14.2286533046 1412757845.65
14.0670702972 1412757847.07
13.9282633397 1412757848.52
13.8938233208 1412757849.91
13.7224719912 1412757851.33
13.5370961574 1412757852.72
13.3867836972 1412757854.15
13.2498265939 1412757855.55
13.1666534054 1412757856.96
13.0599093076 1412757858.31
12.6813428241 1412757859.7
12.7082548918 1412757861.12
12.7288379458 1412757862.53
13.3198537152 1412757863.94
12.0231317701 1412757865.32
11.5032171962 1412757866.7
11.6576919403 1412757868.07
11.1401815558 1412757869.48
11.1000605377 1412757870.88
12.0685742623 1412757872.25
10.9039298078 1412757873.7
10.3296309412 1412757875.1
10.3778920218 1412757876.52
10.8555398238 1412757877.93
10.8554684969 1412757879.34
10.957598023 1412757880.76
10.9498021045 1412757882.15
10.6399414781 1412757883.54
10.7170741207 1412757884.95
10.4049231915 1412757886.33
10.4624174381 1412757887.73
10.529452468 1412757889.14
10.2785119611 1412757890.53
10.3414640534 1412757891.93
10.3687381015 1412757893.37
10.4529309412 1412757894.8
10.2809746866 1412757896.2
10.3234632419 1412757897.56
10.3323064434 1412757899.0
10.3701781454 1412757900.41
10.184121352 1412757901.85
10.2364031979 1412757903.28
10.0998715821 1412757904.73
10.0358947497 1412757906.15
9.87121608696 1412757907.57
9.95922661382 1412757909.01
9.73004296176 1412757910.39
9.58657904744 1412757911.82
9.68318219624 1412757913.2
9.72597592483 1412757914.62
9.57137190224 1412757916.07
9.63921785333 1412757917.51
9.51078980156 1412757918.93
9.49343347536 1412757920.32
9.54990350516 1412757921.77
9.5700980156 1412757923.19
9.48193795356 1412757924.58
9.54441360363 1412757925.94
9.42198078399 1412757927.37
9.43443880673 1412757928.75
9.34665787139 1412757930.13
9.39643174482 1412757931.56
9.28886401194 1412757932.96
9.33229289312 1412757934.5
9.23096187722 1412757935.97
9.10697531033 1412757937.48
9.16289815169 1412757938.89
9.2370631238 1412757940.3
9.0789933434 1412757941.71
9.11332635766 1412757943.14
9.20842080358 1412757944.56
9.11507293703 1412757945.94
9.15973927531 1412757947.35
9.06889287874 1412757948.78
9.1175073352 1412757950.22
9.11032041568 1412757951.62
9.15581986124 1412757953.01
9.08634667387 1412757954.42
9.12470741759 1412757955.83
9.05148085372 1412757957.28
9.1075042236 1412757958.69
9.02977652921 1412757960.11
9.06301667892 1412757961.48
8.98511269547 1412757962.88
9.01806262781 1412757964.26
9.00600034586 1412757965.69
9.0397062419 1412757967.09
9.03941613121 1412757968.54
9.06640868292 1412757970.02
9.07912167411 1412757971.44
9.09863617951 1412757972.83
9.08672858198 1412757974.27
9.13564174353 1412757975.71
9.12295473189 1412757977.15
9.06018024716 1412757978.56
9.12229354602 1412757980.01
9.0072290852 1412757981.42
9.02709173077 1412757982.85
9.04049172231 1412757984.29
9.05488347363 1412757985.73
9.04202781638 1412757987.17
9.05262021068 1412757988.59
9.05562382558 1412757990.04
9.07046666963 1412757991.46
9.06260414101 1412757992.88
9.03327986897 1412757994.28
9.01574905568 1412757995.74
9.02511999281 1412757997.16
8.98946797463 1412757998.6
8.9620427133 1412758000.05
8.95917240635 1412758001.49
8.93637036205 1412758002.88
8.94826799711 1412758004.28
8.93186110491 1412758005.68
8.9175347817 1412758007.1
8.82116823 1412758008.57
8.82134585294 1412758010.05
8.81730295548 1412758011.5
8.81380594775 1412758012.96
8.83594728638 1412758014.41
8.79998871114 1412758015.9
8.7521227766 1412758017.38
8.70106434775 1412758018.81
8.72732949768 1412758020.3
8.69710137676 1412758021.77
8.6394073992 1412758023.2
8.64421041008 1412758024.61
8.6411186293 1412758026.08
8.65583949037 1412758027.52
8.62240368274 1412758028.96
8.64413209954 1412758030.44
8.58779643275 1412758031.94
8.5957902927 1412758033.43
8.55275386855 1412758034.9
8.55939696835 1412758036.31
8.50970889506 1412758037.73
8.46904876373 1412758039.19
8.4309465408 1412758040.63
8.41025301602 1412758042.11
8.40309719862 1412758043.68
8.38089652953 1412758045.18
8.37451737064 1412758046.68
8.32749305846 1412758048.12
8.28793950731 1412758049.56
8.27134924636 1412758051.05
8.25864251733 1412758052.49
8.237654399 1412758053.92
8.22158530244 1412758055.35
8.06482947658 1412758056.75
8.03548585169 1412758058.24
8.01507893163 1412758059.71
7.98447730735 1412758061.18
7.92151213285 1412758062.64
7.87218967734 1412758064.12
7.861298492 1412758065.59
7.82658237892 1412758067.03
7.8053980065 1412758068.51
7.75310769827 1412758069.98
7.71928527069 1412758071.46
7.70710972992 1412758072.89
7.75811234508 1412758074.33
7.77610494252 1412758075.78
7.79896877185 1412758077.25
7.778271548 1412758078.7
7.81336899947 1412758080.15
7.86127754632 1412758081.62
7.90698149559 1412758083.08
7.85515393846 1412758084.62
7.89313802296 1412758086.12
