49.8374491936 1412756181.88
48.542336092 1412756183.31
45.4796373985 1412756184.74
44.1541745101 1412756186.16
46.9711369623 1412756187.58
46.976886723 1412756189.08
48.4214968651 1412756190.6
46.9431212584 1412756192.16
45.4783758918 1412756193.73
44.614480502 1412756195.29
43.6828370537 1412756196.83
43.2639115254 1412756198.43
42.9682502911 1412756200.08
42.4761668429 1412756201.64
42.5233766146 1412756203.3
42.1371348326 1412756204.94
42.0531214475 1412756206.54
41.7615159376 1412756208.15
41.7964154406 1412756209.85
41.5755782894 1412756211.47
41.5597586288 1412756213.15
41.5035534159 1412756214.84
41.5761269241 1412756216.64
41.818898705 1412756218.46
42.1275769244 1412756219.87
42.5274195501 1412756221.27
42.8566793837 1412756222.67
43.1197678319 1412756224.1
43.693881397 1412756225.51
44.3091100863 1412756226.88
44.8229748237 1412756228.29
44.968212471 1412756229.65
45.2107733422 1412756231.05
45.3999513078 1412756232.38
45.4873756054 1412756233.77
45.5727216912 1412756235.16
45.5982968882 1412756236.51
45.7422423912 1412756237.87
45.5067818379 1412756239.28
45.6222187972 1412756240.66
45.6629264539 1412756242.18
45.7397439878 1412756243.59
45.7580658576 1412756245.01
45.819910385 1412756246.43
45.9714742591 1412756247.85
46.1103922022 1412756249.26
46.2780418371 1412756250.68
46.2809261415 1412756252.03
46.247127135 1412756253.43
46.1260944729 1412756254.87
46.1083639136 1412756256.25
46.026819381 1412756257.73
46.0616478158 1412756259.13
46.0512983272 1412756260.54
45.9123505736 1412756261.89
45.9811521004 1412756263.25
45.8486503785 1412756264.61
45.6199473701 1412756266.03
45.5611923258 1412756267.46
45.4039436746 1412756268.87
45.1856475658 1412756270.35
44.9779032434 1412756271.79
44.8977419698 1412756273.24
44.5856037281 1412756274.66
44.4573472264 1412756276.14
44.5142083725 1412756277.59
44.4861131478 1412756278.98
44.3002407816 1412756280.42
44.0769406283 1412756281.85
43.9156443016 1412756283.28
43.8719196275 1412756284.75
43.6755904696 1412756286.25
43.4255010059 1412756287.76
43.3437064032 1412756289.33
43.1205244156 1412756290.88
43.1255209145 1412756292.39
43.0228953761 1412756293.93
42.9612397524 1412756295.46
43.0901676822 1412756297.04
43.1006882575 1412756298.6
43.1697546989 1412756300.13
42.8199871969 1412756301.56
42.641983491 1412756303.02
42.558006467 1412756304.48
42.5927422497 1412756305.95
42.7513957266 1412756307.33
42.5922478395 1412756308.77
42.6371373277 1412756310.21
42.4950508141 1412756311.64
42.4162330396 1412756313.12
42.2516150675 1412756314.58
42.1566610516 1412756316.04
42.2095258812 1412756317.53
42.3225031912 1412756319.01
42.3312256639 1412756320.52
42.0908480649 1412756322.05
41.9736565865 1412756323.56
41.7825252428 1412756325.19
41.7734305972 1412756326.78
41.7058313046 1412756328.25
41.710037746 1412756329.8
41.6888932313 1412756331.4
41.6279913774 1412756332.97
41.5518137803 1412756334.56
41.4680416795 1412756336.1
41.4045298247 1412756337.6
41.4419939724 1412756339.16
41.5163131112 1412756340.67
41.6127966946 1412756342.25
41.5493530424 1412756343.85
41.5282658259 1412756345.42
41.2910216868 1412756346.99
41.3652861145 1412756348.6
41.4617998191 1412756350.19
41.4675850538 1412756351.8
41.4589597158 1412756353.39
41.5398004294 1412756355.05
41.6368826004 1412756356.65
41.5906661728 1412756358.24
41.7652905748 1412756359.85
41.7097273612 1412756361.45
41.6944406163 1412756363.11
41.6523622366 1412756364.76
41.6656967176 1412756366.36
41.717651885 1412756367.95
41.654493806 1412756369.51
41.6400130366 1412756371.12
41.7692937424 1412756372.7
41.7700800176 1412756374.35
41.8384224417 1412756375.96
41.7300883085 1412756377.58
41.7944668051 1412756379.15
41.8000458927 1412756380.77
41.7299999037 1412756382.34
41.6729707134 1412756383.94
41.6800269333 1412756385.54
41.692860587 1412756387.15
41.7354894303 1412756388.79
41.8247219572 1412756390.45
41.9046698905 1412756392.13
41.8619230073 1412756393.72
41.7198896573 1412756395.37
41.8059331275 1412756397.03
41.7229258792 1412756398.75
41.6768241963 1412756400.46
41.6861246097 1412756402.09
41.5759623795 1412756403.71
41.6251512478 1412756405.43
41.7018802432 1412756407.11
41.6434948274 1412756408.84
41.6638217596 1412756410.55
41.6125952868 1412756412.24
41.6746512741 1412756413.92
41.6795376896 1412756415.55
41.6551781539 1412756417.22
41.7183989148 1412756418.86
41.7030983007 1412756420.53
41.7790704569 1412756422.22
41.7384073945 1412756423.89
41.7177930796 1412756425.57
41.7180119298 1412756427.28
41.7260697129 1412756428.96
41.6215684674 1412756430.62
41.6236642822 1412756432.33
41.6550897925 1412756434.05
41.6113006595 1412756435.75
41.6660584702 1412756437.44
41.6553088677 1412756439.14
41.6592900267 1412756440.84
41.7155419146 1412756442.53
41.7867646897 1412756444.24
41.8206962757 1412756446.02
41.8313863486 1412756447.75
41.8992664122 1412756449.47
41.8971858193 1412756451.33
41.8923782838 1412756453.1
41.9121703849 1412756454.9
41.8963847602 1412756456.67
41.8745936589 1412756458.45
41.8888987533 1412756460.31
41.8890795977 1412756462.1
41.9366115552 1412756463.81
41.9584026677 1412756465.55
42.0043283613 1412756467.28
42.0082477622 1412756469.01
42.0772324265 1412756470.75
42.0637551767 1412756472.49
41.9981052991 1412756474.25
41.9754257389 1412756475.99
41.9933303479 1412756477.79
41.9812479705 1412756479.6
41.9952856265 1412756481.31
41.9834151422 1412756483.07
41.9949608007 1412756484.78
41.9992432218 1412756486.55
41.9846692382 1412756488.23
42.0214898047 1412756490.0
42.0180971997 1412756491.76
42.1720011794 1412756493.54
42.1643078599 1412756495.3
