35.8276471915 1412722175.77
35.9605923779 1412722175.88
35.9967308552 1412722175.98
35.8423074055 1412722176.08
35.5288881877 1412722176.17
35.5588373776 1412722176.3
35.6022614862 1412722176.42
35.7641323181 1412722176.51
35.6257054563 1412722176.62
35.4555967129 1412722176.72
35.3200279777 1412722176.81
34.9269523098 1412722176.92
34.5486720553 1412722177.02
34.1793899663 1412722177.12
33.8211662466 1412722177.21
33.2668723638 1412722177.31
32.9817121745 1412722177.41
32.6474110742 1412722177.53
32.5100181904 1412722177.64
32.2568695555 1412722177.74
31.7755501817 1412722177.85
31.1244854764 1412722177.95
30.9732438378 1412722178.05
30.5042250495 1412722178.19
30.2116141691 1412722178.32
29.5811149954 1412722178.45
29.1286968383 1412722178.56
28.1507103745 1412722178.67
27.5027127224 1412722178.78
26.8867495958 1412722178.87
26.7283015703 1412722178.97
26.1160211892 1412722179.06
25.9004923071 1412722179.16
25.8217684472 1412722179.27
25.3953271101 1412722179.4
24.9672128072 1412722179.5
24.4919684682 1412722179.63
24.0734078064 1412722179.76
23.7094611815 1412722179.86
23.4335994896 1412722179.97
23.290200824 1412722180.09
22.8985446709 1412722180.2
22.4537265386 1412722180.34
21.8154266953 1412722180.46
21.0935084187 1412722180.57
20.2947942342 1412722180.66
19.6602569498 1412722180.76
19.0991222974 1412722180.85
18.2858719649 1412722180.94
17.2620973529 1412722181.05
16.4643792415 1412722181.16
15.9463260133 1412722181.26
15.585383873 1412722181.35
15.2137360822 1412722181.45
14.9319939228 1412722181.55
14.5234184729 1412722181.64
14.0196678174 1412722181.74
13.2030929955 1412722181.83
12.3794249877 1412722181.94
11.9163061931 1412722182.04
11.3737361732 1412722182.13
11.3029979646 1412722182.23
11.2656942447 1412722182.35
11.3705780515 1412722182.44
11.1584841462 1412722182.54
10.8070945323 1412722182.64
10.6125324348 1412722182.73
10.5596880388 1412722182.93
10.5633746466 1412722183.06
10.2752805523 1412722183.2
10.3334639962 1412722183.3
10.5201108519 1412722183.47
10.2426768792 1412722183.62
10.3607772236 1412722183.71
9.9655856076 1412722183.81
10.0438302137 1412722183.93
10.1046141545 1412722184.14
9.9053789509 1412722184.33
9.84459823027 1412722184.48
9.91585570504 1412722184.67
9.85841413837 1412722184.88
9.87438614283 1412722185.12
9.76831169098 1412722185.35
9.68910743317 1412722185.52
9.70380169359 1412722185.61
9.5339187405 1412722185.72
9.59973069266 1412722185.85
9.51473491159 1412722185.94
9.65477466401 1412722186.03
9.62043057691 1412722186.14
9.50856185884 1412722186.26
9.23704823585 1412722186.43
9.27295872079 1412722186.58
9.2876220163 1412722186.7
9.33591619816 1412722186.81
9.38250382551 1412722186.93
9.37789183532 1412722187.04
9.29556086255 1412722187.16
9.31319472168 1412722187.27
9.35121086263 1412722187.38
9.3246547828 1412722187.51
9.10635521646 1412722187.78
9.05399106637 1412722187.91
9.10677671361 1412722188.07
8.96999638519 1412722188.23
8.91469509378 1412722188.43
8.91202184852 1412722188.57
8.95315112677 1412722188.73
8.87396514326 1412722188.91
8.90185361105 1412722189.05
8.94755024659 1412722189.25
8.94663661725 1412722189.37
8.95737997704 1412722189.53
8.97446126986 1412722189.66
8.98566523837 1412722189.82
8.94153123493 1412722189.97
8.9561613188 1412722190.11
8.9673301864 1412722190.27
9.0045432017 1412722190.43
8.83891142883 1412722190.55
8.83483800703 1412722190.68
8.83089299505 1412722190.81
8.80095600086 1412722190.93
8.79732681125 1412722191.07
8.88268136969 1412722191.19
8.85158426648 1412722191.31
8.84928579753 1412722191.44
8.84705858923 1412722191.57
8.84485523059 1412722191.76
8.84285718188 1412722191.89
8.77072878808 1412722192.02
8.76820498245 1412722192.2
8.85425529812 1412722192.38
8.76924457695 1412722192.57
8.70746169446 1412722192.68
8.70431190549 1412722192.8
8.63336963318 1412722192.93
8.63016434022 1412722193.04
8.58793252099 1412722193.16
8.57337761893 1412722193.37
8.62413345839 1412722193.52
8.49201641283 1412722193.64
8.48911825281 1412722193.78
8.47145792182 1412722193.91
8.42584881973 1412722194.02
8.42318730772 1412722194.13
8.43800728955 1412722194.25
8.43576431526 1412722194.41
8.40934733858 1412722194.6
8.4079861974 1412722194.79
8.40507975646 1412722194.9
8.40225940095 1412722195.0
8.39100452358 1412722195.1
8.378675231 1412722195.21
8.37595687002 1412722195.33
8.31726002692 1412722195.42
8.31526459602 1412722195.52
8.31336960372 1412722195.63
8.31418604626 1412722195.74
8.06074632532 1412722195.84
8.05738768397 1412722195.96
8.08851399616 1412722196.06
8.08611425301 1412722196.16
8.0430540184 1412722196.27
8.11239162799 1412722196.38
8.11814367084 1412722196.47
8.14389799805 1412722196.57
8.14188770955 1412722196.7
8.10033847883 1412722196.84
8.13063855798 1412722196.94
8.12869811224 1412722197.05
8.12675918991 1412722197.16
8.12484004648 1412722197.26
8.03429047879 1412722197.35
8.03269209932 1412722197.47
7.93554869287 1412722197.57
7.94062181956 1412722197.67
7.94577803749 1412722197.78
7.99035543998 1412722197.88
7.99583316244 1412722197.99
8.00143654056 1412722198.1
8.0071311708 1412722198.21
8.01291322012 1412722198.33
7.9181850182 1412722198.43
7.92073294656 1412722198.54
7.92329938286 1412722198.65
7.89683485662 1412722198.77
7.87046039762 1412722198.9
7.87255428371 1412722199.03
7.87476665293 1412722199.15
7.87701640537 1412722199.24
7.87937480014 1412722199.34
7.88182475933 1412722199.5
7.88434956427 1412722199.7
7.88693645129 1412722199.89
7.88964779129 1412722200.03
7.88703926875 1412722200.18
7.8897541082 1412722200.4
7.88716247632 1412722200.57
7.884587997 1412722200.71
