23.3486935683 1412724577.82
23.0322404833 1412724578.09
22.7628693626 1412724578.37
22.2582018832 1412724578.69
22.2420829987 1412724578.98
21.7462551403 1412724579.27
21.6349183584 1412724579.57
21.2826869344 1412724579.87
21.1101642068 1412724580.18
20.8224388673 1412724580.46
20.6204369845 1412724580.75
20.6163535438 1412724581.06
20.4081852847 1412724581.34
20.1742392464 1412724581.62
20.0736108375 1412724581.96
20.0860800073 1412724582.26
19.9021341322 1412724582.53
19.8180775155 1412724582.79
19.8347018441 1412724583.06
19.6291481891 1412724583.33
19.4870215224 1412724583.59
18.9245309361 1412724583.85
18.6398315325 1412724584.09
18.6246909522 1412724584.37
18.5663553671 1412724584.63
18.5363925503 1412724584.9
18.4536146926 1412724585.14
18.3341175101 1412724585.52
18.3131513678 1412724585.88
18.3219779975 1412724586.17
18.3901694121 1412724586.44
18.5402286312 1412724586.74
18.1862397203 1412724587.02
18.389578207 1412724587.31
18.5273593361 1412724587.58
18.5497885293 1412724587.88
18.3279499079 1412724588.14
18.1001828243 1412724588.4
18.0626370202 1412724588.67
17.9224486931 1412724588.94
17.9248302367 1412724589.21
17.8963390573 1412724589.52
17.9005209321 1412724589.79
17.7804425841 1412724590.09
17.7168320973 1412724590.37
17.7880041617 1412724590.63
17.7495619299 1412724590.92
17.7215511396 1412724591.2
17.9010196157 1412724591.47
17.7677934311 1412724591.76
17.8518926745 1412724592.03
17.9481091355 1412724592.3
17.8545768941 1412724592.59
17.843497494 1412724592.91
17.8904898317 1412724593.21
17.8186074773 1412724593.49
17.7602924304 1412724593.78
17.7109415528 1412724594.1
17.6520476994 1412724594.4
17.5749799113 1412724594.68
17.4495154489 1412724594.98
17.3844076522 1412724595.28
17.4255945706 1412724595.58
17.2307708284 1412724595.84
17.3141215107 1412724596.15
17.1630121104 1412724596.44
16.9789717447 1412724596.73
16.9778827386 1412724597.03
16.9633118073 1412724597.3
16.9770443039 1412724597.59
16.9127820181 1412724597.88
16.8242846354 1412724598.16
16.7285039189 1412724598.45
16.8313097211 1412724598.73
16.8062145395 1412724599.02
16.7707621296 1412724599.29
16.7299686495 1412724599.57
16.6217358498 1412724599.86
16.466464314 1412724600.15
16.342121636 1412724600.42
16.2342464891 1412724600.69
16.2315489695 1412724600.97
16.3081452156 1412724601.23
16.2335621666 1412724601.52
16.2862798826 1412724601.8
16.0265929737 1412724602.19
16.0904570143 1412724602.54
16.1224415255 1412724602.83
16.0359414741 1412724603.12
16.0493469198 1412724603.45
16.034183936 1412724603.73
16.0392602748 1412724604.02
16.0108712911 1412724604.31
15.9877306046 1412724604.59
15.9868017036 1412724604.84
15.9930233678 1412724605.11
16.0775295696 1412724605.38
16.060199834 1412724605.66
16.0874665473 1412724605.95
16.0144662872 1412724606.24
16.0337144143 1412724606.5
16.0340527157 1412724606.75
16.0415369063 1412724607.01
16.0279863181 1412724607.28
16.0232105151 1412724607.55
15.9946715812 1412724607.81
15.9762949043 1412724608.06
16.0846015085 1412724608.33
16.0321719785 1412724608.6
16.1047820936 1412724608.86
16.0488514707 1412724609.12
16.136760902 1412724609.4
16.0984065325 1412724609.64
16.1176078196 1412724609.9
16.0853704191 1412724610.17
16.1728358006 1412724610.4
16.175418937 1412724610.67
16.3173710122 1412724610.96
16.2992460993 1412724611.24
16.2152519206 1412724611.5
16.181784825 1412724611.79
16.1119485754 1412724612.07
16.1777788954 1412724612.33
16.2311109092 1412724612.6
16.1821995836 1412724612.87
16.2027743987 1412724613.14
16.2981297626 1412724613.41
16.2982511096 1412724613.7
16.099895868 1412724614.0
16.2658254031 1412724614.27
16.145188511 1412724614.54
16.2139630966 1412724614.83
16.2289566252 1412724615.12
16.2311366406 1412724615.37
16.2162389448 1412724615.63
16.2022825937 1412724615.9
16.1821193417 1412724616.17
16.2479035418 1412724616.44
16.2494538607 1412724616.68
16.2829639666 1412724616.96
16.2185137799 1412724617.22
16.2087259591 1412724617.49
16.2350735067 1412724617.75
16.2258716283 1412724618.01
16.2330181507 1412724618.29
16.2116987009 1412724618.54
16.1675457956 1412724618.83
16.2596054656 1412724619.13
16.2113496506 1412724619.37
16.152429123 1412724619.65
16.261943832 1412724619.93
16.2420257389 1412724620.2
16.2040634539 1412724620.49
16.2597006099 1412724620.75
16.1960728994 1412724621.1
16.2102304254 1412724621.47
16.1588696574 1412724621.77
16.1594473424 1412724622.03
16.2548865307 1412724622.32
16.115359786 1412724622.57
16.1903086231 1412724622.84
16.1357690184 1412724623.12
16.2383293984 1412724623.39
16.1344418367 1412724623.69
16.2081011454 1412724623.96
16.1892708342 1412724624.21
16.1277412907 1412724624.47
16.0699738793 1412724624.75
16.1950215077 1412724625.0
16.1612466232 1412724625.29
16.1595774436 1412724625.56
16.1456874969 1412724625.84
16.1831382653 1412724626.1
16.1057283786 1412724626.38
16.1084340825 1412724626.66
16.1219658152 1412724626.95
16.0086336202 1412724627.21
15.9530171598 1412724627.5
15.9949337313 1412724627.75
16.0039307612 1412724628.03
15.9975207273 1412724628.3
15.9803729446 1412724628.56
15.9896421605 1412724628.82
15.9463859285 1412724629.12
15.9583048884 1412724629.39
15.9492532052 1412724629.68
15.9772578958 1412724629.93
16.0132773861 1412724630.19
16.0243877812 1412724630.45
16.0354866912 1412724630.71
15.9518278022 1412724630.97
15.9666560722 1412724631.25
15.9346495341 1412724631.49
15.9119580654 1412724631.77
15.9753059953 1412724632.05
15.9030301403 1412724632.32
15.8800285071 1412724632.59
15.9089909566 1412724632.86
15.9638314076 1412724633.11
15.9648108001 1412724633.38
