18.2379197686 1412731607.89
18.2324967777 1412731608.49
18.2690858382 1412731609.12
18.1954667083 1412731609.72
18.2829531986 1412731610.32
18.4394376855 1412731610.92
18.8190428101 1412731611.56
18.949956963 1412731612.18
19.1231069485 1412731612.81
19.2947862688 1412731613.43
19.4666414819 1412731614.03
19.7905882568 1412731614.62
19.8284977664 1412731615.22
19.9529616883 1412731615.86
19.8367076487 1412731616.48
19.7656982723 1412731617.09
19.7044764751 1412731617.73
19.6349669883 1412731618.34
19.6564366516 1412731619.0
19.7661634834 1412731619.64
20.0021016349 1412731620.29
19.9314096793 1412731620.89
19.9536984267 1412731621.49
20.1082663901 1412731622.12
20.1115536899 1412731622.78
20.2403012789 1412731623.41
20.2793278403 1412731624.03
20.3206626678 1412731624.67
20.4128953832 1412731625.27
20.4037973162 1412731625.87
20.3825585914 1412731626.49
20.3252871192 1412731627.1
20.211404829 1412731627.68
20.2329332043 1412731628.31
20.0802985825 1412731628.94
20.0703777069 1412731629.57
20.1301722779 1412731630.2
20.1491369107 1412731630.82
20.1629208904 1412731631.46
20.2561559659 1412731632.1
20.3452891151 1412731632.73
20.3757359475 1412731633.34
20.3967961147 1412731633.97
20.3113221976 1412731634.61
20.3866800771 1412731635.22
20.316216045 1412731635.83
20.348380693 1412731636.47
20.312861542 1412731637.09
20.4233173375 1412731637.73
20.3995823521 1412731638.35
20.3890713217 1412731638.97
20.3584540509 1412731639.61
20.4011696211 1412731640.22
20.403547533 1412731640.87
20.1960675026 1412731641.49
19.8943189906 1412731642.1
19.6320348064 1412731642.71
19.3969728677 1412731643.33
19.1994869885 1412731643.94
19.1512322382 1412731644.57
19.2148121521 1412731645.18
19.1073030559 1412731645.8
18.9904907319 1412731646.42
18.8495704487 1412731647.04
18.8626802377 1412731647.65
18.7764068856 1412731648.26
18.7611968877 1412731648.95
18.6913392679 1412731649.59
18.7128151218 1412731650.21
18.5760913394 1412731650.82
18.6450524346 1412731651.42
18.5252009655 1412731652.02
18.5668069945 1412731652.62
18.4294781879 1412731653.23
18.4129309476 1412731653.84
18.3339588239 1412731654.43
18.2525564878 1412731655.07
18.1839481034 1412731655.71
18.0791917394 1412731656.33
17.9991375953 1412731657.03
17.9612765232 1412731657.65
17.7033812216 1412731658.29
17.6423023554 1412731658.9
17.409510592 1412731659.52
17.3794976043 1412731660.14
17.3365787559 1412731660.79
17.1974946437 1412731661.38
17.0714675657 1412731662.03
17.05198244 1412731662.66
16.8442743792 1412731663.28
16.9516814038 1412731663.9
16.734435756 1412731664.53
16.7240795097 1412731665.18
16.6351996063 1412731665.79
16.3739441716 1412731666.4
16.4079410972 1412731666.99
16.3718648019 1412731667.7
16.3305316451 1412731668.35
16.3141979384 1412731669.07
16.2470851819 1412731669.72
16.2303342871 1412731670.32
16.2071134461 1412731670.93
16.0891408383 1412731671.56
16.1218714492 1412731672.22
16.0626520138 1412731672.85
16.0832285069 1412731673.45
16.0137103433 1412731674.08
16.0410866001 1412731674.81
16.0514762024 1412731675.48
16.1027821482 1412731676.12
16.0446155385 1412731676.8
15.9901193495 1412731677.42
16.084739547 1412731678.08
15.9654373736 1412731678.7
16.0128656036 1412731679.34
15.9380815536 1412731679.97
15.9931187782 1412731680.59
15.8659972435 1412731681.16
15.9094101657 1412731681.81
15.9557929862 1412731682.41
15.9112629808 1412731683.01
15.8342281903 1412731683.61
15.8590385805 1412731684.23
15.8378352882 1412731684.8
15.7292868311 1412731685.38
15.7808696679 1412731685.97
15.8007158612 1412731686.55
15.760813125 1412731687.19
15.7749344461 1412731687.8
15.766040232 1412731688.41
15.7251790679 1412731689.01
15.7245587225 1412731689.62
15.7446444077 1412731690.25
15.715026399 1412731690.84
15.6978298945 1412731691.42
15.71405339 1412731692.0
15.7506075285 1412731692.65
15.6624831198 1412731693.31
15.659275567 1412731693.99
15.6827859468 1412731694.68
15.6668610315 1412731695.36
15.6937004066 1412731696.04
15.6678636097 1412731696.73
15.6499084509 1412731697.43
15.5642924361 1412731698.12
15.4368156311 1412731698.8
15.5337451967 1412731699.44
15.3944571288 1412731700.13
15.4131428758 1412731700.89
15.4279236313 1412731701.62
15.4652050723 1412731702.33
15.4275461549 1412731703.03
15.3911983812 1412731703.71
15.3656050892 1412731704.39
15.3855822052 1412731705.05
15.3505710084 1412731705.71
15.3287742613 1412731706.38
15.2901499416 1412731707.09
15.2926373281 1412731707.77
15.3164481516 1412731708.49
15.2970726949 1412731709.19
15.262083686 1412731709.85
15.1936081266 1412731710.53
15.1427580244 1412731711.19
15.0360288041 1412731711.87
15.0903753382 1412731712.54
15.0882029368 1412731713.25
15.1050813574 1412731713.92
15.0661593074 1412731714.6
15.0339790326 1412731715.3
14.9481864162 1412731716.01
14.8476821836 1412731716.72
14.8200922824 1412731717.41
14.7866389676 1412731718.1
14.7480637271 1412731718.79
14.6627433764 1412731719.49
14.6258324119 1412731720.12
14.633171097 1412731720.84
14.6802796254 1412731721.54
14.5636376252 1412731722.24
14.5652524632 1412731722.92
14.4995276877 1412731723.64
14.5983979854 1412731724.34
14.5472786918 1412731725.0
14.6166879668 1412731725.72
14.5385665139 1412731726.4
14.4270189336 1412731727.11
14.4562707734 1412731727.83
14.4633829491 1412731728.52
14.4281878154 1412731729.22
14.395808147 1412731729.93
14.3892642669 1412731730.64
14.2630383249 1412731731.33
14.2133967629 1412731732.02
14.2059322567 1412731732.73
14.1742725233 1412731733.46
14.1430074335 1412731734.15
14.1546878451 1412731734.84
14.0932836277 1412731735.56
14.0617119986 1412731736.26
