14.6492950337 1412747698.26
14.2922564113 1412747699.89
13.9936447884 1412747701.4
13.7632144335 1412747702.9
13.6465879151 1412747704.4
13.352091663 1412747705.84
13.1778708721 1412747707.29
13.0491087013 1412747708.71
12.8457253759 1412747710.18
12.6598946148 1412747711.65
12.4342411166 1412747713.14
12.4667117801 1412747714.61
12.4894533136 1412747716.06
12.644704243 1412747717.49
12.6748588531 1412747718.92
12.7896022546 1412747720.37
12.7527289479 1412747721.77
12.809884518 1412747723.17
12.8873597372 1412747724.59
12.9646876129 1412747726.07
13.0451109978 1412747727.49
13.008236773 1412747728.9
13.0102729486 1412747730.31
12.9996997138 1412747731.74
12.9846064141 1412747733.13
12.9138060362 1412747734.47
12.8704815372 1412747735.81
12.8643846961 1412747737.19
12.7672148183 1412747738.64
12.7163883668 1412747740.06
12.5971696266 1412747741.48
12.5346833257 1412747742.89
12.4089937523 1412747744.25
12.2826349772 1412747745.65
12.2596252568 1412747747.0
12.1889076561 1412747748.39
12.1928392104 1412747749.91
12.1900959961 1412747751.3
12.2160841455 1412747752.7
12.1007559618 1412747754.04
12.0471637371 1412747755.42
11.9688024315 1412747756.76
11.8643853993 1412747758.12
11.8035295282 1412747759.45
11.7701886362 1412747760.75
11.6842586658 1412747762.15
11.5817342716 1412747763.45
11.5291611059 1412747764.73
11.4860526288 1412747766.03
11.3972328017 1412747767.36
11.3439851076 1412747768.68
11.3998356964 1412747770.04
11.305201679 1412747771.3
11.2672387974 1412747772.59
11.1441539578 1412747773.92
11.0155121826 1412747775.23
10.6948151822 1412747776.54
10.6084029389 1412747777.87
10.4388459746 1412747779.18
10.2985070209 1412747780.5
10.1898840934 1412747781.81
9.98183674424 1412747783.11
9.7901015101 1412747784.38
9.73187424993 1412747785.69
9.680633207 1412747786.94
9.60136108086 1412747788.28
9.53513364747 1412747789.57
9.4656819994 1412747790.88
9.37492875015 1412747792.17
9.26182804732 1412747793.48
9.20677300083 1412747794.82
9.16355270049 1412747796.11
9.1313504062 1412747797.45
9.0580286974 1412747798.79
8.96487571267 1412747800.14
8.96690522098 1412747801.45
8.95391008715 1412747802.72
8.93932975252 1412747804.08
8.90868592025 1412747805.37
8.8409399085 1412747806.66
8.81262133951 1412747807.94
8.77008671992 1412747809.19
8.75537975032 1412747810.47
8.70431851815 1412747811.78
8.67287429267 1412747813.06
8.61692318055 1412747814.34
8.6083275076 1412747815.68
8.60440719362 1412747816.96
8.5918859566 1412747818.28
8.5589995499 1412747819.57
8.56690748411 1412747820.83
8.52872292245 1412747822.14
8.53232093761 1412747823.44
8.53261261644 1412747824.71
8.49370417259 1412747826.01
8.50187395399 1412747827.3
8.44828867123 1412747828.61
8.45648153613 1412747829.89
8.37651326142 1412747831.17
8.44772303104 1412747832.41
8.3522134365 1412747833.68
8.39741658832 1412747834.97
8.27384545787 1412747836.27
8.29018677652 1412747837.53
8.22333657331 1412747838.8
8.23831176347 1412747840.05
8.13145712205 1412747841.38
8.17419617858 1412747842.67
8.11200989544 1412747843.97
8.03844335207 1412747845.29
8.05019836834 1412747846.56
8.03274210762 1412747847.84
8.02662705084 1412747849.11
8.0275511849 1412747850.38
8.05726995656 1412747851.7
8.0608660561 1412747852.96
7.98908156559 1412747854.23
7.98167805173 1412747855.54
7.95465442735 1412747856.87
7.93683523831 1412747858.18
7.91226571914 1412747859.44
7.91151041417 1412747860.72
7.89215979692 1412747862.04
7.87616990426 1412747863.33
7.84379421728 1412747864.74
7.82250479025 1412747866.03
7.81098491132 1412747867.29
7.79467727408 1412747868.57
7.76942434188 1412747869.81
7.76788668821 1412747871.08
7.7781366166 1412747872.36
7.76138411897 1412747873.68
7.75994874845 1412747874.97
7.75689152749 1412747876.23
7.71191298281 1412747877.53
7.70601831518 1412747878.78
7.68933813054 1412747880.04
7.67705254774 1412747881.3
7.69179929711 1412747882.58
7.67400735066 1412747883.86
7.62521184775 1412747885.13
7.61062292205 1412747886.42
7.60368084157 1412747887.68
7.60426800633 1412747888.96
7.60073368546 1412747890.24
7.59855951977 1412747891.53
7.58461117487 1412747892.83
7.56515036823 1412747894.13
7.58907494144 1412747895.44
7.58755978838 1412747896.77
7.53983692613 1412747898.06
7.54508786339 1412747899.36
7.4983712861 1412747900.64
7.46796854549 1412747901.91
7.43801244447 1412747903.24
7.40965443593 1412747904.52
7.39051500665 1412747905.77
7.3525639818 1412747907.06
7.32125513731 1412747908.33
7.30697246117 1412747909.62
7.25657798988 1412747910.88
7.27027257297 1412747912.17
7.23145476173 1412747913.48
7.20293610391 1412747914.71
7.20378208848 1412747915.98
7.23118634713 1412747917.26
7.23765972936 1412747918.51
7.2279545483 1412747919.82
7.21060481758 1412747921.08
7.22024293841 1412747922.37
7.19596007449 1412747923.67
7.16051499106 1412747924.92
7.14923464614 1412747926.18
7.12461057146 1412747927.46
7.11065549278 1412747928.77
7.10197619187 1412747930.06
7.07159989757 1412747931.29
7.04506464821 1412747932.55
7.03188013738 1412747933.79
7.05117179259 1412747935.06
7.01379101495 1412747936.32
6.98944163873 1412747937.65
6.99004714238 1412747938.89
6.96322127453 1412747940.15
6.92304757601 1412747941.39
6.91730171778 1412747942.67
6.94116975167 1412747943.9
6.94909629772 1412747945.15
6.96390550061 1412747946.42
6.91206329248 1412747947.72
6.93175309549 1412747949.0
6.95271270993 1412747950.26
6.92106349456 1412747951.55
6.89158459798 1412747952.84
6.90722295837 1412747954.13
6.89762937115 1412747955.41
6.87110413983 1412747956.74
6.90232801052 1412747958.05
6.87615659072 1412747959.34
6.89733016157 1412747960.68
