21.6548917352 1412729936.97
21.3833190182 1412729937.69
21.2360261803 1412729938.42
20.8802856167 1412729939.15
20.7574735086 1412729939.96
20.5077913829 1412729940.7
20.2537233551 1412729941.49
20.0250128705 1412729942.29
20.0248276769 1412729943.04
19.8208724943 1412729943.73
19.9957217861 1412729944.45
20.1334477758 1412729945.38
20.263372833 1412729946.16
20.3238911234 1412729946.88
20.2265568251 1412729947.63
20.3280109375 1412729948.4
20.3605998268 1412729949.14
20.4768935412 1412729949.84
20.5833025848 1412729950.59
20.8751743957 1412729951.44
21.116087778 1412729952.2
21.245917416 1412729952.92
21.2957805033 1412729953.65
21.4477531897 1412729954.38
21.4793515218 1412729955.12
21.2380227889 1412729955.84
21.1805851633 1412729956.6
21.0401239969 1412729957.28
20.7522812657 1412729958.0
20.5530036948 1412729958.69
20.4672022227 1412729959.38
20.3785828224 1412729960.06
20.4087173403 1412729960.76
20.2425574121 1412729961.44
20.2021789096 1412729962.18
20.0876570937 1412729962.88
20.0952408158 1412729963.68
19.9177928031 1412729964.46
19.742548295 1412729965.27
19.7465855948 1412729966.09
19.4760654945 1412729966.8
19.3736310141 1412729967.53
19.2444376798 1412729968.26
19.064718071 1412729968.96
18.9857737006 1412729969.66
18.8900243502 1412729970.37
18.7324978415 1412729971.02
18.686930911 1412729971.72
18.5487732361 1412729972.49
18.4117654424 1412729973.14
18.2830474398 1412729973.84
18.1654418135 1412729974.56
18.0322829355 1412729975.25
17.906237559 1412729975.87
17.7314539586 1412729976.53
17.5558241282 1412729977.21
17.4274146288 1412729977.91
17.2046018288 1412729978.59
16.9214180555 1412729979.24
16.5810292158 1412729979.89
16.6545729279 1412729980.58
17.6061195816 1412729981.22
17.6559596922 1412729981.92
17.5845318794 1412729982.58
17.547748801 1412729983.26
17.4412067699 1412729983.92
17.4039511634 1412729984.61
17.2427876383 1412729985.33
17.2807637743 1412729986.05
17.2584719663 1412729986.76
17.0232933103 1412729987.46
16.9936338293 1412729988.13
16.8533526517 1412729988.91
17.0036812606 1412729989.65
16.8580811431 1412729990.41
16.7085195281 1412729991.07
16.380913511 1412729991.7
16.2389962568 1412729992.4
16.0563659248 1412729993.11
15.8216974347 1412729993.83
15.6738204108 1412729994.52
15.5694561477 1412729995.16
15.3960832197 1412729995.89
15.0985698289 1412729996.56
14.9321606058 1412729997.26
14.7787160712 1412729997.96
14.5751235554 1412729998.67
14.4154718187 1412729999.33
14.1179435549 1412729999.96
14.1659216406 1412730000.62
14.0447835463 1412730001.34
14.0432225378 1412730002.04
14.2935468882 1412730002.73
14.5188828916 1412730003.39
14.8779415755 1412730004.07
15.1156606935 1412730004.79
15.3170692102 1412730005.47
15.487213865 1412730006.13
15.4794829182 1412730006.81
15.3862530527 1412730007.49
15.2797563087 1412730008.16
15.4953670601 1412730008.83
15.4205663396 1412730009.5
15.3620177775 1412730010.15
15.2853475717 1412730010.84
15.4971386089 1412730011.48
15.3662200859 1412730012.14
15.2558496842 1412730012.8
15.4445889201 1412730013.51
15.3677642636 1412730014.15
15.2739521823 1412730014.83
15.4862278545 1412730015.51
15.6761199872 1412730016.13
15.5920577341 1412730016.8
15.4976253983 1412730017.44
15.3993738363 1412730018.12
15.5340335387 1412730018.82
15.4911665834 1412730019.49
15.5720682521 1412730020.17
15.5137610405 1412730020.86
15.6693514931 1412730021.49
15.6684122506 1412730022.17
15.5470223466 1412730022.81
15.501216054 1412730023.48
15.6062795797 1412730024.2
15.627831928 1412730024.89
15.5699943569 1412730025.6
15.6151053294 1412730026.26
15.5748732001 1412730026.91
15.612649609 1412730027.58
15.6144468713 1412730028.29
15.7749967229 1412730028.93
15.7911295276 1412730029.6
15.7918957536 1412730030.25
15.7959690356 1412730030.92
15.8707862086 1412730031.63
15.9232550572 1412730032.3
15.9381453504 1412730033.0
16.1150618618 1412730033.69
16.0813452512 1412730034.41
16.0512078439 1412730035.04
16.022658076 1412730035.74
16.1315702173 1412730036.46
16.0983742245 1412730037.16
16.1151961786 1412730037.81
16.0935174421 1412730038.48
16.1027681177 1412730039.16
16.0730880355 1412730039.81
16.0815908726 1412730040.46
16.0682732951 1412730041.17
16.1075094924 1412730041.87
16.0878423071 1412730042.57
16.002945929 1412730043.27
15.9822043071 1412730043.99
15.9173584924 1412730044.69
15.8528009317 1412730045.35
15.8657233021 1412730046.01
15.8579451442 1412730046.69
15.8300191813 1412730047.36
15.8353871813 1412730048.07
15.8347278795 1412730048.75
15.8355101566 1412730049.41
15.822951173 1412730050.08
15.8413775126 1412730050.75
15.8561768117 1412730051.44
15.8563029313 1412730052.12
15.7837077099 1412730052.77
15.7909403499 1412730053.44
15.8019775125 1412730054.09
15.8225286511 1412730054.74
15.8558609454 1412730055.44
15.9752718297 1412730056.16
15.9058857534 1412730056.9
15.7943518525 1412730057.56
15.7787703035 1412730058.22
15.8902000521 1412730058.9
15.7748366373 1412730059.54
15.9342826903 1412730060.19
15.9586515298 1412730060.92
15.8775695854 1412730061.6
15.8025757018 1412730062.32
15.8553928753 1412730063.0
15.8520554952 1412730063.69
15.8481670765 1412730064.36
16.0660471882 1412730065.03
16.0199595518 1412730065.72
16.0376356404 1412730066.39
16.0079570275 1412730067.05
15.9986136639 1412730067.77
15.9838121536 1412730068.5
15.9874132994 1412730069.18
15.9844315139 1412730069.84
15.9723390809 1412730070.59
15.9805889913 1412730071.33
15.9846125796 1412730072.04
15.9841273747 1412730072.72
16.0004161235 1412730073.45
16.0658540671 1412730074.12
16.165125634 1412730074.83
16.332428584 1412730075.54
