46.8203959239 1412723553.81
47.0440463124 1412723554.19
47.0470564637 1412723554.56
46.7064690257 1412723554.87
46.8156299128 1412723555.2
46.8808176073 1412723555.58
46.9233184109 1412723555.97
46.8639081809 1412723556.37
46.9172292016 1412723556.78
46.9372786411 1412723557.15
47.1838359972 1412723557.49
47.2047047002 1412723557.79
47.3294333045 1412723558.19
47.4742967232 1412723558.62
47.6746932781 1412723558.93
47.6637751316 1412723559.28
47.6681634424 1412723559.61
47.7636249874 1412723559.94
47.8574878388 1412723560.31
47.8295990228 1412723560.62
47.7475407817 1412723560.97
47.8512487062 1412723561.26
47.737971988 1412723561.66
47.5151577089 1412723562.04
47.4055956171 1412723562.56
47.3583360255 1412723563.07
47.1440124851 1412723563.5
47.0102353668 1412723563.93
46.9267186481 1412723564.38
46.9446322991 1412723564.88
46.9079515415 1412723565.28
47.0282800273 1412723565.68
46.9827663298 1412723565.99
47.1302960561 1412723566.34
47.2176214476 1412723566.65
47.2533080452 1412723566.94
47.420524877 1412723567.24
47.4126592435 1412723567.57
47.378609859 1412723567.87
47.3805245811 1412723568.18
47.5120045644 1412723568.48
47.5131111214 1412723568.79
47.560048639 1412723569.09
47.5386996176 1412723569.41
47.6022780382 1412723569.73
47.5919749766 1412723570.04
47.6215965774 1412723570.42
47.6435209216 1412723570.77
47.6439604867 1412723571.1
47.6838269502 1412723571.44
47.6862810283 1412723571.76
47.7329832636 1412723572.09
47.9602856125 1412723572.41
47.9545970932 1412723572.71
47.955570425 1412723573.01
48.0341011788 1412723573.3
48.1250329106 1412723573.62
48.08122463 1412723573.93
48.0417768247 1412723574.24
48.0933407477 1412723574.68
48.1669976075 1412723575.07
48.1949565209 1412723575.43
48.2592956527 1412723575.75
48.3185312067 1412723576.06
48.2849937069 1412723576.38
48.3456908191 1412723576.68
48.3252475527 1412723577.06
48.1398814203 1412723577.49
48.2031639606 1412723577.92
48.1683001051 1412723578.34
48.1001110591 1412723578.74
47.9462279459 1412723579.21
47.9858975331 1412723579.57
47.8911950402 1412723579.9
47.8493311042 1412723580.26
47.8035124255 1412723580.64
47.8502071365 1412723580.96
47.8795364006 1412723581.32
47.5380740377 1412723581.73
47.6362978675 1412723582.07
47.6379266918 1412723582.4
47.7768637581 1412723582.72
47.7703674734 1412723583.06
47.5146059906 1412723583.43
47.3609891155 1412723583.83
47.3260361837 1412723584.2
47.3733915066 1412723584.57
47.1708126745 1412723584.93
47.1121069911 1412723585.29
47.2375112467 1412723585.66
47.3625437345 1412723586.07
47.6746482972 1412723586.41
47.5196675615 1412723586.76
47.5314387022 1412723587.15
47.3739417445 1412723587.54
47.4268889193 1412723587.93
47.5082450896 1412723588.31
47.4597205659 1412723588.75
47.4760640233 1412723589.11
47.4728302204 1412723589.44
47.4744354617 1412723589.8
47.5317426333 1412723590.14
47.4113722688 1412723590.52
47.3266047038 1412723590.89
47.3057824655 1412723591.24
47.2844809616 1412723591.58
47.4118447935 1412723591.93
184.219387631 1412723592.28
183.523418719 1412723592.58
51.5119405814 1412723592.95
51.604680859 1412723593.3
51.6585782099 1412723593.66
51.3163706788 1412723594.06
51.3894032085 1412723594.47
51.0330121275 1412723594.96
51.069553121 1412723595.41
51.4004589807 1412723595.87
51.3170672322 1412723596.48
51.3265755729 1412723596.97
51.4158550017 1412723597.58
51.2733622166 1412723597.93
50.8764899577 1412723598.28
51.1621593904 1412723598.7
51.2885591563 1412723599.1
51.1079202876 1412723599.52
51.1370242032 1412723600.01
50.9988647315 1412723600.4
50.8390717647 1412723601.13
50.5286382238 1412723601.7
50.3855330499 1412723602.17
50.4078491347 1412723602.76
50.350307233 1412723603.32
50.1883211127 1412723603.9
50.6564916051 1412723604.37
50.6671584399 1412723604.94
50.7763588112 1412723605.36
51.3980266422 1412723605.79
50.8130453231 1412723606.14
50.6452400169 1412723606.65
50.7469891316 1412723607.01
51.5013684809 1412723607.51
51.4639010128 1412723608.05
51.171143713 1412723608.61
51.6362162016 1412723608.97
51.5938928108 1412723609.42
52.1248336599 1412723609.88
52.2116634263 1412723610.24
52.2801268235 1412723610.65
52.2616217075 1412723611.02
52.6598279246 1412723611.46
52.2306270722 1412723611.99
52.2926533296 1412723612.59
52.4366938222 1412723613.31
52.2280990109 1412723613.95
52.2250328643 1412723614.62
52.1704305533 1412723615.13
52.1082692324 1412723615.82
52.1147428316 1412723616.38
52.0494799796 1412723616.9
52.1115197418 1412723617.56
51.8444662656 1412723618.17
51.8950184848 1412723618.96
52.5540475739 1412723619.59
52.5359521816 1412723620.12
52.4692359705 1412723620.65
52.5189868232 1412723621.33
52.3398899492 1412723621.88
52.3093855112 1412723622.41
52.2222260425 1412723622.96
52.0864421599 1412723623.51
51.9135455936 1412723624.02
51.9474542309 1412723624.53
51.8054709008 1412723625.03
51.838860724 1412723625.59
51.49405416 1412723626.2
51.5423737699 1412723626.94
51.5911405406 1412723627.57
51.6293198796 1412723628.28
51.6424699167 1412723629.0
51.5964478167 1412723629.72
51.593017682 1412723630.41
51.6222674672 1412723631.01
51.5457201624 1412723631.51
51.5353410632 1412723632.06
51.5615079702 1412723632.55
51.5476516275 1412723633.03
51.3504410545 1412723633.5
51.355637215 1412723633.94
51.330681272 1412723634.39
51.3334356044 1412723634.83
51.3807193613 1412723635.26
51.3147348783 1412723635.74
51.3322758147 1412723636.17
51.3495013064 1412723636.66
51.3674830752 1412723637.17
51.3859767254 1412723637.62
51.3959346296 1412723638.08
51.3431098877 1412723638.52
51.3971472592 1412723639.05
51.3877229832 1412723639.52
