11.7310139803 1412730325.31
11.5518103157 1412730325.91
11.773399263 1412730326.48
11.8866051451 1412730327.09
11.8869789046 1412730327.66
11.9829488906 1412730328.25
11.954245414 1412730328.81
12.0630820395 1412730329.39
12.1344486876 1412730329.96
12.0851134561 1412730330.51
12.0649486351 1412730331.08
12.0800640337 1412730331.66
11.9702454649 1412730332.21
11.8116051733 1412730332.75
11.7715322615 1412730333.31
11.8014789192 1412730333.88
11.7772398551 1412730334.42
11.7709134707 1412730334.97
11.7383390308 1412730335.51
11.7587595372 1412730336.08
11.7744080479 1412730336.63
11.8155870076 1412730337.19
11.8303720688 1412730337.7
11.993507611 1412730338.23
12.145838484 1412730338.73
12.4189987298 1412730339.27
12.2673483793 1412730339.78
11.9618760141 1412730340.31
11.9464193723 1412730340.87
11.2351143377 1412730341.38
12.7860022884 1412730341.92
12.8753654356 1412730342.45
12.9980063176 1412730343.0
13.0578906136 1412730343.52
13.1394220099 1412730344.07
13.1705926411 1412730344.58
13.2760262538 1412730345.15
13.2123789737 1412730345.68
13.2320045629 1412730346.22
13.2395556872 1412730346.75
13.2496869812 1412730347.27
13.1985836401 1412730347.8
13.1653448667 1412730348.3
13.0302188076 1412730348.83
12.959631797 1412730349.36
12.8785703184 1412730349.89
12.7841162596 1412730350.42
12.7618586981 1412730350.95
12.7439368727 1412730351.47
12.7229877174 1412730351.99
12.6558812755 1412730352.51
12.6601469366 1412730353.06
12.6298731151 1412730353.59
12.5959875743 1412730354.11
12.4570551773 1412730354.63
12.6044927988 1412730355.19
12.5476746741 1412730355.74
12.5094241262 1412730356.27
12.4222760956 1412730356.78
12.3290366996 1412730357.33
12.2678872552 1412730357.87
12.2361899036 1412730358.38
12.1660159199 1412730358.92
12.0652737419 1412730359.46
11.9990876844 1412730360.0
12.0848177262 1412730360.55
11.9964390498 1412730361.09
12.1715514296 1412730361.59
12.0725034729 1412730362.11
11.930061813 1412730362.66
11.7439079902 1412730363.19
11.6376552897 1412730363.74
11.4050178272 1412730364.3
11.2889186 1412730364.82
11.1676064124 1412730365.33
10.9768869588 1412730365.88
10.7833534817 1412730366.4
10.4870669057 1412730366.9
10.307750251 1412730367.41
10.1077187227 1412730367.97
9.87019095122 1412730368.5
9.60955076461 1412730369.05
9.45776871794 1412730369.57
9.39716760895 1412730370.12
9.41465485017 1412730370.7
9.40589963334 1412730371.23
9.38373281787 1412730371.77
9.38207707978 1412730372.33
9.34999262269 1412730372.86
9.37524920766 1412730373.45
9.31201878394 1412730374.0
9.26094255736 1412730374.56
9.1455120369 1412730375.14
9.02263699571 1412730375.68
8.94268652297 1412730376.19
8.84400973402 1412730376.74
8.74911742954 1412730377.29
8.67145310297 1412730377.81
8.64609065107 1412730378.36
8.64526923714 1412730378.92
8.58668021904 1412730379.44
8.66126962305 1412730380.0
8.65932274827 1412730380.55
8.68623652571 1412730381.09
8.73919418928 1412730381.61
8.76372410175 1412730382.18
8.7492312659 1412730382.74
8.69002457928 1412730383.34
8.54647743894 1412730384.01
8.32149222086 1412730384.62
8.03066022394 1412730385.22
7.73953483773 1412730385.79
7.58763929974 1412730386.35
7.85436820557 1412730387.03
8.99081827834 1412730387.63
9.45251422482 1412730388.26
9.47505825044 1412730388.86
9.50425881959 1412730389.39
9.49904658921 1412730389.92
9.50589779743 1412730390.44
9.48631866559 1412730390.97
9.4609702033 1412730391.52
9.42620742003 1412730392.05
9.39753307326 1412730392.57
9.36887414041 1412730393.05
9.33936347397 1412730393.56
9.29005905506 1412730394.09
9.25282352789 1412730394.62
9.25551948503 1412730395.12
9.22889162353 1412730395.66
9.19978830544 1412730396.21
9.09483738698 1412730396.74
9.06838808455 1412730397.26
9.04321639548 1412730397.78
9.02582590749 1412730398.3
8.94004789206 1412730398.83
8.91362663234 1412730399.33
8.84772077508 1412730399.86
8.80846603196 1412730400.39
8.84069013547 1412730400.91
8.82897774937 1412730401.43
8.8150237422 1412730401.95
8.75501261629 1412730402.51
8.74449162588 1412730403.0
8.73232237705 1412730403.52
8.71281020396 1412730404.07
8.70017331225 1412730404.6
8.70294016547 1412730405.13
8.71878496713 1412730405.63
8.69976950787 1412730406.18
8.71520994952 1412730406.73
8.69702172846 1412730407.26
8.71412178867 1412730407.8
8.70865163545 1412730408.35
8.73273985854 1412730408.89
8.75879923749 1412730409.39
8.81355390321 1412730409.9
8.83669905811 1412730410.42
8.85359530122 1412730410.98
8.83203590447 1412730411.5
8.82854762379 1412730412.02
8.85330491481 1412730412.61
8.86114484532 1412730413.17
8.87220388765 1412730413.69
8.87855112808 1412730414.24
8.87874171315 1412730414.75
8.88171245148 1412730415.34
8.83686453011 1412730415.87
8.82249780247 1412730416.4
8.86354965061 1412730416.95
8.86163392951 1412730417.53
8.86106572688 1412730418.07
8.86481643148 1412730418.59
8.85964542511 1412730419.12
8.93146754077 1412730419.63
8.97986523303 1412730420.17
8.83815919808 1412730420.72
8.85907860115 1412730421.25
8.87828550289 1412730421.81
8.89532240193 1412730422.35
8.9314939752 1412730422.88
8.95414311963 1412730423.43
8.96115439609 1412730423.98
8.92738528151 1412730424.55
8.92833245433 1412730425.11
8.93725876801 1412730425.64
8.9496558361 1412730426.16
8.94596085346 1412730426.68
8.95563282216 1412730427.22
8.96702562999 1412730427.75
8.95870922681 1412730428.3
8.97226275054 1412730428.84
8.99592876901 1412730429.41
9.01204320125 1412730429.96
9.01210129464 1412730430.5
9.00862843262 1412730431.02
9.01286192168 1412730431.56
9.00718081691 1412730432.1
8.97603362226 1412730432.59
8.96087531643 1412730433.15
