26.9461374217 1412725784.25
26.9214737251 1412725784.63
26.9672372116 1412725784.98
26.9777838764 1412725785.34
26.8923356203 1412725785.72
26.7673875061 1412725786.06
26.9235912247 1412725786.42
27.1725485181 1412725786.79
27.0755928053 1412725787.14
27.0611935602 1412725787.52
27.1401900388 1412725787.87
27.1190086766 1412725788.2
27.4150073872 1412725788.54
27.5347692772 1412725788.87
27.8227117464 1412725789.2
27.9104504725 1412725789.51
28.199782141 1412725789.82
28.2457372261 1412725790.13
28.1504624886 1412725790.42
28.1897004559 1412725790.73
27.9878302578 1412725791.06
27.5849313997 1412725791.38
27.4759989664 1412725791.68
27.0118586543 1412725792.0
26.604241286 1412725792.31
26.3894775809 1412725792.62
26.0461086965 1412725792.94
25.7792606848 1412725793.26
25.2023239255 1412725793.58
25.0252310986 1412725793.88
24.5577590495 1412725794.19
24.2642302638 1412725794.5
24.012546143 1412725794.82
23.7123122762 1412725795.19
23.7243872676 1412725795.5
23.5958942155 1412725795.83
23.3211500021 1412725796.13
23.0996177885 1412725796.46
23.1848070653 1412725796.77
23.123410779 1412725797.1
23.2119450801 1412725797.42
22.9906860252 1412725797.74
22.8329508468 1412725798.07
21.9599395037 1412725798.37
21.2837439001 1412725798.69
20.2581031047 1412725799.01
19.5795202053 1412725799.33
19.0195513374 1412725799.64
18.8642525183 1412725799.94
18.8097452966 1412725800.24
18.6244781733 1412725800.54
18.5700358726 1412725800.87
18.7242183049 1412725801.17
18.5099253162 1412725801.46
18.7928426747 1412725801.76
18.4102375395 1412725802.08
18.6346961847 1412725802.37
18.3466850472 1412725802.67
18.3439422206 1412725802.98
18.4815206173 1412725803.29
18.3138105004 1412725803.6
18.6870765341 1412725803.9
18.4488292031 1412725804.2
18.7369628332 1412725804.52
18.6476837419 1412725804.83
18.7380489272 1412725805.15
18.6304154986 1412725805.47
18.4717022691 1412725805.78
18.6802346466 1412725806.09
18.587304412 1412725806.41
18.7449634292 1412725806.7
18.6217701374 1412725806.99
18.5736072075 1412725807.28
18.751100471 1412725807.61
18.7384004129 1412725807.92
19.1715113462 1412725808.21
19.4424719127 1412725808.51
19.880422583 1412725808.81
20.2375662599 1412725809.09
19.8942869134 1412725809.4
20.299123262 1412725809.7
20.0873616846 1412725810.02
20.3939193363 1412725810.33
20.1692303234 1412725810.63
20.2354141055 1412725810.96
20.1665648917 1412725811.27
20.485275293 1412725811.59
20.9184415808 1412725811.9
20.6407180232 1412725812.19
20.6500431668 1412725812.49
21.2541945425 1412725812.81
20.6986998467 1412725813.13
21.3306213676 1412725813.44
20.7652113122 1412725813.76
21.0958974146 1412725814.08
21.4485967512 1412725814.37
21.125487257 1412725814.67
21.2139903856 1412725814.99
21.1931261154 1412725815.31
21.5382050259 1412725815.61
21.231663303 1412725815.93
21.2599310117 1412725816.24
21.2486960299 1412725816.55
21.2122587302 1412725816.85
20.87630802 1412725817.18
21.2658120447 1412725817.48
20.9595313743 1412725817.8
20.8437195551 1412725818.1
20.9528523585 1412725818.41
20.9024909433 1412725818.73
21.3965200082 1412725819.03
20.9554749091 1412725819.37
21.731916743 1412725819.7
21.5230491603 1412725820.06
21.628894861 1412725820.4
21.5224717243 1412725820.7
21.4704627934 1412725821.02
21.3593113834 1412725821.34
20.9232492635 1412725821.66
21.3545812336 1412725821.97
21.3943885624 1412725822.28
21.4570903025 1412725822.62
22.3067020532 1412725822.93
21.8479749501 1412725823.26
22.0765981153 1412725823.59
21.8450121218 1412725823.92
21.9671737329 1412725824.25
21.8339753413 1412725824.57
21.7705076567 1412725824.9
22.594548512 1412725825.23
22.8349687258 1412725825.56
22.98351025 1412725825.88
23.4572668055 1412725826.2
23.4100340228 1412725826.53
23.3569224062 1412725826.85
23.4147467478 1412725827.16
23.4168007948 1412725827.48
23.6125309041 1412725827.83
23.7417401442 1412725828.16
23.7503291472 1412725828.46
23.7195450832 1412725828.78
23.7060602704 1412725829.12
23.741704691 1412725829.43
23.7501365394 1412725829.74
23.6943771528 1412725830.06
23.6703859169 1412725830.38
23.7663191286 1412725830.7
23.9030057531 1412725831.0
23.9154250344 1412725831.32
24.2924541217 1412725831.63
24.3098654293 1412725831.97
24.3286710841 1412725832.3
24.3177568016 1412725832.64
24.337589002 1412725832.95
24.2997280521 1412725833.27
24.3217091721 1412725833.61
24.2706326424 1412725833.92
24.3135306466 1412725834.25
24.2998907674 1412725834.57
24.3009543292 1412725834.92
24.2718604037 1412725835.27
24.1838076465 1412725835.62
24.1262273151 1412725835.93
24.1839915768 1412725836.26
24.1605528162 1412725836.6
24.0458066972 1412725836.94
24.0296215736 1412725837.27
24.1615027895 1412725837.61
24.0383316249 1412725837.95
24.1503530118 1412725838.27
24.3031910658 1412725838.7
24.271548375 1412725839.05
24.2591241185 1412725839.4
24.4288844254 1412725839.81
24.4361937595 1412725840.19
24.4745924284 1412725840.51
24.4369704479 1412725840.85
24.2022728078 1412725841.19
24.2214521296 1412725841.53
24.2026899865 1412725841.92
24.1382505545 1412725842.26
24.0279128302 1412725842.6
24.0366356793 1412725842.94
24.0333657254 1412725843.27
24.0448541175 1412725843.6
24.0621605118 1412725843.94
24.3531889102 1412725844.3
24.3499103478 1412725844.64
24.3209862195 1412725844.99
24.3024837897 1412725845.37
24.3241654035 1412725845.7
24.3382591997 1412725846.03
24.5212985127 1412725846.36
24.5458510307 1412725846.68
24.650465134 1412725847.0
24.6164205209 1412725847.34
24.5927049538 1412725847.73
24.6120350386 1412725848.14
24.6039802644 1412725848.51
24.7167869327 1412725848.9
