9.58594293043 1412725308.36
10.9252031494 1412725308.7
13.3185057108 1412725309.05
14.8035747436 1412725309.35
15.6140171319 1412725309.64
16.2206678481 1412725309.95
16.5703497726 1412725310.22
16.8774483323 1412725310.53
17.1269098231 1412725310.88
17.1524653186 1412725311.21
17.3336415734 1412725311.53
17.2438990844 1412725311.9
17.1709615991 1412725312.36
16.9677114433 1412725312.75
16.8446181647 1412725313.2
16.7404410393 1412725313.57
16.4006471701 1412725313.86
16.1561559726 1412725314.14
16.0987153249 1412725314.41
15.895008994 1412725314.69
15.413218705 1412725314.96
15.1979248754 1412725315.22
14.8170996968 1412725315.51
14.5720147535 1412725315.82
14.2243885107 1412725316.11
14.0622260951 1412725316.36
14.0499761956 1412725316.74
13.8738854998 1412725317.12
13.8423741657 1412725317.45
13.7334979542 1412725317.74
13.7434284926 1412725318.04
13.730705419 1412725318.55
13.6951817184 1412725319.09
13.6847419767 1412725319.88
13.5859550897 1412725320.5
13.4129989773 1412725320.94
13.4537365155 1412725321.25
13.4580142224 1412725321.56
13.4841055988 1412725321.86
13.3938425295 1412725322.36
13.4295000028 1412725322.97
13.4196472551 1412725323.44
13.4336344707 1412725323.89
13.1770056522 1412725324.27
13.2272029584 1412725324.71
13.2734540773 1412725325.25
13.2936793804 1412725325.7
13.3067058315 1412725326.14
13.3150881062 1412725326.56
13.2226305112 1412725327.1
13.1885137936 1412725327.47
13.1816163221 1412725327.91
13.087358599 1412725328.35
13.0521778284 1412725328.75
13.0113470738 1412725329.3
12.8218312739 1412725329.76
12.6797361383 1412725330.16
12.6502977668 1412725330.5
12.6047784835 1412725330.82
12.5248021596 1412725331.14
12.4677787633 1412725331.44
12.3678841021 1412725331.72
12.2551826029 1412725332.02
12.1902900805 1412725332.39
12.1088433623 1412725332.78
12.032450405 1412725333.09
12.0147879036 1412725333.38
11.9452519136 1412725334.08
11.8178048234 1412725334.62
11.745991847 1412725335.14
11.7325387244 1412725335.47
11.6008873842 1412725335.75
11.5465275887 1412725336.3
11.4635604898 1412725336.86
11.3470037235 1412725337.47
11.2941761676 1412725337.8
11.2748481988 1412725338.14
11.2321606858 1412725338.45
11.1990685177 1412725338.77
11.2055937855 1412725339.14
11.1662644368 1412725339.72
11.0871831424 1412725340.24
11.0610610288 1412725340.74
11.1125043352 1412725341.23
11.0634007924 1412725341.81
10.995223289 1412725342.17
11.0410414388 1412725342.48
10.9748837609 1412725342.78
10.9337782122 1412725343.06
10.8528062115 1412725343.41
10.8672453035 1412725343.68
10.8775112527 1412725344.22
10.8893335484 1412725344.64
10.9708204686 1412725345.18
10.7600966407 1412725345.6
10.9209082744 1412725345.96
10.7939246754 1412725346.24
10.8106674979 1412725346.56
10.6164044104 1412725346.84
10.5365455276 1412725347.15
10.6115242779 1412725347.48
10.4088822271 1412725347.77
10.4789615465 1412725348.09
10.2611394817 1412725348.4
10.2845919143 1412725348.71
10.089052861 1412725348.98
10.1634285702 1412725349.3
9.90618330833 1412725349.58
9.99123282381 1412725349.84
9.78771295878 1412725350.14
9.54834839994 1412725350.42
9.65335172214 1412725350.71
9.44595982832 1412725351.02
9.54967012498 1412725351.34
9.27257863354 1412725351.62
9.42316082875 1412725351.96
9.16682626453 1412725352.39
9.29612138979 1412725352.84
9.07638687487 1412725353.29
9.2281637763 1412725353.71
9.00178701642 1412725354.07
9.13091155938 1412725354.41
8.84083624712 1412725354.68
9.0038559259 1412725355.03
8.72551144796 1412725355.31
8.49470602523 1412725355.58
8.53603394432 1412725355.83
8.30926082094 1412725356.15
8.35449108996 1412725356.47
8.19089185574 1412725356.75
8.24681000728 1412725357.08
8.03080884542 1412725357.36
8.12633418665 1412725357.66
7.93689514612 1412725357.96
7.99049482972 1412725358.26
7.76844189894 1412725358.58
7.86953388885 1412725358.88
7.66492363169 1412725359.16
7.70438822041 1412725359.52
7.51879499993 1412725359.84
7.55168835834 1412725360.11
7.54929324773 1412725360.57
7.31526778772 1412725361.03
7.3600340786 1412725361.46
7.1640089352 1412725361.93
7.33107018983 1412725362.25
7.11196158667 1412725362.54
7.24125261262 1412725362.85
7.07559201433 1412725363.17
7.23186804085 1412725363.47
7.05701228869 1412725363.75
6.90976854554 1412725364.04
6.99599927212 1412725364.3
6.8343055135 1412725364.59
6.9398705276 1412725364.84
6.81818157432 1412725365.14
6.92345882246 1412725365.54
6.78396604488 1412725366.0
6.86540040714 1412725366.3
6.68063142872 1412725366.74
6.74331012567 1412725367.11
6.60571461255 1412725367.38
6.68682618666 1412725367.68
6.53151738852 1412725367.96
6.5664391946 1412725368.26
6.43865870703 1412725368.6
6.50199912761 1412725368.98
6.34315406796 1412725369.43
6.43645830952 1412725369.77
6.29427382727 1412725370.02
6.38463489367 1412725370.28
6.21555898425 1412725370.55
6.32286628383 1412725370.84
6.19051104325 1412725371.11
6.27251294426 1412725371.41
6.14270616536 1412725371.71
6.22174644071 1412725372.12
6.09539784279 1412725372.48
6.18957967805 1412725372.85
6.06590105871 1412725373.4
6.11120451766 1412725373.86
6.01908955688 1412725374.25
6.06228304345 1412725374.55
5.94687640546 1412725374.8
6.00128109601 1412725375.16
5.94724533307 1412725375.57
6.02820448564 1412725375.91
5.92222312616 1412725376.23
6.00308114325 1412725376.55
5.8590248032 1412725376.93
5.93364083804 1412725377.28
5.82510156806 1412725377.56
5.90575178984 1412725377.88
5.80116656445 1412725378.14
5.8607396097 1412725378.4
5.75878445788 1412725378.66
5.81645559657 1412725378.97
5.71711407972 1412725379.24
5.7708349202 1412725379.54
5.7683896393 1412725379.9
