13.5897611514 1412733980.38
13.5683210363 1412733981.46
13.5711394751 1412733982.47
13.4775917357 1412733983.48
13.3882186992 1412733984.5
13.2859669309 1412733985.51
13.3602678583 1412733986.58
13.5432928527 1412733987.57
13.7651382799 1412733988.61
13.94681968 1412733989.61
13.9981919409 1412733990.62
14.065833017 1412733991.62
14.0432645868 1412733992.59
14.2486349927 1412733993.61
14.3912090105 1412733994.62
14.6465755376 1412733995.61
14.8382434421 1412733996.6
14.9785528878 1412733997.6
15.1199529844 1412733998.59
15.087407595 1412733999.61
15.1423516677 1412734000.63
15.0643639342 1412734001.64
15.012326153 1412734002.6
14.9773488256 1412734003.6
14.8365289795 1412734004.65
14.8358200585 1412734005.64
14.684502527 1412734006.64
14.722227369 1412734007.64
14.7445598317 1412734008.69
14.5843475056 1412734009.67
14.6160074235 1412734010.67
14.6149794448 1412734011.71
14.6739636808 1412734012.7
14.707627903 1412734013.73
14.7431720148 1412734014.75
14.7520227756 1412734015.77
14.7303470487 1412734016.78
14.7806162649 1412734017.78
14.704286242 1412734018.76
14.7585811673 1412734019.87
14.7581690788 1412734020.89
14.8073110241 1412734021.94
14.9291204443 1412734022.92
14.9943612875 1412734023.95
15.0799896027 1412734024.99
15.2106131228 1412734025.99
15.2465155093 1412734027.02
14.9951979528 1412734028.2
14.6896604284 1412734029.27
14.2552463296 1412734030.4
14.0638688779 1412734031.58
13.7683238783 1412734032.74
13.3665803163 1412734033.9
12.9690135823 1412734035.0
12.8291654828 1412734036.12
12.6471922377 1412734037.31
12.6061304055 1412734038.38
12.4918715632 1412734039.54
12.3551724801 1412734040.6
12.2870552819 1412734041.66
12.3061737897 1412734042.75
12.4369889457 1412734043.77
12.4299435991 1412734044.78
12.3975136575 1412734045.82
12.3325658272 1412734046.83
12.3274985941 1412734047.9
12.1989303222 1412734049.0
12.2217772177 1412734050.01
12.2226244596 1412734051.08
12.1666835415 1412734052.1
12.1371105194 1412734053.13
12.148852514 1412734054.18
12.3504499735 1412734055.18
12.4538806633 1412734056.2
12.5504802702 1412734057.19
12.4130253744 1412734058.2
12.4483090188 1412734059.22
12.4279781804 1412734060.23
12.5332259671 1412734061.26
12.5524693575 1412734062.28
12.5427091443 1412734063.27
12.6462036824 1412734064.29
12.6132508139 1412734065.31
12.5221233982 1412734066.33
12.4571955094 1412734067.37
12.3759203272 1412734068.42
12.3961451185 1412734069.42
12.3049797711 1412734070.43
12.2836116891 1412734071.43
12.3052017206 1412734072.46
12.2925713484 1412734073.55
12.2561184259 1412734074.57
12.1814786617 1412734075.57
12.1711718167 1412734076.61
12.1025453359 1412734077.65
12.0555620628 1412734078.66
12.0965815405 1412734079.68
12.0696625346 1412734080.72
12.1334653313 1412734081.75
12.1193908158 1412734082.79
12.1155871161 1412734083.9
12.0246420482 1412734085.05
12.0205929921 1412734086.13
11.8726429054 1412734087.13
11.8459676416 1412734088.13
11.8721261863 1412734089.12
11.9080020064 1412734090.13
11.927304758 1412734091.19
11.9621614875 1412734092.23
11.9517841019 1412734093.22
12.0297184628 1412734094.25
12.0911036208 1412734095.21
12.0937955811 1412734096.2
12.0581913444 1412734097.17
12.0962261114 1412734098.2
12.105902217 1412734099.2
12.1145430595 1412734100.27
12.1530713706 1412734101.28
12.1206137837 1412734102.25
12.1372083443 1412734103.26
12.1366460089 1412734104.27
12.1180300434 1412734105.27
12.1035107241 1412734106.31
12.166144356 1412734107.29
12.2629227324 1412734108.26
12.2391711483 1412734109.29
12.3164609054 1412734110.31
12.3218186431 1412734111.34
12.2969230289 1412734112.35
12.3071694432 1412734113.37
12.3819031463 1412734114.39
12.4047511236 1412734115.46
12.4049925043 1412734116.5
12.4196231853 1412734117.55
12.4185999796 1412734118.57
12.3805239197 1412734119.63
12.4047445702 1412734120.66
12.3122641716 1412734121.7
12.2981739416 1412734122.69
12.3853713154 1412734123.73
12.4125005692 1412734124.81
12.390517783 1412734125.82
12.3780670321 1412734126.85
12.3804980418 1412734127.87
12.4228413245 1412734128.88
12.3936189353 1412734129.9
12.3817886413 1412734130.91
12.4011889986 1412734131.95
12.4029506321 1412734133.01
12.4400972292 1412734134.03
12.5000465549 1412734135.07
12.5022288058 1412734136.08
12.5295142705 1412734137.08
12.4605715533 1412734138.14
12.4563943222 1412734139.17
12.3799361484 1412734140.21
12.3808125145 1412734141.22
12.3534210716 1412734142.24
12.3101783282 1412734143.28
12.3166220253 1412734144.32
12.2613546782 1412734145.34
12.2249654439 1412734146.37
12.2011756137 1412734147.41
12.2175430318 1412734148.45
12.2484486139 1412734149.52
12.1112415497 1412734150.59
12.1014118875 1412734151.63
12.1753930503 1412734152.72
12.1106326785 1412734153.81
12.1031642129 1412734154.85
12.1330740254 1412734155.91
12.093912164 1412734156.95
12.0084347659 1412734158.0
12.0400920402 1412734159.04
11.9967209053 1412734160.11
12.0423829379 1412734161.17
11.9705378182 1412734162.22
11.9748938935 1412734163.36
11.9684587943 1412734164.45
11.8968913257 1412734165.55
11.8990004593 1412734166.67
11.8740802588 1412734167.74
11.7776166435 1412734168.91
11.7925036357 1412734169.98
11.8436554814 1412734171.08
11.8404712128 1412734172.18
11.9702812874 1412734173.24
11.9631689843 1412734174.32
11.9864108838 1412734175.4
11.9590178998 1412734176.48
11.8678213261 1412734177.58
11.8279311152 1412734178.65
11.7668060568 1412734179.73
11.778258312 1412734180.86
11.7751995395 1412734181.97
11.7901430191 1412734183.1
11.9126128214 1412734184.18
11.8889776131 1412734185.26
11.8700082844 1412734186.41
11.8166187921 1412734187.48
