15.1279459618 1412741407.63
14.8790860305 1412741408.78
14.7085169241 1412741409.78
14.3333671191 1412741410.81
14.0674447346 1412741411.8
13.6622353929 1412741412.81
13.6620341891 1412741413.81
13.6625421073 1412741414.81
13.6262542418 1412741415.78
13.5942720263 1412741416.76
13.2309114117 1412741417.74
13.3100581411 1412741418.83
13.3833542874 1412741419.81
13.1654445634 1412741420.77
13.0300811125 1412741421.74
12.9204380894 1412741422.72
12.8199773206 1412741423.66
12.7911740613 1412741424.61
12.7873958676 1412741425.6
12.8987796943 1412741426.59
12.9158586365 1412741427.61
13.1120667077 1412741428.55
13.172957112 1412741429.51
13.3756139001 1412741430.49
13.247146572 1412741431.47
12.7169321578 1412741432.49
11.8080061659 1412741433.51
12.0841716029 1412741434.53
11.5544638501 1412741435.52
11.482414703 1412741436.46
11.2536377828 1412741437.43
11.4207260789 1412741438.4
11.0074417626 1412741439.39
11.1771241548 1412741440.37
10.6962983344 1412741441.38
10.8199447036 1412741442.35
10.4161176699 1412741443.28
10.6144707961 1412741444.26
10.5906610239 1412741445.19
10.5967025575 1412741446.14
10.5598937946 1412741447.11
10.3915803737 1412741448.14
10.3903828177 1412741449.11
10.3713571199 1412741450.09
10.3336383566 1412741451.09
10.1672573718 1412741452.03
10.0579564679 1412741453.02
10.0015925713 1412741454.02
9.95834174774 1412741455.02
9.87229029861 1412741456.01
9.808253565 1412741457.02
9.67616885243 1412741458.05
9.52448019962 1412741459.03
9.33879627748 1412741460.01
9.14711142843 1412741460.95
8.94549624263 1412741462.01
8.84236099294 1412741463.05
8.70639974766 1412741464.03
8.67411747911 1412741465.07
8.53932980425 1412741466.17
8.51016565865 1412741467.12
8.34334485988 1412741468.18
8.28978950282 1412741469.13
8.11717225152 1412741470.06
8.08184516941 1412741471.02
7.93238602272 1412741471.94
7.95075464873 1412741472.95
7.8340214641 1412741473.91
7.79196806855 1412741474.88
7.70115526202 1412741475.85
7.75250781254 1412741476.81
7.73629950778 1412741477.77
7.58585920814 1412741478.71
7.60254737988 1412741479.63
7.62628443387 1412741480.56
7.63262614773 1412741481.5
7.62258091289 1412741482.43
7.59122133444 1412741483.41
7.59549595315 1412741484.36
7.47727377357 1412741485.27
7.51708191115 1412741486.19
7.42264115593 1412741487.14
7.43529515846 1412741488.14
7.48270294295 1412741489.09
7.37672235512 1412741490.01
7.40396765214 1412741490.95
7.33248851251 1412741491.87
7.25854058126 1412741492.79
7.21040799071 1412741493.69
7.13586292291 1412741494.66
7.16075533253 1412741495.58
7.01545808417 1412741496.51
6.98246870246 1412741497.41
7.04008380417 1412741498.32
6.9335328921 1412741499.23
6.96475849575 1412741500.19
6.79392618082 1412741501.12
6.84610010173 1412741502.0
6.66444189103 1412741502.9
6.71609774411 1412741503.83
6.59312964816 1412741504.72
6.67980658571 1412741505.66
6.48329145496 1412741506.59
6.52834049193 1412741507.52
6.33449671137 1412741508.48
6.27063630582 1412741509.42
6.26700903929 1412741510.34
6.14181125418 1412741511.27
6.12712326537 1412741512.26
6.04596796743 1412741513.3
6.04466332819 1412741514.22
5.96497691614 1412741515.14
5.95852545553 1412741516.12
5.85597764354 1412741517.04
5.87146012469 1412741517.99
5.79800955541 1412741518.97
5.80824827923 1412741519.88
5.73885979908 1412741520.83
5.71775096351 1412741521.75
5.68848368643 1412741522.62
5.66045395216 1412741523.57
5.70523925367 1412741524.63
5.59531476828 1412741525.67
5.53342270332 1412741526.56
5.53775886592 1412741527.48
5.47517980862 1412741528.38
5.47354424108 1412741529.29
5.57029716052 1412741530.24
5.5405479534 1412741531.2
5.47273160115 1412741532.13
5.45137133292 1412741533.01
5.40463487096 1412741533.92
5.44725364884 1412741534.81
5.39137915087 1412741535.74
5.40478864783 1412741536.63
5.32975853661 1412741537.54
5.29402690045 1412741538.4
5.24944739015 1412741539.31
5.25543019508 1412741540.21
5.20766454767 1412741541.1
5.19155666387 1412741542.01
5.12429724914 1412741542.91
5.10364552398 1412741543.83
5.08570780406 1412741544.69
5.04090986102 1412741545.56
5.00759063832 1412741546.43
4.96798049642 1412741547.34
4.93643364813 1412741548.29
4.92624079149 1412741549.19
4.89196008003 1412741550.07
4.86882911683 1412741551.0
4.83465052379 1412741551.87
4.79745817944 1412741552.75
4.77809276324 1412741553.66
4.78773313296 1412741554.57
4.75434392668 1412741555.44
4.78638808245 1412741556.32
4.75208932398 1412741557.19
4.74301917461 1412741558.06
4.70659859686 1412741558.91
4.69441304589 1412741559.79
4.64816083013 1412741560.67
4.64523188833 1412741561.57
4.61838150199 1412741562.45
4.60137055867 1412741563.32
4.58558480791 1412741564.18
4.56323293024 1412741565.02
4.54288529535 1412741565.89
4.52295724931 1412741566.75
4.51153065539 1412741567.63
4.48701360332 1412741568.52
4.47826353131 1412741569.36
4.46706122512 1412741570.25
4.43806265915 1412741571.11
4.42054674208 1412741571.98
4.36736053309 1412741572.92
4.36636809978 1412741573.82
4.33421579435 1412741574.79
4.31895842887 1412741575.68
4.33458625698 1412741576.56
4.29981644157 1412741577.4
4.3016609293 1412741578.31
4.2555838135 1412741579.17
4.26041639754 1412741580.02
4.21436125409 1412741580.91
4.17956089593 1412741581.81
4.15993080773 1412741582.64
4.16000465037 1412741583.56
4.14137985059 1412741584.45
4.11614511773 1412741585.33
4.09503459413 1412741586.2
4.046632384 1412741587.04
4.05673360982 1412741587.92
4.04661193167 1412741588.78
4.00234283622 1412741589.63
3.98380263629 1412741590.5
3.9597670047 1412741591.36
3.94133164638 1412741592.24
3.92935257376 1412741593.1
3.89357915828 1412741593.98
