17.3341988434 1412747420.16
17.9554087775 1412747421.63
18.3269521313 1412747423.11
18.7763332892 1412747424.51
19.0408315569 1412747425.89
19.1873551587 1412747427.23
19.2693212032 1412747428.64
19.2761407845 1412747430.03
19.1420222344 1412747431.39
19.193557912 1412747432.74
19.2237160144 1412747434.11
19.0934677554 1412747435.48
18.6456602746 1412747436.86
18.0579512176 1412747438.27
18.0793484714 1412747439.63
17.5487527767 1412747440.98
17.0415335145 1412747442.38
16.7594634347 1412747443.73
16.2755581641 1412747445.08
16.1072327513 1412747446.42
15.6750297682 1412747447.76
15.3916071924 1412747449.06
15.0860438306 1412747450.37
14.7837546222 1412747451.74
14.6663721603 1412747453.05
14.3411503665 1412747454.37
14.2331021051 1412747455.7
13.8635260092 1412747457.01
14.0625171898 1412747458.36
13.9308647355 1412747459.69
13.9687033907 1412747461.02
13.543663312 1412747462.33
13.5325781365 1412747463.65
13.461388422 1412747464.98
13.2583582558 1412747466.31
13.1244345477 1412747467.67
13.0762793181 1412747468.98
12.901851592 1412747470.37
12.8411912052 1412747471.81
12.7790838274 1412747473.24
12.8478133944 1412747474.68
12.7250127039 1412747476.07
12.6745260453 1412747477.52
12.6753472684 1412747478.99
12.6737720899 1412747480.44
12.6100890262 1412747481.84
12.6347534443 1412747483.24
12.6576169461 1412747484.65
12.6232101656 1412747486.07
12.6075213978 1412747487.51
12.6352063025 1412747488.93
12.6087703534 1412747490.36
12.5682915746 1412747491.8
12.5715740297 1412747493.21
12.5170156562 1412747494.58
12.4731326279 1412747495.99
12.5016643648 1412747497.34
12.4797412045 1412747498.76
12.4658896825 1412747500.16
12.4036813282 1412747501.55
12.3792345383 1412747502.94
12.3730855797 1412747504.39
12.352530856 1412747505.77
12.3868132875 1412747507.14
13.4498662216 1412747508.6
13.2928097417 1412747509.98
12.938701365 1412747511.41
12.510881191 1412747512.88
12.9027425539 1412747514.34
12.7411144805 1412747515.75
12.5414731166 1412747517.17
12.81189932 1412747518.56
12.6889669912 1412747520.0
12.6033604858 1412747521.39
12.7543558161 1412747522.8
12.6828769382 1412747524.22
12.5595091781 1412747525.71
12.7877027007 1412747527.14
12.7013038808 1412747528.58
12.7279824162 1412747529.98
12.632622011 1412747531.39
12.7621455029 1412747532.83
12.6148302968 1412747534.24
12.7016635417 1412747535.62
12.6749984093 1412747537.02
12.6563038635 1412747538.43
12.6110220118 1412747539.88
12.7612887748 1412747541.26
12.741382168 1412747542.65
12.6498354629 1412747544.02
12.6343367139 1412747545.43
12.5758362968 1412747546.83
12.5931548528 1412747548.21
12.6439803086 1412747549.55
12.5381579872 1412747550.98
12.6112297716 1412747552.39
12.6680314323 1412747553.74
12.6170861069 1412747555.11
12.6510482767 1412747556.48
12.5895876765 1412747557.9
12.6264701421 1412747559.28
12.654965931 1412747560.66
12.5672405503 1412747562.04
12.5431009878 1412747563.45
12.4746082962 1412747564.88
12.5595595093 1412747566.23
12.4720823697 1412747567.62
12.6059541442 1412747569.01
12.5062017892 1412747570.41
12.5639864182 1412747571.77
12.5851677292 1412747573.13
12.6060392253 1412747574.54
12.5754969255 1412747575.93
12.5385731997 1412747577.39
12.499348037 1412747578.79
12.5079464101 1412747580.24
12.5475514818 1412747581.63
12.5120576908 1412747583.1
12.5379162778 1412747584.5
12.5192225168 1412747585.94
12.4439178905 1412747587.38
12.4346861178 1412747588.79
12.4014100135 1412747590.16
12.3727570905 1412747591.56
12.2656674466 1412747592.99
12.3080379027 1412747594.38
12.3019337288 1412747595.77
12.2687156422 1412747597.17
12.2829035794 1412747598.56
12.334462274 1412747599.94
12.2916177406 1412747601.31
12.2561992795 1412747602.69
12.260674766 1412747604.08
12.2035808214 1412747605.44
12.1891760222 1412747606.82
12.1411042789 1412747608.21
12.0257456123 1412747609.58
12.0892331888 1412747610.95
11.9929370003 1412747612.32
12.0497686927 1412747613.71
12.002268681 1412747615.08
11.9780970256 1412747616.44
11.8589625916 1412747617.8
11.8924275586 1412747619.14
11.9422119809 1412747620.51
11.8752817117 1412747621.88
11.8724610374 1412747623.21
11.9175856898 1412747624.56
11.9020272306 1412747625.91
11.9252116525 1412747627.3
11.9525410796 1412747628.68
11.9729971364 1412747630.05
12.0170171616 1412747631.44
12.0379231224 1412747632.8
11.9888633748 1412747634.16
11.9442594048 1412747635.52
12.0027501918 1412747636.93
11.9380307652 1412747638.28
11.9839517471 1412747639.68
11.956422989 1412747641.09
11.9346866582 1412747642.53
11.8202614712 1412747643.92
11.8717473285 1412747645.36
11.7787496077 1412747646.76
11.7840870248 1412747648.19
11.745925663 1412747649.56
11.6577464852 1412747650.92
11.5929620809 1412747652.31
11.5244944801 1412747653.71
11.5034248201 1412747655.12
11.4657894371 1412747656.51
11.4062021254 1412747657.93
11.3909522955 1412747659.35
11.4021359336 1412747660.74
11.3144630624 1412747662.12
11.1949228534 1412747663.55
11.1332344145 1412747664.96
11.1504143817 1412747666.32
11.1518201385 1412747667.65
11.1060926961 1412747669.04
11.0012647732 1412747670.38
10.8704668665 1412747671.8
10.8255129855 1412747673.22
10.7537970114 1412747674.61
10.7391887597 1412747675.96
10.6702174552 1412747677.37
10.6072008882 1412747678.75
10.5445143868 1412747680.11
10.5427003942 1412747681.51
10.3362702098 1412747682.84
10.3187388657 1412747684.21
10.2452936134 1412747685.56
10.2518645245 1412747686.93
10.2236461607 1412747688.26
10.0485646672 1412747689.68
9.98176187964 1412747691.11
9.98597282903 1412747692.48
9.93367533854 1412747693.85
9.82941481705 1412747695.25
9.81076719183 1412747696.64
