28.4189595973 1412721563.18
28.6287445803 1412721563.3
28.9520609896 1412721563.4
28.8868902976 1412721563.49
29.3108093327 1412721563.6
29.642965057 1412721563.7
30.0310673977 1412721563.8
30.0162296774 1412721563.89
30.3242810065 1412721563.99
30.5499095293 1412721564.1
30.6924069729 1412721564.2
30.8110292126 1412721564.31
30.9682521689 1412721564.43
31.0499636249 1412721564.56
31.1207898444 1412721564.66
31.1909458624 1412721564.76
31.2342012685 1412721564.85
31.2558549817 1412721564.94
31.2455916251 1412721565.04
31.2268445396 1412721565.14
31.1939082754 1412721565.23
31.1720008729 1412721565.34
31.1289913953 1412721565.44
31.0940632976 1412721565.55
31.0491063442 1412721565.66
30.9785837521 1412721565.76
30.9495080198 1412721565.85
30.9219437313 1412721565.95
30.892496694 1412721566.07
30.865080921 1412721566.18
30.843154781 1412721566.27
30.8190519569 1412721566.39
30.7968423204 1412721566.48
30.7764171683 1412721566.57
30.7577303734 1412721566.67
30.7406777205 1412721566.77
30.725023466 1412721566.88
30.7108736565 1412721566.98
30.697888315 1412721567.08
30.699136708 1412721567.18
30.6866333047 1412721567.26
30.6750813073 1412721567.36
30.6653585748 1412721567.46
30.6463923699 1412721567.56
30.6396768716 1412721567.65
30.6333526031 1412721567.75
30.6274142325 1412721567.83
30.6217854989 1412721567.92
30.6165586804 1412721568.03
30.6115640071 1412721568.15
30.6068866294 1412721568.24
30.6024014739 1412721568.34
30.5983448637 1412721568.45
30.5943605291 1412721568.55
30.5905785948 1412721568.66
30.5868667279 1412721568.76
30.5832445619 1412721568.88
30.5794305419 1412721568.97
30.5767088118 1412721569.08
30.5724851721 1412721569.19
30.567999489 1412721569.31
30.5631048971 1412721569.4
30.5578447842 1412721569.51
30.5521437117 1412721569.62
30.5460184465 1412721569.73
30.5392303352 1412721569.84
30.522722496 1412721569.94
30.5143223876 1412721570.05
30.5049480785 1412721570.15
30.494606067 1412721570.25
30.4831305178 1412721570.38
30.4705037489 1412721570.48
30.4873365135 1412721570.57
30.4778372968 1412721570.67
30.4675145342 1412721570.77
30.4335272953 1412721570.87
30.4165509023 1412721570.98
30.3965647406 1412721571.09
30.3744156042 1412721571.21
30.3577599225 1412721571.35
30.3303737331 1412721571.48
30.3051066969 1412721571.6
30.2727257885 1412721571.71
30.2368391524 1412721571.82
30.0044325901 1412721571.93
29.9560971101 1412721572.05
29.9076824778 1412721572.18
29.8538865368 1412721572.31
29.7941725874 1412721572.41
29.7470335663 1412721572.53
29.6777826734 1412721572.63
29.6615317307 1412721572.74
29.6422930752 1412721572.85
29.6085094327 1412721572.96
29.5408781309 1412721573.06
29.4448001712 1412721573.17
29.4154535609 1412721573.3
29.328173098 1412721573.41
29.2319539776 1412721573.54
29.1930951489 1412721573.63
29.0460511898 1412721573.74
29.1446891862 1412721573.84
28.9964485738 1412721573.94
28.8057129333 1412721574.04
28.7227769304 1412721574.14
28.4434286342 1412721574.24
28.3222731142 1412721574.37
27.9221336129 1412721574.47
27.52785852 1412721574.56
27.4079491924 1412721574.66
27.2552500369 1412721574.76
27.0453145084 1412721574.85
26.639111915 1412721574.94
26.1807858382 1412721575.06
25.7058703968 1412721575.18
25.4708224352 1412721575.3
24.8899004965 1412721575.42
24.2854662381 1412721575.51
23.4568393591 1412721575.61
22.5095672184 1412721575.71
21.7365575809 1412721575.82
20.9305147517 1412721575.93
20.0490980378 1412721576.03
19.2527509176 1412721576.11
18.5155859309 1412721576.19
17.6132637171 1412721576.29
16.9107889322 1412721576.39
15.9484898498 1412721576.47
15.349674226 1412721576.55
14.5109230439 1412721576.64
13.939873116 1412721576.74
13.2836839694 1412721576.83
12.8515477197 1412721576.92
12.4519167105 1412721577.01
12.2474835663 1412721577.11
11.8803712945 1412721577.23
11.3295310133 1412721577.36
10.8706286233 1412721577.46
10.7394526484 1412721577.55
10.3322683155 1412721577.64
10.2185691439 1412721577.73
9.85862865749 1412721577.83
9.53047859877 1412721577.93
9.49084284404 1412721578.03
9.29365057447 1412721578.13
9.20294177115 1412721578.24
9.04461421277 1412721578.33
8.95722666871 1412721578.41
8.76043214947 1412721578.5
8.68593703299 1412721578.58
8.44768561155 1412721578.67
8.36876606514 1412721578.76
8.1859312743 1412721578.85
7.9128019005 1412721578.94
7.83960380964 1412721579.03
7.85440392594 1412721579.12
7.78325168591 1412721579.21
7.58965590057 1412721579.32
7.51460087597 1412721579.42
7.42098736411 1412721579.51
7.22651939422 1412721579.6
7.19491775548 1412721579.69
7.11128690494 1412721579.79
7.06178261174 1412721579.89
7.19271676229 1412721579.99
7.04551389523 1412721580.08
7.11404463633 1412721580.17
7.1655940249 1412721580.27
7.14630255131 1412721580.37
7.15287045309 1412721580.45
7.26350534746 1412721580.55
7.25531842633 1412721580.65
7.18257867831 1412721580.74
7.15659105388 1412721580.83
7.14363625694 1412721580.92
7.29748716391 1412721581.01
7.29435189375 1412721581.13
7.15017585961 1412721581.23
7.13264828054 1412721581.35
7.14770805519 1412721581.46
7.15609607804 1412721581.56
7.09100067681 1412721581.65
7.19833683085 1412721581.75
7.20835852961 1412721581.85
7.24264696585 1412721581.96
7.28080093966 1412721582.06
7.39678881118 1412721582.16
7.42519988022 1412721582.27
7.59327990518 1412721582.37
7.71155678853 1412721582.48
7.74996620211 1412721582.57
7.80108755443 1412721582.67
7.86700552509 1412721582.76
7.91137772477 1412721582.86
8.03006640807 1412721582.96
8.01450118406 1412721583.06
8.06045620812 1412721583.16
8.07238031648 1412721583.27
8.12080622344 1412721583.4
8.32436242206 1412721583.5
