34.4722131851 1412723919.04
32.490566701 1412723919.32
32.0217685432 1412723919.59
31.9561618382 1412723919.89
31.933072169 1412723920.18
31.0243290835 1412723920.48
30.5003796147 1412723920.75
29.7808531108 1412723921.06
28.9997990472 1412723921.36
28.3902416551 1412723921.67
28.1672343854 1412723921.97
27.9064598553 1412723922.24
27.4142405533 1412723922.51
26.7933243876 1412723922.82
26.73618106 1412723923.09
26.3281522406 1412723923.38
26.3572322961 1412723923.65
26.3534916144 1412723923.97
26.095681754 1412723924.24
26.0686681407 1412723924.53
25.7506497521 1412723924.78
25.4283911243 1412723925.07
25.1264665348 1412723925.34
24.962709465 1412723925.6
24.7195007504 1412723925.89
24.5932377525 1412723926.16
24.5600083883 1412723926.46
24.5276474554 1412723926.75
24.4656742989 1412723927.05
24.2627254143 1412723927.31
24.3200624423 1412723927.61
24.2299291856 1412723927.91
24.2636195619 1412723928.16
24.3002565999 1412723928.45
24.4463914468 1412723928.73
24.4286357123 1412723929.03
24.3582667047 1412723929.31
24.2472295762 1412723929.67
24.0450494607 1412723930.01
24.183751579 1412723930.35
24.3203070904 1412723930.73
24.2758810136 1412723931.08
24.2379666364 1412723931.43
24.0720665563 1412723931.77
24.1468825641 1412723932.1
24.1393831611 1412723932.43
24.1655491272 1412723932.78
24.082295282 1412723933.13
24.2063855992 1412723933.48
24.0262648687 1412723933.83
24.1467516956 1412723934.17
24.2191507292 1412723934.54
24.1928712628 1412723934.85
24.3439786322 1412723935.2
24.3014552625 1412723935.55
24.56738774 1412723935.9
24.5421458936 1412723936.25
24.7422392891 1412723936.62
24.7030395925 1412723936.99
24.9823948989 1412723937.34
25.0027039808 1412723937.72
24.8899178835 1412723938.14
24.8750410328 1412723938.52
25.0237916365 1412723938.94
24.9834597539 1412723939.32
25.0685542602 1412723939.68
25.1473538439 1412723940.06
25.2552793487 1412723940.45
25.1997781805 1412723940.79
25.177728368 1412723941.18
25.0701537841 1412723941.56
25.1718827355 1412723941.99
24.9095452354 1412723942.4
25.0042842604 1412723942.78
24.8794135909 1412723943.23
24.8595646916 1412723943.67
25.0302323984 1412723944.08
25.084855296 1412723944.47
24.995854694 1412723944.85
24.9362287145 1412723945.21
24.7865934974 1412723945.59
24.8224149283 1412723945.97
24.9487956882 1412723946.38
24.7735906198 1412723946.8
24.8444389689 1412723947.19
24.8555506043 1412723947.57
25.0455880121 1412723947.94
25.0767682815 1412723948.35
25.1654147968 1412723948.75
25.2271669062 1412723949.22
25.4137248947 1412723949.69
25.3723270967 1412723950.1
25.4174822489 1412723950.49
25.3378384263 1412723950.94
25.3489759392 1412723951.33
25.5528009187 1412723951.71
25.5297234475 1412723952.14
25.5452314698 1412723952.57
25.5476500732 1412723952.98
25.5065192351 1412723953.42
25.6074126535 1412723953.81
25.4802712353 1412723954.28
25.5451983867 1412723954.69
25.6796934623 1412723955.13
25.7199915193 1412723955.51
25.7281536156 1412723955.97
25.6514379329 1412723956.45
25.7685587568 1412723956.93
25.7117050136 1412723957.37
25.7422646418 1412723957.8
25.701506053 1412723958.37
25.4851784211 1412723958.78
25.592366499 1412723959.2
25.7995218341 1412723959.68
25.5755352582 1412723960.08
25.6353902134 1412723960.55
25.6635057219 1412723960.98
25.6741379508 1412723961.43
25.5804002088 1412723961.86
25.5834054036 1412723962.26
25.2336431847 1412723962.64
25.2097740717 1412723963.04
25.2702412271 1412723963.43
24.9518807213 1412723963.81
25.0229185486 1412723964.22
25.1902647176 1412723964.65
25.0787827279 1412723965.05
25.0752783266 1412723965.49
25.0711469071 1412723965.88
25.0362670451 1412723966.26
25.1107894991 1412723966.7
24.9681646236 1412723967.16
24.9971156594 1412723967.54
25.0635609442 1412723967.94
24.9593830566 1412723968.38
25.0824680308 1412723968.81
24.9418672084 1412723969.32
24.7071161755 1412723969.81
24.7406294421 1412723970.23
24.7864681533 1412723970.7
24.7947078064 1412723971.18
24.8215128155 1412723971.59
24.8311161449 1412723972.02
24.7070908897 1412723972.4
24.8221351518 1412723973.02
24.8288561886 1412723973.43
24.8305389557 1412723973.89
24.6576672086 1412723974.37
24.602548325 1412723974.81
24.5317686936 1412723975.22
24.6623258467 1412723975.71
24.5426227463 1412723976.18
24.4302209615 1412723976.69
24.4324501072 1412723977.12
24.5772511952 1412723977.67
24.6428530521 1412723978.13
24.3114105852 1412723978.55
24.1785010323 1412723978.98
24.1445833392 1412723979.46
24.2063451758 1412723979.89
24.2674811458 1412723980.34
23.9633069772 1412723980.79
24.2454766878 1412723981.23
24.0971521852 1412723981.69
24.1883073447 1412723982.1
24.1545762715 1412723982.52
24.4491005943 1412723982.97
24.0727819198 1412723983.42
23.9989738288 1412723983.85
24.1590791294 1412723984.26
24.1508498991 1412723984.73
24.1037163063 1412723985.15
24.1653172223 1412723985.63
23.726607198 1412723986.08
23.6552650212 1412723986.62
23.5393036193 1412723987.1
23.5417219092 1412723987.57
23.4912108745 1412723988.03
23.5293351305 1412723988.48
23.530289072 1412723988.95
23.4245468731 1412723989.43
23.3652243764 1412723989.88
23.369554815 1412723990.35
23.3760934865 1412723990.79
23.3569896904 1412723991.31
23.3832441281 1412723991.85
23.2110152245 1412723992.28
23.202281461 1412723992.73
23.2335227589 1412723993.17
23.2361810163 1412723993.63
23.4785953727 1412723994.11
23.566786635 1412723994.55
23.3347507614 1412723995.04
23.3925928488 1412723995.49
23.2309463003 1412723995.93
23.0952783415 1412723996.39
23.3482011191 1412723996.83
23.4189694471 1412723997.3
23.4392197544 1412723997.86
23.5058269695 1412723998.33
