21.1537313455 1412722740.06
20.6697164805 1412722740.17
21.0513411816 1412722740.29
21.3084581815 1412722740.43
20.8937565192 1412722740.57
20.3423194225 1412722740.72
20.5256472961 1412722740.83
20.4088192333 1412722741.0
20.2761916012 1412722741.12
20.2961570769 1412722741.23
20.18667385 1412722741.37
19.7644889458 1412722741.51
19.5215368568 1412722741.63
18.9876772762 1412722741.73
18.9150797051 1412722741.88
18.2627852482 1412722742.0
17.8481563078 1412722742.13
17.1241608929 1412722742.26
16.7545374912 1412722742.39
16.4772208536 1412722742.5
15.959134926 1412722742.6
15.6803751728 1412722742.77
15.3084346073 1412722742.92
14.9129166283 1412722743.03
14.5816996846 1412722743.16
14.2196386554 1412722743.3
13.8793956656 1412722743.43
13.5540493212 1412722743.58
13.3197930539 1412722743.71
13.0094469967 1412722743.85
12.8400114321 1412722743.98
12.7065956677 1412722744.11
12.6377646433 1412722744.25
12.5337937721 1412722744.38
12.4307128062 1412722744.51
12.3508225448 1412722744.61
12.2100013642 1412722744.73
53.5774502315 1412722744.84
11.9035540105 1412722744.94
11.7398375816 1412722745.05
11.7135674297 1412722745.16
11.7622021628 1412722745.29
11.5058905426 1412722745.42
11.5012532986 1412722745.54
11.3353109235 1412722745.64
11.2698495072 1412722745.77
11.3264477436 1412722745.9
11.3391536437 1412722746.01
55.406937797 1412722746.12
55.528943573 1412722746.24
55.660643755 1412722746.35
55.7557019966 1412722746.5
10.6727564705 1412722746.63
55.9072059256 1412722746.77
10.4850936006 1412722746.92
55.9465715622 1412722747.03
56.0023464599 1412722747.14
56.0809512995 1412722747.25
10.291638618 1412722747.36
10.2653710698 1412722747.48
10.3759666418 1412722747.59
10.3663665796 1412722747.72
10.4590938412 1412722747.83
10.4878326756 1412722747.94
10.5160726318 1412722748.07
10.4947225427 1412722748.19
10.5257526157 1412722748.33
10.6608053298 1412722748.44
10.6765100849 1412722748.56
10.6377057549 1412722748.69
10.6570989453 1412722748.8
10.6522841377 1412722748.92
10.6705828564 1412722749.04
10.7042981947 1412722749.17
10.7452172847 1412722749.29
10.7442380477 1412722749.4
10.7147397193 1412722749.52
10.7280734931 1412722749.64
10.7227200924 1412722749.77
10.737060994 1412722749.9
10.7243842831 1412722750.03
10.688888999 1412722750.15
10.6974969613 1412722750.27
10.6517322395 1412722750.39
10.6790937191 1412722750.5
10.6332958611 1412722750.62
10.6540176722 1412722750.76
10.6104590473 1412722750.89
10.5696653085 1412722751.01
10.5475782749 1412722751.13
10.4956232643 1412722751.25
10.4709194303 1412722751.38
10.4333686883 1412722751.51
10.4047053156 1412722751.64
10.3730131428 1412722751.76
10.3456411749 1412722751.89
10.3030124625 1412722752.0
10.2451691736 1412722752.11
10.1962283754 1412722752.22
10.1457409987 1412722752.33
10.0946499932 1412722752.44
10.0268213265 1412722752.56
9.97450865414 1412722752.67
9.94430846734 1412722752.78
9.89378978567 1412722752.89
9.80720179688 1412722753.0
9.75394933093 1412722753.12
9.66044821611 1412722753.23
9.60052652244 1412722753.34
9.55243732891 1412722753.46
9.48263800179 1412722753.56
9.4248191841 1412722753.67
9.36373124718 1412722753.79
9.31626851984 1412722753.9
9.25656385774 1412722754.01
9.17476629198 1412722754.13
9.14571439908 1412722754.25
9.1321407994 1412722754.35
9.07569367489 1412722754.5
8.96643790772 1412722754.62
8.9183270673 1412722754.73
8.90714859857 1412722754.87
8.86001961001 1412722755.02
8.80581185829 1412722755.14
8.77551532941 1412722755.24
8.77201475276 1412722755.37
8.7804959099 1412722755.48
8.78450730008 1412722755.6
8.77820364348 1412722755.71
8.76510127082 1412722755.81
8.73191270879 1412722755.94
8.69761733504 1412722756.06
8.70195078713 1412722756.21
8.67301983521 1412722756.36
8.62931122896 1412722756.45
8.54882169655 1412722756.56
8.55042809796 1412722756.68
8.54805107891 1412722756.81
8.51006466628 1412722756.94
8.48587924468 1412722757.06
8.48028513529 1412722757.16
8.45880641351 1412722757.27
8.42915997585 1412722757.38
8.38686622175 1412722757.49
8.3916447893 1412722757.65
8.35080730859 1412722757.76
8.35595144392 1412722757.89
8.3165444123 1412722758.02
8.31598993021 1412722758.15
8.30321010117 1412722758.25
8.26915537028 1412722758.38
8.26608065898 1412722758.48
8.16151646189 1412722758.59
8.15805373919 1412722758.68
8.12936636692 1412722758.8
8.134203071 1412722758.92
8.1369796234 1412722759.01
8.13547978695 1412722759.11
8.1157257305 1412722759.2
8.10014425549 1412722759.3
8.10142622861 1412722759.39
8.07485262748 1412722759.48
8.07998532703 1412722759.56
8.05639625195 1412722759.67
8.04292515097 1412722759.75
8.02918376509 1412722759.84
8.00581126352 1412722759.92
7.97758547609 1412722760.02
7.94587088875 1412722760.09
7.91747127438 1412722760.22
7.9019077797 1412722760.3
7.90143663686 1412722760.38
7.90518787958 1412722760.47
7.89404311932 1412722760.59
7.89430802897 1412722760.68
7.87402608922 1412722760.76
7.82483452985 1412722760.84
7.82521038071 1412722760.93
7.80532935416 1412722761.04
7.80597745364 1412722761.14
7.78669892034 1412722761.23
7.78892700053 1412722761.33
7.77903485631 1412722761.41
7.77134827081 1412722761.52
7.71268731248 1412722761.61
7.63776622175 1412722761.7
7.62136705702 1412722761.83
7.60512052391 1412722761.95
7.5890663996 1412722762.06
7.58887123592 1412722762.17
7.57325847466 1412722762.28
7.5769284522 1412722762.37
7.56560978863 1412722762.48
7.56674907419 1412722762.58
7.54074209703 1412722762.67
7.54694281839 1412722762.75
7.53260143423 1412722762.83
7.51849696912 1412722762.94
7.50448946959 1412722763.05
7.46911231642 1412722763.14
