12.4954018697 1412736946.48
12.6241454024 1412736947.52
12.692182587 1412736948.58
12.824361049 1412736949.67
13.0086054036 1412736950.75
13.0655795654 1412736951.83
13.1718591538 1412736952.82
13.3392054178 1412736953.89
13.4859292831 1412736954.9
13.7227453848 1412736955.89
14.0139556158 1412736956.95
14.284877596 1412736957.98
14.4954981912 1412736958.98
14.5655440909 1412736960.03
14.8435228132 1412736961.01
14.901937916 1412736962.06
15.0157683982 1412736963.05
15.0480034739 1412736964.03
15.166474767 1412736964.99
15.1219079138 1412736966.0
15.183353994 1412736967.05
15.1255478808 1412736968.1
15.1329018184 1412736969.13
15.0714933868 1412736970.19
14.9842995146 1412736971.23
14.8720200253 1412736972.27
14.9089375484 1412736973.62
14.9515538466 1412736974.69
14.9398882412 1412736975.69
14.8712564427 1412736976.74
14.8675721973 1412736977.76
14.8345005175 1412736978.82
14.7495539956 1412736979.83
14.6964520251 1412736980.91
14.6534884613 1412736981.96
14.7909375645 1412736982.97
14.8492222241 1412736984.02
14.8976361111 1412736985.08
14.9678258485 1412736986.11
15.1265988917 1412736987.19
15.1886457003 1412736988.28
15.2957356556 1412736989.3
15.3153875048 1412736990.42
15.164506268 1412736991.45
14.2500197558 1412736992.46
13.8290860839 1412736993.5
13.6073462023 1412736994.57
13.7953331586 1412736995.56
13.710268091 1412736996.56
13.4069040902 1412736997.58
13.5616085877 1412736998.59
13.3178047231 1412736999.6
13.491666514 1412737000.64
13.3082137738 1412737001.73
13.5737182726 1412737002.9
13.3307980385 1412737004.02
13.6125456705 1412737005.07
13.4631919379 1412737006.14
13.7274404066 1412737007.21
13.431915658 1412737008.27
13.13504601 1412737009.33
13.3804490007 1412737010.38
13.2044924619 1412737011.45
13.6258935072 1412737012.49
13.2658064494 1412737013.54
12.9439706632 1412737014.55
13.0513136265 1412737015.56
13.1185398212 1412737016.64
12.9361668384 1412737017.71
12.9965209517 1412737018.74
12.8466582946 1412737019.77
13.0384978755 1412737020.82
13.0935324777 1412737021.87
13.2099279112 1412737022.94
13.1056896786 1412737023.96
13.1087868636 1412737024.98
13.1187090709 1412737025.99
13.0556058484 1412737027.04
13.1725924226 1412737028.12
13.1241441832 1412737029.19
13.0045726921 1412737030.25
13.0768129404 1412737031.29
13.0064484526 1412737032.32
13.2223232429 1412737033.32
13.2157981202 1412737034.36
13.2615681132 1412737035.43
13.2739911765 1412737036.51
13.2403768022 1412737037.57
13.1795374162 1412737038.62
13.1008449982 1412737039.69
13.0226070694 1412737040.74
12.9963484839 1412737041.77
12.9681319785 1412737042.84
12.9751532264 1412737043.9
12.9240919277 1412737044.95
12.9306036429 1412737045.98
12.8787097878 1412737047.01
12.8230857877 1412737048.05
12.8613803163 1412737049.06
12.820796424 1412737050.1
12.7602060102 1412737051.11
12.779832221 1412737052.16
12.751295754 1412737053.21
12.6412929685 1412737054.28
12.5767190734 1412737055.28
12.5907222071 1412737056.3
12.4660279607 1412737057.29
12.4302896184 1412737058.3
12.434943476 1412737059.3
12.3265800757 1412737060.33
12.3975631583 1412737061.33
12.3139941541 1412737062.3
12.295818761 1412737063.29
12.2154150073 1412737064.27
12.1984443876 1412737065.33
12.1857262189 1412737066.35
12.2003479955 1412737067.41
12.114861128 1412737068.38
12.1228257266 1412737069.37
12.0624149034 1412737070.43
12.0466644968 1412737071.48
11.9648603302 1412737072.5
12.0212072882 1412737073.49
11.9369149625 1412737074.52
11.9863662952 1412737075.53
11.945573714 1412737076.52
12.0114997195 1412737077.54
11.915660717 1412737078.57
11.9855686058 1412737079.56
11.913588544 1412737080.71
11.9366893198 1412737081.72
11.8584144991 1412737082.76
11.8933066335 1412737083.76
11.8815946364 1412737084.78
11.8889560644 1412737085.76
11.8113989329 1412737086.76
11.7879750454 1412737087.77
11.8273936483 1412737088.79
11.7115084972 1412737089.79
11.5956989841 1412737090.85
11.6545462726 1412737091.81
11.573680108 1412737092.78
11.5859981911 1412737093.73
11.6050078338 1412737094.72
11.6230862507 1412737095.68
11.5361942527 1412737096.67
11.6182652411 1412737097.65
11.6713264588 1412737098.66
11.5032439175 1412737099.64
11.5779013141 1412737100.7
11.5707012648 1412737101.72
11.6374946719 1412737102.78
11.5030636048 1412737103.79
11.627379318 1412737104.84
11.5033180289 1412737105.85
11.5656022602 1412737106.9
11.4955834725 1412737107.94
11.535626765 1412737108.92
11.6171570037 1412737109.92
11.4739381422 1412737110.96
11.4174611594 1412737111.97
11.479119995 1412737113.01
11.3667117481 1412737114.0
11.4372755683 1412737115.01
11.3651240238 1412737116.03
11.3005012756 1412737117.0
11.3469819139 1412737117.97
11.2869013658 1412737118.95
11.3259542829 1412737119.96
11.2777625592 1412737120.96
11.2892573401 1412737121.97
11.2238483561 1412737122.94
11.1242827033 1412737123.95
11.0466493245 1412737124.96
10.9847922889 1412737125.93
10.9299746558 1412737126.92
10.9692327763 1412737127.89
10.8079854198 1412737128.85
10.7475765645 1412737129.83
10.6660394848 1412737130.8
10.6894060066 1412737131.74
10.6236091016 1412737132.68
10.6436459441 1412737133.64
10.6453341387 1412737134.64
10.5437252754 1412737135.65
10.4895897286 1412737136.61
10.4269838759 1412737137.62
10.3703843796 1412737138.61
10.3825475206 1412737139.59
10.3812577232 1412737140.61
10.3151541526 1412737141.6
10.315120326 1412737142.58
10.2158640007 1412737143.54
10.1982027867 1412737144.54
10.211317102 1412737145.54
10.1260069829 1412737146.5
10.1294578819 1412737147.48
10.0441534929 1412737148.48
9.98692145654 1412737149.49
9.98813607631 1412737150.46
