20.1312903752 1412745748.17
20.069279208 1412745749.69
20.189524682 1412745751.21
20.2778636141 1412745752.72
20.1815877309 1412745754.21
20.2705353519 1412745755.66
20.2399549714 1412745757.17
20.0979291506 1412745758.77
19.9663399094 1412745760.41
19.7823827743 1412745762.06
19.7514930937 1412745763.68
19.5186673016 1412745765.31
19.6021946818 1412745767.01
19.6571104801 1412745768.65
19.7190384048 1412745770.28
19.7258649265 1412745771.96
19.6664267184 1412745773.64
19.5682329402 1412745775.41
19.6505203443 1412745777.18
19.7014608937 1412745778.95
19.8073879794 1412745780.74
19.9255566092 1412745782.56
19.8829621912 1412745784.38
20.0366819487 1412745786.18
20.0842530642 1412745787.93
20.027829406 1412745789.74
19.9335773872 1412745791.65
19.8443539242 1412745793.41
19.9116019681 1412745795.2
19.9224669838 1412745796.93
19.966679807 1412745798.7
19.9231719951 1412745800.47
19.9392097657 1412745802.4
19.9529555569 1412745804.26
19.8110563813 1412745805.95
19.8519263226 1412745807.56
19.8296956169 1412745809.27
19.8956819301 1412745811.1
19.8817531824 1412745812.74
19.8743492118 1412745814.36
19.8431528523 1412745816.04
19.7781775183 1412745817.76
19.8339438915 1412745819.41
19.7997849537 1412745821.05
19.8273989009 1412745822.7
19.7333769042 1412745824.34
19.7304962925 1412745825.96
19.6822539636 1412745827.64
19.579552774 1412745829.3
19.5765056219 1412745830.96
19.6900241304 1412745832.7
19.6125098401 1412745834.53
19.6246996416 1412745836.34
19.5977619017 1412745838.13
19.5035386242 1412745839.9
19.5650149796 1412745841.62
19.4981609546 1412745843.35
19.5127213396 1412745845.11
19.465058827 1412745846.81
19.5419094625 1412745848.46
19.428199804 1412745850.22
19.3056409461 1412745851.98
19.3612180544 1412745853.75
19.3436721915 1412745855.48
19.2890313573 1412745857.23
19.187152006 1412745858.98
19.0922218463 1412745860.8
18.94528977 1412745862.61
18.8621033015 1412745864.4
18.6906145358 1412745866.32
18.5798666152 1412745868.16
18.6166695305 1412745869.99
18.4354467199 1412745871.83
18.4609489161 1412745873.75
18.3979333537 1412745875.67
18.2854928072 1412745877.56
18.1734278988 1412745879.38
18.0910615239 1412745881.22
18.0370444591 1412745883.08
18.0132760978 1412745884.99
18.0074815226 1412745886.84
18.0702939152 1412745888.73
17.9550993885 1412745890.57
17.9043448745 1412745892.38
17.7518998735 1412745894.25
17.7774158457 1412745896.12
17.691709761 1412745898.01
17.634071093 1412745899.92
17.5583890358 1412745901.77
17.3846037953 1412745903.6
17.2255990541 1412745905.41
17.2523991595 1412745907.2
17.3330208239 1412745909.01
17.3100228256 1412745910.87
17.2853321655 1412745912.7
17.40235895 1412745914.53
17.4994784609 1412745916.37
17.479265828 1412745918.26
17.4637822366 1412745920.16
17.5466540378 1412745922.06
17.5309123311 1412745923.92
17.5686715267 1412745925.81
17.4962469943 1412745927.72
17.4542775067 1412745929.6
17.4810772949 1412745931.51
17.4345720541 1412745933.4
17.4353597821 1412745935.29
17.5128874363 1412745937.17
17.4590502347 1412745939.06
17.4293933142 1412745940.94
17.4115223376 1412745942.84
17.4094319867 1412745944.81
17.3925771361 1412745946.7
17.2778649429 1412745948.64
17.3045524352 1412745950.59
17.2413851112 1412745952.49
17.3972739003 1412745954.39
17.3414650142 1412745956.33
17.2096301894 1412745958.29
17.2832246119 1412745960.26
17.1934751176 1412745962.21
17.2029413754 1412745964.21
17.0847398166 1412745966.11
17.1172534485 1412745968.02
17.2199097148 1412745969.93
17.1577441358 1412745971.84
17.1018209757 1412745973.74
17.0913214013 1412745975.76
17.0016746693 1412745977.72
16.9394820262 1412745979.63
16.975958279 1412745981.6
16.8880856793 1412745983.54
16.927574106 1412745985.45
16.877420619 1412745987.33
16.9973162948 1412745989.19
17.1470577316 1412745991.06
17.0280568395 1412745992.98
17.0821622303 1412745994.91
17.0182243449 1412745996.9
17.0274369642 1412745998.79
16.9952746968 1412746000.74
17.1767660421 1412746002.76
17.2424971233 1412746004.77
17.2719422333 1412746006.73
17.3416285841 1412746008.67
17.4113475118 1412746010.61
17.474300341 1412746012.59
17.4570547049 1412746014.56
17.5584349663 1412746016.57
17.6405636931 1412746018.54
17.7048151558 1412746020.62
17.7587532953 1412746022.65
17.6698968765 1412746024.59
17.7479367096 1412746026.57
17.807232562 1412746028.54
17.9880602931 1412746030.51
18.0028248154 1412746032.52
18.0920571733 1412746034.57
18.0663683071 1412746036.57
18.0805009755 1412746038.64
18.0736488173 1412746040.78
18.0468026291 1412746042.86
17.933247806 1412746045.01
17.927718673 1412746047.11
17.8396581337 1412746049.19
17.7673947483 1412746051.34
17.6816560153 1412746053.41
17.706078756 1412746055.48
17.7445619973 1412746057.53
17.8127100493 1412746059.67
17.8353452072 1412746061.78
17.8925739298 1412746063.91
17.7465220793 1412746066.03
17.7796878335 1412746068.14
17.8071165952 1412746070.24
17.8360090535 1412746072.35
17.8189008502 1412746074.49
17.8958635087 1412746076.59
17.8533554198 1412746078.71
17.8168179771 1412746080.82
17.7827985127 1412746082.99
17.7931539131 1412746085.16
17.8538834842 1412746087.28
17.807384329 1412746089.4
17.5343036124 1412746091.56
17.5104553204 1412746093.76
17.4882614962 1412746095.96
17.4193987709 1412746098.11
17.3569994357 1412746100.3
17.3363432238 1412746102.42
17.3631029879 1412746104.67
17.3672322407 1412746106.86
17.3969075352 1412746108.94
17.3691388688 1412746111.14
17.3986444098 1412746113.26
17.418795042 1412746115.43
17.4268595789 1412746117.65
17.456348958 1412746119.76
17.4430215003 1412746121.92
17.4631688614 1412746124.15
