20.4553470715 1412748540.43
20.3033294531 1412748541.92
20.1838219031 1412748543.39
19.9764178808 1412748544.82
20.1539465061 1412748546.28
19.9031240133 1412748547.68
19.6458925001 1412748549.11
19.6122187054 1412748550.49
19.4185233008 1412748551.9
19.3159022649 1412748553.31
19.129412273 1412748554.72
19.0260666002 1412748556.05
19.1658165847 1412748557.44
18.8774651943 1412748558.84
18.8407697592 1412748560.32
18.6994421039 1412748561.71
18.6386406801 1412748563.15
18.5237444698 1412748564.57
18.2397194141 1412748566.02
17.6126010527 1412748567.44
17.2117354559 1412748568.88
16.7005540165 1412748570.25
16.3972065648 1412748571.66
16.1960034978 1412748573.09
15.8297959089 1412748574.53
15.8204555492 1412748575.98
15.7971219183 1412748577.44
15.5414682437 1412748578.83
15.0937550086 1412748580.3
15.1502880228 1412748581.72
14.8704772253 1412748583.13
14.8390173717 1412748584.54
14.6398499454 1412748585.96
14.5921794446 1412748587.37
14.6058000602 1412748588.75
14.647876233 1412748590.15
14.7129246551 1412748591.54
14.6204594732 1412748592.97
14.4796327111 1412748594.39
14.406092726 1412748595.88
14.281252302 1412748597.34
14.2678679477 1412748598.73
14.5026674114 1412748600.21
14.4447118547 1412748601.6
14.4892797335 1412748603.0
14.4075445603 1412748604.4
14.5501361815 1412748605.79
14.4594386806 1412748607.17
14.432130534 1412748608.59
14.4779175106 1412748610.02
14.3785752954 1412748611.44
14.2744299144 1412748612.84
14.2077945547 1412748614.27
14.1663583677 1412748615.67
14.1315869208 1412748617.11
14.089909016 1412748618.58
14.1236125137 1412748619.99
13.9703573083 1412748621.45
13.9113701187 1412748622.87
13.9502190589 1412748624.31
13.8817737044 1412748625.73
13.8777093129 1412748627.12
13.8072167687 1412748628.58
13.6893801901 1412748630.01
13.8391125999 1412748631.45
13.7704327609 1412748632.84
13.6782024361 1412748634.22
13.6417274563 1412748635.63
13.6006090312 1412748637.04
13.5314745842 1412748638.38
13.469984803 1412748639.75
13.3641822752 1412748641.17
13.2368419169 1412748642.57
13.1402798003 1412748643.96
13.0592414704 1412748645.36
12.942126331 1412748646.71
12.7920181342 1412748648.09
12.714081679 1412748649.49
12.7183074544 1412748650.86
12.7335417749 1412748652.24
12.6546087144 1412748653.6
12.7217383062 1412748654.98
12.6475637634 1412748656.4
12.6277827367 1412748657.76
12.5872786579 1412748659.11
12.6347466493 1412748660.48
12.6010325288 1412748661.9
12.5524774419 1412748663.27
12.4796510293 1412748664.64
12.4350660372 1412748666.03
12.4964353883 1412748667.44
12.3821703499 1412748668.82
12.4444048873 1412748670.2
12.4219951809 1412748671.59
12.4269831617 1412748672.97
12.4026331407 1412748674.36
12.3447704525 1412748675.72
12.3749234048 1412748677.23
12.404952513 1412748678.71
12.3050620353 1412748680.07
12.3469807572 1412748681.47
12.3291165682 1412748682.88
12.3005326979 1412748684.29
12.3470028823 1412748685.73
12.3417051898 1412748687.14
12.3157864964 1412748688.59
12.3236180368 1412748690.04
12.3413926874 1412748691.44
12.3624393805 1412748692.85
12.3463285347 1412748694.25
12.3580277383 1412748695.66
12.3519947327 1412748697.09
12.3224041625 1412748698.52
12.3247743055 1412748699.98
12.3059796268 1412748701.41
12.3111321692 1412748702.86
12.159349599 1412748704.33
12.2294680188 1412748705.76
12.2140036615 1412748707.23
12.2209940931 1412748708.65
12.2327711919 1412748710.09
12.1627707852 1412748711.52
12.188272328 1412748712.96
12.1812456375 1412748714.39
12.0835129552 1412748715.79
12.0707382285 1412748717.21
12.0237207394 1412748718.61
12.0317457058 1412748720.02
12.0470347532 1412748721.47
11.9766725181 1412748722.88
11.9467674404 1412748724.28
11.9198887978 1412748725.64
11.9010235718 1412748727.05
11.8923362781 1412748728.51
11.8389783488 1412748729.93
11.8206898008 1412748731.37
11.8035039515 1412748732.84
11.7650196379 1412748734.36
11.7356338338 1412748735.79
11.7091265966 1412748737.29
11.649179176 1412748738.8
11.5781474863 1412748740.27
11.5288104392 1412748741.71
11.5314643814 1412748743.11
11.5026769261 1412748744.57
11.5086075084 1412748745.99
11.5107303318 1412748747.43
11.4835907399 1412748748.92
11.5183772467 1412748750.37
11.4864119451 1412748751.87
11.4843499979 1412748753.38
11.4150118773 1412748754.82
11.3413494363 1412748756.29
11.31830186 1412748757.73
11.2706178437 1412748759.19
11.206872605 1412748760.62
11.2193722742 1412748762.03
11.2099632279 1412748763.47
11.2362235698 1412748764.91
11.1953896264 1412748766.34
11.209988321 1412748767.81
11.2355804119 1412748769.28
11.2452705645 1412748770.7
11.2630288422 1412748772.11
11.2053524139 1412748773.59
11.2243319241 1412748775.06
11.2504388901 1412748776.54
11.2187817631 1412748778.02
11.210400508 1412748779.42
11.2320484937 1412748780.87
11.2906169782 1412748782.26
11.239951592 1412748783.66
11.1723168144 1412748785.1
11.1969251011 1412748786.55
11.1712842585 1412748787.99
11.180800714 1412748789.43
11.1768941273 1412748790.86
11.1561577152 1412748792.28
11.1005625629 1412748793.69
11.067372739 1412748795.15
10.9857927337 1412748796.61
10.9574144546 1412748798.07
10.8835297521 1412748799.55
10.8413822559 1412748801.05
10.775366917 1412748802.52
10.6831008561 1412748804.02
10.7149391212 1412748805.45
10.663252736 1412748806.9
10.6154591159 1412748808.38
10.6424922619 1412748809.83
10.6370370829 1412748811.29
10.6016390079 1412748812.76
10.593503421 1412748814.28
10.5842956616 1412748815.75
10.5767192158 1412748817.21
10.5768259421 1412748818.7
10.5513794155 1412748820.25
10.5395367576 1412748821.74
10.5226824859 1412748823.21
10.532526539 1412748824.71
