34.8975742363 1412725096.41
34.7134545323 1412725096.77
34.8259620985 1412725097.1
35.0301078811 1412725097.47
35.0533835132 1412725097.74
34.8871914417 1412725098.13
35.0256019888 1412725098.46
34.9420873542 1412725098.78
34.9130296993 1412725099.08
34.871638201 1412725099.4
34.8257609349 1412725099.74
35.0273478943 1412725100.09
35.0745432868 1412725100.46
34.526220383 1412725100.82
34.8514740484 1412725101.15
34.8512196107 1412725101.47
34.8165864936 1412725101.78
34.8765298704 1412725102.12
35.0046725197 1412725102.48
35.1759560796 1412725102.82
35.3181013389 1412725103.15
35.3828925193 1412725103.45
35.4227691933 1412725103.77
35.0003149287 1412725104.12
34.4688254293 1412725104.5
34.4663861371 1412725104.87
34.2175674671 1412725105.24
34.2036455458 1412725105.54
34.0018905674 1412725105.91
33.4773641358 1412725106.35
33.2420804856 1412725106.71
32.9353604454 1412725107.07
32.6528295374 1412725107.49
32.2926638733 1412725107.95
32.0198027997 1412725108.32
31.8331751174 1412725108.69
31.4086708631 1412725109.0
31.1470621025 1412725109.36
30.6281914207 1412725109.73
30.6758594637 1412725110.17
30.796858814 1412725110.51
30.7895690646 1412725110.84
30.8275997266 1412725111.19
30.6274132045 1412725111.52
30.2727383287 1412725111.87
30.1002385749 1412725112.16
29.8093384926 1412725112.49
29.393137181 1412725112.83
29.3079756707 1412725113.14
29.1591505198 1412725113.46
28.8700821848 1412725113.79
28.711256022 1412725114.09
28.7367330124 1412725114.46
28.9954960487 1412725114.86
28.7612131985 1412725115.18
28.656459561 1412725115.52
28.3560108559 1412725115.85
28.3506209187 1412725116.17
28.2714830808 1412725116.51
28.0075763412 1412725116.88
27.7337866763 1412725117.29
27.2624548235 1412725117.65
27.284670061 1412725118.04
27.4288336659 1412725118.39
26.5424254552 1412725118.74
26.1619843997 1412725119.1
25.5014359379 1412725119.48
25.3006097453 1412725119.83
24.3998952793 1412725120.16
23.8739308393 1412725120.51
23.2660244628 1412725120.84
22.8378246295 1412725121.2
22.7826446548 1412725121.57
22.3493538469 1412725121.91
21.8859738197 1412725122.28
21.3886770984 1412725122.66
21.2660276719 1412725123.02
20.8272821016 1412725123.47
20.2435947108 1412725123.86
19.8715791405 1412725124.26
19.535296485 1412725124.65
19.1904408985 1412725125.03
18.7716699663 1412725125.45
18.1631958948 1412725125.79
17.9394661229 1412725126.12
17.1636633116 1412725126.47
16.4122331758 1412725126.79
16.1018363768 1412725127.12
15.7953865286 1412725127.52
15.6656900258 1412725127.88
15.5598382216 1412725128.23
15.3229261139 1412725128.68
15.2961752563 1412725129.09
15.2284942153 1412725129.46
14.909901755 1412725129.87
14.7421562249 1412725130.28
14.709171176 1412725130.72
14.3035200719 1412725131.09
14.208350452 1412725131.54
14.0293601083 1412725131.97
13.9043633785 1412725132.41
13.7854156926 1412725132.84
13.7013072315 1412725133.28
13.7826503517 1412725133.67
13.7152094881 1412725134.03
13.6893144036 1412725134.37
13.6679271662 1412725134.77
13.5809417535 1412725135.17
13.551136828 1412725135.58
13.5355838523 1412725135.94
13.543806499 1412725136.35
13.5268413431 1412725136.72
13.5102074895 1412725137.11
13.5264557632 1412725137.49
13.5004249288 1412725137.88
13.4676382132 1412725138.23
13.4593938566 1412725138.63
13.4126568915 1412725139.04
13.3950048978 1412725139.44
13.3922561529 1412725139.91
13.3377404551 1412725140.36
13.3806547731 1412725140.74
13.3271541931 1412725141.13
13.3184759243 1412725141.57
13.4036652398 1412725142.07
13.4016802599 1412725142.61
13.3535047087 1412725143.18
13.3688061185 1412725143.68
13.411725183 1412725144.19
13.364518125 1412725144.69
13.3846795659 1412725145.2
13.3602302344 1412725145.72
13.3798887416 1412725146.22
13.3560350482 1412725146.7
13.3752282952 1412725147.21
13.3519708608 1412725147.7
13.347658966 1412725148.22
13.4168649284 1412725148.68
13.3450000739 1412725149.14
13.3719384701 1412725149.59
13.3496864598 1412725150.04
13.3509075647 1412725150.5
13.3511958491 1412725150.99
13.3513995906 1412725151.43
13.3532208688 1412725151.9
13.3420413079 1412725152.36
13.3366894464 1412725152.84
13.3337412896 1412725153.33
13.3475279536 1412725153.82
13.3326351794 1412725154.31
13.3297383619 1412725154.8
13.3652205161 1412725155.26
13.3276041687 1412725155.73
13.3405362391 1412725156.17
13.3265172346 1412725156.64
13.3338160765 1412725157.07
13.3359040491 1412725157.49
13.3378092875 1412725157.94
13.3349533468 1412725158.37
13.3369339032 1412725158.81
13.334105829 1412725159.35
13.3361158753 1412725159.77
13.3332737903 1412725160.21
13.3347617207 1412725160.66
13.3319478723 1412725161.08
13.334194566 1412725161.51
13.3314066018 1412725162.04
13.3336559281 1412725162.51
13.3308707223 1412725163.01
13.3331312948 1412725163.43
13.3303536391 1412725163.89
13.3275811338 1412725164.33
13.3299288803 1412725164.8
13.327117145 1412725165.27
13.3295272527 1412725165.72
13.3267570687 1412725166.22
13.329117068 1412725166.68
13.3263648182 1412725167.14
13.3287439431 1412725167.57
13.3367035208 1412725168.02
13.334136627 1412725168.48
13.3804228936 1412725168.95
13.3303764907 1412725169.37
13.3277281696 1412725169.81
13.3251069058 1412725170.28
13.3686659957 1412725170.71
13.4333049818 1412725171.14
13.4321911914 1412725171.58
13.3826211753 1412725172.0
13.4449817368 1412725172.47
13.4627813992 1412725172.96
13.4760147779 1412725173.39
13.4850414169 1412725173.85
13.4949318167 1412725174.3
13.4905704613 1412725174.71
13.4930701675 1412725175.1
13.4887602147 1412725175.54
13.4912619258 1412725176.0
13.475428535 1412725176.43
13.4777092008 1412725176.89
