12.6920565223 1412730684.12
12.9517878938 1412730684.78
13.0587851325 1412730685.43
12.8511288324 1412730686.07
12.5020201682 1412730686.69
12.0686021483 1412730687.29
11.6793387484 1412730687.89
11.4900877216 1412730688.47
11.2297709133 1412730689.07
11.1934658333 1412730689.64
11.1608996226 1412730690.24
11.1513556335 1412730690.78
11.2460986921 1412730691.34
11.1513262495 1412730691.91
10.9849496917 1412730692.49
10.7853337924 1412730693.07
10.6263735765 1412730693.64
10.4044607835 1412730694.2
10.2775831169 1412730694.77
9.98649038314 1412730695.35
9.81659636694 1412730695.91
9.56299009861 1412730696.45
9.41326364264 1412730697.06
9.26667644431 1412730697.62
9.08851770551 1412730698.17
9.0769707088 1412730698.73
9.03476111836 1412730699.27
8.96794099196 1412730699.83
8.9832142513 1412730700.38
8.84191480409 1412730700.95
8.73664953657 1412730701.49
8.77862683763 1412730702.02
8.80511353209 1412730702.55
8.75954126182 1412730703.11
8.73478407542 1412730703.69
8.71686946237 1412730704.28
8.72018821534 1412730704.84
8.70933804551 1412730705.43
8.68275288849 1412730706.0
8.63197214589 1412730706.56
8.61032585432 1412730707.16
8.61818120006 1412730707.77
8.57615134525 1412730708.33
8.58747732887 1412730708.88
8.52456497183 1412730709.46
8.5361549786 1412730710.04
8.59103098488 1412730710.61
8.63122077693 1412730711.18
8.66371807107 1412730711.76
8.67410315175 1412730712.32
8.72062776971 1412730712.88
8.75124522101 1412730713.45
8.76479808546 1412730714.0
8.79564524695 1412730714.56
8.79475641502 1412730715.14
8.78926412549 1412730715.73
8.7929546471 1412730716.28
8.81622999539 1412730716.86
8.83502320117 1412730717.42
8.81478079179 1412730717.99
8.78291066267 1412730718.54
8.79625601464 1412730719.15
8.79789822125 1412730719.71
8.72497817006 1412730720.28
8.6952971639 1412730720.84
8.70872733708 1412730721.38
8.67834299669 1412730721.95
8.65483788033 1412730722.53
8.62331226282 1412730723.1
8.58771989096 1412730723.68
8.54187362794 1412730724.24
8.56096673555 1412730724.83
8.56048301 1412730725.39
8.52105293641 1412730725.97
8.52190212646 1412730726.56
8.52508183932 1412730727.13
8.53437557721 1412730727.67
8.54251814665 1412730728.23
8.47208720207 1412730728.8
8.47928561331 1412730729.35
8.48704596984 1412730729.91
8.47322753378 1412730730.47
8.46520642852 1412730731.01
8.45785226224 1412730731.62
8.40494137793 1412730732.18
8.35681848343 1412730732.76
8.36226824192 1412730733.33
8.36631623442 1412730733.87
8.38264446628 1412730734.47
8.35350495263 1412730735.01
8.31243207955 1412730735.6
8.31214029596 1412730736.18
8.23631978258 1412730736.75
8.22721511335 1412730737.31
8.20431003786 1412730737.9
8.19939510235 1412730738.47
8.16487770985 1412730739.03
8.08938969007 1412730739.58
8.02721976458 1412730740.16
7.95006520491 1412730740.72
7.86595523943 1412730741.29
7.75220408817 1412730741.84
7.62870982023 1412730742.42
7.49572530977 1412730743.02
7.32647208439 1412730743.59
7.23421618188 1412730744.15
7.19381521827 1412730744.72
7.09904097119 1412730745.3
7.02294658267 1412730745.89
7.09803834547 1412730746.46
7.28665458616 1412730747.05
7.4516318762 1412730747.63
7.23407660273 1412730748.36
7.38460525895 1412730749.01
7.20742432181 1412730749.68
7.21641113187 1412730750.45
7.14939544223 1412730751.35
7.16846435149 1412730752.34
7.12051076002 1412730753.32
7.14910681546 1412730754.29
7.16321762271 1412730755.06
7.14251511394 1412730755.7
7.15365075809 1412730756.64
7.13443857581 1412730758.13
7.14690723198 1412730758.85
7.17808629584 1412730759.51
7.14452631843 1412730760.33
7.1351210877 1412730761.34
7.21043266572 1412730762.15
7.17578318762 1412730763.01
7.11084772112 1412730763.95
7.15359767247 1412730764.81
7.0801012889 1412730765.72
7.0687092911 1412730766.55
7.07940808052 1412730767.47
7.09312489331 1412730768.44
7.10632142837 1412730769.22
7.14807328217 1412730770.06
7.10338629772 1412730770.94
7.10681382846 1412730771.82
7.11226228222 1412730772.71
7.12086941484 1412730773.59
7.10435427851 1412730774.49
7.13182187508 1412730775.43
7.14064458828 1412730776.31
7.15371882134 1412730777.24
7.19355159635 1412730778.11
7.2010955976 1412730778.95
7.17553033404 1412730779.68
7.1919206331 1412730780.34
7.19959725536 1412730781.29
7.2049399951 1412730782.15
7.21379457911 1412730782.75
7.21844548518 1412730783.37
7.22714565938 1412730783.92
7.24792884811 1412730784.53
7.25646174417 1412730785.21
7.20387114882 1412730785.83
7.23728299734 1412730786.43
7.20024043319 1412730787.05
7.21203914571 1412730787.63
7.19769153457 1412730788.22
7.13138789103 1412730789.1
7.17236243154 1412730789.76
7.12582348079 1412730790.39
7.16898023811 1412730790.99
7.1561429598 1412730791.57
7.14014561336 1412730792.18
7.14841488578 1412730792.78
7.11944593668 1412730793.35
7.16112066266 1412730793.97
7.1219102235 1412730794.7
7.12661623092 1412730795.32
7.13298049102 1412730795.93
7.15399683094 1412730796.51
7.17066897756 1412730797.08
7.15649291914 1412730797.63
7.13519535041 1412730798.22
7.12580314759 1412730798.8
7.13285034704 1412730799.46
7.06271343321 1412730800.09
7.10240009649 1412730800.73
7.13659075207 1412730801.3
7.06088299693 1412730801.93
7.10677492894 1412730802.51
7.10104827967 1412730803.15
7.11141222352 1412730803.76
7.12956455325 1412730804.34
7.11621266708 1412730804.95
7.12956446171 1412730805.55
7.13575639594 1412730806.18
7.14216334183 1412730806.78
7.06879201191 1412730807.38
7.11296061216 1412730807.98
7.14522513676 1412730808.56
7.11179178992 1412730809.15
7.14845493911 1412730809.72
7.11571303 1412730810.28
7.16670504468 1412730810.9
7.13256286946 1412730811.53
