26.0000760654 1412751169.85
25.9048244594 1412751171.35
25.7350011721 1412751172.87
25.7559217496 1412751174.38
25.7825534636 1412751175.88
26.0000650739 1412751177.4
26.3818905859 1412751178.91
26.6571023407 1412751180.4
26.71788133 1412751181.93
26.8209247004 1412751183.43
27.0080909554 1412751184.86
27.1643383478 1412751186.35
27.2541616509 1412751187.86
27.3815476703 1412751189.34
26.9881516296 1412751190.8
26.3440345534 1412751192.29
25.7268911491 1412751193.78
25.5888141369 1412751195.2
25.5726975786 1412751196.69
25.5883515633 1412751198.19
25.6625580071 1412751199.61
25.7447854295 1412751201.1
25.8835992858 1412751202.58
25.8914498807 1412751204.07
25.6615755124 1412751205.55
25.7957898117 1412751207.11
25.8288217502 1412751208.65
25.5960275839 1412751210.14
25.403764908 1412751211.66
25.2027868897 1412751213.11
25.0533589128 1412751214.62
24.8618557679 1412751216.11
24.6731274607 1412751217.58
24.3441986397 1412751219.02
24.091803585 1412751220.49
23.9121087131 1412751221.95
23.7702251956 1412751223.41
23.4712103905 1412751224.82
23.3493718326 1412751226.24
23.1620783755 1412751227.63
23.1570870716 1412751229.03
22.7480678877 1412751230.5
22.8371205789 1412751231.92
22.9668448388 1412751233.41
23.0576610422 1412751234.85
22.8259942337 1412751236.27
22.9152863045 1412751237.66
22.9749886201 1412751239.09
22.7311131993 1412751240.54
22.5302294866 1412751242.0
22.445110677 1412751243.56
22.2042445492 1412751245.1
22.1613621507 1412751246.52
22.1361178413 1412751247.96
21.9472552211 1412751249.36
22.0146015012 1412751250.86
21.6714011487 1412751252.27
21.7245907571 1412751253.74
21.5094781351 1412751255.16
21.543649579 1412751256.56
21.1486964693 1412751257.99
20.8848914408 1412751259.41
20.9636895119 1412751260.84
20.7414437462 1412751262.27
20.7948793233 1412751263.69
20.4197536612 1412751265.09
20.5183685779 1412751266.47
20.0638507243 1412751267.85
20.2729304134 1412751269.24
19.849502885 1412751270.6
20.0300191342 1412751271.99
19.7370704689 1412751273.34
19.9492183239 1412751274.72
19.7326166386 1412751276.12
19.8824409966 1412751277.5
20.1293111595 1412751278.87
19.6419240397 1412751280.23
19.8850953016 1412751281.61
19.3906911549 1412751283.0
19.5910880046 1412751284.4
19.1046521642 1412751285.82
19.316998285 1412751287.26
18.9399851784 1412751288.65
19.0660520802 1412751290.03
18.7693109899 1412751291.37
18.4061379343 1412751292.68
18.4830894315 1412751294.02
18.1025936188 1412751295.38
18.2522137848 1412751296.74
18.3959276497 1412751298.08
18.031515262 1412751299.42
18.1902167697 1412751300.81
17.8625420001 1412751302.14
17.9906755791 1412751303.49
17.7334195746 1412751304.82
17.4157636337 1412751306.17
17.4089109068 1412751307.54
17.1514745023 1412751308.86
17.1851501633 1412751310.21
16.9227368087 1412751311.55
16.9668006602 1412751312.89
16.7252130323 1412751314.19
16.5087138195 1412751315.49
16.5501212059 1412751316.77
16.3048448331 1412751318.08
15.9482167172 1412751319.39
15.7249464659 1412751320.68
15.5766871429 1412751322.01
15.3851386842 1412751323.34
15.3629558018 1412751324.75
15.3252314302 1412751326.08
15.2758492144 1412751327.47
15.0507620272 1412751328.84
14.882843261 1412751330.21
14.7613034657 1412751331.55
14.6676367374 1412751332.92
14.5984648728 1412751334.27
14.4409596609 1412751335.62
14.3916690311 1412751336.97
14.201365841 1412751338.31
14.1420606808 1412751339.61
14.0205432328 1412751340.98
13.9141106388 1412751342.34
13.8049308057 1412751343.7
13.7584840978 1412751345.06
13.5428103762 1412751346.38
13.406022668 1412751347.75
13.3745472708 1412751349.09
13.3575820549 1412751350.44
13.2137392769 1412751351.82
13.2251108006 1412751353.14
13.0688807268 1412751354.52
13.0189807459 1412751355.92
13.0509371432 1412751357.25
12.9321444878 1412751358.6
12.9025656424 1412751359.92
12.737101212 1412751361.28
12.7700949078 1412751362.64
12.6173013136 1412751363.98
12.5545373939 1412751365.31
12.545528587 1412751366.68
12.453533682 1412751368.06
12.3519766704 1412751369.39
12.3464036008 1412751370.76
12.3304120709 1412751372.14
12.2178037885 1412751373.49
12.2357170284 1412751374.83
12.1009038256 1412751376.23
12.0277078511 1412751377.6
12.0303540874 1412751378.95
11.9701663963 1412751380.3
11.9485228882 1412751381.65
11.9749300613 1412751383.03
11.860228125 1412751384.38
11.8724332235 1412751385.73
11.771887455 1412751387.07
11.764096979 1412751388.43
11.7732381305 1412751389.78
11.7510475396 1412751391.2
11.7803177273 1412751392.56
11.6524060682 1412751393.96
11.6756427166 1412751395.32
11.7202382216 1412751396.65
11.6581624078 1412751398.02
11.6950289359 1412751399.39
11.6232779843 1412751400.74
11.5822623579 1412751402.11
11.5263738649 1412751403.47
11.5795190586 1412751404.83
11.5235235413 1412751406.2
11.5679446863 1412751407.53
11.6017423062 1412751408.9
11.6670828014 1412751410.24
11.7327524235 1412751411.59
11.8064533023 1412751413.0
11.7293125611 1412751414.39
11.6685757065 1412751415.78
11.7527061525 1412751417.18
11.8116348036 1412751418.53
11.8753992075 1412751419.91
11.8031965807 1412751421.27
11.7535337566 1412751422.62
11.7851420889 1412751423.95
11.8030914514 1412751425.33
11.8346912472 1412751426.69
11.7881680454 1412751428.11
11.7308542977 1412751429.49
11.7445219551 1412751430.89
11.636010758 1412751432.31
11.6604888597 1412751433.69
11.5943681795 1412751435.15
11.5346403767 1412751436.56
11.4610222433 1412751438.0
11.3749767581 1412751439.39
11.2798204132 1412751440.78
11.1690780961 1412751442.12
11.1030910085 1412751443.54
11.0361859704 1412751444.95
10.9562537686 1412751446.41
10.8875964755 1412751447.78
