23.8349309985 1412752594.51
24.0577302339 1412752595.97
24.3759243831 1412752597.51
24.4952052172 1412752599.0
24.416278411 1412752600.47
24.2154841365 1412752601.92
24.307317298 1412752603.45
24.3367542078 1412752604.92
24.0482189131 1412752606.41
23.8324475893 1412752607.87
23.508841871 1412752609.35
23.5926422784 1412752610.82
23.6766757275 1412752612.36
23.5429433876 1412752613.88
23.51187962 1412752615.37
23.366253758 1412752616.91
23.4411676244 1412752618.46
23.3409369371 1412752620.05
23.3898510172 1412752621.59
23.2784443643 1412752623.23
23.1673199608 1412752624.82
23.0238124496 1412752626.44
22.980891709 1412752628.07
22.8557709859 1412752629.66
22.6112654274 1412752631.21
22.5902072578 1412752632.78
22.4418611936 1412752634.31
22.3380040754 1412752635.85
22.2391025736 1412752637.44
22.1169704735 1412752639.0
22.0436140054 1412752640.54
22.0893992555 1412752642.09
21.8788949369 1412752643.64
21.8587279332 1412752645.18
21.7670054466 1412752646.68
21.6688191727 1412752648.24
21.6072181363 1412752649.72
21.4646797742 1412752651.29
21.2825120619 1412752652.85
21.3692399789 1412752654.36
21.1450732912 1412752655.95
21.105636934 1412752657.48
20.9274769521 1412752659.04
20.9001781192 1412752660.57
20.9229038788 1412752662.19
20.9130364386 1412752663.69
20.7057784146 1412752665.27
20.7060972168 1412752666.8
20.5698949707 1412752668.34
20.376619309 1412752669.86
20.3566608617 1412752671.39
20.2898869313 1412752673.01
20.3320720315 1412752674.62
20.273934875 1412752676.22
20.2024440014 1412752677.78
20.2018029135 1412752679.41
20.1843955232 1412752681.06
20.1799482616 1412752682.65
20.0828434459 1412752684.2
20.1150775534 1412752685.75
20.0439790795 1412752687.33
19.8758980462 1412752688.93
19.8100561202 1412752690.47
19.7012257226 1412752692.12
19.5886650461 1412752693.73
19.5569364906 1412752695.38
19.5746769693 1412752697.05
19.3852898081 1412752698.68
19.3855924228 1412752700.24
19.3317562863 1412752701.84
19.2477851439 1412752703.44
19.2568973268 1412752705.03
18.9058962548 1412752706.62
19.0467092994 1412752708.18
18.8459310766 1412752709.76
18.9824142104 1412752711.28
18.7161380989 1412752712.84
18.8688117343 1412752714.39
18.6423901696 1412752715.9
18.7618159545 1412752717.39
18.6135275372 1412752718.94
18.6882453085 1412752720.47
18.6620520998 1412752722.0
18.6695109217 1412752723.51
18.5459141678 1412752725.02
18.2598897394 1412752726.58
18.3837715584 1412752728.09
18.1693535944 1412752729.56
18.3489634755 1412752731.01
18.0610819085 1412752732.59
18.2338189564 1412752734.05
17.8233254948 1412752735.59
17.9713708176 1412752737.09
17.7964106503 1412752738.58
17.9854073621 1412752740.13
17.7704740731 1412752741.73
17.9250953691 1412752743.28
17.8360254666 1412752744.86
17.9728436916 1412752746.43
17.7880661729 1412752748.02
17.6811350091 1412752749.56
17.5999923252 1412752751.13
17.6220330437 1412752752.74
17.423351719 1412752754.32
17.5284407782 1412752755.92
17.4146136849 1412752757.56
17.4549272025 1412752759.1
17.5425733666 1412752760.67
17.3980557995 1412752762.21
17.3155234826 1412752763.86
17.358848765 1412752765.43
17.286768735 1412752767.05
17.2203435031 1412752768.74
17.2566876136 1412752770.41
17.2409512297 1412752772.09
17.2538306291 1412752773.77
17.2055986982 1412752775.48
17.2257088293 1412752777.14
17.1866916484 1412752778.81
17.1722926058 1412752780.54
17.1633658686 1412752782.22
17.0774042409 1412752783.84
17.1400799519 1412752785.56
17.048091152 1412752787.27
17.0198938776 1412752788.96
17.0906246221 1412752790.65
16.9755692505 1412752792.33
17.0379773625 1412752794.0
17.0479805268 1412752795.88
16.9188971982 1412752797.72
16.814382568 1412752799.48
16.8933674751 1412752801.23
16.7288988583 1412752802.98
16.6735305287 1412752804.7
16.5188376115 1412752806.46
16.5565325919 1412752808.15
16.4171749898 1412752809.96
16.4815326686 1412752811.73
16.2946098797 1412752813.45
16.3537273889 1412752815.16
16.4954495877 1412752816.95
16.3328071186 1412752818.61
16.4420694507 1412752820.29
16.2678652588 1412752822.0
16.0411986789 1412752823.64
16.0524332668 1412752825.37
16.1798044221 1412752827.08
15.9968338123 1412752828.79
16.0936231573 1412752830.48
15.898530059 1412752832.15
16.043447637 1412752833.76
15.8788480387 1412752835.46
15.9894264562 1412752837.08
15.8440641783 1412752838.8
15.8521143218 1412752840.41
15.9378798634 1412752842.06
15.8012964004 1412752843.66
15.8466428065 1412752845.33
15.9087043595 1412752846.84
15.8246808506 1412752848.44
15.8213060841 1412752850.21
15.6967240426 1412752851.95
15.8260104839 1412752853.7
15.7003586576 1412752855.41
15.7120659965 1412752857.12
15.6168678345 1412752858.81
15.5451382228 1412752860.52
15.667276902 1412752862.24
15.5684376621 1412752863.91
15.4530076039 1412752865.62
15.4630774621 1412752867.35
15.5737395399 1412752869.05
15.4667910574 1412752870.74
15.6030199996 1412752872.38
15.4733943022 1412752874.07
15.3570863683 1412752875.82
15.4408548389 1412752877.52
15.3881589917 1412752879.2
15.4105706487 1412752880.85
15.3091521368 1412752882.57
15.266376341 1412752884.33
15.2054471842 1412752886.01
15.1864829718 1412752887.66
15.2459750853 1412752889.36
15.2264095057 1412752891.06
15.1331071136 1412752892.84
15.0112603439 1412752894.6
15.1666348453 1412752896.31
15.0372349519 1412752898.06
15.081194996 1412752899.77
15.1966161198 1412752901.54
15.0977972311 1412752903.21
15.0294530924 1412752904.93
15.1479213698 1412752906.59
15.0568229358 1412752908.32
15.0034220459 1412752910.01
14.9187830276 1412752911.65
14.9634388606 1412752913.2
15.0448074468 1412752914.73
14.9974210218 1412752916.25
