25.6297033778 1412726199.86
25.7299526699 1412726200.17
25.8664319061 1412726200.48
25.4702914362 1412726200.82
25.0796137327 1412726201.12
24.9896009716 1412726201.45
24.0101746228 1412726201.77
23.380635331 1412726202.1
22.7519109636 1412726202.44
22.6251790765 1412726202.78
21.9776579449 1412726203.15
21.9179517042 1412726203.46
21.6944498813 1412726203.79
21.7027602381 1412726204.12
21.874106866 1412726204.42
21.6618680478 1412726204.79
21.2690682711 1412726205.13
21.2160443459 1412726205.47
21.3917607966 1412726205.82
21.1164920434 1412726206.1
20.8854797731 1412726206.42
20.7267690741 1412726206.77
20.5754907286 1412726207.08
19.9274504916 1412726207.37
19.6086176629 1412726207.69
18.9477271728 1412726208.01
18.6756392123 1412726208.33
18.3761286099 1412726208.65
17.2776408888 1412726208.96
17.0600274101 1412726209.28
16.0430155136 1412726209.59
15.8927283884 1412726209.87
16.1485053191 1412726210.18
15.6313716779 1412726210.48
15.9655050792 1412726210.78
15.7083804099 1412726211.1
15.3418818003 1412726211.39
15.5743888595 1412726211.71
15.4808029983 1412726212.02
15.6242856994 1412726212.32
15.2708295575 1412726212.62
15.3980615982 1412726212.94
15.1700084048 1412726213.23
15.2632330963 1412726213.54
15.3868706255 1412726213.84
15.4834242009 1412726214.14
15.1413008437 1412726214.42
15.2178730149 1412726214.7
15.2883221155 1412726215.0
15.3743366715 1412726215.31
15.4462682579 1412726215.6
15.4089668242 1412726215.92
15.5193958524 1412726216.23
15.5219409207 1412726216.53
15.4881036618 1412726216.88
15.5091659628 1412726217.19
15.3824091472 1412726217.5
15.4291885881 1412726217.8
15.5659970728 1412726218.11
15.4814806599 1412726218.41
15.4836570234 1412726218.75
15.520994443 1412726219.07
15.5368937725 1412726219.38
15.6296080585 1412726219.68
15.5131066778 1412726219.99
15.4792658147 1412726220.3
15.5595276562 1412726220.62
15.3541555317 1412726220.91
15.3682174899 1412726221.23
15.4993792675 1412726221.54
15.4126304795 1412726221.82
15.6699655521 1412726222.15
15.6312373217 1412726222.46
15.36837321 1412726222.79
15.2975636028 1412726223.09
15.2565654678 1412726223.38
15.2553890901 1412726223.68
15.2210060686 1412726223.98
15.2478977445 1412726224.28
15.2364178418 1412726224.59
15.2740981905 1412726224.9
15.3269023613 1412726225.23
15.3771565781 1412726225.55
15.3044401407 1412726225.85
15.3358856264 1412726226.15
15.3623621214 1412726226.44
15.3181880725 1412726226.76
15.3884190029 1412726227.08
15.3490804542 1412726227.42
15.3317669876 1412726227.73
15.3773265353 1412726228.06
15.443437034 1412726228.41
15.4856798922 1412726228.75
15.3757028943 1412726229.06
15.340829495 1412726229.39
15.1054900455 1412726229.73
15.1132617118 1412726230.04
15.2761707463 1412726230.39
15.2794819772 1412726230.7
15.3831723082 1412726230.99
15.3452917898 1412726231.29
15.3023826126 1412726231.59
15.3175994313 1412726231.9
15.2543937698 1412726232.22
15.291151776 1412726232.52
15.1495818732 1412726232.87
15.246495457 1412726233.16
15.2954953843 1412726233.46
15.3301173297 1412726233.85
15.2814072588 1412726234.17
15.2192929295 1412726234.57
15.0342666124 1412726234.96
15.0170838842 1412726235.35
14.9176039223 1412726235.69
15.0265821537 1412726236.04
14.9325279777 1412726236.34
14.8915114865 1412726236.7
14.9461555534 1412726237.15
14.9203455168 1412726237.54
15.0943805968 1412726237.82
15.0661830525 1412726238.11
15.0937754592 1412726238.43
15.1110029317 1412726238.76
15.0983824239 1412726239.08
15.1150370327 1412726239.38
15.2498649413 1412726239.7
15.2132381738 1412726240.03
15.2499672398 1412726240.33
15.2568178469 1412726240.6
15.2656868338 1412726240.89
15.2448661313 1412726241.15
15.196928944 1412726241.44
15.197153352 1412726241.71
15.2601887341 1412726242.02
15.1686238625 1412726242.3
15.1485791619 1412726242.59
15.1386289766 1412726242.91
15.0528802787 1412726243.21
15.0298198398 1412726243.53
15.0058841199 1412726243.84
15.0243580632 1412726244.1
15.038956669 1412726244.44
15.0410554766 1412726244.89
15.1737117007 1412726245.35
15.1595595291 1412726245.81
15.1211321721 1412726246.32
15.1140682781 1412726246.63
15.0840891037 1412726246.95
15.1054922961 1412726247.27
15.0979992543 1412726247.62
15.1189741785 1412726247.9
15.0743789994 1412726248.22
15.091280913 1412726248.53
15.1137377426 1412726248.9
15.0975918386 1412726249.23
15.0916695882 1412726249.53
15.1122831578 1412726249.85
15.0940622865 1412726250.15
15.0743866908 1412726250.48
15.0974004631 1412726250.81
15.1198274647 1412726251.24
15.0814799666 1412726251.58
15.0935909091 1412726251.87
15.1042901661 1412726252.17
15.1069848141 1412726252.43
15.1348162362 1412726252.72
15.1273564777 1412726252.98
15.1059242119 1412726253.31
15.1003855922 1412726253.6
15.09611447 1412726253.9
15.0209094183 1412726254.2
15.065448537 1412726254.52
15.0761292383 1412726254.94
15.0970991153 1412726255.24
15.1174090188 1412726255.58
15.1139336921 1412726255.91
15.1213488773 1412726256.2
15.0558068448 1412726256.48
15.0836959136 1412726256.77
15.0777788641 1412726257.14
15.0945342515 1412726257.48
15.1107361317 1412726257.8
15.1490360201 1412726258.14
15.1286229972 1412726258.45
15.1271615134 1412726258.76
15.1365653134 1412726259.07
15.1351982674 1412726259.38
15.1341132664 1412726259.72
15.1333797723 1412726260.04
15.0931301258 1412726260.51
15.102659388 1412726260.87
15.1015045915 1412726261.2
15.0935198809 1412726261.62
15.0023540891 1412726261.97
15.1310452911 1412726262.31
15.1095643028 1412726262.61
15.1209280436 1412726262.93
15.1319644052 1412726263.23
15.1458415048 1412726263.54
15.1361476123 1412726264.17
