24.4099909323 1412730076.48
23.627194167 1412730077.32
22.96523938 1412730078.01
22.4540706955 1412730078.81
21.9726341069 1412730079.57
21.7080574776 1412730080.31
21.5383260267 1412730081.03
21.2637475512 1412730081.79
21.204523716 1412730082.55
21.0916179046 1412730083.31
20.9217991968 1412730084.07
20.8976349543 1412730084.77
20.9181396308 1412730085.48
20.9571398115 1412730086.21
20.9768387179 1412730086.94
21.1373036314 1412730087.65
21.2400358201 1412730088.34
21.3175094583 1412730089.07
21.3972135757 1412730089.74
21.4593234574 1412730090.44
21.4623431439 1412730091.12
21.388148533 1412730091.81
21.3296872881 1412730092.49
21.2761762513 1412730093.2
21.3601763099 1412730093.89
21.3953897918 1412730094.59
21.2752314899 1412730095.23
21.1097382642 1412730095.9
20.9404079333 1412730096.59
20.7746256897 1412730097.27
20.6418707248 1412730097.97
20.5274139912 1412730098.62
20.3444241191 1412730099.31
20.1979502422 1412730100.0
20.0051470603 1412730100.65
19.7300072322 1412730101.29
19.5424628289 1412730101.94
19.3376998233 1412730102.59
19.1363464556 1412730103.26
18.9595819758 1412730103.9
18.8457290107 1412730104.55
18.7032524928 1412730105.23
18.4751339111 1412730105.92
18.2932491415 1412730106.57
17.9724871012 1412730107.25
17.7644175113 1412730107.93
17.6553489307 1412730108.61
17.6358925355 1412730109.26
17.3519067179 1412730109.94
17.4293514646 1412730110.61
17.0555398197 1412730111.25
17.2517016212 1412730111.9
16.8201681314 1412730112.6
17.5681346024 1412730113.28
16.5715037266 1412730113.96
17.1217058482 1412730114.62
16.373465703 1412730115.32
16.8677557404 1412730115.98
15.9486289415 1412730116.62
16.7017959522 1412730117.25
17.8797030577 1412730117.91
17.6782909378 1412730118.54
20.2790928563 1412730119.2
17.6832782161 1412730119.84
20.0524208295 1412730120.51
17.3342807045 1412730121.15
17.5711286489 1412730121.79
17.6529790587 1412730122.44
17.6647316783 1412730123.11
17.7421258932 1412730123.77
17.4887507172 1412730124.39
17.6584088833 1412730125.02
18.305693669 1412730125.7
17.4432230483 1412730126.43
17.9407681711 1412730127.19
18.6668353275 1412730127.86
17.410443791 1412730128.53
18.3934388043 1412730129.17
16.5186389581 1412730129.97
14.2463595059 1412730130.72
15.4186416064 1412730131.58
14.1467178688 1412730132.33
13.5158316293 1412730133.11
13.7888958759 1412730133.95
13.1492412894 1412730134.72
13.3992376022 1412730135.57
12.9163414802 1412730136.6
13.0160356198 1412730137.38
12.5232428592 1412730138.08
12.7086959913 1412730138.95
12.2906711842 1412730139.64
12.3468055448 1412730140.26
11.9529739492 1412730140.88
12.0443434668 1412730141.48
11.7118341855 1412730142.06
11.7039059288 1412730142.73
11.4178936172 1412730143.4
11.472136692 1412730144.0
11.1694747884 1412730144.59
11.170088025 1412730145.16
10.8658823749 1412730145.82
10.9122828106 1412730146.45
10.6733854699 1412730147.29
10.6440487506 1412730148.24
10.3922972749 1412730149.13
10.4116512883 1412730149.76
10.2047303686 1412730150.41
10.0756032781 1412730151.02
9.84221139798 1412730151.66
9.83757596762 1412730152.29
9.91895619041 1412730152.93
9.63071830818 1412730153.6
9.64234159407 1412730154.24
9.6236039814 1412730154.96
9.66497238123 1412730155.66
9.69241640083 1412730156.38
9.65080876563 1412730157.27
9.62945332707 1412730158.1
9.54716267838 1412730158.85
9.43749340101 1412730159.53
9.36687293597 1412730160.18
9.26911691893 1412730160.86
9.16281870785 1412730161.53
9.02564972849 1412730162.2
8.82476015506 1412730163.05
8.67296547278 1412730163.78
8.51412537479 1412730164.35
8.34530946399 1412730164.95
8.2018072341 1412730165.61
7.99200020734 1412730166.22
7.89228869094 1412730166.81
7.8255755487 1412730167.42
7.75850080422 1412730168.09
7.62792279407 1412730168.75
7.50656775578 1412730169.35
7.48440152222 1412730169.98
7.45408445597 1412730170.78
7.41336235666 1412730171.83
7.37867249971 1412730172.57
7.27938503408 1412730173.24
7.29309800302 1412730173.89
7.27019696199 1412730174.53
7.20923029021 1412730175.18
7.20372909107 1412730176.03
7.07602765958 1412730176.98
7.1232271413 1412730177.61
7.2068008758 1412730178.23
7.20448568038 1412730178.88
7.03477174823 1412730179.5
6.88107655335 1412730180.09
6.78907079617 1412730180.67
6.83527748239 1412730181.27
6.76785460533 1412730181.87
6.80483901994 1412730182.42
6.68622538987 1412730183.0
6.73139171888 1412730183.59
6.78925282069 1412730184.14
6.64885020454 1412730184.72
6.71435447134 1412730185.3
6.60524910363 1412730185.87
6.50850901335 1412730186.43
6.55297202113 1412730187.04
6.46349737806 1412730187.76
6.49505952417 1412730188.38
6.40072690093 1412730188.93
6.43818504573 1412730189.47
6.31652321181 1412730190.02
6.34696125253 1412730190.57
6.23587338045 1412730191.13
6.27135357313 1412730191.68
6.18975771739 1412730192.26
6.22218189686 1412730192.83
6.1183657698 1412730193.38
6.07757568839 1412730193.9
6.06545226991 1412730194.44
6.01349008839 1412730195.02
6.03034096516 1412730195.56
6.00025543511 1412730196.08
5.97212954525 1412730196.59
5.98145847577 1412730197.1
5.88734243642 1412730197.64
5.89539330101 1412730198.24
5.81455219128 1412730198.82
5.8336768383 1412730199.41
5.76366214072 1412730199.98
5.78572279394 1412730200.55
5.71601807189 1412730201.11
5.71888280334 1412730201.68
5.65648360851 1412730202.23
5.66851662884 1412730202.78
5.60290228993 1412730203.32
5.60344993153 1412730203.87
5.52656603938 1412730204.45
5.52172750675 1412730205.03
5.46499860704 1412730205.66
5.48321584897 1412730206.27
5.40896016836 1412730206.85
5.4097932527 1412730207.44
5.41425981855 1412730207.99
5.34897334261 1412730208.55
