16.0441799538 1412740576.9
16.2437006518 1412740577.9
16.1474762529 1412740578.91
16.2078656225 1412740579.96
16.1625454502 1412740580.97
16.0442386031 1412740581.91
15.8714261624 1412740582.89
15.8854728455 1412740583.93
15.7407130961 1412740584.96
15.6098018367 1412740585.98
15.6156256268 1412740587.01
15.6514396858 1412740588.0
15.4966352172 1412740589.04
15.4266781578 1412740590.1
15.4559748615 1412740591.15
15.3667497833 1412740592.23
15.3193055287 1412740593.35
15.2314459631 1412740594.46
15.1654318612 1412740595.51
15.1730152509 1412740596.56
15.0886362027 1412740597.63
15.068984117 1412740598.71
15.0030751653 1412740599.77
14.9273200789 1412740600.87
14.7770410454 1412740601.93
14.7062389617 1412740603.02
14.6445491638 1412740604.1
14.6515082465 1412740605.08
14.7038962483 1412740606.1
14.7150988522 1412740607.12
14.7254569244 1412740608.16
14.7347296203 1412740609.21
14.7308063261 1412740610.23
14.6431883192 1412740611.24
14.6242789176 1412740612.23
14.6079219531 1412740613.26
14.6911113672 1412740614.29
14.7065252152 1412740615.34
14.6434928286 1412740616.38
14.534539074 1412740617.44
14.3775110214 1412740618.47
14.0438004059 1412740619.51
13.987633393 1412740620.51
13.9641043258 1412740621.5
13.7934974162 1412740622.51
13.7051461837 1412740623.56
13.7154045199 1412740624.58
13.6460972869 1412740625.6
13.6556484922 1412740626.63
13.5687921678 1412740627.67
13.5406964327 1412740628.68
13.446300948 1412740629.7
13.3284403345 1412740630.72
13.2666211827 1412740631.74
13.0852169627 1412740632.78
12.9453375222 1412740633.8
12.935151317 1412740634.83
12.8377854504 1412740635.83
12.8297707224 1412740636.87
12.6663324918 1412740637.86
12.6924486501 1412740638.84
12.6167664834 1412740639.86
12.6686987639 1412740640.87
12.5292811386 1412740641.87
12.5849913685 1412740642.89
12.3568491083 1412740643.89
12.5095646259 1412740644.93
12.2819576302 1412740645.99
12.1858485134 1412740647.01
12.1897484229 1412740647.97
12.1359967879 1412740648.94
12.2483265058 1412740649.92
12.0079536359 1412740650.9
11.924815713 1412740651.9
11.9172087382 1412740652.92
11.8666571417 1412740653.91
11.8414626816 1412740654.88
11.8070816878 1412740655.88
11.8507059068 1412740656.87
11.8894416089 1412740657.85
11.714154435 1412740658.99
11.7673448939 1412740660.25
11.6186764599 1412740661.22
11.5204121972 1412740662.2
11.5033277361 1412740663.29
11.4210792834 1412740664.33
11.4214858253 1412740665.33
11.3277621074 1412740666.34
11.331138438 1412740667.33
11.2548027778 1412740668.32
11.2330444414 1412740669.34
11.1856270504 1412740670.36
11.1627277094 1412740671.36
11.0702188235 1412740672.35
11.0269425238 1412740673.36
10.9425023017 1412740674.36
10.883756853 1412740675.3
10.8460750967 1412740676.3
10.8309574708 1412740677.29
10.7625580929 1412740678.29
10.6443194383 1412740679.25
10.5758436567 1412740680.25
10.5615819459 1412740681.21
10.4962086965 1412740682.16
10.4551916628 1412740683.12
10.4078063569 1412740684.17
10.368560818 1412740685.14
10.338814066 1412740686.15
10.2791771663 1412740687.15
10.2148249558 1412740688.08
10.1418299037 1412740689.04
10.0824863085 1412740690.04
10.0620211344 1412740691.02
10.0049852321 1412740691.97
9.95425973816 1412740692.95
9.87045944455 1412740693.99
9.86393921096 1412740694.93
9.70169369241 1412740695.86
9.68281581109 1412740696.81
9.63774271087 1412740697.8
9.64211037989 1412740698.75
9.55423964517 1412740699.76
9.49220495419 1412740700.69
9.41211390507 1412740701.66
9.36632117933 1412740702.59
9.29412711224 1412740703.49
9.30540755522 1412740704.44
9.22568463488 1412740705.37
9.16859970454 1412740706.32
9.14989870646 1412740707.29
9.07476230978 1412740708.21
9.05010342319 1412740709.19
9.00935486546 1412740710.16
8.96537997655 1412740711.15
8.93823997682 1412740712.09
8.89021427098 1412740713.02
8.78878206228 1412740713.98
8.74662127764 1412740714.93
8.66920174491 1412740715.87
8.66224432391 1412740716.81
8.62412323973 1412740717.76
8.60636434378 1412740718.72
8.59144280185 1412740719.7
8.54341656999 1412740720.66
8.52515768781 1412740721.63
8.49422510079 1412740722.64
8.49532225027 1412740723.53
8.46483496565 1412740724.48
8.44920527636 1412740725.41
8.41501411928 1412740726.34
8.38064534832 1412740727.34
8.35437608717 1412740728.29
8.35597691839 1412740729.21
8.33909853827 1412740730.13
8.30368859533 1412740731.04
8.25720058382 1412740731.99
8.26614197036 1412740732.93
8.19351306215 1412740733.93
8.15473985058 1412740734.89
8.13941249696 1412740735.82
8.08382896328 1412740736.74
8.05399880417 1412740737.65
8.05363490222 1412740738.65
7.9898024683 1412740739.61
7.97796326108 1412740740.57
7.99241312626 1412740741.51
7.98032200619 1412740742.44
7.96304517972 1412740743.42
7.90388301327 1412740744.39
7.84551278274 1412740745.34
7.78872976245 1412740746.29
7.78429498045 1412740747.19
7.7767637972 1412740748.08
7.69403474387 1412740749.08
7.62785493016 1412740750.03
7.60002794043 1412740750.99
7.59560238273 1412740751.91
7.56162341302 1412740752.85
7.50015546155 1412740753.8
7.45643396111 1412740754.81
7.43863689169 1412740755.75
7.45424126399 1412740756.7
7.39083125349 1412740757.66
7.40927131195 1412740758.59
7.37745924158 1412740759.56
7.37773589128 1412740760.5
7.32181177234 1412740761.47
7.38582493848 1412740762.41
7.33480172548 1412740763.34
7.32291839172 1412740764.27
7.303410262 1412740765.23
7.26555176411 1412740766.21
7.24955417747 1412740767.16
7.2221126475 1412740768.11
7.23297056075 1412740769.04
7.20261220849 1412740769.97
7.19720228748 1412740770.92
7.1457980507 1412740771.84
7.15461227211 1412740772.75
7.14334052813 1412740773.73
