16.2662141769 1412725512.9
16.339854482 1412725513.21
16.8640473841 1412725513.53
17.0921446792 1412725513.84
17.5186689783 1412725514.13
17.6342229122 1412725514.43
17.8688904771 1412725514.75
18.3367118218 1412725515.09
19.1515059333 1412725515.4
19.1266222672 1412725515.72
19.2723602421 1412725516.01
19.6398817544 1412725516.31
19.6057269438 1412725516.62
19.6280678641 1412725516.94
20.3189463862 1412725517.24
19.846611567 1412725517.55
19.5893546537 1412725517.87
19.3321908449 1412725518.18
19.1407326817 1412725518.51
19.1261921964 1412725518.84
18.9361062814 1412725519.15
18.7142429394 1412725519.45
18.5698028419 1412725519.77
18.443236842 1412725520.08
18.4367170782 1412725520.41
18.3643046912 1412725520.72
18.1743109946 1412725521.05
18.1545371026 1412725521.41
17.8267213913 1412725521.73
17.6826445635 1412725522.09
17.7255996728 1412725522.41
17.6641676228 1412725522.72
17.5554623721 1412725523.05
17.5031113815 1412725523.39
17.3430191949 1412725523.71
17.3986702467 1412725524.05
17.315731195 1412725524.43
17.2553241128 1412725524.81
17.0866683131 1412725525.14
17.0995156015 1412725525.48
17.0908551257 1412725525.88
17.1666585852 1412725526.25
17.1346125169 1412725526.63
17.0110154944 1412725526.99
17.0259270477 1412725527.35
17.1237346815 1412725527.69
17.1443942378 1412725528.03
17.1784265805 1412725528.35
17.1768592459 1412725528.69
17.1393825329 1412725529.03
17.0905571869 1412725529.37
17.1197952532 1412725529.68
17.094346878 1412725530.0
17.2228995315 1412725530.3
17.2651981373 1412725530.62
17.3349497846 1412725530.92
17.2512113724 1412725531.24
17.3403824873 1412725531.57
17.3945919208 1412725531.98
17.0925580313 1412725532.28
17.3026074103 1412725532.58
17.0534932191 1412725532.89
17.0546075747 1412725533.18
16.948301226 1412725533.5
16.8230166978 1412725533.83
16.7473030795 1412725534.14
16.6745393692 1412725534.42
16.6403226749 1412725534.86
16.5060137222 1412725535.33
16.4764136543 1412725536.06
16.5352966376 1412725536.68
16.6560707813 1412725537.27
16.5183561035 1412725537.98
16.4519779616 1412725538.36
16.342231475 1412725538.84
16.0054933327 1412725539.28
15.1885548906 1412725539.71
14.8565038313 1412725540.13
15.357133503 1412725540.55
14.9461668248 1412725540.88
15.1550291636 1412725541.18
15.3866475531 1412725541.48
15.1497019792 1412725541.92
15.3468649927 1412725542.41
15.1178860127 1412725542.9
15.6263492873 1412725543.42
16.1256945152 1412725543.88
15.9035482168 1412725544.27
16.0713384331 1412725544.72
16.1827354529 1412725545.06
16.0482485345 1412725545.43
16.0875539678 1412725545.75
15.9464275845 1412725546.06
16.0425264981 1412725546.36
15.9260306958 1412725546.76
15.795346286 1412725547.06
15.8547082933 1412725547.33
15.5267464727 1412725547.62
15.5812365265 1412725547.94
15.5882750109 1412725548.23
15.6793064784 1412725548.53
15.4390908977 1412725548.8
15.2727077518 1412725549.07
15.2134664307 1412725549.33
15.346791732 1412725549.67
15.1002442359 1412725549.98
15.0436145869 1412725550.28
15.0657175052 1412725550.59
15.0762208167 1412725551.05
14.9819615063 1412725551.46
14.864814912 1412725551.86
14.7126795513 1412725552.26
14.7701667078 1412725552.64
14.6345622086 1412725553.03
14.4389040985 1412725553.43
14.3696084966 1412725553.81
14.4739015259 1412725554.17
14.4633537189 1412725554.47
14.2645638073 1412725554.76
14.1723309538 1412725555.03
14.0252320285 1412725555.35
14.1990024837 1412725555.66
14.0243797296 1412725556.17
13.9549836558 1412725556.71
13.833497196 1412725557.12
13.8537853102 1412725557.46
13.6947890131 1412725557.83
13.7741456239 1412725558.2
13.8243350924 1412725558.58
13.5558666763 1412725558.89
13.5626121825 1412725559.17
13.4246263327 1412725559.49
13.3477967786 1412725559.79
13.1543296335 1412725560.11
13.213234831 1412725560.42
13.1279408604 1412725560.73
13.0870960788 1412725561.05
12.8608162855 1412725561.37
12.9817327046 1412725561.67
13.011757339 1412725561.98
13.0424544656 1412725562.3
12.932728699 1412725562.67
12.9366041309 1412725563.02
12.8415031473 1412725563.35
12.8291406 1412725563.64
12.7555789566 1412725564.0
12.7580984596 1412725564.28
12.6823960131 1412725564.61
12.5587465266 1412725564.91
12.480986105 1412725565.24
12.4227919454 1412725565.56
12.4353078851 1412725565.85
12.3558781188 1412725566.12
12.3562583559 1412725566.4
12.3257660421 1412725566.69
12.4035709253 1412725566.96
12.3351022571 1412725567.25
12.3028907629 1412725567.53
12.229973993 1412725567.82
12.2206704144 1412725568.09
12.2418320537 1412725568.39
12.2748721042 1412725568.67
12.2557758444 1412725568.97
12.1013083811 1412725569.27
12.1289411936 1412725569.55
12.0596129329 1412725569.83
12.0871560939 1412725570.12
12.1289796316 1412725570.43
12.0479354175 1412725570.71
12.0078496217 1412725571.03
12.0529020174 1412725571.33
12.0579111646 1412725571.62
12.0531680971 1412725571.91
11.9974913745 1412725572.23
12.1247129763 1412725572.52
12.0408109153 1412725572.84
12.0460279981 1412725573.13
12.0195791314 1412725573.45
11.9729753913 1412725573.76
11.977747148 1412725574.09
11.9679822476 1412725574.39
11.9639941532 1412725574.71
12.0383087233 1412725575.03
11.863690767 1412725575.32
11.8728681273 1412725575.66
11.8310442011 1412725575.96
11.8070070092 1412725576.26
11.7715057644 1412725576.55
11.647886022 1412725576.84
11.683749551 1412725577.16
11.6564582075 1412725577.47
11.591555505 1412725577.74
11.6296410303 1412725578.05
11.6284261362 1412725578.33
11.6325254874 1412725578.63
11.679108791 1412725578.91
11.655863422 1412725579.22
11.6630524153 1412725579.53
11.7063428856 1412725579.84
11.6687250401 1412725580.15
