7.91524953322 1412722858.77
7.92585500936 1412722859.08
7.8175393463 1412722859.36
7.67251562298 1412722859.65
7.57284804634 1412722859.94
7.4325795943 1412722860.22
7.23562268403 1412722860.49
7.03516011542 1412722860.78
6.83282797433 1412722861.03
6.58261829137 1412722861.29
6.47178583356 1412722861.57
6.26004215023 1412722861.84
6.19008124081 1412722862.16
6.07107714364 1412722862.46
5.90964921692 1412722862.75
5.83184837753 1412722863.03
5.56360597642 1412722863.29
5.58366674148 1412722863.54
5.68639949303 1412722863.8
5.79997146525 1412722864.08
5.81054631209 1412722864.46
5.84237757771 1412722864.9
5.81205584529 1412722865.21
5.76240569195 1412722865.49
5.66710083525 1412722865.77
5.56807455751 1412722866.01
5.50626464716 1412722866.25
5.41680403569 1412722866.5
5.45258296568 1412722866.75
5.5768410504 1412722867.01
5.72221637524 1412722867.25
5.90988484594 1412722867.53
6.07227937705 1412722867.79
6.18937492332 1412722868.06
6.28543678981 1412722868.34
6.31673316027 1412722868.59
6.32024963348 1412722868.9
6.34933977921 1412722869.19
6.39336213284 1412722869.46
6.40672566749 1412722869.73
6.41076847347 1412722870.0
6.44448827492 1412722870.25
6.44154860066 1412722870.54
6.45367173557 1412722870.82
6.45392711546 1412722871.09
6.44156648136 1412722871.36
6.43397873308 1412722871.6
6.42259791362 1412722871.97
6.46920845653 1412722872.26
6.4355644695 1412722872.54
6.44067222885 1412722872.8
6.46322996352 1412722873.07
6.50876693794 1412722873.34
6.55060559533 1412722873.58
6.59907315556 1412722873.85
6.62500027132 1412722874.12
6.64300683689 1412722874.4
6.65387091409 1412722874.69
6.66354183998 1412722874.97
6.66576825448 1412722875.21
6.66187026115 1412722875.46
6.6558411592 1412722875.72
6.64467343237 1412722875.95
6.6289145641 1412722876.23
6.58624436884 1412722876.47
6.5385230629 1412722876.73
6.50071543659 1412722876.98
6.38607154903 1412722877.22
6.30319917739 1412722877.48
6.24374812983 1412722877.76
6.20366135735 1412722878.01
6.14158046895 1412722878.28
6.07089798152 1412722878.55
5.99495043019 1412722878.84
6.13976474416 1412722879.09
5.97228774218 1412722879.37
6.09918510704 1412722879.61
5.91795582466 1412722879.84
6.10926000704 1412722880.12
5.9158370815 1412722880.55
6.13378763507 1412722880.95
5.92856432872 1412722881.3
5.66298675715 1412722881.64
5.91612317291 1412722882.03
5.6363493631 1412722882.37
5.83786897392 1412722882.82
5.57229542742 1412722883.17
5.85011404681 1412722883.48
5.5737234338 1412722883.81
5.89386658488 1412722884.22
5.57858789517 1412722884.57
5.88226487946 1412722884.89
5.56552300454 1412722885.24
5.89967596315 1412722885.59
5.5848333133 1412722885.92
5.89282405245 1412722886.24
5.58096387725 1412722886.62
5.90266739266 1412722886.97
5.59514424202 1412722887.31
5.90450787465 1412722887.62
5.60833110346 1412722887.88
5.18993156078 1412722888.11
5.55320160642 1412722888.36
5.82575462175 1412722888.62
5.91821150998 1412722888.92
5.71339221003 1412722889.15
5.49613130239 1412722889.43
5.65704147441 1412722889.68
5.76114592876 1412722889.95
5.60322842694 1412722890.17
5.59210224159 1412722890.43
5.63234914727 1412722890.68
5.50626579227 1412722890.93
5.52228317345 1412722891.19
5.40449169837 1412722891.44
5.3866421152 1412722891.68
5.3321902171 1412722891.93
5.23650593984 1412722892.18
5.11255618842 1412722892.47
4.90666860307 1412722892.73
4.59586534225 1412722893.08
4.27203324197 1412722893.43
4.07641323436 1412722893.74
3.99649769854 1412722894.02
4.15469152107 1412722894.26
4.8293028309 1412722894.52
4.15046408913 1412722894.79
4.6851803452 1412722895.07
4.12051000052 1412722895.31
4.49239887127 1412722895.57
4.07048035329 1412722895.94
4.41552912102 1412722896.34
4.00353773045 1412722896.67
4.30013005407 1412722896.93
3.96243613968 1412722897.2
4.20542932267 1412722897.47
4.53380530737 1412722897.73
4.22685484034 1412722898.01
3.91544113982 1412722898.29
4.14226866884 1412722898.56
3.8962048731 1412722898.84
4.09038247829 1412722899.12
3.862227647 1412722899.37
4.06249684068 1412722899.64
3.84690551369 1412722899.88
3.98576517517 1412722900.14
3.81241897771 1412722900.42
3.95770386381 1412722900.72
3.78158599788 1412722900.96
3.94589521692 1412722901.24
3.79586518619 1412722901.5
3.92673815872 1412722901.77
3.78200767992 1412722902.04
3.86405675668 1412722902.29
3.71561012605 1412722902.58
3.85635492866 1412722902.89
3.70220040052 1412722903.17
3.83691992801 1412722903.44
3.69305527132 1412722903.72
3.8221302052 1412722904.01
3.68401351543 1412722904.28
3.80488058124 1412722904.54
3.68571933164 1412722904.84
3.55263215163 1412722905.1
3.67797456052 1412722905.37
3.54725152339 1412722905.62
3.66049872274 1412722905.92
3.53434080351 1412722906.18
3.64133861126 1412722906.45
3.53367469918 1412722906.75
3.60982068209 1412722907.0
3.4771940233 1412722907.28
3.56005237917 1412722907.57
3.44914429922 1412722907.86
3.54402002388 1412722908.13
3.4371022735 1412722908.41
3.51867154613 1412722908.71
3.41873363328 1412722908.99
3.51746154936 1412722909.25
3.41996288071 1412722909.51
3.54407662744 1412722909.75
3.44907559178 1412722910.02
3.36987560935 1412722910.34
3.43721994299 1412722910.69
3.36931271103 1412722910.99
3.41945274347 1412722911.24
3.35485116199 1412722911.53
3.40468227527 1412722911.8
3.34204741269 1412722912.09
3.40564809578 1412722912.35
3.34612272617 1412722912.63
3.39025981077 1412722912.9
3.32677535475 1412722913.18
3.24542652357 1412722913.44
3.3224186956 1412722913.69
3.25038522893 1412722913.94
3.29890030785 1412722914.24
3.23408721858 1412722914.49
3.29784873414 1412722914.76
3.22313356155 1412722915.04
