7.7526578428 1412722430.62
7.53258624458 1412722430.75
7.3444907383 1412722430.9
7.46382997641 1412722431.06
7.54467179223 1412722431.18
7.65702875833 1412722431.29
7.91233885792 1412722431.42
8.27901721533 1412722431.52
8.31367637836 1412722431.65
8.49319785497 1412722431.78
8.40424041807 1412722431.92
8.31027095684 1412722432.04
8.28431661071 1412722432.17
8.30777569313 1412722432.28
8.5836011965 1412722432.39
8.71920694206 1412722432.51
8.94697584204 1412722432.64
9.12263771628 1412722432.76
9.20366731478 1412722432.88
9.51373959619 1412722432.98
9.68643666588 1412722433.09
9.78835536872 1412722433.2
9.92667433361 1412722433.34
10.0172845672 1412722433.45
10.2016926521 1412722433.56
10.3380090336 1412722433.68
10.4088207438 1412722433.8
10.4567298271 1412722433.92
10.404533365 1412722434.02
10.443462411 1412722434.13
10.4666825071 1412722434.25
10.5281662164 1412722434.37
10.4224007037 1412722434.48
10.4180872881 1412722434.6
10.4140013687 1412722434.69
10.344464694 1412722434.79
10.3435555457 1412722434.9
10.2560178941 1412722435.01
10.2107144892 1412722435.13
10.1918720463 1412722435.24
10.2855141535 1412722435.35
10.3962339032 1412722435.46
10.6598218991 1412722435.56
11.0363694388 1412722435.67
11.5985395326 1412722435.76
12.1599149331 1412722435.87
12.6020103147 1412722435.98
13.007923507 1412722436.09
13.2737138365 1412722436.22
13.5159829043 1412722436.32
13.6877976185 1412722436.44
13.803147533 1412722436.56
13.886994015 1412722436.66
14.3143481365 1412722436.78
14.698376015 1412722436.9
15.0617473793 1412722437.01
15.3820464665 1412722437.12
15.6740836327 1412722437.25
15.9611909161 1412722437.36
16.2257300399 1412722437.5
16.4965881535 1412722437.61
16.7295554444 1412722437.73
16.9335822146 1412722437.84
17.1426556443 1412722437.94
17.3479655823 1412722438.06
17.5697787767 1412722438.18
17.7502344706 1412722438.27
17.9204462435 1412722438.39
18.0760215251 1412722438.52
18.2196807237 1412722438.63
18.3413515893 1412722438.75
18.4757335122 1412722438.87
18.5818429401 1412722438.99
18.7058387415 1412722439.09
18.7823153483 1412722439.22
18.886416343 1412722439.34
18.9510972629 1412722439.48
19.0165601723 1412722439.6
19.1372281692 1412722439.72
19.2513587571 1412722439.82
19.3228189266 1412722439.93
19.4530297553 1412722440.06
19.5526388316 1412722440.16
19.6220353901 1412722440.27
19.7114074736 1412722440.44
19.7752708757 1412722440.56
19.8529671377 1412722440.66
19.9215761176 1412722440.77
19.9911594857 1412722440.89
20.0527120884 1412722441.01
20.1094990955 1412722441.13
20.1829878441 1412722441.25
20.2455036668 1412722441.36
20.3462481629 1412722441.46
20.4131048411 1412722441.56
20.4853397866 1412722441.68
20.5244056536 1412722441.81
20.6208106084 1412722441.91
20.6517072971 1412722442.02
20.7019337847 1412722442.13
20.7618947956 1412722442.25
20.8114943205 1412722442.36
20.8642202874 1412722442.48
20.9424126837 1412722442.59
20.996825849 1412722442.69
21.0398829873 1412722442.81
21.1235871894 1412722442.9
21.1657959199 1412722443.0
21.2176109537 1412722443.11
21.236805576 1412722443.22
21.2922117867 1412722443.34
21.3282961728 1412722443.45
21.3832979227 1412722443.56
21.4554034381 1412722443.69
21.4683488641 1412722443.79
21.5015902805 1412722443.92
21.5347287826 1412722444.02
21.5719909473 1412722444.13
21.6468607003 1412722444.24
21.6792485628 1412722444.34
21.703155186 1412722444.45
21.8370188884 1412722444.61
21.9226211252 1412722444.77
21.9978057925 1412722444.88
22.0269125257 1412722444.98
22.0535536839 1412722445.1
22.09519248 1412722445.22
22.0926900833 1412722445.34
22.2133157766 1412722445.47
22.2393749984 1412722445.6
22.262456811 1412722445.75
22.2903716353 1412722445.85
22.3450852399 1412722445.97
22.3596460521 1412722446.1
22.4791910702 1412722446.21
22.5134345881 1412722446.35
22.5358674932 1412722446.47
22.5497442784 1412722446.61
22.6286191925 1412722446.74
22.6457636855 1412722446.86
22.6611432176 1412722446.97
22.6724913189 1412722447.09
22.7244842091 1412722447.2
22.7373581148 1412722447.31
22.760347229 1412722447.45
22.8190746027 1412722447.56
22.8335147636 1412722447.68
22.9252314679 1412722447.78
22.9841062532 1412722447.96
23.0523194006 1412722448.13
23.1114447951 1412722448.27
23.1381448101 1412722448.39
23.1535129225 1412722448.49
23.2118157201 1412722448.65
23.2271440117 1412722448.77
23.2463162691 1412722448.88
23.3007327904 1412722449.01
23.3144629676 1412722449.18
23.2876139378 1412722449.3
23.2974629026 1412722449.42
23.3021784842 1412722449.54
23.3346690434 1412722449.65
23.4545794063 1412722449.77
23.4674582204 1412722449.89
23.5375610707 1412722450.05
23.5949383775 1412722450.17
23.5993623071 1412722450.3
23.5896680295 1412722450.41
23.5919691303 1412722450.51
23.5974214204 1412722450.62
23.6014725863 1412722450.73
23.6470098076 1412722450.84
23.693731065 1412722450.97
23.739504988 1412722451.11
23.7848307537 1412722451.23
23.7923204664 1412722451.39
23.8100399007 1412722451.55
23.816190173 1412722451.68
23.9054860968 1412722451.81
23.911693899 1412722451.95
24.0796377914 1412722452.09
24.084115867 1412722452.19
24.0872710139 1412722452.35
24.085798503 1412722452.49
24.0845297701 1412722452.61
23.9947409039 1412722452.74
23.9939122678 1412722452.85
23.9921739432 1412722452.97
24.0050364741 1412722453.09
24.0002914133 1412722453.18
23.9957124426 1412722453.3
24.0570613404 1412722453.5
24.0526970557 1412722453.62
24.0822741456 1412722453.75
24.0778135953 1412722453.87
24.0706822214 1412722454.0
24.0993830285 1412722454.14
24.0786176664 1412722454.27
24.1593614578 1412722454.4
24.2932473459 1412722454.51
