13.689037849 1412722048.38
14.1048476245 1412722048.51
14.4016610442 1412722048.63
14.5781384226 1412722048.76
14.4686416844 1412722048.87
14.553200886 1412722048.98
14.5359631851 1412722049.08
14.527641845 1412722049.18
14.4672355289 1412722049.3
14.4111159259 1412722049.42
14.3123296057 1412722049.53
14.2729685525 1412722049.64
14.128404278 1412722049.76
13.9557123582 1412722049.89
13.8606485093 1412722050.02
13.6939307055 1412722050.15
13.4347469306 1412722050.27
13.1951075204 1412722050.4
12.9789792908 1412722050.49
12.7631694086 1412722050.6
12.5480469118 1412722050.69
12.5049093385 1412722050.8
12.3565118378 1412722050.9
12.1346942348 1412722050.99
11.9980774877 1412722051.08
11.6840127009 1412722051.19
11.4808664435 1412722051.33
11.0013035999 1412722051.44
10.7234774847 1412722051.55
10.6366555101 1412722051.64
10.2410172355 1412722051.74
10.0288383556 1412722051.85
9.88451234376 1412722051.94
9.634161955 1412722052.03
9.59913618532 1412722052.16
9.56006126908 1412722052.41
9.38818106846 1412722052.55
9.18844189581 1412722052.66
9.15440043874 1412722052.83
8.94007845639 1412722053.05
8.52547497505 1412722053.33
8.47684454443 1412722053.52
8.28823898396 1412722053.68
8.27273366779 1412722053.92
8.16383054159 1412722054.13
8.21254072991 1412722054.33
8.04329765068 1412722054.51
8.08704398123 1412722054.62
8.0471036142 1412722054.74
8.13993815282 1412722054.87
8.21522166025 1412722054.97
8.26407821632 1412722055.07
8.27461759092 1412722055.16
8.22740628706 1412722055.26
8.24335136447 1412722055.35
8.15929036438 1412722055.44
8.12011808323 1412722055.52
8.20887298882 1412722055.63
8.11133246682 1412722055.73
8.17366051238 1412722055.84
8.20241048825 1412722055.97
8.19803249187 1412722056.07
8.19054514048 1412722056.18
8.0285797989 1412722056.28
8.14558592465 1412722056.39
8.12852735205 1412722056.49
8.08572921904 1412722056.58
7.92269520278 1412722056.67
7.74794178982 1412722056.76
7.77533597139 1412722056.84
7.80576311203 1412722056.95
7.88158321696 1412722057.06
7.96122996751 1412722057.16
7.87467460367 1412722057.26
7.87521970592 1412722057.36
7.81642402647 1412722057.46
7.8506604572 1412722057.56
7.80156678538 1412722057.64
7.83671283355 1412722057.79
7.70598625631 1412722057.92
7.7388158204 1412722058.06
7.69189584756 1412722058.18
7.74028345792 1412722058.31
7.77450009489 1412722058.43
7.75875155116 1412722058.54
7.79505923762 1412722058.66
7.83175756302 1412722058.78
7.79175254792 1412722058.97
7.82258805306 1412722059.12
8.02752912787 1412722059.26
8.11309517963 1412722059.38
8.02250942491 1412722059.5
7.95994456109 1412722059.65
8.04541510647 1412722059.81
7.92359738871 1412722059.96
7.85784566059 1412722060.08
7.79083088353 1412722060.16
7.68649997726 1412722060.29
7.71001160186 1412722060.41
7.63735511466 1412722060.5
7.67319399843 1412722060.59
7.6670887489 1412722060.69
7.77164203153 1412722060.77
7.69200161828 1412722060.87
7.7410518608 1412722060.96
7.7148617818 1412722061.07
7.68636569535 1412722061.16
7.60506846525 1412722061.26
7.65419144451 1412722061.35
7.72091020382 1412722061.44
7.73078608322 1412722061.54
7.64059652578 1412722061.64
7.6116958488 1412722061.75
7.69819857967 1412722061.84
7.68155697909 1412722061.94
7.67055911609 1412722062.03
7.60418895528 1412722062.1
7.49961976796 1412722062.21
7.55632439981 1412722062.32
7.48042158132 1412722062.43
7.4089483834 1412722062.54
7.47483971395 1412722062.68
7.41880659637 1412722062.83
7.37643905964 1412722062.96
7.22775130906 1412722063.06
7.29214937383 1412722063.22
7.20535279258 1412722063.38
7.15695613757 1412722063.51
7.27328856989 1412722063.65
7.28316951876 1412722063.81
7.3464071794 1412722063.95
7.38027145961 1412722064.06
7.39811392546 1412722064.21
7.44019519929 1412722064.49
7.37222653597 1412722064.62
7.44118863833 1412722064.73
7.40769313869 1412722064.88
7.31414268619 1412722065.01
7.37206728588 1412722065.12
7.26155366293 1412722065.24
7.39288893124 1412722065.35
7.28066510594 1412722065.45
7.33117710333 1412722065.55
7.22720511765 1412722065.66
7.26822469779 1412722065.79
7.16206819717 1412722065.9
7.12579365588 1412722066.0
7.01603253799 1412722066.13
7.09285633888 1412722066.28
7.2304887183 1412722066.4
7.11120951387 1412722066.51
7.00254482641 1412722066.61
6.8827993744 1412722066.73
6.96871940669 1412722066.83
6.87900103079 1412722066.97
6.93721962875 1412722067.16
6.87608733667 1412722067.31
6.86469802666 1412722067.42
6.72042932493 1412722067.52
6.74768272797 1412722067.61
6.81832750083 1412722067.87
6.90795497986 1412722068.08
6.95625074619 1412722068.25
7.02812166368 1412722068.46
7.04621115094 1412722068.71
7.10689372321 1412722068.83
7.01334013614 1412722068.97
7.07519529234 1412722069.1
7.02698560586 1412722069.25
6.98777385138 1412722069.4
7.0576578833 1412722069.59
7.06194398706 1412722069.76
7.02865828367 1412722069.9
7.03291324742 1412722070.1
7.00003676103 1412722070.25
6.90574814877 1412722070.43
6.91794725323 1412722070.58
6.95401516456 1412722070.75
6.88896527098 1412722070.92
6.93185100797 1412722071.05
6.86082013474 1412722071.2
6.97944305211 1412722071.36
6.90739048414 1412722071.51
6.95062070611 1412722071.64
6.87917357123 1412722071.78
6.91714016509 1412722071.97
6.87846299047 1412722072.09
6.89003462117 1412722072.24
6.85257618977 1412722072.42
6.77595131508 1412722072.53
6.82337626675 1412722072.67
6.83154118541 1412722072.87
6.88463005507 1412722073.06
6.92993700663 1412722073.21
6.97978599062 1412722073.34
6.98274216587 1412722073.5
7.02580553112 1412722073.61
7.02818268882 1412722073.73
7.07128238253 1412722073.86
7.1141828324 1412722073.98
