29.8963830486 1412722313.65
27.6173191871 1412722313.87
26.7119378252 1412722314.05
25.7621598947 1412722314.24
25.0346177711 1412722314.44
24.2776977217 1412722314.61
23.6444198128 1412722314.77
23.4579693925 1412722314.88
23.4865465602 1412722315.0
23.7040743151 1412722315.13
24.2108142994 1412722315.32
24.6567003987 1412722315.49
25.0659674671 1412722315.69
25.4280057137 1412722315.83
25.5488704654 1412722316.01
25.6489352657 1412722316.18
25.6001215135 1412722316.32
25.7849645318 1412722316.44
25.8869759498 1412722316.55
25.9492432132 1412722316.66
26.022583167 1412722316.81
26.1476125306 1412722316.94
26.1655906274 1412722317.07
26.0650375012 1412722317.19
26.1462380251 1412722317.47
26.2230701648 1412722317.7
26.2215269258 1412722317.85
26.2776702474 1412722318.02
26.3148298534 1412722318.15
26.3616575782 1412722318.36
26.4018258567 1412722318.48
26.459246342 1412722318.6
26.49135089 1412722318.74
26.5285803773 1412722318.86
26.5557933012 1412722318.99
26.5786298883 1412722319.12
26.5974935463 1412722319.33
26.6128386827 1412722319.53
26.6572971307 1412722319.75
26.6719226908 1412722319.92
26.6829010164 1412722320.1
26.6897052346 1412722320.26
26.69354856 1412722320.41
26.6941985082 1412722320.58
26.6920257648 1412722320.78
26.6839625971 1412722320.94
26.6749912954 1412722321.15
26.6679809955 1412722321.34
26.6634342319 1412722321.5
26.7051583604 1412722321.74
26.6951747036 1412722321.91
26.5829859532 1412722322.07
26.5578423502 1412722322.23
26.582013379 1412722322.4
26.6019755133 1412722322.53
26.6272093519 1412722322.65
26.6653738476 1412722322.75
26.7033067629 1412722322.86
26.7417968118 1412722322.98
26.7390014521 1412722323.11
26.8028402427 1412722323.25
26.8693531082 1412722323.36
26.9459091722 1412722323.49
26.8418886995 1412722323.6
27.0243208404 1412722323.72
27.149714031 1412722323.84
27.267516479 1412722323.96
27.4614940465 1412722324.09
27.6748043416 1412722324.19
27.8598780801 1412722324.32
28.1192590089 1412722324.44
28.5014296694 1412722324.55
28.8147928975 1412722324.66
29.0968255641 1412722324.78
29.4188688678 1412722324.93
28.7934389834 1412722325.06
29.3015924605 1412722325.16
29.5651628363 1412722325.29
29.8381561375 1412722325.42
29.280803309 1412722325.52
29.5666031947 1412722325.64
29.6565989233 1412722325.76
29.2095733111 1412722325.9
29.4859629221 1412722326.01
29.8274858401 1412722326.12
14.3110811171 1412722326.25
13.6513946323 1412722326.35
13.0450608818 1412722326.5
12.6829557909 1412722326.63
11.7638884623 1412722326.78
10.9146112475 1412722326.92
10.0773952858 1412722327.01
9.37784448323 1412722327.15
9.1677021715 1412722327.29
8.87364074461 1412722327.44
8.78446470254 1412722327.57
8.96983832055 1412722327.7
8.78486199134 1412722327.86
8.79608872616 1412722327.97
9.18856935786 1412722328.11
9.25489687904 1412722328.3
9.06240189431 1412722328.46
9.06755849227 1412722328.57
9.13224723588 1412722328.69
9.38717220766 1412722328.82
9.21850437361 1412722328.94
9.28359680623 1412722329.08
9.27146724616 1412722329.21
9.44129457582 1412722329.35
9.45511584796 1412722329.45
9.58603647414 1412722329.57
9.50753498733 1412722329.69
9.59699884474 1412722329.83
9.47152536232 1412722329.97
9.53778450384 1412722330.1
9.63403161239 1412722330.24
9.62062313604 1412722330.35
9.72888361497 1412722330.45
9.67002864582 1412722330.63
9.62400076209 1412722330.78
9.64874237038 1412722330.9
9.64367053066 1412722331.02
9.83564109909 1412722331.17
9.75142057216 1412722331.29
9.63640962863 1412722331.48
9.86145877278 1412722331.64
10.0094477679 1412722331.78
10.0752481536 1412722331.92
10.1466565337 1412722332.07
10.3391951209 1412722332.19
10.2926091877 1412722332.33
10.04472809 1412722332.48
10.1369548294 1412722332.63
10.1374892933 1412722332.78
10.0872471574 1412722332.92
10.248020632 1412722333.07
10.2774693909 1412722333.26
10.4243329771 1412722333.43
10.5085007262 1412722333.57
10.6148716641 1412722333.7
10.4898728115 1412722333.89
10.4046341474 1412722334.08
10.5177985618 1412722334.23
10.6218008377 1412722334.37
10.5981385026 1412722334.52
10.4884561408 1412722334.65
10.5851837956 1412722334.8
10.6759245707 1412722334.96
10.6241188716 1412722335.1
10.773775152 1412722335.46
10.7830451966 1412722335.67
10.9731517791 1412722335.84
11.0988437793 1412722336.02
11.0592320718 1412722336.17
11.1934410196 1412722336.32
11.1314223212 1412722336.46
11.24501897 1412722336.59
11.2415577522 1412722336.78
11.212335966 1412722336.94
11.3296378116 1412722337.11
11.4512545708 1412722337.26
11.4273600624 1412722337.4
11.3563849553 1412722337.54
11.1486103418 1412722337.74
11.1177380146 1412722337.92
11.0268408337 1412722338.07
11.0874631653 1412722338.22
11.1846741121 1412722338.39
11.1607055837 1412722338.57
11.2585443607 1412722338.74
11.3252516962 1412722338.9
11.4235672824 1412722339.06
11.5417109876 1412722339.2
11.4186298296 1412722339.41
11.5002730317 1412722339.57
11.4886711456 1412722339.73
11.6073843485 1412722339.9
11.4824281262 1412722340.12
11.6014903656 1412722340.28
11.7259643125 1412722340.45
11.7321835589 1412722340.61
11.7265659919 1412722340.84
11.4900817758 1412722341.01
11.4883689889 1412722341.18
11.4850969126 1412722341.34
11.1022248691 1412722341.58
11.1832912148 1412722341.75
11.1808674778 1412722341.9
11.2618785881 1412722342.04
11.3194413999 1412722342.29
11.3189973109 1412722342.44
11.3586541054 1412722342.59
11.3569464421 1412722342.8
11.4442768742 1412722342.97
11.6945616055 1412722343.18
12.0722008677 1412722343.34
11.369709014 1412722343.48
11.4357327798 1412722343.67
11.5028845286 1412722343.85
11.5728249022 1412722344.01
