11.1832791052 1412722687.5
11.3596224681 1412722687.62
11.6489121118 1412722687.74
11.8101874801 1412722687.85
12.0171470601 1412722687.96
12.1319711674 1412722688.07
12.1466256396 1412722688.2
12.4067721424 1412722688.31
12.4861634559 1412722688.43
12.4765367135 1412722688.53
12.401422585 1412722688.64
12.3974860186 1412722688.75
12.4259153814 1412722688.86
12.1835473231 1412722688.98
12.1952115081 1412722689.11
12.1350175777 1412722689.27
12.1056355958 1412722689.36
12.1439851993 1412722689.47
11.9293100781 1412722689.6
11.7544855601 1412722689.73
11.7194926577 1412722689.84
11.679584289 1412722689.94
11.5976790931 1412722690.06
11.5626497507 1412722690.16
11.5186004919 1412722690.27
11.3272253088 1412722690.39
11.3568556081 1412722690.5
11.3388821505 1412722690.6
11.3168971894 1412722690.72
11.1909176927 1412722690.83
11.0990477086 1412722690.97
11.0177260105 1412722691.08
10.9043668859 1412722691.18
10.5436722447 1412722691.3
10.4592433139 1412722691.39
10.3466038315 1412722691.5
10.2124270373 1412722691.63
9.91593199108 1412722691.74
9.84392321714 1412722691.85
9.74952232327 1412722691.96
9.42297261335 1412722692.09
9.27170366179 1412722692.2
9.11863784197 1412722692.36
8.95787845359 1412722692.46
8.7454503164 1412722692.61
8.55949014109 1412722692.73
8.41168248216 1412722692.85
8.13478258574 1412722692.95
7.92175443675 1412722693.05
7.81196589649 1412722693.19
7.9010638403 1412722693.3
7.92664603257 1412722693.44
7.93628684227 1412722693.58
8.04881225875 1412722693.69
8.01635606474 1412722693.79
7.98707527242 1412722693.89
8.00904537155 1412722694.01
8.04235348482 1412722694.12
8.06692624151 1412722694.23
8.16156371366 1412722694.38
8.12831794952 1412722694.49
8.18144995109 1412722694.59
8.20132511297 1412722694.7
8.16787409366 1412722694.82
8.20827498275 1412722694.93
8.26965736494 1412722695.02
8.29492238695 1412722695.14
8.4997039036 1412722695.24
8.48059252673 1412722695.37
8.51032343659 1412722695.48
8.76275561672 1412722695.58
8.8236095653 1412722695.67
8.90953991817 1412722695.8
8.97756571772 1412722695.93
8.91402238896 1412722696.03
8.84175716405 1412722696.13
8.91788832481 1412722696.26
8.89204061465 1412722696.38
8.96617544396 1412722696.49
8.89684223864 1412722696.59
8.95913468738 1412722696.69
8.89498733049 1412722696.78
8.83791087241 1412722696.91
8.87896040562 1412722697.01
8.87508285193 1412722697.12
8.94420766293 1412722697.23
8.91349588642 1412722697.34
8.8509090166 1412722697.46
8.9103696188 1412722697.56
8.8662146367 1412722697.66
8.89816737248 1412722697.8
8.88350236193 1412722697.93
8.92672048871 1412722698.03
8.8733374668 1412722698.14
8.83869229658 1412722698.26
8.8770315381 1412722698.34
8.91311986365 1412722698.49
8.86545624496 1412722698.6
8.91231558942 1412722698.76
8.90246479174 1412722698.88
8.85370253748 1412722698.99
8.8997545985 1412722699.1
8.86747108323 1412722699.21
8.81779103654 1412722699.32
8.89471143707 1412722699.44
8.95709088733 1412722699.55
8.91647563687 1412722699.67
8.9073815231 1412722699.8
8.92729591107 1412722699.91
8.90703210885 1412722700.02
8.86152313018 1412722700.13
8.97915603757 1412722700.25
8.95790735007 1412722700.36
8.91407434122 1412722700.47
8.96285143104 1412722700.59
8.93275538715 1412722700.69
8.90408188204 1412722700.8
8.86262207551 1412722700.91
8.92770678943 1412722701.0
8.88886818081 1412722701.11
8.93141578198 1412722701.21
8.89222862781 1412722701.32
8.87909901462 1412722701.44
8.91779456647 1412722701.56
8.88830944231 1412722701.67
8.85058491559 1412722701.77
8.82000718352 1412722701.86
8.85265141644 1412722701.98
8.82382659598 1412722702.11
8.80437995493 1412722702.3
9.06858675624 1412722702.41
9.05277877353 1412722702.5
9.03764647075 1412722702.61
9.07996602946 1412722702.72
9.05729784268 1412722702.84
9.03016106956 1412722702.95
9.01814912655 1412722703.08
9.05869311977 1412722703.19
9.03444265796 1412722703.31
9.01126458297 1412722703.42
9.04965887114 1412722703.54
9.02916264225 1412722703.67
8.9575387569 1412722703.8
9.00273200435 1412722703.92
8.98293289929 1412722704.03
9.17340598505 1412722704.12
9.16927422195 1412722704.24
9.15788890343 1412722704.35
9.15268028796 1412722704.44
9.16306111884 1412722704.56
9.17781222055 1412722704.72
9.17241007547 1412722704.82
9.15944568144 1412722704.92
9.15541449317 1412722705.01
9.15610168511 1412722705.11
9.1527579532 1412722705.23
9.14895280275 1412722705.35
9.14759234848 1412722705.47
9.34748411528 1412722705.58
9.3118935321 1412722705.69
9.31250690179 1412722705.81
9.30132038828 1412722705.94
9.29988172327 1412722706.05
9.29887338176 1412722706.15
9.30258702788 1412722706.27
9.30202431908 1412722706.43
9.30367851506 1412722706.56
9.30316301401 1412722706.68
9.30919868064 1412722706.79
9.31540567156 1412722706.91
9.32377852588 1412722707.01
9.32107981912 1412722707.14
9.32507673517 1412722707.44
9.33288168412 1412722707.64
9.32989962342 1412722707.82
9.33021615171 1412722707.96
9.33355032919 1412722708.14
9.33120007693 1412722708.28
9.3342692007 1412722708.4
9.34009864722 1412722708.51
9.33716630384 1412722708.62
9.33428533827 1412722708.73
9.33954478814 1412722708.9
9.33904304597 1412722709.02
9.32914290356 1412722709.15
9.32855659933 1412722709.26
9.33078018866 1412722709.36
9.31915641732 1412722709.47
9.31905206673 1412722709.6
9.30286350518 1412722709.72
9.31895401051 1412722709.81
9.30309354904 1412722709.92
9.31210506055 1412722710.03
9.35953574768 1412722710.14
9.36922383392 1412722710.27
9.37188825669 1412722710.38
9.35343669032 1412722710.47
9.34586028678 1412722710.59
9.37648911267 1412722710.7
9.37005113983 1412722710.81
