9.25261995574 1412721833.88
9.17368776492 1412721833.96
9.22303338151 1412721834.06
9.13551648894 1412721834.13
9.20981422598 1412721834.23
9.07504862282 1412721834.34
9.14171457715 1412721834.44
9.19420504151 1412721834.53
9.21141904962 1412721834.6
9.32624575627 1412721834.68
9.34978860048 1412721834.76
9.62319518059 1412721834.85
9.60661602969 1412721834.93
9.7052246664 1412721835.01
9.81658922205 1412721835.11
9.86974844698 1412721835.21
10.0468610233 1412721835.3
10.1486347135 1412721835.38
10.2592745588 1412721835.47
10.4154147977 1412721835.57
10.4967921235 1412721835.69
10.4009006355 1412721835.82
10.5100845286 1412721835.92
10.4187960634 1412721836.02
10.3508535806 1412721836.13
10.2524650749 1412721836.23
10.3574610001 1412721836.37
10.2605645597 1412721836.5
10.3322780618 1412721836.62
10.3520320017 1412721836.74
10.3844038624 1412721836.84
10.4383536105 1412721836.99
10.5273084184 1412721837.12
10.5365095014 1412721837.22
10.5733603563 1412721837.35
10.5956596638 1412721837.45
10.5891262182 1412721837.53
10.6109099172 1412721837.65
10.8186330836 1412721837.77
10.8271010023 1412721837.87
10.7927031048 1412721837.96
10.8169882029 1412721838.05
10.7764604436 1412721838.15
10.7923292432 1412721838.27
10.7612796295 1412721838.4
10.7750329837 1412721838.5
10.7356082384 1412721838.58
10.5523855855 1412721838.69
10.5598982435 1412721838.83
10.5355976276 1412721838.96
10.5055983565 1412721839.09
10.4712979946 1412721839.23
10.4841092427 1412721839.34
10.4547726364 1412721839.43
10.4815457788 1412721839.52
10.4531939177 1412721839.63
10.4231210544 1412721839.74
10.3980444237 1412721839.84
10.4008164081 1412721839.93
10.3760144719 1412721840.06
10.3805828399 1412721840.15
10.3786059901 1412721840.26
10.3473150514 1412721840.38
10.2937244279 1412721840.48
10.3189576556 1412721840.59
10.28594659 1412721840.67
10.2886708518 1412721840.76
10.2553743131 1412721840.85
10.2566799122 1412721840.93
10.3399486549 1412721841.06
10.3373892745 1412721841.16
10.2808328319 1412721841.23
10.3081761772 1412721841.32
10.3110443165 1412721841.42
10.305462057 1412721841.53
10.3069085091 1412721841.62
10.2737173284 1412721841.71
10.2741918405 1412721841.79
10.2470880604 1412721841.88
10.246603046 1412721841.97
10.2266284645 1412721842.07
10.1991684987 1412721842.17
10.1971296685 1412721842.27
10.1896579007 1412721842.39
10.188757207 1412721842.49
10.162144985 1412721842.58
10.1602855545 1412721842.68
10.1871646304 1412721842.77
10.1401922553 1412721842.88
10.0819577169 1412721842.99
10.0562693403 1412721843.11
10.0197621739 1412721843.21
10.021787328 1412721843.36
9.99283869365 1412721843.46
9.95466995842 1412721843.57
9.95574175313 1412721843.67
10.0107216964 1412721843.76
10.0093488596 1412721843.95
10.0243273454 1412721844.09
9.99306115185 1412721844.26
9.79151951456 1412721844.42
9.75010967876 1412721844.53
9.71500245182 1412721844.66
9.69282333625 1412721844.79
9.71578035454 1412721844.91
9.67758506736 1412721845.05
9.69319012046 1412721845.17
9.65576032961 1412721845.28
9.54686633502 1412721845.42
9.54278453653 1412721845.53
9.50944156936 1412721845.61
9.45970524508 1412721845.71
9.46256244361 1412721845.82
9.40976235976 1412721845.91
9.37218028919 1412721846.01
9.33069361486 1412721846.1
9.31555893392 1412721846.21
9.10607617361 1412721846.32
9.06555489314 1412721846.45
8.99482055626 1412721846.55
8.99049759762 1412721846.65
8.97713991168 1412721846.73
8.96288287347 1412721846.85
8.94975953707 1412721846.97
8.92807384029 1412721847.09
8.88356089599 1412721847.22
8.83802519418 1412721847.33
8.79556753861 1412721847.42
8.68776476174 1412721847.53
8.64227748281 1412721847.63
8.45238567703 1412721847.74
8.43686868614 1412721847.88
8.55168338498 1412721847.97
8.50765726876 1412721848.07
8.43494663718 1412721848.16
8.44830085488 1412721848.27
8.39030890081 1412721848.38
8.40211082714 1412721848.48
8.3260546047 1412721848.58
8.31507323631 1412721848.68
8.23020602839 1412721848.78
8.26663168295 1412721848.88
8.25407889993 1412721848.99
8.24694353525 1412721849.08
8.22042753012 1412721849.17
8.19412282627 1412721849.25
8.17409693451 1412721849.36
8.14885455397 1412721849.49
8.12391058114 1412721849.57
8.09914556546 1412721849.67
8.03852144222 1412721849.77
8.10018114487 1412721849.88
8.15593853049 1412721849.98
8.14295632279 1412721850.08
8.11892317958 1412721850.16
8.09520382285 1412721850.25
8.07871114798 1412721850.36
8.05705889767 1412721850.46
8.07041716171 1412721850.56
8.01845869961 1412721850.66
7.99998181078 1412721850.75
8.06734335688 1412721850.85
8.04668260145 1412721850.93
8.0264588003 1412721851.02
8.0570058622 1412721851.1
8.04615230357 1412721851.2
8.02337182103 1412721851.32
8.00566288089 1412721851.42
7.98329730648 1412721851.53
7.87326315026 1412721851.63
7.85895793124 1412721851.73
7.83993090509 1412721851.82
7.82082625399 1412721851.92
7.87230068699 1412721852.01
7.85134414219 1412721852.1
7.81577589129 1412721852.2
7.80009788801 1412721852.31
7.78353847003 1412721852.41
7.76174846748 1412721852.51
7.81060105708 1412721852.6
7.79006147344 1412721852.7
7.76941148975 1412721852.81
7.75818330901 1412721852.9
7.83244260629 1412721853.01
7.82013740061 1412721853.09
7.79884208442 1412721853.19
7.77690476399 1412721853.3
7.76495207177 1412721853.4
7.74319115194 1412721853.49
7.75898870158 1412721853.62
7.74629672364 1412721853.73
7.72279338276 1412721853.82
7.69917437348 1412721853.91
7.68973186288 1412721854.01
7.66637904803 1412721854.12
7.65442677624 1412721854.21
7.63119815251 1412721854.34
7.59828954146 1412721854.46
7.62467269109 1412721854.56
7.45680092618 1412721854.67
