3.10820451366 1412745493.84
3.00710748513 1412745495.31
3.00058441829 1412745496.72
2.92628039075 1412745498.18
2.78184805292 1412745499.56
2.68306474998 1412745500.96
2.56305302514 1412745502.34
2.54258856297 1412745503.74
2.61147912955 1412745505.16
2.6602050601 1412745506.54
2.67266983586 1412745507.87
2.75561561091 1412745509.17
2.86070294247 1412745510.51
2.88751437541 1412745511.83
2.95196018225 1412745513.17
3.05492711168 1412745514.51
3.17809970759 1412745515.84
3.28617814469 1412745517.2
3.35925392476 1412745518.52
3.43889932698 1412745519.81
3.5184948058 1412745521.1
3.58919528748 1412745522.42
3.69021928031 1412745523.72
3.75955934388 1412745524.97
3.82941525399 1412745526.24
3.87225409491 1412745527.54
3.90875813625 1412745528.83
3.98110053743 1412745530.08
4.05595931091 1412745531.36
4.1288506177 1412745532.62
4.24081993771 1412745533.93
4.31597181955 1412745535.21
4.43071889858 1412745536.47
4.52212709443 1412745537.76
4.60130374772 1412745539.03
4.71133402485 1412745540.29
4.72002556694 1412745541.55
4.78466539618 1412745542.77
4.77938168304 1412745544.04
4.7588463259 1412745545.3
4.72751535309 1412745546.55
4.71442487683 1412745547.78
4.67684137427 1412745549.05
4.67615735089 1412745550.3
4.66942665675 1412745551.57
4.6517608479 1412745552.81
4.66498138888 1412745554.05
4.64852377742 1412745555.27
4.63659486172 1412745556.52
4.62512984755 1412745557.7
4.65532855033 1412745558.93
4.64643351339 1412745560.14
4.62906750972 1412745561.39
4.62384821634 1412745562.63
4.61613079843 1412745563.88
4.63781048012 1412745565.13
4.64177660162 1412745566.36
4.63099959203 1412745567.59
4.64038236726 1412745568.81
4.67834154384 1412745570.02
4.5972658227 1412745571.26
4.60066063001 1412745572.48
4.52578213034 1412745573.67
4.47145538484 1412745574.89
4.35093155059 1412745576.06
4.23549632464 1412745577.31
4.22212256089 1412745578.49
4.23378335114 1412745579.71
4.25098384132 1412745580.92
4.26679830993 1412745582.14
4.28873633672 1412745583.35
4.28823475624 1412745584.58
4.29755385447 1412745585.78
4.36579871028 1412745586.98
4.37904883613 1412745588.15
4.40204790541 1412745589.42
4.41501614757 1412745590.67
4.43729823991 1412745591.9
4.44584481483 1412745593.15
4.46755891952 1412745594.39
4.46006322835 1412745595.58
4.47215251518 1412745596.79
4.45262020755 1412745598.05
4.46329106462 1412745599.29
4.46697638715 1412745600.54
4.46508899399 1412745601.8
4.45133557121 1412745603.05
4.44062216605 1412745604.3
4.41560076983 1412745605.53
4.38301751329 1412745606.74
4.28069497416 1412745607.96
4.10657580342 1412745609.18
4.05859392239 1412745610.42
4.0216829003 1412745611.66
4.02346682523 1412745612.94
3.99761128876 1412745614.18
4.01041731268 1412745615.4
4.01779451296 1412745616.64
4.03257966333 1412745617.85
4.02082687356 1412745619.12
4.01093372506 1412745620.35
4.07737709337 1412745621.59
4.10055184469 1412745622.83
4.1001830278 1412745624.07
4.09394466317 1412745625.3
4.08082422513 1412745626.59
4.08067673481 1412745627.84
4.07629148433 1412745629.07
4.08399498803 1412745630.35
4.0773892331 1412745631.65
4.06440653535 1412745632.9
4.05626341699 1412745634.12
4.0547364063 1412745635.34
4.04107200409 1412745636.61
4.02251521582 1412745637.88
4.01368587815 1412745639.1
4.00461530147 1412745640.34
4.01697613185 1412745641.58
3.99904927293 1412745642.82
3.98460691754 1412745644.12
3.984862965 1412745645.38
3.96523445478 1412745646.64
3.94114683953 1412745647.86
3.92587897413 1412745649.14
3.92201104643 1412745650.4
3.91187894821 1412745651.63
3.91477678826 1412745652.89
3.97199164185 1412745654.13
3.9882360508 1412745655.43
3.97323424843 1412745656.64
3.97035191805 1412745657.87
3.95017715888 1412745659.12
3.91930252757 1412745660.38
3.92819087 1412745661.64
3.94845626057 1412745662.92
3.93827666554 1412745664.18
3.94202018032 1412745665.46
3.93976032416 1412745666.76
3.92883943617 1412745668.02
3.93240570975 1412745669.29
3.92130846634 1412745670.56
3.91249015156 1412745671.86
3.90840403888 1412745673.09
3.90242269771 1412745674.38
3.89901234127 1412745675.66
3.89913805122 1412745676.96
3.90291969966 1412745678.25
3.90485505722 1412745679.52
3.91495849084 1412745680.82
3.92105569643 1412745682.14
3.89829067836 1412745683.34
3.89847897363 1412745684.58
3.91041565842 1412745685.83
3.9013527538 1412745687.11
3.8840492072 1412745688.4
3.90319705394 1412745689.64
3.92001717996 1412745690.89
3.90009489581 1412745692.15
3.91459556289 1412745693.4
3.90818174941 1412745694.66
3.89951553168 1412745695.96
3.91813201406 1412745697.27
3.90793093025 1412745698.6
3.90080003392 1412745699.89
3.88276505223 1412745701.18
3.87980278881 1412745702.44
3.87490277969 1412745703.67
3.86970980603 1412745705.04
3.85973241451 1412745706.3
3.89943631618 1412745707.6
3.8784084728 1412745708.9
3.86709316741 1412745710.2
3.87208442823 1412745711.48
3.88566277372 1412745712.82
3.87611475201 1412745714.12
3.89554090737 1412745715.4
3.87450552197 1412745716.71
3.87526796974 1412745718.02
3.8701579511 1412745719.32
3.85781772073 1412745720.67
3.85660065117 1412745721.95
3.84801338554 1412745723.34
3.83489945304 1412745724.67
3.8364063579 1412745725.93
3.82283896797 1412745727.22
3.82069217622 1412745728.51
3.81695297592 1412745729.81
3.82414061584 1412745731.12
3.80862873759 1412745732.41
3.80111416862 1412745733.73
3.79162608937 1412745735.01
3.80557496831 1412745736.34
3.80217241324 1412745737.68
3.79274078349 1412745738.96
3.79376121971 1412745740.22
3.80279018158 1412745741.51
3.80067386534 1412745742.76
3.7939291589 1412745744.03
3.7909737979 1412745745.31
3.7878533466 1412745746.6
