32.0354201065 1412727525.0
30.9637116428 1412727525.76
30.0568585666 1412727526.45
29.1591907623 1412727527.03
28.2727798489 1412727527.67
27.6203642747 1412727528.29
27.0313810913 1412727528.99
26.7803836481 1412727529.63
26.5858186436 1412727530.35
26.1816987849 1412727531.05
25.9317904142 1412727531.77
25.6830734996 1412727532.48
25.1983724577 1412727533.22
24.9623634572 1412727533.89
24.8096745119 1412727534.62
24.8146336666 1412727535.27
24.7435671677 1412727535.91
24.8074497032 1412727536.65
24.7107397107 1412727537.31
24.4089768554 1412727537.95
24.4221587336 1412727538.52
24.3022107141 1412727539.15
24.1144891305 1412727539.8
24.0718170051 1412727540.39
23.7227057808 1412727540.99
23.1062823026 1412727541.59
22.6401669316 1412727542.21
22.0101669195 1412727542.84
21.6679970038 1412727543.42
21.2757253523 1412727544.0
20.7367319675 1412727544.6
20.2879824612 1412727545.16
19.9088996304 1412727545.78
19.3382513431 1412727546.39
18.9516782217 1412727547.0
18.8288104901 1412727547.62
18.4012386038 1412727548.21
17.85752613 1412727548.84
17.4974215391 1412727549.44
17.049479018 1412727550.03
16.8326456398 1412727550.63
16.5661755784 1412727551.19
16.157192344 1412727551.82
15.9644387585 1412727552.43
15.5551854367 1412727553.03
15.3897989487 1412727553.65
15.1024524392 1412727554.26
14.9881818678 1412727554.84
14.5484105804 1412727555.47
14.6104263108 1412727556.04
14.2485503349 1412727556.64
14.16825975 1412727557.22
13.9409597903 1412727557.83
14.0024790385 1412727558.43
13.6286703259 1412727559.03
13.614569576 1412727559.63
13.2974220742 1412727560.27
13.4055196653 1412727560.86
13.1233329426 1412727561.45
12.909056594 1412727562.04
12.7618342757 1412727562.63
12.9013234573 1412727563.21
12.5433832319 1412727563.78
12.6287809868 1412727564.4
12.3776422258 1412727565.04
12.1363965921 1412727565.64
12.0706409884 1412727566.22
11.8671935714 1412727566.81
11.7930900704 1412727567.39
11.6729976019 1412727567.98
11.6014477096 1412727568.58
11.5221613963 1412727569.19
11.4717326448 1412727569.78
11.3012195669 1412727570.38
11.15187285 1412727570.95
10.9855786249 1412727571.52
10.9183928979 1412727572.12
10.7541001265 1412727572.74
10.654919155 1412727573.35
10.6011302321 1412727574.0
10.4815881144 1412727574.59
10.3666426887 1412727575.21
10.3172396085 1412727575.82
10.2346752476 1412727576.4
10.2061164795 1412727577.0
10.052332074 1412727577.63
10.0304592232 1412727578.24
9.92009294455 1412727578.81
9.89843027016 1412727579.47
9.82458994174 1412727580.06
9.7553980894 1412727580.64
9.6792714447 1412727581.24
9.64120132487 1412727581.84
9.58033898321 1412727582.5
9.52332349799 1412727583.12
9.36702555882 1412727583.73
9.30893525546 1412727584.36
9.21814643153 1412727584.94
9.16775401355 1412727585.53
9.07168591713 1412727586.13
9.02383087522 1412727586.78
8.95720785195 1412727587.37
8.94641281385 1412727587.96
8.81547460401 1412727588.6
8.77514334239 1412727589.22
8.76757774898 1412727589.81
8.67047299513 1412727590.44
8.64807560052 1412727591.05
8.5760023077 1412727591.72
8.55937018857 1412727592.27
8.46140725604 1412727592.89
8.39731829707 1412727593.47
8.35780093012 1412727594.1
8.28154122208 1412727594.67
8.21723409083 1412727595.3
8.16256289352 1412727595.89
8.12365308711 1412727596.5
8.0729296214 1412727597.11
8.04907556243 1412727597.72
7.95273178085 1412727598.31
7.92295215764 1412727598.93
7.85636818304 1412727599.53
7.876224389 1412727600.15
7.80519941774 1412727600.77
7.75414389727 1412727601.39
7.67237095834 1412727602.01
7.66664558824 1412727602.6
7.60637169444 1412727603.25
7.5637333461 1412727603.88
7.53561815599 1412727604.49
7.49121058584 1412727605.12
7.52522691628 1412727605.75
7.42241875178 1412727606.38
7.41580009434 1412727607.01
7.38023279067 1412727607.64
7.32850299248 1412727608.23
7.30109893403 1412727608.85
7.2991149573 1412727609.5
7.26002051584 1412727610.11
7.24568436394 1412727610.74
7.16542448492 1412727611.36
7.16080573393 1412727611.98
7.10463121254 1412727612.64
7.05404618171 1412727613.26
7.03323900884 1412727613.88
7.01777604643 1412727614.49
7.00614790066 1412727615.11
6.95644975677 1412727615.72
6.91917257826 1412727616.33
6.92060949778 1412727616.93
6.8773540555 1412727617.55
6.88482546235 1412727618.19
6.80928121321 1412727618.82
6.85247180171 1412727619.43
6.8543187678 1412727620.04
6.81055434727 1412727620.63
6.78851613341 1412727621.22
6.78828371152 1412727621.83
6.77358441089 1412727622.41
6.74254742176 1412727623.01
6.73717981932 1412727623.65
6.7283870568 1412727624.29
6.70518902809 1412727624.92
6.68857839724 1412727625.54
6.73308755307 1412727626.17
6.70905565331 1412727626.81
6.6861923764 1412727627.43
6.66755615972 1412727628.04
6.6798211809 1412727628.67
6.69174781801 1412727629.29
6.66192814868 1412727629.92
6.64638709821 1412727630.56
6.61886146185 1412727631.18
6.59732979633 1412727631.84
6.59853517714 1412727632.48
6.58404823033 1412727633.14
6.56064397382 1412727633.79
6.55515498035 1412727634.42
6.58414735555 1412727635.06
6.54496170663 1412727635.76
6.52851373465 1412727636.44
6.48876295657 1412727637.12
6.47468333907 1412727637.76
6.49989944662 1412727638.42
6.49215290183 1412727639.11
6.50505011436 1412727639.79
6.48470631343 1412727640.45
6.48803513728 1412727641.09
6.47768120142 1412727641.73
6.48043869767 1412727642.38
6.46624548621 1412727643.02
6.4692751835 1412727643.67
6.45942652638 1412727644.33
6.45523697787 1412727644.99
6.43047552258 1412727645.6
6.45355183224 1412727646.24
6.45491536143 1412727646.91
6.4280434633 1412727647.63
6.43294877277 1412727648.31
6.47064856509 1412727648.97
