56.1442405805 1412731342.57
55.5891800086 1412731343.14
55.3321761652 1412731343.71
54.8599703418 1412731344.31
54.9195388387 1412731344.91
54.9706752661 1412731345.5
55.1111628396 1412731346.15
55.3762597006 1412731346.75
55.3927757938 1412731347.36
54.386358278 1412731348.05
54.4978752064 1412731348.66
53.8560938127 1412731349.28
52.8701977476 1412731349.89
53.0312768061 1412731350.5
53.1021979209 1412731351.11
52.5826286322 1412731351.72
52.9007735042 1412731352.33
52.4878520437 1412731352.97
52.770710987 1412731353.62
53.0336216214 1412731354.22
53.0517054824 1412731354.9
52.7743501372 1412731355.54
52.4222287026 1412731356.14
51.0437275839 1412731356.78
49.8190187696 1412731357.41
48.5379043466 1412731358.04
47.5230700092 1412731358.63
46.515408621 1412731359.21
46.0363352466 1412731359.97
45.4915463483 1412731360.59
44.5663021804 1412731361.19
44.2747160662 1412731361.77
43.618994977 1412731362.37
42.9365309526 1412731362.98
42.6461021362 1412731363.59
41.672182061 1412731364.18
40.7626857471 1412731364.78
40.1050840836 1412731365.39
39.3218377258 1412731366.05
39.2364965417 1412731366.69
38.6240838435 1412731367.33
38.3077131909 1412731367.98
38.5103061991 1412731368.68
38.5829780274 1412731369.34
38.192197562 1412731369.99
37.8933899533 1412731370.65
37.7024404194 1412731371.27
37.3376004149 1412731371.93
37.1713025658 1412731372.59
37.2614163124 1412731373.21
36.9012059527 1412731373.86
37.2450842769 1412731374.56
37.0117757723 1412731375.28
37.3122681793 1412731375.96
37.0148552987 1412731376.65
37.0749232162 1412731377.3
36.8472933265 1412731377.94
36.7936563347 1412731378.57
36.7443874022 1412731379.26
36.9849831923 1412731379.93
36.7470383777 1412731380.58
36.5907438203 1412731381.24
36.7400632155 1412731381.91
36.5578632674 1412731382.6
36.6056343404 1412731383.28
36.4494523257 1412731383.96
36.3200654073 1412731384.62
36.3410560046 1412731385.28
36.317940809 1412731385.94
36.2660731415 1412731386.67
36.1713878739 1412731387.38
36.1825678459 1412731388.08
36.2365791565 1412731388.76
36.171817445 1412731389.48
36.2618736593 1412731390.19
36.319205619 1412731390.9
36.3248686792 1412731391.59
36.4346738036 1412731392.31
36.4678325419 1412731393.02
36.420214548 1412731393.73
36.469734911 1412731394.44
36.3953580275 1412731395.13
36.2800151989 1412731395.82
36.1242920571 1412731396.51
36.3320020389 1412731397.23
36.1685365284 1412731397.91
36.2900545863 1412731398.64
36.2546752589 1412731399.35
36.1850922771 1412731400.08
36.1275996434 1412731400.81
36.071034384 1412731401.54
35.9868795025 1412731402.25
35.958137251 1412731403.0
36.2078179552 1412731403.74
36.2585444438 1412731404.47
36.2354273368 1412731405.2
36.2352663703 1412731405.95
36.2435043108 1412731406.65
36.1897264629 1412731407.37
36.1705648462 1412731408.13
36.1235226986 1412731408.9
36.1368302812 1412731409.68
36.2180478535 1412731410.39
36.2600884974 1412731411.09
36.3724952024 1412731411.82
36.4977021668 1412731412.55
36.3703427978 1412731413.3
36.4768257338 1412731414.07
36.3961264658 1412731414.76
36.3995697725 1412731415.49
36.2440655069 1412731416.23
36.256091493 1412731416.94
36.3499285822 1412731417.67
36.2935858389 1412731418.37
36.2266586414 1412731419.12
36.2023988855 1412731419.87
36.1451649165 1412731420.59
35.9573172493 1412731421.3
35.8830219949 1412731422.02
35.9400831305 1412731422.74
35.9276028406 1412731423.5
35.8964360365 1412731424.26
35.8322751793 1412731425.01
35.8297943962 1412731425.77
35.7725053688 1412731426.49
35.5897206252 1412731427.22
35.5518422909 1412731427.98
35.5467560823 1412731428.71
35.3905970144 1412731429.43
35.3982808322 1412731430.15
35.3718805894 1412731430.87
35.5084647239 1412731431.62
35.3843482522 1412731432.34
35.3817317971 1412731433.08
35.4991716459 1412731433.81
35.2049641689 1412731434.51
35.2260819279 1412731435.23
35.2339353963 1412731435.91
35.2419890472 1412731436.61
35.2460854168 1412731437.36
35.2258541526 1412731438.07
35.3194882986 1412731438.84
35.1732448535 1412731439.53
35.209223249 1412731440.23
35.216619159 1412731440.99
35.2491728137 1412731441.71
35.2566839826 1412731442.41
35.3146915208 1412731443.1
35.3864243671 1412731443.8
35.334799136 1412731444.53
35.4108001499 1412731445.22
35.3245436807 1412731445.93
35.3965702946 1412731446.62
35.353319823 1412731447.34
35.3622848484 1412731448.07
35.4192024736 1412731448.8
35.3828646806 1412731449.49
35.4374621296 1412731450.17
35.5646388974 1412731450.86
35.5608780439 1412731451.59
35.5587105253 1412731452.29
35.5951898944 1412731453.0
35.6781563789 1412731453.68
35.7390093874 1412731454.38
35.7469523985 1412731455.09
35.8694112311 1412731455.8
35.9973414874 1412731456.53
35.9420084266 1412731457.18
35.970444544 1412731457.89
35.9976833823 1412731458.58
36.1278901455 1412731459.26
36.1403767306 1412731459.96
36.2041127597 1412731460.68
36.386762853 1412731461.4
36.6711519792 1412731462.1
36.8323459988 1412731462.8
36.8456544952 1412731463.54
37.0964831647 1412731464.24
37.516723988 1412731464.97
37.4944202222 1412731465.7
37.7718484549 1412731466.41
38.0016684617 1412731467.15
38.066439725 1412731467.86
38.2072354611 1412731468.59
38.0638528984 1412731469.29
38.4173688158 1412731470.01
38.6885422564 1412731470.7
38.9896412828 1412731471.42
39.0384110403 1412731472.15
39.2561037159 1412731472.85
39.1698594982 1412731473.61
39.1877767936 1412731474.36
39.1420911364 1412731475.13
179.756782813 1412731475.92
179.829678337 1412731476.66
180.029360724 1412731477.42
180.207599963 1412731478.15
180.366386902 1412731478.92
180.272167202 1412731479.7
180.432287533 1412731480.43
