27.1347638471 1412734394.93
27.0279376136 1412734395.98
27.2069558228 1412734397.1
27.376776603 1412734398.21
27.5113638895 1412734399.31
27.5704453322 1412734400.56
27.8268309213 1412734401.71
27.6561929276 1412734402.85
27.6858782356 1412734403.99
27.4696766161 1412734405.13
27.5602054362 1412734406.25
27.2372132174 1412734407.36
27.3525513549 1412734408.49
27.3400680628 1412734409.64
27.3723691244 1412734410.88
27.257387233 1412734412.04
27.3166420513 1412734413.17
27.3160976141 1412734414.4
27.3347526436 1412734415.6
27.1887553948 1412734416.82
27.0308595767 1412734418.04
27.0043270432 1412734419.24
26.9763023705 1412734420.4
27.154987521 1412734421.62
27.072337216 1412734422.8
27.093193622 1412734423.93
27.1879229222 1412734425.11
27.1634791227 1412734426.27
27.1303298836 1412734427.41
27.0719532126 1412734428.62
26.9205811123 1412734429.78
26.5995766357 1412734430.92
26.4494287369 1412734432.1
26.2464002836 1412734433.3
26.0166839568 1412734434.56
25.8951924304 1412734435.73
25.703186325 1412734436.94
25.5243207043 1412734438.1
25.3531539976 1412734439.28
25.3766033658 1412734440.48
25.2279586049 1412734441.67
25.1991476391 1412734442.84
25.1081666152 1412734443.98
25.1614472853 1412734445.13
25.1406025398 1412734446.25
25.0572683879 1412734447.34
25.110304551 1412734448.45
25.1332207061 1412734449.63
25.0707560997 1412734450.82
25.0660544263 1412734451.99
25.094046681 1412734453.17
24.9841314647 1412734454.33
24.8750074103 1412734455.48
24.9242249556 1412734456.66
24.9958764434 1412734457.81
25.1143040362 1412734459.03
25.1279251959 1412734460.21
25.2677093194 1412734461.38
25.1880176804 1412734462.53
25.0887762746 1412734463.73
25.0879201266 1412734464.92
25.0546588834 1412734466.08
25.1082003444 1412734467.23
25.1614498258 1412734468.39
25.2335648883 1412734469.53
25.2079077822 1412734470.69
25.1832180964 1412734471.82
25.0947778897 1412734472.99
25.1127855121 1412734474.17
25.1313006182 1412734475.33
25.1312329081 1412734476.51
25.181435014 1412734477.73
25.0700330218 1412734478.96
24.9346727224 1412734480.18
24.9309581064 1412734481.41
24.9602940561 1412734482.63
24.8633463814 1412734483.85
24.6795627733 1412734485.1
24.3630058112 1412734486.33
24.4216443034 1412734487.5
24.1837939003 1412734488.74
24.2068139848 1412734489.95
24.2295525933 1412734491.18
24.0150119266 1412734492.4
23.6687353058 1412734493.62
23.6698524931 1412734494.81
23.6613341907 1412734496.03
23.6068180313 1412734497.27
23.5459500992 1412734498.51
23.2895003462 1412734499.8
23.2451229332 1412734501.07
23.1563490402 1412734502.35
23.0884076047 1412734503.59
22.8126157872 1412734504.79
22.690675456 1412734506.0
22.5073522183 1412734507.23
22.4507694603 1412734508.44
22.320622229 1412734509.56
22.3324298904 1412734510.76
22.2570233071 1412734511.98
22.1202502055 1412734513.31
21.8587285817 1412734514.57
21.8361823304 1412734515.73
21.8023886723 1412734516.93
21.826970374 1412734518.18
21.7948874105 1412734519.37
21.6112945276 1412734520.53
21.5845977528 1412734521.74
21.5814693706 1412734522.94
21.6149027404 1412734524.15
21.4686407644 1412734525.43
21.374827354 1412734526.64
21.3227379755 1412734527.96
21.4033289478 1412734529.25
21.2479875339 1412734530.58
21.2850314006 1412734531.9
21.3359273646 1412734533.25
21.2353804548 1412734534.61
21.3397065095 1412734535.88
21.2420550876 1412734537.24
21.2930959532 1412734538.61
21.3631283435 1412734539.96
21.4553391755 1412734541.34
21.2656148727 1412734542.65
21.4161522629 1412734543.98
21.4918970671 1412734545.32
21.5341505873 1412734546.7
21.4381380204 1412734548.12
21.5103181374 1412734549.55
21.5468490703 1412734550.98
21.5676551747 1412734552.34
21.6089374953 1412734553.7
21.4605534412 1412734555.08
21.4203814789 1412734556.48
21.4492968486 1412734557.84
21.4168606428 1412734559.29
21.4506017521 1412734560.7
21.4081579316 1412734562.18
21.4828136922 1412734563.6
21.4358519684 1412734565.1
21.4212857853 1412734566.55
21.4275550265 1412734568.07
21.409304915 1412734569.51
21.4296695366 1412734571.1
21.4251186154 1412734572.6
21.3213249901 1412734574.09
21.4072040293 1412734575.56
21.3911617745 1412734577.07
21.4045685115 1412734578.61
21.4426436191 1412734580.16
21.4209274552 1412734581.7
21.3734494655 1412734583.24
21.3496106551 1412734584.77
21.3533844599 1412734586.26
21.2435861124 1412734587.83
21.2239723576 1412734589.38
21.1450954598 1412734590.92
21.0832353932 1412734592.44
21.1644112848 1412734593.97
21.1467018253 1412734595.46
21.1687220852 1412734596.95
21.194491922 1412734598.47
21.154911728 1412734599.98
20.9988026723 1412734601.56
21.0353078294 1412734603.12
20.9882551031 1412734604.61
20.9778953074 1412734606.15
20.9979331073 1412734607.7
21.0863688713 1412734609.18
21.0373461968 1412734610.66
21.0796188005 1412734612.14
21.0816687524 1412734613.69
20.9104086682 1412734615.19
20.8227347553 1412734616.68
20.839449106 1412734618.19
20.853939027 1412734619.74
20.8694756804 1412734621.22
20.7513060643 1412734622.7
20.7243586062 1412734624.27
20.7435464733 1412734625.84
20.7616077201 1412734627.39
20.7359220751 1412734628.95
20.7367922325 1412734630.46
20.7427413897 1412734632.06
20.7751923257 1412734633.66
20.7205798434 1412734635.23
20.7440230279 1412734636.78
20.7230314607 1412734638.33
20.762619645 1412734639.88
20.7821102788 1412734641.51
20.8088829336 1412734643.05
20.6786611113 1412734644.65
20.5654223208 1412734646.21
20.5776039962 1412734647.83
20.5956074787 1412734649.37
20.6085736562 1412734650.95
20.6630812872 1412734652.49
20.6062728873 1412734654.08
20.6186640416 1412734655.56
20.6277215184 1412734657.13
