14.753930785 1412744908.54
15.6443971268 1412744910.03
16.3526507578 1412744911.51
16.7890149376 1412744912.99
16.6367236272 1412744914.46
16.8100381483 1412744916.0
16.908124784 1412744917.43
17.0897170651 1412744918.88
16.7699336622 1412744920.28
16.757441195 1412744921.66
16.8282011394 1412744923.04
17.0034353922 1412744924.46
17.0507191704 1412744925.8
17.1166024549 1412744927.12
16.7045573848 1412744928.44
16.7448165931 1412744929.77
16.4340358388 1412744931.09
16.2924905463 1412744932.44
16.1835730907 1412744933.76
16.1018921632 1412744935.05
16.0769549634 1412744936.39
16.1818234416 1412744937.65
16.6962766323 1412744939.01
16.8199346766 1412744940.3
17.2349326364 1412744941.59
17.1877018065 1412744942.92
17.0270348574 1412744944.21
16.7724845616 1412744945.51
17.0457559241 1412744946.79
17.1212204027 1412744948.06
17.0524125196 1412744949.29
16.6481522451 1412744950.57
17.1819661368 1412744951.84
16.4292405376 1412744953.12
17.4919913498 1412744954.33
17.3505813423 1412744955.64
17.2741996564 1412744956.91
17.2314848413 1412744958.21
17.3666496284 1412744959.49
17.2380227486 1412744960.81
17.1899193436 1412744962.09
17.1584639318 1412744963.37
17.3499374263 1412744964.63
17.1378326068 1412744965.88
17.2963094091 1412744967.11
17.5333931673 1412744968.4
17.7958643522 1412744969.71
18.0439302542 1412744970.98
17.4703720162 1412744972.21
16.1743242656 1412744973.47
17.2053480955 1412744974.76
17.678456685 1412744976.0
18.0671473951 1412744977.28
18.0546391758 1412744978.57
17.9373745287 1412744979.84
17.5679462108 1412744981.06
17.5389157226 1412744982.28
17.4851586477 1412744983.57
17.3353896137 1412744984.82
17.2103281773 1412744986.1
17.2225650455 1412744987.36
17.0011414376 1412744988.63
17.2452607113 1412744989.89
17.0439433756 1412744991.15
17.137368045 1412744992.44
16.9430775456 1412744993.7
16.7959855461 1412744994.95
17.056387732 1412744996.25
16.8854494754 1412744997.52
16.6912279234 1412744998.82
16.8703419909 1412745000.11
17.0617992957 1412745001.39
17.0713483092 1412745002.74
16.9869311028 1412745004.07
16.8211519493 1412745005.37
16.6302061744 1412745006.67
16.4455240298 1412745007.97
16.1398578068 1412745009.33
15.8095604296 1412745010.72
15.2100894761 1412745012.12
14.4458827293 1412745013.56
15.2739624077 1412745014.94
14.650881761 1412745016.32
14.7188496231 1412745017.74
14.8024718683 1412745019.12
14.8804133101 1412745020.59
14.9382413827 1412745022.0
14.9409504661 1412745023.45
14.9783842926 1412745024.86
15.0646340237 1412745026.25
15.1206777061 1412745027.7
15.1940220696 1412745029.14
15.1747065425 1412745030.56
15.2187376131 1412745032.02
15.2736425874 1412745033.5
15.2433828625 1412745034.95
15.2890759504 1412745036.46
15.320759015 1412745037.95
15.3355207445 1412745039.42
15.2726778511 1412745040.9
15.2152186389 1412745042.32
15.2237098771 1412745043.85
15.1899949515 1412745045.37
15.1860762432 1412745046.86
15.1338987502 1412745048.35
15.1387571575 1412745049.84
15.0604740699 1412745051.4
15.0457853295 1412745052.9
15.0534142322 1412745054.43
15.0185219758 1412745055.9
14.9588191404 1412745057.43
14.967141676 1412745058.95
14.9790628196 1412745060.43
14.9563403223 1412745062.19
14.9592284744 1412745063.96
14.8830725404 1412745065.69
14.8023108371 1412745067.38
14.8516035204 1412745069.09
14.75110704 1412745070.82
14.6837630457 1412745072.62
14.6641448307 1412745074.4
14.6555975957 1412745076.08
14.6630026401 1412745077.74
14.6634516774 1412745079.41
14.6694335657 1412745081.11
14.6061534936 1412745082.76
14.5857990557 1412745084.33
14.4479826786 1412745085.91
14.3587786464 1412745087.5
14.2361561317 1412745089.12
14.1339271801 1412745090.73
14.1210229872 1412745092.27
14.1004235349 1412745093.81
14.0170286418 1412745095.36
13.9617346607 1412745096.91
13.9505356313 1412745098.45
13.9100568211 1412745100.04
13.8703734515 1412745101.65
13.8319917884 1412745103.22
13.7072814152 1412745104.78
13.5944917023 1412745106.38
13.4983692303 1412745107.98
13.4361562381 1412745109.56
13.4422522363 1412745111.14
13.3705183126 1412745112.69
13.3854675128 1412745114.26
13.3892630495 1412745115.83
13.3489662281 1412745117.44
13.2896843706 1412745119.02
13.1012082464 1412745120.59
13.1305232826 1412745122.18
13.1847745086 1412745123.85
13.2168713186 1412745125.48
13.2481308721 1412745127.09
13.3025736995 1412745128.69
13.3708529938 1412745130.34
13.3567734746 1412745131.97
13.4362047504 1412745133.64
13.4203899344 1412745135.26
13.4994139391 1412745136.92
13.5564275878 1412745138.63
13.5508528493 1412745140.27
13.6067127692 1412745141.96
13.6111355294 1412745143.59
13.6672938271 1412745145.24
13.6681255752 1412745146.97
13.7352294956 1412745148.67
13.8096529833 1412745150.38
13.8502082976 1412745152.09
13.8745918124 1412745153.82
13.8766222074 1412745155.45
13.8724222546 1412745157.13
13.8570917558 1412745158.83
13.8481545074 1412745160.54
13.8643795255 1412745162.25
13.8668250624 1412745163.97
13.8641083476 1412745165.71
13.8549189774 1412745167.5
13.8507462952 1412745169.25
13.8474221596 1412745171.02
13.7893799281 1412745172.73
13.8170642537 1412745174.43
13.8301826332 1412745176.18
13.879944612 1412745177.88
13.8902057694 1412745179.61
13.9007091002 1412745181.35
13.9152256882 1412745183.07
13.9283229962 1412745184.81
13.8927234289 1412745186.52
13.9294353874 1412745188.24
13.9846886798 1412745189.97
13.9004151613 1412745191.72
13.9188314203 1412745193.54
13.9050877136 1412745195.35
13.9059384352 1412745197.17
13.9182672844 1412745198.91
13.9931237556 1412745200.65
14.0007518433 1412745202.42
14.086018014 1412745204.18
14.0888564696 1412745206.1
