15.8016016374 1412742692.01
15.7203573963 1412742693.19
15.7189370723 1412742694.37
15.7387695457 1412742695.52
15.9200835306 1412742696.75
16.191931879 1412742697.98
16.5199641509 1412742699.28
16.8410495484 1412742700.3
17.0462247664 1412742701.47
17.1262428117 1412742702.66
17.138242685 1412742703.81
17.1680240965 1412742704.97
17.604164463 1412742706.0
17.5725276833 1412742707.07
17.4580075064 1412742708.11
17.4737016912 1412742709.08
17.4541868565 1412742710.05
17.2468822333 1412742711.02
17.1261894088 1412742711.94
17.178573425 1412742712.88
17.2913734797 1412742713.8
17.1905460309 1412742714.72
17.2681229806 1412742715.64
17.3024847583 1412742716.55
17.1302709433 1412742717.45
17.3363143956 1412742718.37
17.1986004669 1412742719.34
17.0745645781 1412742720.23
16.9538219227 1412742721.12
16.9388923001 1412742722.04
16.7666954176 1412742722.92
16.6992570099 1412742723.81
16.5466585665 1412742724.66
16.3899285115 1412742725.6
16.2318225734 1412742726.58
16.1638557751 1412742727.59
16.0806583387 1412742728.6
16.0187800947 1412742729.65
15.8411579052 1412742730.56
15.8037106943 1412742731.46
15.6439604534 1412742732.35
15.6048756224 1412742733.26
15.5094994631 1412742734.19
15.4485580118 1412742735.1
15.4816215287 1412742736.01
15.4493679243 1412742736.92
15.4539258212 1412742737.86
15.3761143107 1412742738.78
15.3591886586 1412742739.73
15.4264628655 1412742740.66
15.387370379 1412742741.59
15.4314183734 1412742742.51
15.600020913 1412742743.44
15.6867003995 1412742744.4
15.6218745338 1412742745.33
15.6829451042 1412742746.24
15.5290216903 1412742747.15
15.5578180162 1412742748.04
15.6358656914 1412742748.93
15.6958838804 1412742749.8
15.6809537714 1412742750.69
15.6940415468 1412742751.6
15.564387699 1412742752.55
15.48951571 1412742753.42
15.4759331758 1412742754.31
15.4345509838 1412742755.19
15.3735413591 1412742756.09
15.3097251576 1412742756.98
15.1443296681 1412742757.9
14.9899828963 1412742758.79
14.9102763413 1412742759.7
14.5829142659 1412742760.6
14.4493806714 1412742761.5
14.5456099473 1412742762.43
14.3304381254 1412742763.32
14.3632154445 1412742764.19
14.4096469431 1412742765.1
14.2103001127 1412742765.98
14.2929691623 1412742766.9
14.307954108 1412742767.8
14.204927754 1412742768.67
14.2171095787 1412742769.56
14.2909571707 1412742770.47
14.3415508129 1412742771.34
14.4595069342 1412742772.22
14.5195967665 1412742773.11
14.6009749658 1412742774.0
14.6715354658 1412742774.88
14.5857773376 1412742775.77
14.6069369357 1412742776.66
14.4879498776 1412742777.55
14.5007514634 1412742778.46
14.5027030806 1412742779.33
14.4699916538 1412742780.21
14.4304819538 1412742781.08
14.3616306773 1412742781.94
14.2047194693 1412742782.82
14.1097691251 1412742783.7
14.0567794402 1412742784.58
13.9827170335 1412742785.46
13.9344308279 1412742786.34
13.8544717856 1412742787.23
13.8315242972 1412742788.1
13.7308973027 1412742789.0
13.6247767649 1412742789.89
13.5846389878 1412742790.77
13.4779050751 1412742791.68
13.4038397412 1412742792.57
13.301636516 1412742793.44
13.2620162578 1412742794.32
13.1882006897 1412742795.19
13.0302948908 1412742796.08
13.0188539495 1412742796.95
12.9594053719 1412742797.83
12.8408227551 1412742798.72
12.7482339107 1412742799.57
12.7516778018 1412742800.41
12.7100926916 1412742801.29
12.6770654315 1412742802.19
12.6720812144 1412742803.06
12.6975527089 1412742803.95
12.6980354778 1412742804.85
12.6560202628 1412742805.75
12.6378015998 1412742806.64
12.5531361368 1412742807.53
12.5912985676 1412742808.43
12.5801407402 1412742809.26
12.52362399 1412742810.11
12.5137025718 1412742810.97
12.5385952712 1412742811.84
12.4862538814 1412742812.73
12.4899567145 1412742813.57
12.4971603948 1412742814.46
12.4183848736 1412742815.34
12.4143647372 1412742816.18
12.3535393886 1412742817.05
12.3535489942 1412742817.91
12.353618624 1412742818.78
12.3425701969 1412742819.64
12.323179472 1412742820.48
12.3419745451 1412742821.35
12.2998218644 1412742822.2
12.3004218858 1412742823.04
12.2362205392 1412742823.87
12.264891596 1412742824.75
12.2793973802 1412742825.56
12.2791006931 1412742826.41
12.2663641431 1412742827.24
12.2662592976 1412742828.09
12.2337146886 1412742828.97
12.2267017543 1412742829.8
12.2523242035 1412742830.66
12.2597595401 1412742831.45
12.2793151819 1412742832.27
12.2793163653 1412742833.1
12.2689776328 1412742833.95
12.2779164581 1412742834.81
12.2446755339 1412742835.68
12.2521716258 1412742836.55
12.237316681 1412742837.4
12.2384195758 1412742838.26
12.2486104284 1412742839.15
12.2620005876 1412742839.96
12.2676867737 1412742840.8
12.2653399855 1412742841.62
12.2407399946 1412742842.49
12.2645962784 1412742843.37
12.274004377 1412742844.21
12.2577782691 1412742845.07
12.244347418 1412742845.9
12.2358627073 1412742846.76
12.2316479472 1412742847.59
12.2388270707 1412742848.43
12.2341704916 1412742849.34
12.1895824431 1412742850.23
12.1860342502 1412742851.13
12.1916158781 1412742852.0
12.1827742254 1412742852.87
12.1983112452 1412742853.74
12.1876294225 1412742854.65
12.1721620931 1412742855.51
12.1312904204 1412742856.37
12.0682243446 1412742857.29
12.0944552695 1412742858.16
12.1157476754 1412742859.04
12.1292018486 1412742859.94
12.1108306678 1412742860.83
12.1035905475 1412742861.74
12.1072878836 1412742862.61
12.0877658632 1412742863.47
12.0701779622 1412742864.39
12.0714105833 1412742865.22
12.0822660694 1412742866.11
12.0872752438 1412742867.02
12.1050070447 1412742867.89
12.1155104576 1412742868.75
12.1080167987 1412742869.6
12.0531143415 1412742870.48
12.0601888954 1412742871.31
12.0449477958 1412742872.16
