11.2120557377 1412721724.75
10.950173041 1412721724.86
10.6196096623 1412721724.95
10.2943458301 1412721725.05
9.99768810707 1412721725.12
9.56981404605 1412721725.2
9.28197230603 1412721725.31
9.10794081368 1412721725.41
9.02606889211 1412721725.51
8.88248548167 1412721725.6
8.85881216525 1412721725.7
8.96230068746 1412721725.8
8.95092690868 1412721725.9
8.98226433803 1412721726.01
8.9520015278 1412721726.13
8.87623513012 1412721726.23
8.92031720542 1412721726.36
8.85633190476 1412721726.5
8.78912248228 1412721726.61
8.8450506147 1412721726.75
8.81952053681 1412721726.85
8.78386164173 1412721726.95
8.74257072082 1412721727.04
8.74852286684 1412721727.14
8.86969848518 1412721727.23
8.79920239223 1412721727.38
8.75873803167 1412721727.48
8.81888113121 1412721727.57
8.62706812431 1412721727.66
8.61879561665 1412721727.76
8.51619499354 1412721727.86
8.47772863584 1412721727.94
8.38026154678 1412721728.03
8.29143500246 1412721728.1
8.20073834677 1412721728.19
8.15394981624 1412721728.31
8.11318751588 1412721728.41
8.04770628458 1412721728.5
8.0601907575 1412721728.59
7.99838929896 1412721728.71
7.92574457726 1412721728.79
7.89909531777 1412721728.87
7.88664039701 1412721728.95
7.84245263929 1412721729.04
7.77459950419 1412721729.13
7.74718147174 1412721729.22
7.69219566478 1412721729.45
7.74333371613 1412721729.54
7.6803615417 1412721729.63
7.69352359249 1412721729.72
7.63132527008 1412721729.82
7.47462101512 1412721729.93
7.44947460826 1412721730.03
7.42916905317 1412721730.16
7.37934470702 1412721730.29
7.34793698779 1412721730.39
7.32913499261 1412721730.5
7.29453313645 1412721730.62
7.27710839081 1412721730.73
7.26289201603 1412721730.85
7.30377830243 1412721730.96
7.26328839289 1412721731.06
7.1060351673 1412721731.17
6.99505445248 1412721731.28
7.02772309984 1412721731.41
7.01305826384 1412721731.52
6.98035906337 1412721731.6
6.9066015307 1412721731.7
6.94301356393 1412721731.78
6.89453159902 1412721731.86
6.91925135129 1412721731.95
6.85846730109 1412721732.02
6.89025842066 1412721732.12
6.82539472369 1412721732.18
6.78545995316 1412721732.27
6.76910380112 1412721732.37
6.74425892647 1412721732.48
6.69143381035 1412721732.57
6.68801866351 1412721732.66
6.70518024684 1412721732.74
6.70377624321 1412721732.82
6.68928557442 1412721732.9
6.68899083372 1412721732.99
6.64476870856 1412721733.07
6.56715550536 1412721733.17
6.59152245845 1412721733.24
6.61439240407 1412721733.34
6.56176626402 1412721733.42
6.56628536985 1412721733.5
6.53324805061 1412721733.57
6.47366452841 1412721733.66
6.49348607813 1412721733.76
6.44534077632 1412721733.83
6.46555320756 1412721733.91
6.39649518362 1412721733.99
6.37677577819 1412721734.09
6.3325520698 1412721734.17
6.27505478917 1412721734.25
6.222583645 1412721734.33
6.19550514178 1412721734.4
6.19977755782 1412721734.48
6.17309768465 1412721734.56
6.17770137443 1412721734.63
6.15128181843 1412721734.72
6.15125421807 1412721734.81
6.12523685313 1412721734.89
6.13050872449 1412721734.97
5.98476738303 1412721735.05
5.98882711647 1412721735.13
5.98619525876 1412721735.22
5.98150080338 1412721735.33
6.00415130881 1412721735.42
5.93042345687 1412721735.5
5.91275179353 1412721735.57
5.93462875636 1412721735.65
5.8973821592 1412721735.74
5.91936051896 1412721735.83
5.88247337677 1412721735.92
5.90468602051 1412721735.98
5.86807495446 1412721736.08
5.89052117442 1412721736.16
5.87022220093 1412721736.23
5.89253488822 1412721736.31
5.81354808728 1412721736.39
5.84419782939 1412721736.47
5.85422389827 1412721736.56
5.87818866002 1412721736.65
5.88931962988 1412721736.74
5.86668094657 1412721736.84
5.87801079001 1412721736.92
5.85557824628 1412721737.01
5.81447992524 1412721737.1
5.83777631397 1412721737.19
5.66392622665 1412721737.28
5.64430547362 1412721737.37
5.62494922223 1412721737.45
5.59851240971 1412721737.53
5.6124327808 1412721737.62
5.58627054287 1412721737.71
5.60029359352 1412721737.81
5.56809896005 1412721737.95
5.584748032 1412721738.06
5.49396074457 1412721738.16
5.49087354214 1412721738.28
5.50021637933 1412721738.36
5.50763303953 1412721738.48
5.52372867595 1412721738.66
5.50307377877 1412721738.77
5.51368596813 1412721738.92
5.49322457195 1412721739.05
5.50392242563 1412721739.17
5.48369613312 1412721739.33
5.49136835588 1412721739.45
5.4515972388 1412721739.56
5.42494238172 1412721739.65
5.40873032536 1412721739.8
5.38554021042 1412721739.95
5.40018805216 1412721740.08
5.37724528095 1412721740.23
5.39193432823 1412721740.37
5.36917060971 1412721740.48
5.38398555804 1412721740.58
5.36136880474 1412721740.68
5.31473677098 1412721740.76
5.32275226216 1412721740.86
5.33113993973 1412721741.01
5.35160227359 1412721741.11
5.32748057882 1412721741.35
5.34159663226 1412721741.48
5.31583577578 1412721741.6
5.3010262026 1412721741.73
5.30985889951 1412721741.87
5.29514507709 1412721741.99
5.3040515038 1412721742.11
5.28948947888 1412721742.24
5.29850201806 1412721742.35
5.28409030162 1412721742.48
5.29308373086 1412721742.57
5.27885779257 1412721742.68
5.28795543875 1412721742.81
5.27380986223 1412721742.9
5.2829871478 1412721743.0
5.26895729129 1412721743.11
5.24348942025 1412721743.19
5.209276452 1412721743.31
5.19631129052 1412721743.51
5.18286922846 1412721743.61
5.19877174846 1412721743.74
5.20631390856 1412721743.88
5.19312555464 1412721744.03
5.05022394205 1412721744.12
5.06417730779 1412721744.2
5.08839690057 1412721744.32
5.09619105169 1412721744.41
5.10435872561 1412721744.52
5.11776084206 1412721744.6
5.12617265853 1412721744.7
5.11536617753 1412721744.8
5.12385211649 1412721744.88
5.11311125804 1412721745.02
