29.3803264131 1412730433.88
28.4595235804 1412730434.51
27.7741685421 1412730435.15
27.2905009322 1412730435.78
27.0230508418 1412730436.43
26.5022468984 1412730437.05
26.3703666388 1412730437.63
25.918723135 1412730438.27
25.744966167 1412730438.87
25.7278532574 1412730439.44
25.7734207427 1412730440.05
25.7967967336 1412730440.63
25.8369077926 1412730441.22
25.7289698895 1412730441.79
25.5206856767 1412730442.38
25.351422777 1412730442.94
25.1178876959 1412730443.51
24.7914325126 1412730444.09
24.6098630045 1412730444.69
24.4591774937 1412730445.29
24.2246461769 1412730445.87
24.2698124078 1412730446.41
24.2393601269 1412730446.99
24.3170553588 1412730447.55
24.267390123 1412730448.13
24.2375346907 1412730448.71
24.3305208957 1412730449.3
24.3427743189 1412730449.86
24.3435368854 1412730450.39
24.384691658 1412730450.94
24.3139471307 1412730451.52
24.3194632279 1412730452.11
24.3347549212 1412730452.67
24.3206199384 1412730453.24
24.2729203061 1412730453.8
24.2835465583 1412730454.36
24.2909663105 1412730454.93
24.291244578 1412730455.5
24.2159333564 1412730456.02
24.2341770078 1412730456.57
24.2374332801 1412730457.13
24.2718690422 1412730457.67
24.2823063608 1412730458.23
24.2438723344 1412730458.78
24.2011021363 1412730459.32
23.9604511426 1412730459.86
24.0267271115 1412730460.41
22.8181899561 1412730460.98
20.9610791179 1412730461.55
21.2693297235 1412730462.11
22.2953559199 1412730462.65
22.4375963158 1412730463.18
22.2864233173 1412730463.72
21.9764484775 1412730464.28
22.0517210451 1412730464.82
22.3845802076 1412730465.36
22.7195576432 1412730465.91
23.1852369459 1412730466.45
23.5512665572 1412730467.05
17.6194064967 1412730467.6
18.0926761744 1412730468.2
19.2286454131 1412730468.8
19.6769126636 1412730469.37
19.748540293 1412730469.97
19.7861268649 1412730470.59
19.5437930659 1412730471.15
19.6469796063 1412730471.77
19.4464995507 1412730472.38
19.4364766338 1412730473.0
19.2549220996 1412730473.58
19.1141577432 1412730474.17
18.8884125269 1412730474.76
18.5117415273 1412730475.39
18.2670960832 1412730475.97
17.9263412506 1412730476.57
17.6655535753 1412730477.16
17.3311892872 1412730477.8
17.158280955 1412730478.41
16.7333604495 1412730479.04
16.4428329557 1412730479.63
15.8752286706 1412730480.22
15.6667239365 1412730480.83
15.481605625 1412730481.44
15.3043496763 1412730482.07
15.1187339343 1412730482.68
14.8587880758 1412730483.27
14.7288840345 1412730483.89
14.6013008029 1412730484.56
14.6546226976 1412730485.22
14.9877520904 1412730485.82
14.7866838708 1412730486.47
15.1046781471 1412730487.12
15.5340019134 1412730487.68
15.8772578576 1412730488.27
16.1126103884 1412730488.86
16.3373151311 1412730489.45
16.3074418171 1412730490.04
16.4477171711 1412730490.64
16.3621991246 1412730491.26
16.4734801761 1412730491.85
16.5700148753 1412730492.43
16.6579006377 1412730493.04
16.7115461614 1412730493.69
16.7170801186 1412730494.27
16.7400793787 1412730494.87
16.7014932449 1412730495.48
16.6992775732 1412730496.04
16.7013257741 1412730496.63
16.7037498795 1412730497.2
16.6941792205 1412730497.8
16.6849902784 1412730498.39
16.5495738288 1412730498.96
16.5382642565 1412730499.5
16.5342499359 1412730500.07
16.5189159102 1412730500.67
16.5151006766 1412730501.24
16.5165192641 1412730501.78
16.5210223152 1412730502.32
16.5075587686 1412730502.88
16.5224230958 1412730503.45
16.5273491092 1412730504.01
16.4478400798 1412730504.6
16.4518977889 1412730505.14
16.453975589 1412730505.73
16.455265851 1412730506.3
16.4558783072 1412730506.85
16.4507073267 1412730507.41
16.4519108469 1412730507.95
16.4501392302 1412730508.5
16.4489622627 1412730509.06
16.439933923 1412730509.62
16.4193715969 1412730510.23
16.4513444972 1412730510.78
16.4238811378 1412730511.35
16.4677860871 1412730511.94
16.440175337 1412730512.51
16.4708346124 1412730513.07
16.3692252799 1412730513.66
16.3544293219 1412730514.25
16.3436567124 1412730514.85
16.2896233468 1412730515.44
16.2809156413 1412730516.02
16.2864791722 1412730516.55
16.284652798 1412730517.16
16.1149970766 1412730517.9
16.2927200205 1412730518.59
16.303765291 1412730519.22
16.1455188077 1412730519.87
16.3836047538 1412730520.55
16.3959837293 1412730521.16
16.2355465423 1412730521.8
16.2431585352 1412730522.37
16.2544314911 1412730522.96
16.2628022188 1412730523.59
16.2766859424 1412730524.23
16.4478449731 1412730524.94
16.4581606727 1412730525.58
16.317490074 1412730526.48
16.4966381053 1412730527.4
16.3326519049 1412730528.15
16.5114580277 1412730528.96
16.5409944814 1412730529.86
16.3735724585 1412730530.46
16.5452585259 1412730531.06
16.5875031317 1412730531.76
16.587388609 1412730532.37
16.5891132352 1412730533.01
16.5873246727 1412730533.66
16.5827382706 1412730534.26
16.5737656085 1412730534.94
16.5625656192 1412730535.79
16.545523227 1412730536.82
16.5432524596 1412730537.65
16.5338371918 1412730538.37
16.5325994978 1412730539.03
16.4915913906 1412730539.74
16.4488435302 1412730540.48
16.5487547587 1412730541.36
16.4621010105 1412730542.27
16.4847145432 1412730542.95
16.5017580824 1412730543.63
16.5906854847 1412730544.28
16.4616638052 1412730544.99
16.4011044112 1412730545.62
16.3419394305 1412730546.29
16.2778501067 1412730546.94
16.3648341847 1412730547.55
16.227605386 1412730548.2
16.3063012675 1412730548.85
16.3831504799 1412730549.47
16.3330752485 1412730550.06
16.4035949736 1412730550.67
16.3316861583 1412730551.3
16.438481062 1412730551.87
16.3921495841 1412730552.47
16.4664505068 1412730553.09
16.4337990515 1412730553.74
16.4980653979 1412730554.38
16.434168266 1412730555.04
16.4366574985 1412730555.7
