15.6307298626 1412736170.53
15.1029144132 1412736171.54
14.8320253034 1412736172.55
14.7557786203 1412736173.52
14.7091619057 1412736174.49
14.6593673921 1412736175.57
14.7518009515 1412736176.69
14.7632317092 1412736177.76
14.6339768483 1412736178.78
14.5654160013 1412736179.78
14.3728757121 1412736180.75
14.0702902526 1412736181.82
13.9489497402 1412736182.85
13.7433582314 1412736183.89
13.6610836393 1412736184.9
13.6705589028 1412736185.9
13.5116803675 1412736186.91
13.425793801 1412736187.91
13.2002652866 1412736188.89
13.2065036915 1412736189.9
13.2836447804 1412736190.92
13.0716357412 1412736191.88
13.1838852129 1412736192.86
13.6730492771 1412736193.86
13.2849753152 1412736194.86
13.0236146516 1412736195.85
13.2581023527 1412736196.86
13.0103941882 1412736197.85
13.2253708215 1412736198.83
13.0688084506 1412736199.78
12.9539408474 1412736200.79
12.8443773628 1412736201.81
12.8187179479 1412736202.8
12.7447841844 1412736203.75
12.8043805217 1412736204.73
12.697760994 1412736205.76
12.7254580226 1412736206.79
12.5960976306 1412736207.79
12.7047185572 1412736208.81
12.5843122613 1412736209.84
12.6736184154 1412736210.86
12.6157978085 1412736211.88
12.6593835786 1412736212.93
12.5798925811 1412736213.96
12.6660521418 1412736214.99
12.5903397342 1412736216.01
12.6850583176 1412736217.06
12.6064199523 1412736218.07
12.5161046667 1412736219.06
12.5863575828 1412736220.12
12.5341759741 1412736221.16
12.5990925434 1412736222.2
12.5189640154 1412736223.23
12.4893493111 1412736224.28
12.5015811545 1412736225.34
12.5556485143 1412736226.33
12.6107329602 1412736227.37
12.4978557894 1412736228.42
12.5676171546 1412736229.46
12.6217658993 1412736230.53
12.6804055068 1412736231.56
12.7505198311 1412736232.59
12.6018205889 1412736233.73
12.6179060587 1412736234.78
12.6741051185 1412736235.82
12.6186002616 1412736236.89
12.6197197672 1412736237.92
12.6129462709 1412736238.93
12.6976610194 1412736239.98
12.5665669908 1412736241.06
12.5595158214 1412736242.18
12.5061700117 1412736243.27
12.5188901794 1412736244.52
12.5548598797 1412736245.79
12.5445140367 1412736246.9
12.5393832197 1412736248.06
12.4964653222 1412736249.16
12.5035892372 1412736250.32
12.4756814279 1412736251.39
12.3906554026 1412736252.44
12.2846053369 1412736253.51
12.362775947 1412736254.64
12.3215020491 1412736255.7
12.3276583054 1412736256.82
12.1963237827 1412736257.88
12.326868984 1412736258.97
12.1941945391 1412736260.1
12.2277869354 1412736261.19
12.36749424 1412736262.24
12.2476119508 1412736263.4
12.1565615429 1412736264.53
12.1967798468 1412736265.67
12.1026963417 1412736266.81
12.181799874 1412736267.86
12.2567979044 1412736268.84
12.1136842894 1412736269.85
12.222771421 1412736270.85
12.1317782621 1412736271.87
12.1963055022 1412736272.86
12.1169310788 1412736273.84
12.2465654496 1412736274.86
12.1229030489 1412736275.84
12.1882035519 1412736276.83
12.0692941895 1412736277.83
12.178784013 1412736278.82
12.0034076651 1412736279.79
12.1224791399 1412736280.84
11.9251281515 1412736281.84
12.0390163246 1412736282.88
11.8683147242 1412736283.85
12.0744490227 1412736284.84
12.1999766245 1412736285.81
12.0473362264 1412736287.18
12.2284005256 1412736288.32
12.0793344359 1412736289.36
12.2225406849 1412736290.29
12.0434900669 1412736291.29
12.3269589227 1412736292.25
12.1242317996 1412736293.2
12.3108094822 1412736294.24
12.1545758658 1412736295.19
12.3460499417 1412736296.18
12.1408303792 1412736297.21
12.2917602199 1412736298.21
12.179133459 1412736299.2
12.3371306949 1412736300.17
12.1564473987 1412736301.15
12.3386441228 1412736302.12
12.1121392748 1412736303.05
12.2900573195 1412736304.05
12.0942982641 1412736305.06
12.2450235325 1412736305.98
12.0545662809 1412736307.0
12.2319569124 1412736307.97
12.0328817676 1412736308.96
12.2343701734 1412736309.91
12.0041280571 1412736310.89
12.2491715087 1412736311.86
12.0321047777 1412736312.81
12.2489831352 1412736313.83
12.0568256609 1412736314.83
12.1011619648 1412736315.76
11.8968999789 1412736316.71
12.1356031801 1412736317.68
11.933311752 1412736318.64
12.1058214778 1412736319.66
11.9406365068 1412736320.65
12.1324163429 1412736321.66
11.9484945902 1412736322.61
12.1884512581 1412736323.57
12.0129618957 1412736324.56
12.2184936379 1412736325.57
12.0395588264 1412736326.56
12.254271947 1412736327.57
12.1293157972 1412736328.57
12.0835535101 1412736329.54
12.0634152698 1412736330.5
12.0030695403 1412736331.48
12.1428398742 1412736332.45
12.0874016049 1412736333.39
12.0754076031 1412736334.42
12.0709241117 1412736335.41
12.1699573962 1412736336.43
12.1511005596 1412736337.39
12.1744617996 1412736338.36
12.0485942662 1412736339.33
12.110307971 1412736340.31
11.9859094125 1412736341.31
12.026237059 1412736342.24
12.12471374 1412736343.26
12.0193399015 1412736344.25
12.0461949829 1412736345.34
11.9166142688 1412736346.29
11.9743319272 1412736347.3
12.1172454145 1412736348.27
11.9494147102 1412736349.28
12.094829658 1412736350.27
11.9375906115 1412736351.24
12.0096400653 1412736352.26
11.9119061452 1412736353.22
12.0467189591 1412736354.2
11.8945043595 1412736355.24
12.0383743462 1412736356.27
11.8884146369 1412736357.27
11.9830916236 1412736358.31
11.8562401103 1412736359.3
11.9573721283 1412736360.31
11.9325348377 1412736361.38
11.9279699959 1412736362.36
12.048276285 1412736363.33
11.901207671 1412736364.36
12.0132984397 1412736365.31
12.0047038014 1412736366.3
12.1101298796 1412736367.29
11.984893662 1412736368.32
12.0105165497 1412736369.28
12.0918904929 1412736370.27
11.9453797204 1412736371.31
12.064985511 1412736372.31
12.0512690744 1412736373.27
