22.0684038483 1412728973.02
21.4837639835 1412728973.58
21.1498336364 1412728974.27
21.2097056337 1412728974.94
21.0271139085 1412728975.58
20.9122319177 1412728976.27
20.9567505987 1412728976.96
20.4004468156 1412728977.61
20.0945381389 1412728978.24
19.535235577 1412728978.86
19.0003415602 1412728979.48
18.6848960715 1412728980.05
18.5495428724 1412728980.66
18.1959278625 1412728981.25
17.849566298 1412728981.87
17.5778060098 1412728982.51
17.2551262562 1412728983.18
16.9325666508 1412728983.78
16.7492469096 1412728984.38
16.6226856174 1412728984.93
16.656940778 1412728985.53
16.6743524558 1412728986.14
16.6609829321 1412728986.71
16.4735592471 1412728987.25
16.489157355 1412728987.8
16.6179024159 1412728988.38
16.5919698994 1412728988.92
16.8405432181 1412728989.49
16.9939302656 1412728990.1
17.113350082 1412728990.7
17.2009136646 1412728991.24
17.3674847841 1412728991.84
17.5951490642 1412728992.41
17.5367952635 1412728993.1
17.8890464078 1412728994.1
17.9750339074 1412728995.05
18.028739934 1412728996.1
18.1654730631 1412728997.09
18.3592825246 1412728997.88
17.962165461 1412728998.43
17.776788417 1412728998.98
17.7268768842 1412728999.52
17.6281367304 1412729000.07
17.2376800299 1412729000.64
17.1830477161 1412729001.29
17.1741178235 1412729002.02
16.92060585 1412729002.7
17.1911754521 1412729003.38
17.2131368073 1412729004.02
17.2246555257 1412729004.64
17.2387843744 1412729005.32
17.2685836177 1412729005.99
17.181557868 1412729006.64
17.2823136649 1412729007.24
17.4414665162 1412729007.83
17.256814133 1412729008.41
17.414876501 1412729008.97
17.1734243274 1412729009.58
17.4135420518 1412729010.17
17.1435178285 1412729010.78
17.4493302189 1412729011.35
17.0336222946 1412729011.96
17.4328155619 1412729012.67
17.9309935967 1412729013.36
17.4935197275 1412729014.1
18.155085795 1412729014.9
18.2759933194 1412729015.66
18.3310773806 1412729016.3
17.9320738108 1412729016.96
16.8747492445 1412729017.59
18.239452484 1412729018.38
18.9934931664 1412729019.12
19.3486487186 1412729019.87
20.0086696082 1412729020.65
10.7116276607 1412729021.31
10.2670996808 1412729021.9
10.6338873638 1412729022.48
11.3540856996 1412729023.04
11.8216543291 1412729023.61
14.399837508 1412729024.32
14.7120383716 1412729024.92
15.8876301614 1412729025.53
16.0898270712 1412729026.06
16.2485808926 1412729026.63
16.2992964206 1412729027.24
16.392931857 1412729027.79
16.2771567477 1412729028.37
16.4535377915 1412729028.98
16.5134560037 1412729029.57
16.2906956287 1412729030.21
16.4771102215 1412729030.84
16.4161791913 1412729031.53
16.5064179735 1412729032.15
16.6901825432 1412729032.69
16.6144576071 1412729033.22
16.7369483377 1412729033.9
16.6443094734 1412729034.62
16.5323853125 1412729035.28
16.3558735446 1412729036.11
16.4929385233 1412729036.79
16.3309070982 1412729037.48
16.4859039072 1412729038.15
16.6331772514 1412729038.84
16.5114703972 1412729039.52
16.3391866363 1412729040.22
16.4573150337 1412729040.87
16.3273644395 1412729041.51
16.8670927063 1412729042.12
16.9771719026 1412729042.76
17.1029585484 1412729043.35
17.1979945268 1412729043.93
17.1171699663 1412729044.54
16.9904322246 1412729045.21
17.094971358 1412729045.84
16.8796723939 1412729046.45
16.7908952263 1412729047.06
16.6670847032 1412729047.68
16.5446906704 1412729048.36
16.4140796423 1412729049.03
16.7727048701 1412729049.69
16.8924052455 1412729050.34
17.04070773 1412729050.96
17.1481968174 1412729051.59
17.2347280187 1412729052.2
17.1599971015 1412729052.78
17.2382686513 1412729053.41
17.1687197655 1412729054.01
17.2427081162 1412729054.67
17.1828847696 1412729055.31
17.3449272431 1412729055.94
17.4950371867 1412729056.6
17.4731953818 1412729057.25
17.5947822743 1412729057.91
17.551907373 1412729058.6
17.617974989 1412729059.28
17.5825836981 1412729059.95
17.6355293017 1412729060.62
17.4978160368 1412729061.27
17.4646202767 1412729061.94
17.3951559265 1412729062.62
17.3159964842 1412729063.28
17.4469262923 1412729063.96
17.4223539991 1412729064.65
17.3711581626 1412729065.31
17.4384279124 1412729066.0
17.3269124162 1412729066.65
17.397733323 1412729067.34
17.3527263755 1412729067.98
17.2929517008 1412729068.65
17.1523807331 1412729069.31
17.1145305708 1412729069.96
17.1803866607 1412729070.63
17.1554296021 1412729071.28
17.096077062 1412729071.93
17.1608379543 1412729072.61
17.1862385123 1412729073.3
17.2702222545 1412729074.0
17.3236377862 1412729074.7
17.3443016773 1412729075.37
17.2872042059 1412729076.05
17.2381525599 1412729076.71
17.5296955831 1412729077.36
17.5052385321 1412729078.06
17.2565066657 1412729078.77
17.3117766168 1412729079.48
17.2769187378 1412729080.19
17.3336275969 1412729080.9
17.2994823096 1412729081.61
17.2961569768 1412729082.31
17.3809403094 1412729083.01
17.3654880543 1412729083.67
17.3604603589 1412729084.33
17.3871243304 1412729085.04
17.3764733505 1412729085.77
17.3472813377 1412729086.51
17.3323761595 1412729087.21
17.3156840705 1412729087.95
17.3539715087 1412729088.69
17.3263102794 1412729089.38
17.30364671 1412729090.1
17.3103935944 1412729090.77
17.2877506183 1412729091.48
17.1553850281 1412729092.15
17.1451539695 1412729092.9
17.1632229339 1412729093.64
17.156861634 1412729094.38
17.3933434664 1412729095.07
17.3619228575 1412729095.78
17.3741873462 1412729096.48
17.3818190129 1412729097.21
17.3692087864 1412729097.92
17.3375410332 1412729098.65
17.3674708264 1412729099.39
17.2610144718 1412729100.12
17.2452253106 1412729100.81
17.2494222459 1412729101.51
17.2312836696 1412729102.23
17.2344307061 1412729102.92
17.2238054754 1412729103.63
17.2460376378 1412729104.35
