31.5424564887 1412742207.92
32.5094261475 1412742208.87
33.1287418297 1412742209.85
33.7707069196 1412742210.82
33.6326557902 1412742211.77
33.4787606179 1412742212.69
33.3728172236 1412742213.61
32.9693762263 1412742214.47
32.4839815681 1412742215.41
32.3232038201 1412742216.35
34.3518977493 1412742217.22
33.5207292126 1412742218.1
33.7119306286 1412742219.04
33.507677232 1412742219.96
33.495478248 1412742220.88
33.3762934341 1412742221.78
33.2644437184 1412742222.7
33.2797019398 1412742223.61
33.1602764502 1412742224.51
33.0850037794 1412742225.45
33.0926159759 1412742226.38
33.0072039353 1412742227.28
32.9231673244 1412742228.24
32.7605090711 1412742229.19
32.6830030765 1412742230.14
32.3541450566 1412742231.14
32.4485061571 1412742232.14
32.3916153022 1412742233.1
32.5081258991 1412742234.1
32.5098729783 1412742235.11
32.4322397656 1412742236.13
32.5305379154 1412742237.16
32.4676411004 1412742238.17
32.3338790395 1412742239.2
32.311207033 1412742240.2
32.254712497 1412742241.2
32.2127746127 1412742242.2
32.0220565331 1412742243.3
31.8923001811 1412742244.28
31.7928287728 1412742245.3
31.6984740379 1412742246.29
31.6643578057 1412742247.28
31.4928586949 1412742248.28
31.3363039201 1412742249.27
31.2354584529 1412742250.25
31.0933447575 1412742251.22
31.0397931454 1412742252.21
30.9125296107 1412742253.17
30.8351160311 1412742254.17
30.8431247014 1412742255.18
30.954513567 1412742256.21
30.9069850629 1412742257.2
31.0252232273 1412742258.18
30.9996066 1412742259.17
30.9360223218 1412742260.15
30.629855312 1412742261.13
30.4542408564 1412742262.15
30.3684899974 1412742263.19
30.57000589 1412742264.19
30.2717838586 1412742265.16
30.3122372328 1412742266.16
30.5120971422 1412742267.16
30.1896906674 1412742268.13
30.4573010833 1412742269.12
30.5246370964 1412742270.11
30.2517786584 1412742271.14
30.3283132195 1412742272.16
30.4589527585 1412742273.1
30.0737223718 1412742274.04
30.3207953711 1412742274.95
30.74121699 1412742275.9
30.2935832418 1412742276.86
30.6913144075 1412742277.78
30.4050252629 1412742278.73
29.8654473526 1412742279.68
30.3370551364 1412742280.7
29.7270951218 1412742281.64
30.2136301087 1412742282.55
29.4353078683 1412742283.49
30.2717874563 1412742284.4
29.4093755741 1412742285.32
30.4161959624 1412742286.25
29.5881772872 1412742287.18
30.4286794854 1412742288.09
29.5330525106 1412742289.04
30.466179399 1412742290.01
29.6900006523 1412742290.99
30.6561076725 1412742291.89
29.8843461781 1412742292.83
31.1699339339 1412742293.71
30.2568391825 1412742294.6
29.2435130177 1412742295.58
30.534940887 1412742296.54
29.5053134704 1412742297.48
30.5715694309 1412742298.39
29.5103167645 1412742299.32
30.6840418321 1412742300.26
29.6924034453 1412742301.24
30.8533855966 1412742302.19
29.8016560492 1412742303.19
30.7547960802 1412742304.12
29.9298510454 1412742305.08
30.7718924909 1412742306.02
29.8717824789 1412742307.0
31.0432639465 1412742307.95
30.3325271769 1412742308.95
31.3738490725 1412742309.95
30.7580964607 1412742310.92
29.6754971966 1412742311.92
30.8218051367 1412742312.87
30.2135848743 1412742313.86
29.1782812077 1412742314.83
30.2348305552 1412742315.83
30.6357843416 1412742316.82
29.9333362048 1412742317.83
30.7547320636 1412742318.79
30.1098258945 1412742319.82
30.9344908364 1412742320.84
30.4243700521 1412742321.85
29.543465479 1412742322.85
30.2627397318 1412742323.85
29.4576994464 1412742324.8
30.0649259839 1412742325.8
29.1768387799 1412742326.86
30.0857135688 1412742327.84
29.3089010482 1412742328.81
30.0769361813 1412742329.83
29.196919999 1412742330.83
30.0228427961 1412742331.82
29.2385781537 1412742332.82
30.0281172164 1412742333.83
29.2728929764 1412742334.83
30.0704631519 1412742335.81
29.2325850421 1412742336.84
29.8004332329 1412742337.87
29.2240894939 1412742338.89
29.8735903483 1412742339.89
29.1745297115 1412742340.9
29.9445515811 1412742341.96
29.305207199 1412742343.0
29.9430524193 1412742344.03
29.3894000713 1412742345.05
29.8849072969 1412742346.09
29.239205284 1412742347.18
29.912431708 1412742348.25
29.3573329982 1412742349.35
30.012236205 1412742350.4
29.4196991372 1412742351.51
30.0267980041 1412742352.59
29.5147224602 1412742353.71
30.0201502133 1412742354.78
29.5465238093 1412742355.82
29.9802787692 1412742356.84
29.3603452878 1412742357.87
29.9179105525 1412742358.94
29.395594209 1412742360.01
29.9521449333 1412742361.1
29.4997564521 1412742362.19
29.0774108381 1412742363.26
29.5251878049 1412742364.34
28.9832558284 1412742365.43
29.4213481763 1412742366.49
29.0077465191 1412742367.57
29.3043635327 1412742368.66
28.8705602018 1412742369.74
29.273797705 1412742370.81
28.9768321483 1412742371.89
29.1359804257 1412742372.99
28.9744148115 1412742374.07
29.1595032979 1412742375.15
28.8055832115 1412742376.24
29.1986724806 1412742377.31
28.7300655217 1412742378.39
28.6484035144 1412742379.47
28.329300956 1412742380.6
28.2422926161 1412742381.71
28.4626689154 1412742382.8
28.6731598967 1412742383.9
28.4092924892 1412742385.02
28.7262835678 1412742386.11
28.4535184445 1412742387.17
28.6494951134 1412742388.22
28.1885197981 1412742389.33
27.8406748947 1412742390.41
28.0638680991 1412742391.48
27.7796940098 1412742392.65
28.0619020561 1412742393.76
27.795335483 1412742394.88
27.9488125449 1412742395.99
27.8006348478 1412742397.1
27.7521325972 1412742398.18
27.8897388519 1412742399.3
27.6934595147 1412742400.44
27.8531753752 1412742401.54
28.1030537422 1412742402.66
27.8558350987 1412742403.79
27.6937028847 1412742404.91
27.8811944822 1412742406.02
27.683270794 1412742407.1
27.885744811 1412742408.23
