52.3037842291 1412752917.81
52.2955616464 1412752919.38
52.9071352144 1412752920.9
53.1836338288 1412752922.68
53.3957191122 1412752924.21
53.4509909789 1412752925.77
53.4336687795 1412752927.31
53.2293553948 1412752928.86
52.8741850614 1412752930.42
52.2971283435 1412752931.92
52.05676168 1412752933.42
51.763400442 1412752934.92
51.321426043 1412752936.45
51.0863489233 1412752937.95
50.5457200451 1412752939.56
50.5269975773 1412752941.06
50.3439790635 1412752942.64
50.2611084044 1412752944.22
49.83663121 1412752945.8
49.7304557429 1412752947.43
49.6554121415 1412752949.03
49.4233134191 1412752950.52
49.3533583104 1412752952.06
49.759680847 1412752953.59
49.8307523668 1412752955.09
49.9908999982 1412752956.62
50.107681955 1412752958.19
50.2062392401 1412752959.74
50.1948472498 1412752961.32
49.9138412721 1412752962.89
49.8955935057 1412752964.48
49.5267369749 1412752966.15
49.5399919915 1412752967.76
49.5886189148 1412752969.38
49.7356528492 1412752971.03
49.7074365499 1412752972.62
49.6860255694 1412752974.21
49.4567357656 1412752975.86
49.3210433452 1412752977.49
49.2662846789 1412752979.09
49.3150352434 1412752980.76
49.1629918876 1412752982.41
49.218157929 1412752984.16
49.301057881 1412752985.87
49.2471864411 1412752987.61
49.1531069633 1412752989.3
49.0696965233 1412752990.99
48.9709583479 1412752992.7
49.1482051673 1412752994.41
48.8806513059 1412752996.13
49.0600314585 1412752997.87
49.0107851093 1412752999.65
48.7862707849 1412753001.46
48.65951102 1412753003.26
48.5768301609 1412753005.05
48.7365488986 1412753006.83
48.4576945285 1412753008.61
48.6365319661 1412753010.4
48.7227624421 1412753012.2
48.795342215 1412753013.96
48.8737843306 1412753015.78
49.0140610029 1412753017.59
49.1942317474 1412753019.39
49.276110116 1412753021.16
49.2111551345 1412753023.0
49.3125601425 1412753024.83
49.3536652987 1412753026.69
49.5506876448 1412753028.52
49.6830231767 1412753030.3
49.7555109065 1412753032.17
49.784058005 1412753034.01
49.8604268661 1412753035.83
49.8158554051 1412753037.64
49.8305867744 1412753039.5
49.7418723907 1412753041.37
49.8034379847 1412753043.26
49.7643455432 1412753045.15
49.7599182357 1412753046.99
49.8022524502 1412753048.87
49.8891543244 1412753050.8
49.9339562646 1412753052.69
49.8415161988 1412753054.52
49.8238302038 1412753056.38
49.8706989071 1412753058.21
49.8479132764 1412753060.12
49.8468735181 1412753062.02
49.8720631657 1412753063.94
49.8587764206 1412753065.82
49.9314031438 1412753067.74
49.8602393988 1412753069.66
49.794615595 1412753071.58
49.8420962693 1412753073.62
49.860451095 1412753075.56
49.9541031471 1412753077.54
49.9024017154 1412753079.52
49.7582026842 1412753081.5
49.7243591065 1412753083.41
49.61616717 1412753085.43
49.6900294631 1412753087.46
49.5425630802 1412753089.37
49.5337695576 1412753091.32
49.5136286258 1412753093.37
49.3310266155 1412753095.34
49.3522043555 1412753097.31
49.4021267911 1412753099.28
49.3362765812 1412753101.25
49.4148440775 1412753103.2
49.3858849912 1412753105.11
49.3255245741 1412753107.03
49.3565462421 1412753108.98
49.3001095809 1412753111.01
49.3520556039 1412753112.99
49.3719962179 1412753114.96
49.4333185798 1412753117.02
49.4033461097 1412753119.05
49.4370141343 1412753121.06
49.4564117979 1412753123.07
49.636524418 1412753125.06
49.5480866605 1412753127.08
49.4675986205 1412753129.05
49.474111772 1412753131.12
49.4904092476 1412753133.1
49.6384476524 1412753135.11
49.5765377736 1412753137.16
49.729835637 1412753139.16
49.7663511378 1412753141.28
49.7842225617 1412753143.3
49.8328191826 1412753145.32
49.858402948 1412753147.33
49.9064570525 1412753149.33
49.9091474812 1412753151.32
49.8975777833 1412753153.24
49.8915914395 1412753155.23
49.901383751 1412753157.18
49.9070725119 1412753159.16
49.8932193386 1412753161.17
49.925343927 1412753163.17
49.9305560707 1412753165.2
49.9603862635 1412753167.28
50.0321136105 1412753169.36
50.1268672532 1412753171.4
50.1997334805 1412753173.5
50.4179512545 1412753175.58
50.2621536108 1412753177.62
50.3336267333 1412753179.62
50.3436968128 1412753181.69
50.256343359 1412753183.65
50.2733184968 1412753185.66
50.3732776702 1412753187.67
50.2652733947 1412753189.7
50.3191778851 1412753191.69
50.3664843648 1412753193.76
50.3827818653 1412753195.76
50.4186414495 1412753197.74
50.337303097 1412753199.75
50.4379485303 1412753201.75
50.330432069 1412753203.79
50.5158856276 1412753205.78
50.5161133768 1412753207.83
50.3933891994 1412753209.84
50.3671447942 1412753211.85
50.4189900014 1412753213.88
50.4597907689 1412753215.88
50.6204888801 1412753217.92
50.6409493315 1412753219.92
50.7773881286 1412753221.95
50.6448618344 1412753223.92
50.6811564051 1412753225.98
50.7064180393 1412753228.01
50.8257208707 1412753229.98
50.8875812018 1412753231.94
50.8857553154 1412753233.98
50.6296930581 1412753236.01
50.5043889042 1412753238.04
50.2341981707 1412753240.09
50.3213076019 1412753242.08
50.2153207557 1412753244.12
50.3837627437 1412753246.14
50.2259321357 1412753248.16
50.3264441992 1412753250.14
50.3118380415 1412753252.2
50.1699023893 1412753254.22
50.3882180457 1412753256.27
50.4895208051 1412753258.23
50.3332963933 1412753260.25
50.4004600594 1412753262.33
50.5444762275 1412753264.33
50.4237373423 1412753266.43
50.4351028437 1412753268.41
50.7710872341 1412753270.52
50.9658834289 1412753272.63
50.9710824848 1412753274.67
50.9734485803 1412753276.75
51.1654625801 1412753278.86
51.1593472489 1412753280.95
50.8262176797 1412753283.1
50.6426279349 1412753285.2
50.7957351066 1412753287.28
50.9368258106 1412753289.41
50.9002516384 1412753291.53
