21.5629704103 1412727802.07
20.3614217521 1412727802.74
19.587836292 1412727803.39
18.6796221219 1412727804.06
17.7514127009 1412727804.66
17.1105376318 1412727805.3
16.6183806043 1412727805.97
16.2628452805 1412727806.59
15.9303041439 1412727807.23
15.4962077689 1412727807.85
15.4646300122 1412727808.45
15.0097719967 1412727809.04
14.7041542931 1412727809.67
14.3635834968 1412727810.29
14.0302556405 1412727810.9
13.748168721 1412727811.51
13.3778524306 1412727812.13
13.156120834 1412727812.74
12.9442517741 1412727813.33
12.6451905378 1412727813.97
12.5109462325 1412727814.56
12.3825059639 1412727815.16
12.2927621079 1412727815.76
12.079911064 1412727816.38
12.0417352682 1412727816.98
11.9592951683 1412727817.61
11.8588846241 1412727818.25
11.7382661794 1412727818.86
11.7320473158 1412727819.46
11.6157132261 1412727820.05
11.4880043027 1412727820.67
11.4745300385 1412727821.28
11.3263142833 1412727821.88
11.262789456 1412727822.5
11.249594564 1412727823.14
11.2381546927 1412727823.84
11.1773435931 1412727824.49
11.1619378879 1412727825.12
11.2009788912 1412727825.74
11.2307884369 1412727826.36
11.230771284 1412727826.97
11.2958702262 1412727827.58
11.3348828197 1412727828.21
11.3872225857 1412727828.8
11.4300575435 1412727829.44
11.509466357 1412727830.06
11.4411589331 1412727830.7
11.4762019403 1412727831.3
11.5225005187 1412727831.93
11.4549187702 1412727832.56
11.4766658984 1412727833.22
11.4111777337 1412727833.86
11.3541494723 1412727834.51
11.2810496535 1412727835.16
11.178621761 1412727835.79
11.1173646094 1412727836.41
11.0224698606 1412727837.06
10.9445241989 1412727837.71
10.8224568678 1412727838.33
10.7316669033 1412727838.95
10.8107782848 1412727839.61
10.6996845382 1412727840.26
10.6283949673 1412727840.86
10.5407800618 1412727841.48
10.5679785511 1412727842.1
10.5275938511 1412727842.72
10.5659253409 1412727843.35
10.5667157903 1412727844.0
10.6275811513 1412727844.61
10.5448384283 1412727845.23
10.5636507753 1412727845.85
10.5063895516 1412727846.46
10.5593829182 1412727847.09
10.4555729254 1412727847.74
10.5040440098 1412727848.35
10.4871525173 1412727848.96
10.4009213582 1412727849.59
10.4343045679 1412727850.21
10.3293231669 1412727850.85
10.3320083221 1412727851.45
10.3544045016 1412727852.08
10.2806731389 1412727852.68
10.2978293721 1412727853.31
10.2285377513 1412727853.94
10.2244398919 1412727854.54
10.2183533135 1412727855.16
10.1608492476 1412727855.78
10.0251778356 1412727856.39
10.0956524439 1412727857.03
10.0233510381 1412727857.66
9.94131037054 1412727858.3
9.98283466611 1412727858.94
9.89718173218 1412727859.58
9.93805921394 1412727860.23
9.86407037478 1412727860.83
9.87921412796 1412727861.41
9.81551521333 1412727862.03
9.8070247764 1412727862.63
9.81551293331 1412727863.25
9.83257708864 1412727863.92
9.73434853718 1412727864.57
9.75473790572 1412727865.19
9.82989923933 1412727865.85
9.86450463334 1412727866.49
9.78283874352 1412727867.13
9.83400632799 1412727867.75
9.76722672159 1412727868.38
9.78413145421 1412727869.01
9.81805642997 1412727869.62
9.76868710469 1412727870.26
9.79647046513 1412727870.89
9.88084860507 1412727871.51
9.76811413275 1412727872.14
9.82150759128 1412727872.75
9.82160850693 1412727873.39
9.84862759207 1412727874.04
9.86447548414 1412727874.69
9.88255193846 1412727875.3
9.90062455356 1412727875.93
9.92237468968 1412727876.55
9.88634698844 1412727877.18
9.87421297776 1412727877.85
9.87332237018 1412727878.5
9.87849287343 1412727879.14
9.84140524558 1412727879.76
9.83205715681 1412727880.38
9.80295678705 1412727880.99
9.76032012 1412727881.66
9.71311867195 1412727882.33
9.65762413726 1412727882.98
9.60433715053 1412727883.61
9.54278737763 1412727884.24
9.48881179859 1412727884.88
9.42322784357 1412727885.51
9.36574941786 1412727886.19
9.34583384037 1412727886.85
9.31048732983 1412727887.52
9.30679047131 1412727888.18
9.28358807106 1412727888.83
9.23214674684 1412727889.42
9.24061880652 1412727890.04
9.25863559555 1412727890.66
9.19465415705 1412727891.28
9.20049614353 1412727891.87
9.23107210134 1412727892.45
9.14224864927 1412727893.04
9.18818926752 1412727893.62
9.13002648814 1412727894.21
9.16007560283 1412727894.81
9.09971156828 1412727895.42
9.12964056277 1412727896.02
9.07917935338 1412727896.59
9.10893913096 1412727897.15
9.05060610354 1412727897.74
9.06989821577 1412727898.33
9.10734585539 1412727898.92
9.04989313742 1412727899.53
8.99465412506 1412727900.12
9.02380848121 1412727900.72
8.9757685291 1412727901.32
8.91360796162 1412727901.91
8.88341834317 1412727902.48
8.84762419871 1412727903.06
8.83215030078 1412727903.62
8.80410384247 1412727904.17
8.78659146575 1412727904.76
8.79849284599 1412727905.36
8.81473839146 1412727905.98
8.83333783826 1412727906.57
8.8299287108 1412727907.19
8.83792458093 1412727907.76
8.83631443044 1412727908.36
8.83262676763 1412727908.96
8.82120662703 1412727909.57
8.81616344925 1412727910.16
8.81510859748 1412727910.75
8.80909275005 1412727911.45
8.79681680023 1412727912.08
8.7540415867 1412727912.72
8.75175691387 1412727913.33
8.73640850596 1412727913.93
8.71523131833 1412727914.56
8.71987012079 1412727915.18
8.70967301456 1412727915.78
8.703720765 1412727916.4
8.69818421637 1412727916.99
8.70634691516 1412727917.64
8.7440677161 1412727918.25
8.73914646923 1412727918.85
8.71777471117 1412727919.47
8.68607227885 1412727920.09
8.69844769447 1412727920.67
8.69463231781 1412727921.29
8.70717845416 1412727921.9
8.70428124673 1412727922.53
8.69526456804 1412727923.14
8.69639286215 1412727923.8
8.63943366811 1412727924.44
8.64534626816 1412727925.09
8.6475494572 1412727925.74
