13.665284056 1412723478.05
13.5300364134 1412723478.32
13.5354457529 1412723478.56
13.7174018131 1412723478.82
13.6762858933 1412723479.1
13.9709298102 1412723479.37
14.1109283021 1412723479.66
14.3739112672 1412723479.92
14.753963141 1412723480.17
14.9357234967 1412723480.42
15.0924819585 1412723480.69
15.3334389704 1412723480.97
15.3424509066 1412723481.25
15.4438653418 1412723481.51
15.2008309975 1412723481.79
15.2262486352 1412723482.07
15.0740092241 1412723482.34
14.995800721 1412723482.6
14.9308269482 1412723482.86
14.8027951073 1412723483.13
14.5453627952 1412723483.4
14.4622283032 1412723483.69
14.1564959854 1412723483.97
13.9952857018 1412723484.27
13.8577937723 1412723484.56
13.7539901718 1412723484.83
13.4288838054 1412723485.12
13.4391415656 1412723485.4
13.4087378915 1412723485.68
13.267845698 1412723485.94
13.1484074288 1412723486.21
13.1110952309 1412723486.47
13.0306931532 1412723486.81
13.0317828838 1412723487.05
12.961679501 1412723487.33
12.9338582222 1412723487.63
12.9485884762 1412723487.9
12.8692583924 1412723488.19
12.8530734462 1412723488.48
12.8136785628 1412723488.76
12.8033097392 1412723489.05
12.7651116046 1412723489.34
12.8297048962 1412723489.61
12.6327795378 1412723489.9
12.5858087626 1412723490.15
12.5774255245 1412723490.43
12.3768795914 1412723490.7
12.2883535546 1412723490.96
12.3601443468 1412723491.26
12.3198334091 1412723491.53
12.1913699036 1412723491.82
12.3120233514 1412723492.1
12.3892909115 1412723492.39
12.4524675967 1412723492.7
12.3830456086 1412723493.04
12.3975011995 1412723493.37
12.3526022048 1412723493.76
12.3330235994 1412723494.14
12.4403642589 1412723494.46
12.3726143059 1412723494.77
12.4134279801 1412723495.06
12.3100709993 1412723495.35
12.3932679806 1412723495.73
12.4048335945 1412723496.04
12.332049096 1412723496.43
12.3848519687 1412723496.76
12.4770601984 1412723497.04
12.4356340376 1412723497.33
12.4197738574 1412723497.8
12.3836322875 1412723498.23
12.2976759377 1412723498.63
12.4189432556 1412723498.97
12.3415826356 1412723499.26
12.2776804788 1412723499.57
12.3386729086 1412723499.88
12.2852348754 1412723500.21
12.2662359048 1412723500.52
12.2043592761 1412723500.83
12.383952871 1412723501.18
12.3019354579 1412723501.47
12.3559676456 1412723501.77
12.3348826662 1412723502.06
12.3757076298 1412723502.35
12.3286011612 1412723502.68
12.3416933125 1412723503.01
12.2926537252 1412723503.54
12.267926417 1412723503.99
12.3724919688 1412723504.43
12.3318942401 1412723504.86
12.2856645662 1412723505.31
12.2904116666 1412723505.72
12.2694666551 1412723506.12
12.204777738 1412723506.64
12.2389222133 1412723507.09
12.2405366486 1412723507.55
12.2225812096 1412723507.98
12.2319307795 1412723508.32
12.2475702588 1412723508.68
12.3024234684 1412723509.01
12.2694030197 1412723509.4
12.2931708566 1412723509.75
12.2718040703 1412723510.09
12.2886022689 1412723510.42
12.2711570375 1412723510.76
12.1884416135 1412723511.09
12.2006727393 1412723511.4
12.334654991 1412723511.73
12.3187369512 1412723512.06
12.3041172324 1412723512.39
12.3301966948 1412723512.83
12.3072173758 1412723513.21
12.2798630488 1412723513.64
12.2911806399 1412723513.98
12.2740798067 1412723514.33
12.2886191403 1412723514.77
12.3320999408 1412723515.2
12.3080359886 1412723515.67
12.2715874957 1412723516.05
12.2484794141 1412723516.4
12.2073677775 1412723516.77
12.2670233478 1412723517.15
12.2311251192 1412723517.58
12.3059951548 1412723517.96
12.2694002853 1412723518.33
12.3718033314 1412723518.71
12.3449886635 1412723519.18
12.3196687616 1412723519.64
12.3544567302 1412723520.03
12.3333927311 1412723520.43
12.3453831608 1412723520.81
12.3735015356 1412723521.15
12.3489510403 1412723521.55
12.3285294087 1412723521.92
12.3026691278 1412723522.38
12.3014084485 1412723522.74
12.3085522477 1412723523.18
12.323416923 1412723523.62
12.3486733675 1412723524.05
12.3299458028 1412723524.5
12.3534619485 1412723524.95
12.3895230186 1412723525.37
12.4292862267 1412723525.77
12.4503168138 1412723526.18
12.4449559066 1412723526.58
12.4686160594 1412723526.99
12.4887734865 1412723527.42
12.5249916856 1412723527.87
12.5596067467 1412723528.35
12.5523441774 1412723528.78
12.6209645572 1412723529.24
12.6084717068 1412723529.63
12.6355140085 1412723530.04
12.6351553404 1412723530.43
12.6590177496 1412723530.84
12.6609928822 1412723531.25
12.6857657479 1412723531.67
12.7217562792 1412723532.03
12.7454858729 1412723532.44
12.774557737 1412723532.82
12.8283199709 1412723533.2
12.8560958903 1412723533.57
12.9226219423 1412723533.93
12.8795675998 1412723534.35
12.918742916 1412723534.71
12.9231621778 1412723535.1
12.971680722 1412723535.51
12.9575174274 1412723535.88
12.9945086775 1412723536.3
13.0507168166 1412723536.71
13.0969650558 1412723537.14
13.1398933274 1412723537.55
13.1162878539 1412723537.98
13.127230505 1412723538.39
13.1694756127 1412723538.79
13.155380484 1412723539.17
13.1041875438 1412723539.73
13.1140495611 1412723540.33
13.1445229573 1412723540.98
13.2947444565 1412723541.5
13.3679288856 1412723542.12
13.4194380439 1412723542.85
13.4702861713 1412723543.45
13.5195463651 1412723544.03
13.629595217 1412723544.6
13.6675242949 1412723545.17
13.7539727658 1412723545.7
13.8270527431 1412723546.25
13.9056387638 1412723546.8
13.9906427684 1412723547.35
13.9343419133 1412723547.83
14.0493741924 1412723548.39
14.0200801186 1412723549.01
14.0572384793 1412723549.54
14.0953758561 1412723550.07
14.167951372 1412723550.57
14.2767750348 1412723551.18
14.3742201348 1412723551.71
14.4290733489 1412723552.25
14.4661509657 1412723552.74
14.4540747708 1412723553.24
