13.3421285594 1412723708.52
13.4375151459 1412723708.85
13.2872835994 1412723709.25
13.3023115885 1412723709.63
13.3024036972 1412723710.01
13.1713811033 1412723710.41
13.0219976117 1412723710.75
13.1518807013 1412723711.1
13.0636045491 1412723711.57
13.2058312907 1412723712.09
13.4326831603 1412723712.67
13.4404387189 1412723713.2
13.3846443373 1412723713.66
13.1523249762 1412723714.15
13.1019561434 1412723714.76
13.1179468751 1412723715.3
13.1270940249 1412723715.83
12.9599123461 1412723716.34
12.8626260674 1412723716.81
12.6111190393 1412723717.33
12.1998415928 1412723717.79
11.8072039209 1412723718.31
11.8764038837 1412723718.82
11.8666461236 1412723719.3
11.7500281033 1412723719.77
11.5140305029 1412723720.25
11.4188164141 1412723720.73
11.2275601306 1412723721.19
11.0094459254 1412723721.74
10.5413208364 1412723722.3
10.5603208156 1412723722.85
10.418076586 1412723723.43
10.3507260507 1412723723.93
10.3208474263 1412723724.52
10.3517829282 1412723725.04
10.4952222059 1412723725.54
10.4953937284 1412723726.02
10.4943541665 1412723726.5
10.4366275042 1412723726.94
10.1258372521 1412723727.42
10.0416506012 1412723727.85
9.94848788302 1412723728.3
9.96934510682 1412723728.76
9.97912676003 1412723729.26
9.72744412476 1412723729.69
9.62977088538 1412723730.17
9.59963518229 1412723730.61
9.63296190491 1412723731.04
9.65862515252 1412723731.47
9.74099740539 1412723731.89
9.71675441479 1412723732.33
9.64911900214 1412723732.72
9.91121827503 1412723733.09
9.96994219839 1412723733.47
9.80204440155 1412723733.83
9.79373074442 1412723734.24
9.61508268334 1412723734.57
9.61384257258 1412723734.9
9.55113115567 1412723735.24
9.47610589612 1412723735.57
9.30776144101 1412723735.89
9.54691779493 1412723736.25
9.43311376387 1412723736.59
9.30321662078 1412723736.93
9.46113700253 1412723737.26
9.49924067083 1412723737.59
9.33073138415 1412723737.93
9.43536030141 1412723738.28
9.30281315669 1412723738.64
9.61319732883 1412723738.98
9.60605997614 1412723739.31
9.51900348781 1412723739.65
9.29147757759 1412723740.0
9.41602879027 1412723740.34
9.31371574343 1412723740.7
9.27453424748 1412723741.06
9.17415723128 1412723741.45
9.20132709225 1412723741.93
9.13973741982 1412723742.37
9.0920684068 1412723742.82
9.03035739692 1412723743.3
9.01123458516 1412723743.76
8.96187440789 1412723744.17
8.75614190363 1412723744.52
8.74172380362 1412723744.9
8.63907649413 1412723745.27
8.64101540838 1412723745.62
8.52684501358 1412723745.98
8.35127730039 1412723746.39
8.3687104545 1412723746.76
8.29502634166 1412723747.13
8.23834521443 1412723747.51
8.20001458651 1412723747.9
8.24600030963 1412723748.31
8.19828281966 1412723748.72
8.18699726923 1412723749.12
8.19902794628 1412723749.57
8.32047806005 1412723749.96
8.31000438708 1412723750.33
8.42350813805 1412723750.77
8.49569528669 1412723751.19
8.39821151794 1412723751.59
8.3169942195 1412723751.97
8.46168332433 1412723752.55
8.34462376957 1412723753.02
8.47985401365 1412723753.66
8.46079191077 1412723754.3
8.47911673199 1412723754.91
8.42880879803 1412723755.48
8.50397999557 1412723755.87
8.46358955083 1412723756.39
8.37575818314 1412723756.81
8.40547385362 1412723757.17
8.37343666064 1412723757.55
8.32223439159 1412723758.07
8.45754289949 1412723758.42
8.36065088511 1412723758.76
8.45742971585 1412723759.14
8.4574001063 1412723759.44
8.45150745096 1412723759.89
8.43528218024 1412723760.31
8.4279739878 1412723760.67
8.43178526495 1412723761.03
8.42570609799 1412723761.42
8.42293799905 1412723761.81
8.42053853025 1412723762.22
8.48960262275 1412723762.61
8.36154513962 1412723763.03
8.42406991225 1412723763.43
8.4572796585 1412723763.8
8.58675273716 1412723764.16
8.56580785719 1412723764.5
8.6763677788 1412723764.81
8.74541843877 1412723765.17
8.76292831626 1412723765.48
8.76850376118 1412723765.76
8.98233921795 1412723766.04
8.98602289338 1412723766.36
8.98824664982 1412723766.64
8.96489434491 1412723766.94
8.99619537471 1412723767.22
8.93337016089 1412723767.49
9.03271012625 1412723767.8
8.96667014657 1412723768.09
8.83279965672 1412723768.4
8.8338660093 1412723768.69
8.80957549851 1412723768.99
8.9118133881 1412723769.31
8.75457177451 1412723769.57
8.58786666177 1412723769.88
8.59153968072 1412723770.22
8.56292454617 1412723770.55
8.5932158621 1412723770.89
8.78309557853 1412723771.19
8.73358656071 1412723771.45
8.64163462854 1412723771.75
8.72688826948 1412723772.03
8.70068597075 1412723772.33
8.671041275 1412723772.62
8.62768293633 1412723772.86
8.62761443684 1412723773.13
8.48948526675 1412723773.36
8.48987322302 1412723773.64
8.48944794942 1412723773.9
8.45852298551 1412723774.14
8.52310852088 1412723774.41
8.416453072 1412723774.67
8.30370920124 1412723774.94
8.19427911416 1412723775.2
8.27563808587 1412723775.45
8.25135909035 1412723775.7
8.18703665255 1412723775.94
8.27849652458 1412723776.22
8.21303626631 1412723776.5
8.2446884925 1412723776.78
8.30158790117 1412723777.06
8.32214931435 1412723777.45
8.34025435384 1412723777.79
8.46818701579 1412723778.04
8.51480071507 1412723778.33
8.45813360071 1412723778.61
8.47751292414 1412723778.9
8.55614476508 1412723779.17
8.71330432512 1412723779.41
8.65935112149 1412723779.68
8.65104946823 1412723779.95
8.54314343809 1412723780.21
8.55766509558 1412723780.48
8.49026201907 1412723780.74
8.41098264916 1412723781.0
8.36025487634 1412723781.34
8.29330967534 1412723781.67
8.30448374711 1412723781.94
8.36422929194 1412723782.23
8.31689568617 1412723782.51
8.30369691422 1412723782.8
8.37283828676 1412723783.08
8.4135342484 1412723783.35
8.37429688319 1412723783.61
8.43685944862 1412723783.89
