23.3792042493 1412740983.43
22.9462561306 1412740984.52
22.6582270618 1412740985.67
22.2418697263 1412740986.79
21.7606970612 1412740987.92
21.4058711415 1412740988.99
20.9770950328 1412740990.05
20.8129834874 1412740991.17
20.9050325625 1412740992.22
20.7343773822 1412740993.28
20.3722065539 1412740994.36
20.6206096783 1412740995.42
20.2747054068 1412740996.47
20.4484675032 1412740997.53
20.0195976939 1412740998.6
20.1942707348 1412740999.65
20.0193865871 1412741000.73
20.0557677704 1412741001.73
20.0960428757 1412741002.77
20.1722250819 1412741003.84
20.2247092984 1412741004.85
19.8889225689 1412741005.87
20.0136336566 1412741006.92
20.1294933077 1412741007.98
19.8618917698 1412741009.04
19.5185602752 1412741010.14
19.2911818619 1412741011.19
19.1170166941 1412741012.18
19.058261523 1412741013.25
18.8510427785 1412741014.29
18.5962699812 1412741015.36
18.5349426418 1412741016.42
18.2746263962 1412741017.51
18.0889070219 1412741018.55
17.7899627239 1412741019.61
17.520228635 1412741020.64
17.2591855615 1412741021.71
17.095524935 1412741022.71
16.7701694697 1412741023.78
16.6479772809 1412741024.79
16.4807367545 1412741025.81
16.205408541 1412741026.85
16.0448497015 1412741027.88
15.8525582298 1412741028.9
15.6514546742 1412741029.93
15.3665718566 1412741030.94
15.5577642355 1412741031.91
15.6392728367 1412741032.92
15.5312146531 1412741033.9
15.2783832524 1412741034.88
15.4009632942 1412741035.9
15.4819375338 1412741036.88
15.6831071353 1412741037.88
15.4301293312 1412741038.88
15.603330634 1412741039.87
15.4470620118 1412741040.88
15.3520538921 1412741041.86
15.2014854076 1412741042.85
14.9589935714 1412741043.87
14.8950422781 1412741044.9
14.7185113678 1412741045.89
14.5207402115 1412741046.86
14.5161146881 1412741047.82
14.2661420163 1412741048.82
14.1926192788 1412741049.8
14.0967740363 1412741050.81
13.908448053 1412741051.77
13.7234604989 1412741052.75
13.5805431583 1412741053.66
13.5295776081 1412741054.65
13.4929119164 1412741055.67
13.3899878893 1412741056.64
13.1608595764 1412741057.6
13.0847523698 1412741058.59
13.1723852673 1412741059.56
13.0235417883 1412741060.49
13.0670961385 1412741061.45
12.947603784 1412741062.39
13.1607993454 1412741063.39
13.0583970449 1412741064.37
13.2333540382 1412741065.31
13.0459907793 1412741066.28
13.2253435536 1412741067.23
13.0350300067 1412741068.17
13.1071112952 1412741069.1
12.8154275431 1412741070.07
12.9131885673 1412741071.04
12.5606559736 1412741071.95
12.3204414045 1412741072.87
12.2567986256 1412741073.81
11.9994869968 1412741074.72
11.9961088978 1412741075.62
11.7398736852 1412741076.54
11.5487582574 1412741077.49
11.4766063778 1412741078.41
11.2435096096 1412741079.35
11.1476563218 1412741080.26
10.954221832 1412741081.21
10.8775901148 1412741082.16
10.8048907093 1412741083.1
10.7092743022 1412741084.04
10.5985132058 1412741084.94
10.4789558453 1412741085.89
10.4025801156 1412741086.83
10.331158825 1412741087.75
10.2208709648 1412741088.67
10.1170300819 1412741089.59
10.0691107745 1412741090.49
10.0052946837 1412741091.44
9.84784673234 1412741092.34
9.77573562625 1412741093.29
9.62732448923 1412741094.21
9.52368211009 1412741095.17
9.4501216452 1412741096.07
9.38248000379 1412741096.96
9.2588739677 1412741097.85
9.18127490036 1412741098.77
9.11531247944 1412741099.7
9.055235335 1412741100.64
9.00201455888 1412741101.51
8.84335117652 1412741102.41
8.77471387297 1412741103.31
8.70967179439 1412741104.22
8.6364902093 1412741105.07
8.55576975014 1412741105.97
8.49363632616 1412741106.87
8.40791800417 1412741107.8
8.34944530004 1412741108.81
8.27765413415 1412741109.92
8.19721943644 1412741110.8
8.15141092114 1412741111.69
8.18054138861 1412741112.6
8.07697406935 1412741113.49
8.01697613968 1412741114.36
8.01966251024 1412741115.27
7.93779610175 1412741116.19
7.94397624219 1412741117.09
7.89649203108 1412741117.99
7.83458456055 1412741118.92
7.77961291202 1412741119.8
7.70440537191 1412741120.69
7.65552934994 1412741121.6
7.64602201486 1412741122.48
7.58835271095 1412741123.39
7.58465552369 1412741124.26
7.50002207413 1412741125.19
7.43792603352 1412741126.09
7.39164635056 1412741126.95
7.33789864651 1412741127.84
7.3285638015 1412741128.72
7.27904190016 1412741129.63
7.24517800115 1412741130.53
7.15631767596 1412741131.48
7.12036288141 1412741132.37
7.07979814901 1412741133.28
7.00295675948 1412741134.18
6.97479050343 1412741135.06
6.88558944264 1412741135.93
6.84511718421 1412741136.81
6.79453875111 1412741137.72
6.70376700784 1412741138.6
6.66818944495 1412741139.48
6.59151658733 1412741140.37
6.54090349489 1412741141.28
6.50531805459 1412741142.15
6.45925391388 1412741143.05
6.42420493024 1412741143.95
6.35244034996 1412741144.85
6.30160707207 1412741145.72
6.26061046683 1412741146.6
6.19379535718 1412741147.51
6.13889122068 1412741148.45
6.11200963659 1412741149.34
6.08309525136 1412741150.23
6.02375531067 1412741151.14
5.98652386634 1412741151.99
5.96933295286 1412741152.84
5.91799828753 1412741153.74
5.88354901184 1412741154.64
5.84365225563 1412741155.48
5.82213196672 1412741156.36
5.76369103535 1412741157.23
5.70496924441 1412741158.14
5.71272741151 1412741159.02
5.65154199571 1412741159.91
5.63852181156 1412741160.76
5.58165088847 1412741161.61
5.53767953894 1412741162.49
5.52677593124 1412741163.35
5.48669488253 1412741164.26
5.47162073677 1412741165.15
5.44395330823 1412741166.03
5.40743790769 1412741166.92
5.38638352171 1412741167.81
5.3555557962 1412741168.67
5.34438544818 1412741169.55
5.30721465363 1412741170.44
5.28456693895 1412741171.33
5.26164623414 1412741172.17
5.23710776783 1412741173.02
