18.20510932 1412732757.87
18.4271101842 1412732758.48
18.5824216222 1412732759.12
18.7087347609 1412732759.72
18.788164386 1412732760.35
18.7753187932 1412732760.94
18.6316180055 1412732761.54
18.6835083055 1412732762.11
18.5855389544 1412732762.69
18.6555373948 1412732763.3
18.678725643 1412732763.92
18.8389393265 1412732764.52
18.635234074 1412732765.11
18.1651524716 1412732765.69
17.8913809383 1412732766.28
17.763548281 1412732766.85
17.3979171697 1412732767.44
17.3223340041 1412732768.01
17.2258391671 1412732768.57
17.0621206226 1412732769.14
16.9056907857 1412732769.74
16.7217368267 1412732770.33
16.5587443886 1412732770.92
16.2948984981 1412732771.53
15.8971964904 1412732772.12
15.5776249319 1412732772.67
15.3006311842 1412732773.25
15.1489561671 1412732773.85
14.9578785558 1412732774.42
14.7362673457 1412732775.02
14.5167451551 1412732775.63
14.2805434409 1412732776.2
14.0746882799 1412732776.78
13.8389932556 1412732777.34
13.6863572276 1412732777.91
13.4792249667 1412732778.47
13.4174842297 1412732779.05
13.322365128 1412732779.64
13.2724537605 1412732780.23
13.090482745 1412732780.83
13.0235743425 1412732781.41
12.7970499744 1412732782.0
12.8069486974 1412732782.57
12.5403345307 1412732783.15
12.5193296012 1412732783.76
12.4165537286 1412732784.38
12.404640621 1412732784.99
12.3391090323 1412732785.61
12.3955910677 1412732786.21
12.3555133481 1412732786.76
12.2738131783 1412732787.35
12.2387770588 1412732787.94
12.1906636691 1412732788.54
12.1849199356 1412732789.14
12.0602175811 1412732789.73
12.0251770097 1412732790.33
12.0197817929 1412732790.91
11.9552914988 1412732791.5
11.9264760092 1412732792.13
12.0114582837 1412732792.7
11.8493471113 1412732793.28
11.7413963704 1412732793.91
11.7259086315 1412732794.48
11.6399494772 1412732795.07
11.5789916026 1412732795.66
11.517271022 1412732796.27
11.4083646086 1412732796.88
11.4376966945 1412732797.53
11.3828577008 1412732798.13
11.3202802241 1412732798.7
11.2644569708 1412732799.29
11.108819198 1412732799.86
11.0450664655 1412732800.44
11.0612257227 1412732801.03
11.0149767241 1412732801.6
10.9435099526 1412732802.19
10.9101388382 1412732802.78
10.8966584149 1412732803.37
10.87652106 1412732803.97
10.9309389799 1412732804.55
10.7552451321 1412732805.14
10.6962844003 1412732805.72
10.6351533788 1412732806.3
10.6153467902 1412732806.86
10.6178802367 1412732807.47
10.6144732159 1412732808.05
10.5610613435 1412732808.62
10.4041348379 1412732809.21
10.3679451786 1412732809.8
10.2926342457 1412732810.37
10.2705196873 1412732810.97
10.189892548 1412732811.54
10.1393477181 1412732812.14
10.1139102723 1412732812.71
9.99387870746 1412732813.3
9.93669327225 1412732813.88
9.91026494633 1412732814.43
9.88033321062 1412732815.01
9.89113863061 1412732815.57
9.93096663654 1412732816.13
9.90372673142 1412732816.72
9.86065260678 1412732817.27
9.83445752278 1412732817.84
9.70040356415 1412732818.44
9.66749140629 1412732819.04
9.67077543794 1412732819.6
9.61158108091 1412732820.19
9.55805532389 1412732820.77
9.47366295792 1412732821.32
9.43911965617 1412732821.89
9.35281723576 1412732822.49
9.36428625416 1412732823.08
9.26700828061 1412732823.67
9.23076402114 1412732824.22
9.2185408236 1412732824.77
9.19798718761 1412732825.33
9.17692041634 1412732825.89
9.1493564827 1412732826.46
9.16293953272 1412732827.04
9.07931730721 1412732827.58
9.05328229484 1412732828.15
9.04873756573 1412732828.72
8.95275474839 1412732829.29
8.95074056118 1412732829.84
8.93596686932 1412732830.38
8.89371913217 1412732830.99
8.81320410051 1412732831.57
8.72408679969 1412732832.14
8.74589903008 1412732832.71
8.73183092026 1412732833.29
8.75450822608 1412732833.88
8.6784556983 1412732834.42
8.71273602627 1412732834.99
8.61600963492 1412732835.58
8.52342297547 1412732836.14
8.5246733673 1412732836.69
8.44428916696 1412732837.26
8.53533293972 1412732837.8
8.40983556493 1412732838.39
8.32368917987 1412732838.96
8.38658894273 1412732839.54
8.32917613599 1412732840.11
8.3528683846 1412732840.63
8.23671723612 1412732841.2
8.26989196965 1412732841.77
8.28788311584 1412732842.37
8.21497414976 1412732842.93
8.22017153588 1412732843.5
8.13910365193 1412732844.06
8.21167463782 1412732844.63
8.12420954878 1412732845.18
8.04693868695 1412732845.72
8.05954792627 1412732846.31
7.990943102 1412732846.86
7.90263816064 1412732847.43
7.92602757576 1412732847.99
7.97278534939 1412732848.55
7.95509600349 1412732849.1
7.88066609192 1412732849.67
7.90894038642 1412732850.24
7.82586813528 1412732850.82
7.83170701324 1412732851.37
7.87697428761 1412732851.93
7.90281222673 1412732852.49
7.80287738167 1412732853.04
7.85017583856 1412732853.61
7.78190375477 1412732854.17
7.82336630596 1412732854.75
7.745464057 1412732855.31
7.78340528104 1412732855.89
7.85000994851 1412732856.45
7.82037329621 1412732857.04
7.75119738438 1412732857.58
7.79054580965 1412732858.16
7.712487027 1412732858.72
7.75141801089 1412732859.32
7.79920030673 1412732859.87
7.69233971497 1412732860.45
7.73265462881 1412732861.02
7.76818886184 1412732861.58
7.80111677386 1412732862.14
7.83342831338 1412732862.7
7.76763596371 1412732863.28
7.79925143457 1412732863.87
7.77911514779 1412732864.46
7.73283688554 1412732865.02
7.76354826205 1412732865.57
7.71385384021 1412732866.14
7.77110422156 1412732866.72
7.73350324015 1412732867.3
7.81848875249 1412732867.9
7.75507185648 1412732868.46
7.69874566959 1412732869.03
7.66318525228 1412732869.59
7.70377699149 1412732870.2
7.59811346235 1412732870.77
7.53442612751 1412732871.33
7.47994386778 1412732871.91
7.44943173621 1412732872.47
7.39245571056 1412732873.03
