11.4964728453 1412741595.22
11.1425619504 1412741596.26
10.8846673641 1412741597.28
10.8614140019 1412741598.28
10.7693336057 1412741599.26
10.728342608 1412741600.22
10.5115922323 1412741601.23
10.3063007722 1412741602.22
10.2942092766 1412741603.24
10.4093702347 1412741604.23
10.5485751399 1412741605.2
10.6269915252 1412741606.14
10.7323021682 1412741607.12
10.7743544509 1412741608.12
10.8774278039 1412741609.13
11.0134815301 1412741610.11
11.1397614922 1412741611.12
11.2426679841 1412741612.08
11.3257499387 1412741613.05
11.4277390949 1412741614.01
11.5042140648 1412741615.06
11.5461094907 1412741616.06
11.6129790333 1412741617.03
11.6466195918 1412741618.03
11.6719561323 1412741619.03
11.6259476997 1412741620.04
11.6220120145 1412741621.03
11.6327394509 1412741622.1
11.6161337772 1412741623.08
11.5930208045 1412741624.07
11.5453797499 1412741625.06
11.5464957271 1412741626.09
11.5062440725 1412741627.15
11.5442609294 1412741628.22
11.5320474966 1412741629.24
11.5199413259 1412741630.34
11.5217805211 1412741631.39
11.4657686091 1412741632.46
11.4529289836 1412741633.49
11.4274458948 1412741634.53
11.3716512279 1412741635.6
11.3909591868 1412741636.66
11.3656254374 1412741637.67
11.3480948214 1412741638.7
11.371722106 1412741639.75
11.3330005594 1412741640.76
11.3168452199 1412741641.82
11.3132724619 1412741642.85
11.3221206806 1412741643.88
11.2624807143 1412741645.0
11.2753239343 1412741646.03
11.2241086825 1412741647.07
11.2714842672 1412741648.16
11.1824172459 1412741649.19
11.1496531397 1412741650.26
11.0925134065 1412741651.31
11.108814177 1412741652.35
11.0602652011 1412741653.43
11.0294484102 1412741654.52
11.0438028785 1412741655.59
11.0119034369 1412741656.61
10.9562240454 1412741657.64
10.9690183622 1412741658.85
10.9546382242 1412741659.92
10.9239594051 1412741660.94
10.9390258123 1412741662.07
10.8756183569 1412741663.1
10.8351476865 1412741664.17
10.8356445665 1412741665.22
10.7837537202 1412741666.24
10.7429636914 1412741667.23
10.6851382814 1412741668.26
10.6249474707 1412741669.29
10.570723628 1412741670.36
10.472175995 1412741671.42
10.361102553 1412741672.47
10.1890331449 1412741673.47
10.0075112042 1412741674.5
9.88153962706 1412741675.54
9.86858367958 1412741676.58
9.80106681946 1412741677.62
9.77562298758 1412741678.65
9.72775383873 1412741679.71
9.69854769443 1412741680.74
9.70991997702 1412741681.75
9.64571163042 1412741682.74
9.59184155213 1412741683.78
9.55075756375 1412741684.79
9.54083341909 1412741685.78
9.49460443559 1412741686.75
9.43567593958 1412741687.77
9.38154892888 1412741688.81
9.34880574831 1412741689.84
9.34667411681 1412741690.86
9.31655499302 1412741691.86
9.27350673932 1412741692.89
9.26795551255 1412741693.93
9.24267007675 1412741694.95
9.19483546029 1412741695.95
9.15231552583 1412741696.93
9.15006652469 1412741697.93
9.08690385983 1412741698.94
9.04930546653 1412741699.89
9.03632213324 1412741700.86
8.99748293755 1412741701.86
8.96858896678 1412741702.85
8.92582660171 1412741703.81
8.93394382514 1412741704.79
8.93814215983 1412741705.76
8.92299424318 1412741706.72
8.89509726974 1412741707.68
8.85260845912 1412741708.71
8.82936079847 1412741709.66
8.80949665358 1412741710.61
8.80719842304 1412741711.58
8.75677810522 1412741712.54
8.70256434088 1412741713.49
8.67208347211 1412741714.42
8.68044267766 1412741715.34
8.65311945428 1412741716.3
8.62833830453 1412741717.27
8.65560280887 1412741718.27
8.65289981435 1412741719.23
8.63710522875 1412741720.19
8.58757886519 1412741721.13
8.56907468972 1412741722.07
8.54067322302 1412741723.04
8.51849452088 1412741724.0
8.53759559009 1412741724.98
8.49223509865 1412741725.92
8.43664978842 1412741726.93
8.4345486436 1412741727.87
8.43049990387 1412741728.79
8.38050491291 1412741729.72
8.35188924191 1412741730.73
8.33912671749 1412741731.66
8.3317009628 1412741732.59
8.36565986013 1412741733.51
8.32834219759 1412741734.44
8.31572504706 1412741735.36
8.32297106402 1412741736.39
8.3432949604 1412741737.36
8.33104199891 1412741738.37
8.34456165003 1412741739.33
8.38489730511 1412741740.31
8.38798454599 1412741741.22
8.37210469622 1412741742.21
8.39056394452 1412741743.18
8.38051403715 1412741744.11
8.39396275374 1412741745.09
8.42460470168 1412741746.08
8.40473420959 1412741747.05
8.40946914122 1412741748.05
8.38980443053 1412741749.03
8.39227255354 1412741749.99
8.40169412798 1412741750.96
8.4079133562 1412741751.88
8.41764702979 1412741752.84
8.39930114618 1412741753.81
8.40133822398 1412741754.79
8.39206587545 1412741755.79
8.39594492394 1412741756.8
8.40535586198 1412741757.8
8.43880678907 1412741758.77
8.45586803587 1412741759.71
8.44723098887 1412741760.67
8.4596574342 1412741761.64
8.47161239744 1412741762.66
8.48999555687 1412741763.68
8.49004234362 1412741764.63
8.50013583237 1412741765.59
8.50987680983 1412741766.53
8.52030132398 1412741767.48
8.52528519098 1412741768.49
8.52836242708 1412741769.44
8.5135982469 1412741770.42
8.50922337065 1412741771.39
8.51318443923 1412741772.35
8.52794439507 1412741773.35
8.50567083925 1412741774.33
8.50365611903 1412741775.3
8.51723753006 1412741776.25
8.5348299957 1412741777.24
8.53286639042 1412741778.2
8.53886492157 1412741779.18
8.53615834913 1412741780.15
8.5336527267 1412741781.11
8.53145709552 1412741782.07
8.53903760397 1412741783.06
8.54125980074 1412741784.0
8.53032668326 1412741785.01
8.53244072933 1412741786.06
8.56645183 1412741787.05
8.54489195647 1412741788.1
8.53719987485 1412741789.08
8.53612115826 1412741790.05
8.53446185241 1412741791.04
8.53226142379 1412741792.03
8.52933130118 1412741793.0
8.52914817304 1412741793.98
