22.8890822787 1412746125.84
23.2942344611 1412746127.42
23.7552127789 1412746129.02
23.8542746819 1412746130.53
23.766533477 1412746132.05
23.6269185524 1412746133.58
23.5780103915 1412746135.06
23.2183155094 1412746136.51
22.8966931102 1412746137.98
22.4810371822 1412746139.47
22.6732339568 1412746140.92
22.9175951114 1412746142.36
23.0660779043 1412746143.81
23.1041537578 1412746145.26
22.9647787448 1412746146.71
22.9984045555 1412746148.17
22.9644890381 1412746149.61
22.9330119607 1412746151.02
23.018582927 1412746152.44
23.0057787705 1412746153.9
22.8444143516 1412746155.35
22.9443957899 1412746156.79
22.7717365176 1412746158.22
22.8218953344 1412746159.64
22.7752639372 1412746161.08
22.7030009965 1412746162.53
22.5340911888 1412746163.96
22.2987472549 1412746165.41
22.261078837 1412746166.83
22.1674814702 1412746168.26
22.0790923155 1412746169.69
21.988297437 1412746171.17
21.9308098969 1412746172.6
21.8907787337 1412746174.03
21.7122107335 1412746175.47
21.6647654058 1412746176.9
21.6389377262 1412746178.33
21.4264135141 1412746179.8
21.2430587713 1412746181.23
21.0800656667 1412746182.69
20.8575564158 1412746184.12
20.8038663659 1412746185.54
20.7460420312 1412746186.97
20.6561916127 1412746188.4
20.5494974417 1412746189.86
20.5599030579 1412746191.29
20.563469994 1412746192.76
16.7662637725 1412746194.19
16.4204227969 1412746195.63
16.5049173153 1412746197.09
15.7451358752 1412746198.51
15.5350244576 1412746199.91
14.7344865685 1412746201.38
14.8312972561 1412746202.81
14.10760763 1412746204.19
13.7586718464 1412746205.64
13.5237892301 1412746207.11
13.3093004501 1412746208.51
12.8686920239 1412746209.98
12.4379218475 1412746211.35
12.3975851789 1412746212.78
12.1253859267 1412746214.14
12.0799076069 1412746215.6
11.9330527193 1412746217.07
11.9621981634 1412746218.49
11.9108512559 1412746219.92
11.8707173327 1412746221.35
11.7818819209 1412746222.78
11.6621712208 1412746224.16
11.5159358758 1412746225.56
11.4209253209 1412746226.97
11.2480071158 1412746228.41
11.1379004785 1412746229.82
11.0189538062 1412746231.24
10.9165612399 1412746232.62
10.8367544093 1412746234.0
10.7892043671 1412746235.38
10.7688563447 1412746236.79
10.7569653173 1412746238.21
10.6632873908 1412746239.59
10.656357744 1412746241.0
10.6126169031 1412746242.41
10.5481820465 1412746243.78
10.5343890014 1412746245.22
10.4569450302 1412746246.58
10.3607219339 1412746248.0
10.2335459657 1412746249.38
10.1929990376 1412746250.81
10.1318370177 1412746252.25
10.001837228 1412746253.6
9.77486280103 1412746255.0
9.66020298599 1412746256.44
9.57161968119 1412746257.87
9.48465036297 1412746259.26
9.40480373458 1412746260.68
9.35316643174 1412746262.14
9.33328151986 1412746263.58
9.35308448007 1412746264.97
9.33865217869 1412746266.39
9.30241266182 1412746267.8
9.33033430341 1412746269.17
9.30340945854 1412746270.54
9.22508302398 1412746271.99
9.21026297924 1412746273.63
9.21941896105 1412746275.12
9.18945586812 1412746276.63
9.18278617928 1412746278.03
9.17702809109 1412746279.5
9.11300880733 1412746281.02
9.03726101047 1412746282.52
9.09152522043 1412746284.01
9.04653148321 1412746285.47
9.01546882038 1412746286.93
9.03043771332 1412746288.37
8.95177364457 1412746289.8
8.92588780573 1412746291.23
8.94028911225 1412746292.7
8.9234207267 1412746294.08
8.92115244874 1412746295.44
8.92718791882 1412746296.84
8.86635687204 1412746298.24
8.87775157799 1412746299.61
8.83840935882 1412746300.94
8.86473134599 1412746302.33
8.77519005063 1412746303.7
8.77585947983 1412746305.1
8.80190667232 1412746306.54
8.82981453834 1412746307.89
8.76939863949 1412746309.22
8.79244573509 1412746310.6
8.72255586626 1412746311.95
8.72741736431 1412746313.36
8.68076234224 1412746314.75
8.62947034894 1412746316.14
8.56122099022 1412746317.61
8.49853639113 1412746318.96
8.44961885465 1412746320.33
8.38438357742 1412746321.74
8.35305415151 1412746323.14
8.31955621738 1412746324.54
8.27113906022 1412746325.94
8.2360956826 1412746327.39
8.23902335103 1412746328.83
8.23481512789 1412746330.19
8.19237129192 1412746331.59
8.19003196417 1412746333.01
8.14418988425 1412746334.4
8.13481043869 1412746335.81
8.10852945722 1412746337.23
8.11861395858 1412746338.64
8.11614287025 1412746340.08
8.11998200271 1412746341.48
8.06158659854 1412746342.89
8.01576676131 1412746344.31
7.95827092325 1412746345.73
7.91662505696 1412746347.14
7.86480300908 1412746348.55
7.82172726324 1412746349.97
7.79793894359 1412746351.39
7.81522526539 1412746352.86
7.78040818615 1412746354.25
7.75480933622 1412746355.69
7.75095418514 1412746357.12
7.78617181076 1412746358.58
7.73127280782 1412746359.97
7.7274467103 1412746361.42
7.72006910847 1412746362.85
7.65678001555 1412746364.28
7.63890117725 1412746365.66
7.6217767969 1412746367.07
7.60372995253 1412746368.47
7.60932074793 1412746369.87
7.61127547106 1412746371.27
7.61251342051 1412746372.7
7.61918792375 1412746374.12
7.56457028849 1412746375.55
7.53695562986 1412746377.0
7.53420414621 1412746378.43
7.5114568631 1412746379.89
7.50744855977 1412746381.31
7.51311106528 1412746382.79
7.49112055379 1412746384.25
7.48183763061 1412746385.68
7.48780902172 1412746387.13
7.50500520565 1412746388.59
7.48589114026 1412746390.11
7.45361399675 1412746391.61
7.45368961155 1412746393.09
7.45801863519 1412746394.58
7.45026236016 1412746396.05
7.44915613085 1412746397.52
7.44238475578 1412746398.98
7.4401087794 1412746400.51
7.44786490414 1412746402.04
7.44250141379 1412746403.5
7.45392583043 1412746405.01
7.45710798172 1412746406.54
7.42996595996 1412746408.01
7.40737689906 1412746409.45
7.39406198839 1412746410.96
