22.6020856371 1412732589.51
22.2963354038 1412732590.22
22.1062168095 1412732590.93
21.9769610695 1412732591.63
21.8047804438 1412732592.32
21.8094593258 1412732593.07
21.900960872 1412732593.81
21.9679540664 1412732594.52
22.0538181274 1412732595.22
21.9402592517 1412732595.93
22.0022433096 1412732596.64
21.8204692337 1412732597.37
21.6240699372 1412732598.1
21.5572732185 1412732598.79
21.6092664745 1412732599.53
21.6633538328 1412732600.24
21.7934362832 1412732600.97
22.0060853927 1412732601.72
22.307787317 1412732602.46
22.2028876866 1412732603.21
22.2697245231 1412732603.92
22.1793561789 1412732604.65
22.0643241854 1412732605.4
22.0888778775 1412732606.14
22.0221409041 1412732606.88
22.0932798316 1412732607.63
22.2748610173 1412732608.43
22.2756902737 1412732609.22
22.3116973179 1412732610.01
22.323533263 1412732610.77
22.4171468997 1412732611.59
22.411523242 1412732612.36
22.4241813154 1412732613.13
22.5001733733 1412732613.89
22.5187464991 1412732614.68
22.450521142 1412732615.49
22.2976599074 1412732616.28
22.342099579 1412732617.08
22.1939272201 1412732617.86
22.0719187583 1412732618.61
21.9755967135 1412732619.37
21.8154558658 1412732620.12
21.7975179091 1412732620.89
21.6955640844 1412732621.72
21.6110593027 1412732622.52
21.6577809336 1412732623.33
21.6726328745 1412732624.06
21.678725871 1412732624.84
21.5556436911 1412732625.68
21.4459745878 1412732626.42
21.4874514504 1412732627.25
21.6328166059 1412732628.11
21.6904491743 1412732628.89
21.5576294825 1412732629.72
21.5424912276 1412732630.54
21.5853759804 1412732631.38
21.5899554123 1412732632.18
21.5215924709 1412732633.05
21.5701599359 1412732633.88
21.4843821865 1412732634.67
21.4880960361 1412732635.41
21.47364724 1412732636.18
21.5368172268 1412732636.87
21.7307062905 1412732637.57
21.6602772709 1412732638.27
21.6704324563 1412732638.98
21.5802040027 1412732639.71
21.6613662436 1412732640.46
21.6651238744 1412732641.19
21.6770108407 1412732641.93
21.8170628898 1412732642.68
21.8570970285 1412732643.44
21.8536315458 1412732644.17
21.971427067 1412732644.94
21.9568124445 1412732645.98
21.8630017217 1412732646.82
22.0518531486 1412732647.64
22.1869976624 1412732648.45
21.9400121134 1412732649.28
22.0113382049 1412732650.13
22.2511072967 1412732650.96
22.0879295438 1412732651.81
22.3042122403 1412732652.65
22.5063782595 1412732653.7
22.510372609 1412732654.72
22.7271229793 1412732655.7
22.8807023137 1412732656.49
23.0948706174 1412732657.27
23.2844645919 1412732658.1
23.2201794151 1412732658.93
23.1772414047 1412732659.76
23.2305302008 1412732660.61
23.5354969404 1412732661.5
23.6357172482 1412732662.37
23.7621626538 1412732663.24
23.7391295814 1412732664.13
23.9032031472 1412732665.06
23.9306217566 1412732665.98
23.933244066 1412732666.84
23.9139317954 1412732667.72
24.1632819053 1412732668.56
24.310866926 1412732669.44
24.4374594386 1412732670.3
24.4988144019 1412732671.2
24.540859002 1412732672.06
24.4127551486 1412732672.94
24.4903360669 1412732673.79
24.5483122647 1412732674.71
24.6642430164 1412732675.57
24.6572812106 1412732676.48
24.7328883394 1412732677.39
24.8037945185 1412732678.28
24.8869918239 1412732679.15
25.0418519408 1412732680.04
25.2245860124 1412732680.94
25.4161760086 1412732681.86
25.4586352237 1412732682.79
25.4611887841 1412732683.72
25.5066744039 1412732684.62
25.46085019 1412732685.57
25.542466909 1412732686.5
25.5858979768 1412732687.41
25.5588581508 1412732688.29
25.5158606718 1412732689.19
25.4821458261 1412732690.15
25.4812018122 1412732691.04
25.36117505 1412732691.91
25.5095561954 1412732692.81
25.5947827271 1412732693.73
25.6202564332 1412732694.61
25.5810121326 1412732695.47
25.5996516267 1412732696.38
25.7137536336 1412732697.28
25.6441053261 1412732698.16
25.9597605888 1412732699.03
26.0458244702 1412732699.88
26.0819176225 1412732700.74
26.0430284135 1412732701.64
25.6295952617 1412732702.53
25.6555636576 1412732703.44
25.5778331718 1412732704.32
25.6563429923 1412732705.22
25.8050825815 1412732706.11
25.7293229922 1412732707.0
25.8017370365 1412732707.89
25.757039195 1412732708.8
25.765288479 1412732709.73
25.5862503809 1412732710.65
25.6095239364 1412732711.51
25.5185146399 1412732712.41
25.6229751424 1412732713.28
25.5495560129 1412732714.16
25.5550213784 1412732715.04
25.5732556673 1412732715.93
25.5178619826 1412732716.82
25.5682927299 1412732717.68
25.5669367996 1412732718.59
25.5649220297 1412732719.45
25.687124865 1412732720.35
25.5798971706 1412732721.27
25.6232929859 1412732722.19
25.709512708 1412732723.08
25.5731337098 1412732724.01
25.6384655778 1412732724.87
25.609530109 1412732725.78
25.754954011 1412732726.68
25.6184803956 1412732727.56
25.7556621526 1412732728.48
25.61805485 1412732729.37
25.6510644538 1412732730.26
25.6236372057 1412732731.15
25.6570629335 1412732732.05
25.6290384316 1412732732.89
25.6628807021 1412732733.76
25.6742380601 1412732734.68
25.6635671363 1412732735.59
25.6750338197 1412732736.5
25.6329267987 1412732737.41
25.6324374803 1412732738.27
25.6406509381 1412732739.16
25.5745443565 1412732740.05
25.6442642161 1412732740.92
25.6526916129 1412732741.82
25.6610613795 1412732742.71
25.5813353212 1412732743.61
25.5961016558 1412732744.53
25.4245550645 1412732745.46
25.4984178315 1412732746.37
25.2109267161 1412732747.32
25.2164776576 1412732748.24
25.2244802746 1412732749.12
25.2202326204 1412732750.01
25.226294096 1412732750.89
25.2039458956 1412732751.76
25.2087882168 1412732752.64
25.2136605423 1412732753.55
25.2204351195 1412732754.45
25.2253194509 1412732755.36
25.1574799349 1412732756.3
25.1650289853 1412732757.17
