13.6780883737 1412728664.46
13.4918763792 1412728665.05
13.2592766462 1412728665.7
13.1525839213 1412728666.35
12.8782715855 1412728667.02
12.7104344288 1412728667.71
12.61786309 1412728668.33
12.5878207795 1412728669.04
12.4631868856 1412728669.72
12.4594634607 1412728670.38
12.3974493693 1412728671.03
12.1710855892 1412728671.67
12.1302049953 1412728672.31
12.1045365461 1412728672.94
12.0063331287 1412728673.58
11.992029867 1412728674.22
11.9269690115 1412728674.86
11.7886649182 1412728675.53
11.8272311836 1412728676.23
11.8296189249 1412728676.91
11.7736233139 1412728677.67
11.8133258593 1412728678.4
11.7280045392 1412728679.09
11.7084901495 1412728679.81
11.7087640885 1412728680.54
11.7519744301 1412728681.29
11.7845485096 1412728682.02
11.7711732724 1412728682.81
11.7911218305 1412728683.59
11.6594165075 1412728684.4
11.630354903 1412728685.19
11.6075988082 1412728685.96
11.6197785625 1412728686.76
11.6630302228 1412728687.58
11.7022553747 1412728688.36
11.7089642968 1412728689.19
11.7533291697 1412728690.0
11.8665665819 1412728690.84
11.9086367033 1412728691.63
11.9773131304 1412728692.47
11.9838511568 1412728693.31
11.975514635 1412728694.14
11.9036027497 1412728695.01
11.8466297591 1412728695.82
11.8006791859 1412728696.67
11.7966578651 1412728697.57
11.6802325098 1412728698.5
11.6611534943 1412728699.35
11.6437801856 1412728700.3
11.6642371993 1412728701.22
11.4343962579 1412728702.09
11.4725778804 1412728702.95
11.473048503 1412728703.84
11.4831653336 1412728704.7
11.4838836678 1412728705.55
11.5143357983 1412728706.4
11.5227228157 1412728707.28
11.5516453491 1412728708.12
11.5223899745 1412728709.02
11.6182811861 1412728709.9
11.5904257845 1412728710.79
11.6632888114 1412728711.69
11.6423804812 1412728712.57
11.6599847061 1412728713.45
11.6687953528 1412728714.33
11.6512442619 1412728715.38
11.6586286663 1412728716.31
11.6128561999 1412728717.3
11.6229526793 1412728718.26
11.6288714156 1412728719.15
11.6494818938 1412728720.08
11.6584259417 1412728720.95
11.6644469758 1412728721.85
11.6565491732 1412728722.81
11.5890353661 1412728723.77
11.5288468413 1412728724.7
11.5522592354 1412728725.67
11.5654297074 1412728726.58
11.5531629717 1412728727.56
11.5489827544 1412728728.56
11.540932762 1412728729.37
11.480339649 1412728730.18
11.4995108749 1412728730.96
11.5297713631 1412728731.73
11.3397360132 1412728732.5
11.3341909501 1412728733.31
11.3400010193 1412728734.07
11.3515959652 1412728734.85
11.3073400421 1412728735.6
11.3113176571 1412728736.34
11.3340867838 1412728737.13
11.3008540541 1412728737.93
11.2770803882 1412728738.75
11.2681980322 1412728739.53
11.3237508224 1412728740.37
11.3305560843 1412728741.15
11.2651609677 1412728741.92
11.2624209328 1412728742.66
11.3225209449 1412728743.49
11.2832358676 1412728744.25
11.2944674939 1412728745.01
11.3182310205 1412728745.83
11.3127851142 1412728746.61
11.3835709885 1412728747.38
11.3295835334 1412728748.15
11.3857441647 1412728748.93
11.3658484788 1412728749.73
11.3581641964 1412728750.61
11.3720010449 1412728751.45
11.3702494555 1412728752.28
11.3826995061 1412728753.15
11.397265177 1412728754.01
11.378585711 1412728754.9
11.3870588446 1412728755.95
11.3690114208 1412728756.95
11.363965366 1412728758.0
11.3739328342 1412728759.21
11.4059443395 1412728760.29
11.3031243464 1412728761.32
11.3339721318 1412728762.36
11.320037581 1412728763.4
11.3938826031 1412728764.44
11.3906035594 1412728765.49
11.3722950319 1412728766.57
11.3600026343 1412728767.7
11.2798862815 1412728768.71
11.3488299606 1412728769.9
11.3774838569 1412728771.07
11.4074427038 1412728772.13
11.382565588 1412728773.22
11.4183066381 1412728774.22
11.4191198857 1412728775.23
11.4198111104 1412728776.33
11.3817933928 1412728777.37
11.3863152717 1412728778.4
11.3862883215 1412728779.43
11.3398315873 1412728780.45
11.3898105342 1412728781.52
11.4027930046 1412728782.55
11.2948904638 1412728783.56
11.2559557227 1412728784.58
11.2449541769 1412728785.63
11.3439712439 1412728786.63
11.3275351822 1412728787.71
11.3240518877 1412728788.72
11.3241166492 1412728789.76
11.2747701377 1412728790.8
11.2671004543 1412728791.88
11.2095603633 1412728792.94
11.2531160696 1412728793.97
11.232303244 1412728794.99
11.213450257 1412728796.1
11.2056506379 1412728797.11
11.2360897195 1412728798.15
11.2538996716 1412728799.17
11.2927586409 1412728800.24
11.2962292973 1412728801.27
11.303105707 1412728802.35
11.2381889706 1412728803.43
11.2741771041 1412728804.51
11.2726549132 1412728805.57
11.2737377146 1412728806.61
11.281384016 1412728807.68
11.3719695217 1412728808.73
11.3806687409 1412728809.75
11.4109521689 1412728810.77
11.3992399085 1412728811.8
11.4331343019 1412728812.8
11.4508762908 1412728813.83
11.4257117938 1412728814.88
11.4428249857 1412728815.93
11.4853115783 1412728817.0
11.6334763895 1412728818.12
11.637318711 1412728819.19
11.6372021563 1412728820.26
11.6219769315 1412728821.32
11.6608811974 1412728822.38
11.6706056058 1412728823.4
11.7064373718 1412728824.53
11.6815628823 1412728825.59
11.8422596814 1412728826.61
11.8816654148 1412728827.73
11.8848265172 1412728828.79
11.873539427 1412728829.88
11.8813020247 1412728831.0
11.8890276194 1412728832.07
11.9086686526 1412728833.15
11.9454706856 1412728834.22
12.0020418335 1412728835.26
12.020381874 1412728836.28
12.0284729765 1412728837.36
12.0368235959 1412728838.38
12.0557727595 1412728839.46
12.0705362985 1412728840.54
12.088507009 1412728841.65
12.1020282471 1412728842.75
12.1091011813 1412728843.83
12.0264376592 1412728844.92
12.1103905485 1412728845.99
12.1161363372 1412728847.08
