33.5635312923 1412725230.02
33.3316012018 1412725230.46
33.3984442354 1412725231.16
33.2452238332 1412725231.85
33.2254238944 1412725232.51
33.1083799519 1412725232.97
33.3299242105 1412725233.34
32.5742895781 1412725233.68
31.8166065419 1412725234.0
31.2443040009 1412725234.4
30.3852465706 1412725234.74
29.550624926 1412725235.3
28.9460061314 1412725235.76
28.2462699106 1412725236.08
27.7804772815 1412725236.43
27.3026391962 1412725236.86
26.7831160552 1412725237.4
26.4271677947 1412725237.91
25.9854055338 1412725238.36
25.6344993114 1412725238.71
25.3508366334 1412725239.03
25.034126812 1412725239.43
24.6609658455 1412725239.84
24.4019081424 1412725240.23
24.3362566079 1412725240.82
24.0599529043 1412725241.28
23.5898667136 1412725241.75
23.4762225855 1412725242.3
23.2258873285 1412725242.8
23.0886376582 1412725243.2
22.9303744248 1412725243.6
22.5854388361 1412725244.11
22.5228384008 1412725244.45
22.3285957314 1412725244.91
22.295809442 1412725245.28
22.0057160377 1412725245.65
21.8863421699 1412725246.0
21.7614105748 1412725246.43
21.592860212 1412725246.79
21.4643018484 1412725247.13
21.3283964823 1412725247.47
21.0800987524 1412725247.84
21.0104028662 1412725248.22
20.895205918 1412725248.59
20.6654015159 1412725248.97
20.6253168152 1412725249.33
20.4146689511 1412725249.71
20.3764073645 1412725250.06
20.3547710471 1412725250.41
20.1553712876 1412725250.76
20.115480871 1412725251.11
19.9872746982 1412725251.55
20.090446513 1412725251.99
20.0025124115 1412725252.42
19.9235946334 1412725252.82
19.7017373313 1412725253.23
19.6802487183 1412725253.71
19.5394765477 1412725254.07
19.5839549027 1412725254.54
19.4339967068 1412725255.02
19.4278660109 1412725255.4
19.375746924 1412725255.86
19.4290501078 1412725256.23
19.3851395904 1412725256.6
19.3672857871 1412725256.97
19.279987887 1412725257.48
19.3058770531 1412725257.85
19.3263657807 1412725258.22
19.3096962428 1412725258.59
19.0886368798 1412725258.95
19.1554174572 1412725259.32
19.046280989 1412725259.68
19.108073318 1412725260.04
18.9395963483 1412725260.42
18.9403133256 1412725260.81
18.9230481342 1412725261.21
18.7675618892 1412725261.63
18.7427595391 1412725262.05
18.7757214014 1412725262.44
18.8066411627 1412725262.83
18.7978349127 1412725263.2
18.771869811 1412725263.59
18.7813159666 1412725263.98
18.7585814855 1412725264.36
18.7923557382 1412725264.75
18.9146144833 1412725265.14
18.7887269847 1412725265.53
18.7711629018 1412725265.94
18.7819861507 1412725266.34
18.8157669357 1412725266.73
18.829509548 1412725267.13
18.8570303885 1412725267.53
18.7715128062 1412725267.94
18.8067919147 1412725268.34
18.7973099818 1412725268.74
18.8309951471 1412725269.13
18.8693131327 1412725269.56
18.7762764046 1412725269.96
18.7405289151 1412725270.35
18.7235485251 1412725270.74
18.7409300204 1412725271.12
18.7798792677 1412725271.5
18.7894411365 1412725271.88
18.8069528616 1412725272.27
18.8571270419 1412725272.67
18.8121041893 1412725273.06
18.7260444599 1412725273.45
18.8308177205 1412725273.84
18.7375810096 1412725274.22
18.7453469513 1412725274.6
18.7555171613 1412725274.99
18.7264350295 1412725275.36
18.7380386306 1412725275.74
18.7117033675 1412725276.11
18.6925666308 1412725276.51
18.6656240842 1412725276.88
18.6331151941 1412725277.26
18.6626179646 1412725277.65
18.7192173487 1412725278.03
18.6953446011 1412725278.42
18.7881714647 1412725278.84
18.6501543533 1412725279.24
18.6120893106 1412725279.64
18.6519392115 1412725280.03
18.6292427387 1412725280.41
18.6369429764 1412725280.82
18.6067791431 1412725281.23
59.1491104631 1412725281.62
59.1709842751 1412725282.03
18.4905790993 1412725282.42
59.1743758669 1412725282.82
18.4545510334 1412725283.23
18.4618708084 1412725283.62
18.4980651098 1412725284.02
18.4469484134 1412725284.46
18.4544862163 1412725284.87
18.4346825326 1412725285.27
18.44267228 1412725285.7
18.5356502096 1412725286.08
18.4802945532 1412725286.47
18.4584060713 1412725286.87
18.4850525985 1412725287.26
18.4991862128 1412725287.65
18.512128682 1412725288.04
18.491499866 1412725288.43
18.4989806535 1412725288.81
18.4828199546 1412725289.19
18.4924685529 1412725289.57
18.5002146954 1412725289.94
18.4802766648 1412725290.32
18.4941490867 1412725290.7
18.4744691483 1412725291.1
18.4786951115 1412725291.5
18.3919047032 1412725291.88
18.3806279376 1412725292.28
18.4119070925 1412725292.67
59.3115459955 1412725293.05
59.3183133848 1412725293.42
59.3284798107 1412725293.78
59.3371222215 1412725294.17
59.3481262384 1412725294.54
59.3526865819 1412725294.91
59.3584796137 1412725295.27
59.3593952985 1412725295.6
59.3624535295 1412725295.95
59.3660546395 1412725296.31
59.367578274 1412725296.66
59.3665193339 1412725297.01
59.3689300513 1412725297.35
59.3703604949 1412725297.69
59.3668444627 1412725298.02
59.3753614872 1412725298.37
59.3802037425 1412725298.7
59.3858973314 1412725299.04
59.3931791191 1412725299.38
59.399741974 1412725299.72
59.4063992415 1412725300.06
59.4135858746 1412725300.41
59.4140573072 1412725300.77
59.4189314055 1412725301.09
59.425693749 1412725301.4
18.2462126976 1412725301.73
18.2372259307 1412725302.05
18.2394444401 1412725302.39
18.2416343996 1412725302.71
18.2331075189 1412725303.05
18.2354682288 1412725303.38
18.2271681381 1412725303.71
18.2296612789 1412725304.04
18.233793179 1412725304.37
18.2454429936 1412725304.74
18.2367040242 1412725305.07
18.2281039132 1412725305.48
18.2329981792 1412725305.82
18.2245661439 1412725306.13
18.2271860425 1412725306.47
18.1994908059 1412725306.77
18.2038615665 1412725307.1
18.2396736813 1412725307.43
18.2378840422 1412725307.83
