32.5488920683 1412725639.18
32.5731066822 1412725639.52
32.8829125133 1412725639.86
32.78917368 1412725640.2
32.8675890362 1412725640.61
33.1382488161 1412725641.02
33.3286265692 1412725641.46
33.3849160756 1412725641.85
33.0255891224 1412725642.24
32.383898841 1412725642.63
32.3509701277 1412725643.02
31.8596224355 1412725643.39
31.9561678842 1412725643.78
32.244346382 1412725644.15
32.5075750079 1412725644.55
32.6458661509 1412725644.92
32.3108872854 1412725645.33
32.2980645531 1412725645.7
32.9433759429 1412725646.08
33.3231219533 1412725646.48
33.694686518 1412725646.88
33.9907401512 1412725647.26
34.5864163088 1412725647.65
34.0806336331 1412725648.04
34.2785957048 1412725648.41
34.4310687693 1412725648.8
34.9356938122 1412725649.19
35.1051481126 1412725649.59
34.8716013052 1412725649.99
34.7429260491 1412725650.4
34.1158340189 1412725650.8
34.6007953313 1412725651.17
34.684174019 1412725651.56
34.8620279444 1412725651.95
34.5208124528 1412725652.34
34.8649151385 1412725652.76
34.4690970862 1412725653.19
34.7610660441 1412725653.64
34.367944053 1412725654.06
34.7397572274 1412725654.49
34.8644555826 1412725654.92
34.9082548467 1412725655.36
34.5791256395 1412725655.81
34.7623245435 1412725656.16
34.5083582302 1412725656.53
34.5716743315 1412725656.93
34.8090277319 1412725657.3
34.7617763666 1412725657.67
34.9261596916 1412725658.08
35.0176594032 1412725658.49
34.8623126268 1412725658.85
34.8946858982 1412725659.26
35.0849491063 1412725659.67
34.9825500547 1412725660.07
34.8491891437 1412725660.45
35.0877110672 1412725660.84
34.9127807205 1412725661.23
34.7036884774 1412725661.62
34.0722304377 1412725662.02
33.8426203642 1412725662.42
33.9783054778 1412725662.8
34.0684520029 1412725663.18
33.9011107624 1412725663.58
34.0902743531 1412725663.96
33.8344966951 1412725664.36
33.9684596245 1412725664.83
33.7221548053 1412725665.22
33.8606046619 1412725665.63
34.0209657199 1412725666.03
33.8675766285 1412725666.44
33.8962716589 1412725666.86
33.9693780852 1412725667.27
33.8923654106 1412725667.69
33.9278240031 1412725668.1
33.9593628145 1412725668.49
33.8888032478 1412725668.9
33.9612592929 1412725669.32
33.8310199602 1412725669.71
33.8491374742 1412725670.11
33.8915526606 1412725670.52
33.9287830968 1412725670.9
33.8018211974 1412725671.29
33.8558196624 1412725671.7
33.8907385277 1412725672.1
33.8476290346 1412725672.52
33.8635474005 1412725672.93
33.8974834181 1412725673.34
33.9913566559 1412725673.71
33.8910853401 1412725674.12
33.9067772986 1412725674.5
33.8769200137 1412725674.92
33.8823057179 1412725675.36
33.9103607765 1412725675.78
33.9617662968 1412725676.27
33.9575561089 1412725676.68
33.91061257 1412725677.08
33.8550064837 1412725677.47
33.9007223687 1412725677.86
33.892623949 1412725678.29
33.9134339347 1412725678.73
33.8202957131 1412725679.15
33.7618797387 1412725679.59
33.8613157702 1412725680.01
33.8638101531 1412725680.46
33.8912970982 1412725680.92
33.9900022266 1412725681.35
33.9215959256 1412725681.74
33.9128516762 1412725682.15
33.8836773752 1412725682.57
33.8539183257 1412725682.95
33.8149236217 1412725683.36
33.7184229746 1412725683.76
33.8168820313 1412725684.15
33.7817646101 1412725684.57
33.8399308298 1412725684.96
33.8012042658 1412725685.34
33.7767153571 1412725685.75
33.8041417881 1412725686.16
33.9049294994 1412725686.56
33.8538011069 1412725686.96
33.9128129441 1412725687.35
33.9275123007 1412725687.8
33.7995522885 1412725688.24
33.860485645 1412725688.67
33.9221528042 1412725689.08
33.9100741883 1412725689.49
34.0134449092 1412725689.9
33.8503756315 1412725690.29
33.7539818125 1412725690.67
33.7171896084 1412725691.02
33.7683130965 1412725691.4
33.8238758679 1412725691.74
33.6574332493 1412725692.12
33.7654653184 1412725692.5
33.6632260778 1412725692.87
33.7091135975 1412725693.27
33.9011610656 1412725693.66
33.8981156647 1412725694.05
33.7620927343 1412725694.43
33.7486725096 1412725694.82
33.7215665741 1412725695.21
33.7396942879 1412725695.61
33.6410398662 1412725696.0
33.6020306119 1412725696.37
33.4024249126 1412725696.77
33.4988979226 1412725697.17
33.5745111943 1412725697.56
33.6118182609 1412725698.0
33.65342194 1412725698.42
33.7396297103 1412725698.81
33.786976615 1412725699.2
33.7580677363 1412725699.58
33.7349740155 1412725699.96
33.6410791793 1412725700.36
33.3749395939 1412725700.73
33.5086878572 1412725701.13
33.5670599477 1412725701.56
33.5006421923 1412725701.94
33.5518381415 1412725702.34
33.4893203758 1412725702.72
33.3923187404 1412725703.11
33.4816728514 1412725703.52
33.4305832777 1412725703.91
33.4569295382 1412725704.29
33.6200132539 1412725704.69
32.922489032 1412725705.08
32.8789835905 1412725705.43
32.7113709235 1412725705.81
32.8642269284 1412725706.2
32.7273687732 1412725706.59
32.7128894785 1412725706.98
32.8348473647 1412725707.4
32.5195231392 1412725707.81
32.5467123746 1412725708.24
32.6438921141 1412725708.63
32.6607266002 1412725709.0
32.6782883085 1412725709.41
32.6834866384 1412725709.79
32.7445655411 1412725710.18
32.7393309305 1412725710.58
32.7468118243 1412725710.98
32.7473445788 1412725711.38
32.7896089761 1412725711.77
32.8386582575 1412725712.16
32.826414116 1412725712.56
32.7339322417 1412725712.95
32.7840129688 1412725713.34
32.7846657531 1412725713.75
32.7867620745 1412725714.16
32.7893732805 1412725714.54
32.8748001184 1412725714.93
32.8776467916 1412725715.31
32.879563656 1412725715.72
32.8777801889 1412725716.1
33.1634786725 1412725716.44
33.1673207179 1412725716.78
33.1730615903 1412725717.16
33.1675403243 1412725717.61
33.1725868785 1412725718.0
33.1765493984 1412725718.41
