23.3241783087 1412734188.51
22.4651500864 1412734189.56
21.9295916248 1412734190.63
21.6249528449 1412734191.68
21.0092455019 1412734192.67
20.7027950436 1412734193.67
20.3537939182 1412734194.68
19.8712835555 1412734195.73
19.4416713709 1412734196.74
18.9880275111 1412734197.74
18.4245038393 1412734198.78
18.2068941028 1412734199.82
18.0656300085 1412734200.83
17.8832859867 1412734201.84
17.5193888302 1412734202.84
17.3705488681 1412734203.84
17.1054607255 1412734204.84
16.8776511054 1412734205.75
16.7474187319 1412734206.67
16.4483586979 1412734207.6
16.2697602557 1412734208.54
15.9933583191 1412734209.52
15.8270237639 1412734210.44
15.607165762 1412734211.42
15.3829301318 1412734212.45
15.1825336923 1412734213.83
14.9904608353 1412734214.91
14.940115745 1412734215.96
14.7059073098 1412734216.98
14.5981918497 1412734218.0
14.5789426559 1412734219.0
14.5380840088 1412734220.01
14.6257547503 1412734221.06
14.5456533537 1412734222.1
14.5316822919 1412734223.2
14.4992113828 1412734224.31
14.3955999402 1412734225.32
14.2959759679 1412734226.32
14.3152334863 1412734227.36
14.2119149472 1412734228.44
14.0247335881 1412734229.46
14.0440410669 1412734230.48
14.0523100872 1412734231.44
13.9880454138 1412734232.4
14.0304059483 1412734233.44
14.0217857195 1412734234.51
14.0527446923 1412734235.57
14.0928330618 1412734236.6
14.0424809556 1412734237.7
14.024408657 1412734238.78
14.0453140852 1412734239.88
13.9047590282 1412734240.99
13.8442094824 1412734242.06
13.8901220788 1412734243.14
13.7657622672 1412734244.22
13.7920018303 1412734245.29
13.8022068405 1412734246.35
13.7771068785 1412734247.44
13.7326211613 1412734248.51
13.6387611476 1412734249.55
13.5824786065 1412734250.6
13.488302943 1412734251.67
13.411112089 1412734252.75
13.4606207401 1412734253.94
13.4211128655 1412734254.98
13.3805437102 1412734255.98
13.2671956693 1412734257.02
13.290233601 1412734258.06
13.2556961928 1412734259.2
13.2779184942 1412734260.29
13.2199952054 1412734261.38
13.1895854722 1412734262.47
13.1602760123 1412734263.62
13.1117579754 1412734264.71
13.1140992404 1412734265.79
13.0819609502 1412734266.88
13.0031729244 1412734267.94
12.9636067155 1412734268.97
12.9173126203 1412734270.04
12.8610099212 1412734271.13
12.8486147334 1412734272.24
12.8262536699 1412734273.31
12.8220110559 1412734274.36
12.8100294148 1412734275.39
12.7495092589 1412734276.45
12.7500985492 1412734277.53
12.703814264 1412734278.56
12.6267979311 1412734279.61
12.5645661921 1412734280.67
12.479894769 1412734281.72
12.3945801469 1412734282.77
12.2799368035 1412734283.75
12.173228761 1412734284.79
12.1240297701 1412734285.84
12.0686947091 1412734286.9
12.0872718791 1412734287.94
11.9730491337 1412734288.92
11.9505158945 1412734289.95
11.9093596546 1412734291.04
11.9449646728 1412734292.1
11.9146960491 1412734293.13
11.8380195869 1412734294.14
11.7486921156 1412734295.18
11.7630043868 1412734296.21
11.7386574157 1412734297.28
11.7327608361 1412734298.35
11.6589081866 1412734299.39
11.5709553991 1412734300.41
11.5159890773 1412734301.48
11.5572268986 1412734302.55
11.5124383517 1412734303.61
11.4816972387 1412734304.67
11.4379702577 1412734305.79
11.5223414092 1412734306.87
11.5376993488 1412734307.89
11.5582511569 1412734308.92
11.4914703066 1412734309.97
11.5328739296 1412734311.02
11.4381504874 1412734312.09
11.4304713331 1412734313.12
11.4604866259 1412734314.16
11.4506025235 1412734315.15
11.4118260633 1412734316.12
11.4037713771 1412734317.14
11.4199883239 1412734318.11
11.3848314415 1412734319.12
11.3644127783 1412734320.17
11.4393965663 1412734321.16
11.3937496916 1412734322.18
11.4218429747 1412734323.16
11.3369818218 1412734324.15
11.3055630184 1412734325.12
11.2447255866 1412734326.1
11.2585682152 1412734327.08
11.2775594929 1412734328.07
11.3232631767 1412734329.07
11.3428339037 1412734330.08
11.267080024 1412734331.1
11.294631849 1412734332.09
11.2714028655 1412734333.07
11.1410840831 1412734334.08
11.2328863261 1412734335.09
11.2790062805 1412734336.05
11.1683955709 1412734337.07
11.2265204145 1412734338.1
11.3242339833 1412734339.14
11.3156957848 1412734340.19
11.229761678 1412734341.2
11.2018288905 1412734342.23
11.2776221021 1412734343.27
11.1862101444 1412734344.27
11.1087661838 1412734345.32
11.0917623567 1412734346.39
11.0644266724 1412734347.44
11.0392786475 1412734348.44
11.0325953808 1412734349.44
11.0186739058 1412734350.48
10.9747011248 1412734351.52
10.82044893 1412734352.48
10.7396134161 1412734353.53
10.7461783117 1412734354.59
10.5865410817 1412734355.58
10.6415539817 1412734356.63
10.7362686081 1412734357.62
10.7284094051 1412734358.62
10.5847997955 1412734359.69
10.5969746557 1412734360.75
10.5181861844 1412734361.78
10.5795831194 1412734362.79
10.5370443888 1412734363.73
10.4728918537 1412734364.76
10.4062418597 1412734365.8
10.3821871732 1412734366.82
10.3188145795 1412734367.85
10.2521432593 1412734368.89
10.1735663771 1412734369.93
10.1189237411 1412734370.94
10.0944737714 1412734371.97
10.0367119878 1412734372.97
9.96865387862 1412734373.93
9.90921805726 1412734374.91
9.8668798942 1412734375.86
9.78689748824 1412734376.8
9.66478927032 1412734377.79
9.58549590783 1412734378.76
9.53044582209 1412734379.73
9.48113273524 1412734380.7
9.41738921304 1412734381.7
9.35970495668 1412734382.67
9.32712394559 1412734383.68
9.24584663306 1412734384.66
9.27731360505 1412734385.7
9.24672442715 1412734386.7
9.16171410515 1412734387.71
9.08516171922 1412734388.68
9.03284697364 1412734389.69
9.03574327048 1412734390.69
8.96149509145 1412734391.7
8.92627408696 1412734392.71
8.87542715924 1412734393.75
