31.3419588164 1412727264.71
30.1179935064 1412727265.24
28.9484514713 1412727265.83
28.382986473 1412727266.4
28.2824027318 1412727266.96
27.8868507167 1412727267.65
27.525551855 1412727268.33
27.2467342966 1412727268.95
27.0636310812 1412727269.55
27.2798189946 1412727270.38
27.0068958052 1412727271.01
26.7843471557 1412727271.72
26.4866778509 1412727272.37
26.3827075273 1412727273.05
26.5638772558 1412727273.68
26.2413972384 1412727274.3
25.663784252 1412727274.88
25.5065150775 1412727275.53
25.3960719492 1412727276.21
25.2067465069 1412727276.94
25.1163500759 1412727277.58
25.2628751316 1412727278.22
24.8521239175 1412727278.88
24.7450518771 1412727279.56
24.3493726649 1412727280.16
24.1819272994 1412727280.82
24.1559630101 1412727281.49
24.1011578525 1412727282.04
24.1990042948 1412727282.6
24.2128825463 1412727283.16
23.8124052164 1412727283.71
23.5930586967 1412727284.3
23.5626290694 1412727284.93
23.3217329759 1412727285.59
23.1047510921 1412727286.19
22.5943267936 1412727286.78
22.2769963805 1412727287.36
21.8767371382 1412727287.99
21.6871567476 1412727288.51
21.2940359504 1412727289.03
21.2531936187 1412727289.54
21.1881633818 1412727290.06
21.1195762431 1412727290.59
20.7819916564 1412727291.13
20.9385923322 1412727291.7
21.126139553 1412727292.24
21.2987775913 1412727292.81
21.4528694188 1412727293.35
21.3868634176 1412727293.88
21.5492901839 1412727294.43
21.3398811188 1412727294.99
21.6136979793 1412727295.6
21.6271379617 1412727296.26
21.7919419128 1412727296.94
21.7469222745 1412727297.57
21.6549920456 1412727298.2
21.66902615 1412727298.87
21.8105245852 1412727299.44
21.7823846212 1412727300.08
21.6160143673 1412727300.73
21.3794398859 1412727301.32
21.3778087872 1412727301.92
21.5887576263 1412727302.52
21.3221338459 1412727303.09
21.5447751179 1412727303.72
21.4242480543 1412727304.31
21.4233736517 1412727304.91
21.0727598897 1412727305.48
20.8219808302 1412727306.05
20.7186885898 1412727306.63
20.4554921682 1412727307.19
20.525032037 1412727307.72
20.601817104 1412727308.3
20.5249515852 1412727308.96
20.6756842213 1412727309.53
20.5763898058 1412727310.21
20.5891032125 1412727310.75
20.3553460747 1412727311.31
20.55723581 1412727311.86
20.9268657863 1412727312.4
20.6251022417 1412727313.01
20.4848547311 1412727313.61
20.2829563686 1412727314.19
20.4604786058 1412727314.78
20.4997478077 1412727315.32
20.6563734387 1412727316.01
20.7479665205 1412727316.64
20.9077659438 1412727317.32
21.0301548757 1412727318.03
20.8961920857 1412727318.88
20.7600306941 1412727319.49
20.7429935018 1412727320.16
21.1383537446 1412727320.72
21.1028816886 1412727321.25
21.1229572416 1412727321.81
21.165502334 1412727322.39
20.9496346988 1412727322.92
20.9726884455 1412727323.46
21.0344019127 1412727324.15
21.0020207818 1412727324.77
20.9639712087 1412727325.49
21.1107173842 1412727326.05
21.1622285348 1412727326.68
21.1398635977 1412727327.34
21.1986809031 1412727327.93
20.8922521649 1412727328.48
20.8982138314 1412727329.06
20.8438460152 1412727329.66
20.767775509 1412727330.24
20.7105769864 1412727330.86
20.8612047156 1412727331.47
20.866209548 1412727332.16
20.5178897232 1412727332.85
20.521004665 1412727333.52
20.5196593935 1412727334.12
20.5440700473 1412727334.82
20.5535247479 1412727335.53
20.4678714679 1412727336.26
20.415301785 1412727336.87
20.4331117478 1412727337.47
20.6513715662 1412727338.15
20.5658238951 1412727338.89
20.6235140823 1412727339.6
20.7368849156 1412727340.22
20.6910803281 1412727340.87
20.6394146004 1412727341.49
20.5647455621 1412727342.18
20.6202548294 1412727342.87
20.5533172355 1412727343.73
20.8217438381 1412727344.5
20.9005062635 1412727345.29
20.9431584126 1412727346.01
21.230744729 1412727346.75
21.3736627989 1412727347.6
21.3950493326 1412727348.41
21.4237157447 1412727349.25
21.4387082225 1412727349.98
21.4139812597 1412727350.66
21.4569821916 1412727351.41
21.5692662975 1412727352.14
21.4894307892 1412727352.85
21.5690169669 1412727353.63
21.4519912372 1412727354.39
21.6393782626 1412727355.11
21.5095566502 1412727355.92
21.6289407163 1412727356.81
21.7555246265 1412727357.69
21.7032607047 1412727358.67
22.0641590179 1412727359.47
22.3024632402 1412727360.27
22.384533018 1412727361.03
22.0931696912 1412727361.84
22.2167693872 1412727362.75
22.4333837502 1412727363.62
21.9761125422 1412727364.48
22.2481612652 1412727365.53
22.7055312087 1412727366.49
22.8106349008 1412727367.56
22.6984233581 1412727368.77
22.7424258378 1412727369.84
22.7090915781 1412727370.83
23.187342978 1412727371.78
23.2319513764 1412727372.62
22.8488387526 1412727373.47
22.9998672686 1412727374.4
23.1935923019 1412727375.46
23.7565283459 1412727376.33
23.9880386699 1412727377.25
23.8440746801 1412727378.09
23.4671901933 1412727379.03
23.6652245375 1412727379.89
23.7081149221 1412727380.77
23.5018712063 1412727381.65
23.5186804033 1412727382.53
23.4856838954 1412727383.53
23.1266755522 1412727384.43
22.8432800105 1412727385.38
22.6545025072 1412727386.45
23.4902139458 1412727387.65
23.3693773547 1412727388.74
23.3639243548 1412727389.82
23.364504373 1412727390.8
23.8198508777 1412727391.71
23.6631418405 1412727392.69
23.6671896177 1412727393.67
23.5620109957 1412727394.69
23.3311228083 1412727395.69
23.6117826131 1412727396.74
23.4137533145 1412727397.77
23.9225036586 1412727398.76
24.5612029837 1412727399.88
24.6753437072 1412727400.92
24.9183479304 1412727402.02
25.1545209414 1412727402.96
25.2453251954 1412727403.89
26.5096653395 1412727404.82
26.625120306 1412727405.76
26.7043502938 1412727406.71
26.7489773179 1412727407.63
27.3031788134 1412727408.56
