19.5353540368 1412735135.96
18.9851898135 1412735136.99
18.5286322822 1412735138.0
17.9720213487 1412735139.07
17.5933172905 1412735140.16
17.4572117211 1412735141.21
17.5106234124 1412735142.28
16.9529511675 1412735143.33
16.903835913 1412735144.36
16.7476222056 1412735145.39
16.273316979 1412735146.4
16.2939704424 1412735147.39
16.1443941895 1412735148.38
15.9220063537 1412735149.37
15.8569958167 1412735150.35
15.8445686102 1412735151.34
15.6403416122 1412735152.32
15.5984615959 1412735153.46
15.3571677862 1412735154.44
15.1676606348 1412735155.42
14.6986332825 1412735156.47
14.2279586304 1412735157.42
14.517599201 1412735158.44
14.0552414079 1412735159.43
14.0927161375 1412735160.37
14.1303994152 1412735161.37
13.980677412 1412735162.36
13.9557347357 1412735163.33
13.8647810926 1412735164.46
13.8031906376 1412735165.51
13.9099313558 1412735166.49
13.8293389412 1412735167.45
13.6146521919 1412735168.44
13.6215849118 1412735169.42
13.5862770173 1412735170.41
13.6013506193 1412735171.46
13.4461241654 1412735172.42
13.5500265845 1412735173.38
13.5399226075 1412735174.37
13.5536109884 1412735175.35
13.3719002812 1412735176.32
13.3081074346 1412735177.3
13.1094077387 1412735178.25
12.3519401331 1412735179.15
12.4982301061 1412735180.14
12.1252331882 1412735181.06
12.3032730059 1412735182.04
12.3488649017 1412735183.0
12.1995564115 1412735183.95
12.240283564 1412735184.89
12.0370747186 1412735185.84
12.04813434 1412735186.76
11.8879576124 1412735187.78
11.8765633287 1412735188.73
11.7052260611 1412735189.69
11.7830680992 1412735190.61
11.6183874063 1412735191.55
11.6785958976 1412735192.48
11.5792979009 1412735193.43
11.5726337504 1412735194.36
11.4817979116 1412735195.3
11.3916986485 1412735196.28
11.2659279155 1412735197.24
11.1277906903 1412735198.16
11.1147399958 1412735199.14
11.0735532005 1412735200.12
10.9076029685 1412735201.15
10.9466591085 1412735202.14
10.7493975295 1412735203.1
10.7967261666 1412735204.02
10.7475394681 1412735205.01
10.7193223452 1412735205.97
10.6255675481 1412735206.93
10.7818441884 1412735207.86
10.6412254164 1412735208.81
10.6961981778 1412735209.72
10.5542165668 1412735210.67
10.5390806087 1412735211.6
10.3829605141 1412735212.53
10.4554538584 1412735213.5
10.3301854277 1412735214.41
10.3836766276 1412735215.29
10.3047853922 1412735216.19
10.3660915293 1412735217.14
10.2161797361 1412735218.05
10.2479020024 1412735218.99
10.1277686739 1412735219.91
10.18906881 1412735220.85
10.225740203 1412735221.78
10.1567659392 1412735222.74
10.144112214 1412735223.7
10.0744350114 1412735224.68
10.0693315266 1412735225.61
10.0603194593 1412735226.55
9.94245109719 1412735227.45
9.85731712418 1412735228.35
9.83801526198 1412735229.28
9.81984797507 1412735230.24
9.72185404303 1412735231.17
9.71900900742 1412735232.13
9.61638822505 1412735233.04
9.57774272416 1412735233.98
9.58892292996 1412735234.92
9.53619519444 1412735235.91
9.51208071849 1412735236.84
9.48138074135 1412735237.76
9.45919395583 1412735238.69
9.44772141438 1412735239.59
9.45180171227 1412735240.52
9.45899434793 1412735241.45
9.47440138324 1412735242.4
9.39648868078 1412735243.36
9.38998980878 1412735244.33
9.37615716991 1412735245.33
9.36726354234 1412735246.23
9.39582897689 1412735247.18
9.36018097566 1412735248.17
9.36964392928 1412735249.17
9.35364608938 1412735250.18
9.3380640783 1412735251.18
9.33868099335 1412735252.21
9.31901203115 1412735253.2
9.36451579262 1412735254.23
9.3455665057 1412735255.23
9.38797507786 1412735256.25
9.40185458672 1412735257.25
9.35865382886 1412735258.27
9.40643442343 1412735259.28
9.41786211908 1412735260.35
9.3762966921 1412735261.43
9.38776183667 1412735262.5
9.36256118927 1412735263.61
9.38371367386 1412735264.72
9.34133940279 1412735265.82
9.33207204337 1412735266.95
9.37629536205 1412735267.99
9.40382034634 1412735269.05
9.38281809356 1412735270.13
9.38524985155 1412735271.22
9.39525000619 1412735272.33
9.39276060263 1412735273.44
9.35708755221 1412735274.5
9.3611658977 1412735275.59
9.37414068423 1412735276.67
9.35044758796 1412735277.78
9.35241851812 1412735278.91
9.3675587578 1412735280.04
9.33935926626 1412735281.17
9.33489944898 1412735282.28
9.33238705066 1412735283.42
9.30438960111 1412735284.5
9.30720336887 1412735285.6
9.33178065911 1412735286.76
9.35122154345 1412735287.87
9.35160944518 1412735288.96
9.3555705165 1412735290.11
9.36642092305 1412735291.3
9.38276198621 1412735292.42
9.38115169134 1412735293.54
9.39046815082 1412735294.65
9.37728057178 1412735295.79
9.38270687565 1412735296.95
9.36426409055 1412735298.05
9.35754948138 1412735299.18
9.3846759974 1412735300.27
9.36521419238 1412735301.42
9.36472657532 1412735302.54
9.36952028222 1412735303.74
9.37599969881 1412735304.88
9.37762509352 1412735306.02
9.38283978343 1412735307.17
9.38554010656 1412735308.35
9.38973604513 1412735309.5
9.36178116199 1412735310.63
9.37473853482 1412735311.73
9.38656694625 1412735312.87
9.37730420183 1412735314.02
9.38935666332 1412735315.13
9.39308923448 1412735316.25
9.37675397711 1412735317.37
9.35842735087 1412735318.53
9.35873431482 1412735319.69
9.34696663646 1412735320.86
9.35031866507 1412735322.06
9.35354298888 1412735323.26
9.34879290378 1412735324.44
9.33395684596 1412735325.63
9.35202991818 1412735326.86
9.34102265918 1412735328.05
9.34588342869 1412735329.19
9.33557432012 1412735330.33
9.32519086304 1412735331.47
9.32217677249 1412735332.65
9.33309336577 1412735333.88
9.32742352371 1412735335.07
9.31571482232 1412735336.22
9.34279624973 1412735337.34
9.33568447481 1412735338.54
9.32435343009 1412735339.72
9.31274092682 1412735340.88
