4.13251300788 1412724140.08
4.16248164874 1412724140.36
4.13046562556 1412724140.65
4.17937778503 1412724140.96
4.21123947263 1412724141.26
4.37907735214 1412724141.57
4.7301504029 1412724141.86
4.97660419356 1412724142.32
5.24141305847 1412724142.67
5.36113272891 1412724142.95
5.63248133859 1412724143.22
5.768219507 1412724143.5
6.03484693488 1412724143.82
6.33758926195 1412724144.19
6.57738095483 1412724144.47
6.76674078573 1412724144.87
6.988085614 1412724145.18
7.17096700592 1412724145.44
7.29246208649 1412724145.74
7.4310220318 1412724146.01
7.64902837191 1412724146.33
7.74174979562 1412724146.57
7.89436478942 1412724146.86
8.019733771 1412724147.15
8.15917211413 1412724147.42
8.27031353206 1412724147.69
8.41746329182 1412724147.98
8.52482804737 1412724148.25
8.64196431874 1412724148.51
8.68793311687 1412724148.87
8.78570343579 1412724149.14
8.87121769366 1412724149.42
8.96573372051 1412724149.69
8.97134333598 1412724149.94
9.02059074608 1412724150.25
9.04779224722 1412724150.49
9.08588688475 1412724150.78
9.11221177841 1412724151.06
9.18359622477 1412724151.32
9.19967723868 1412724151.61
9.25661848712 1412724151.9
9.28056076337 1412724152.18
9.29647108433 1412724152.55
9.25513789819 1412724152.91
9.26035127606 1412724153.25
9.23991246824 1412724153.51
9.17936670101 1412724153.78
9.16562864996 1412724154.03
9.19511478108 1412724154.33
9.15542456991 1412724154.59
9.06970825661 1412724154.85
9.03351779083 1412724155.15
9.12378216904 1412724155.43
9.04613731005 1412724155.69
9.01078369348 1412724155.95
9.03897170396 1412724156.2
9.0720781206 1412724156.47
9.03443766728 1412724156.7
8.99936965883 1412724156.96
9.00015807097 1412724157.2
9.02269886709 1412724157.46
8.99679242616 1412724157.72
8.97099901501 1412724158.01
8.96452510899 1412724158.28
8.95646175834 1412724158.54
8.88395979482 1412724158.77
8.83772660115 1412724159.01
8.83817365558 1412724159.28
8.86902484581 1412724159.52
8.85833477893 1412724159.78
8.88734949086 1412724160.05
8.86262100187 1412724160.32
8.83986044045 1412724160.56
8.77924173069 1412724160.84
8.76994761405 1412724161.08
8.76738096517 1412724161.36
8.75450701033 1412724161.61
8.72200388215 1412724161.84
8.6977301951 1412724162.09
8.73690576255 1412724162.37
8.69447012895 1412724162.63
8.64333600223 1412724162.87
8.55146328343 1412724163.12
8.45581952151 1412724163.4
8.33440861024 1412724163.71
8.21663622631 1412724164.0
8.12433046774 1412724164.32
7.98988710397 1412724164.58
7.87635379599 1412724164.94
7.80070358697 1412724165.27
7.75078201371 1412724165.65
7.71749153771 1412724165.94
7.63055496246 1412724166.23
7.60391247089 1412724166.54
7.60325660891 1412724166.8
7.60911502138 1412724167.08
7.60542089674 1412724167.35
7.6069334364 1412724167.64
7.53418220082 1412724167.88
7.5358758177 1412724168.14
7.53331882058 1412724168.4
7.52922737374 1412724168.66
7.52517334853 1412724168.94
7.48728095049 1412724169.22
7.49468133853 1412724169.47
7.57117541881 1412724169.73
7.55995590759 1412724169.99
7.4540366255 1412724170.28
7.58710777157 1412724170.53
7.5914033354 1412724170.83
7.57142645403 1412724171.09
7.58398782848 1412724171.35
7.57706090769 1412724171.62
7.55929111399 1412724171.88
7.55847174345 1412724172.12
7.58524027999 1412724172.39
7.4963401548 1412724172.67
7.45200366062 1412724172.92
7.44500791954 1412724173.2
7.44667141596 1412724173.47
7.38868856902 1412724173.75
7.35068112283 1412724174.02
7.28989048428 1412724174.43
7.24476997508 1412724174.77
7.20343030268 1412724175.06
7.16688157556 1412724175.41
7.24294759767 1412724175.71
7.21004265588 1412724176.0
7.15683464383 1412724176.27
7.14427065658 1412724176.53
7.13733301743 1412724176.78
7.14878384006 1412724177.06
7.19560422387 1412724177.32
7.19136999687 1412724177.57
7.16866121019 1412724177.78
7.17089296916 1412724178.06
7.30049099512 1412724178.4
7.26828991955 1412724178.77
7.25819220437 1412724179.15
7.31960091204 1412724179.52
7.2824104305 1412724179.88
7.388323685 1412724180.13
7.4146240608 1412724180.36
7.38305954345 1412724180.59
7.34053524076 1412724180.83
7.32826990463 1412724181.15
7.40295952399 1412724181.53
7.36299437623 1412724181.91
7.33966064607 1412724182.19
7.27044289985 1412724182.5
7.30560070153 1412724182.76
7.32945604128 1412724183.03
7.37096864473 1412724183.33
7.41362097722 1412724183.6
7.42093100824 1412724183.87
7.52701859598 1412724184.13
7.63260788487 1412724184.4
7.63950875363 1412724184.66
7.66633040533 1412724184.93
7.67341889308 1412724185.19
7.66145195344 1412724185.5
7.72969604137 1412724185.76
7.7500804277 1412724186.06
7.75302300734 1412724186.37
7.74439187974 1412724186.65
7.72030947119 1412724186.97
7.70878069166 1412724187.26
7.74073994989 1412724187.55
7.71544904747 1412724187.83
7.65932070393 1412724188.26
7.69787143773 1412724188.58
7.68085356978 1412724188.89
7.6648611325 1412724189.19
7.64009984164 1412724189.48
7.65481785912 1412724189.77
7.62596662861 1412724190.03
7.57175236285 1412724190.31
7.56368814838 1412724190.61
7.51923956716 1412724190.95
7.48858774365 1412724191.32
7.49284889348 1412724191.65
7.39726905693 1412724191.98
7.48002534842 1412724192.41
7.38198968662 1412724192.8
7.36393734888 1412724193.18
7.31600289474 1412724193.52
7.27269641729 1412724193.82
7.27657889814 1412724194.15
7.26482954991 1412724194.44
7.23678164927 1412724194.71
7.23374561945 1412724195.07
7.2321985527 1412724195.35
7.23403054563 1412724195.65
7.25743277729 1412724195.93
7.40915664074 1412724196.24
7.45165902122 1412724196.51
7.49951838037 1412724196.78
7.53999412433 1412724197.03
7.53784126843 1412724197.33
7.59658991834 1412724197.61
