21.0474420485 1412721670.61
21.4657067106 1412721670.71
21.9118620783 1412721670.82
22.349256112 1412721670.92
22.527882221 1412721671.03
22.9850979531 1412721671.13
23.0281899262 1412721671.27
23.4238402311 1412721671.49
23.4909358817 1412721671.64
23.6985884367 1412721671.79
23.7323580037 1412721671.98
23.8038849544 1412721672.13
23.8588303745 1412721672.33
23.7641719142 1412721672.48
23.7956388482 1412721672.65
23.9485103341 1412721672.82
23.8451503345 1412721673.03
23.9587082703 1412721673.19
23.8303392257 1412721673.41
23.7634493829 1412721673.6
23.6757865804 1412721673.77
23.5433083762 1412721673.92
23.9171707923 1412721674.06
23.9570323492 1412721674.19
23.8830179063 1412721674.37
24.210607128 1412721674.51
24.0965081546 1412721674.63
24.3261567011 1412721674.76
24.4100824476 1412721674.87
24.5948570423 1412721675.02
24.6158241612 1412721675.22
24.6598058358 1412721675.36
24.6649214365 1412721675.51
25.3094551953 1412721675.67
25.2710080042 1412721675.77
24.9917371196 1412721675.91
24.7932569861 1412721676.02
24.6360091853 1412721676.14
25.0154091296 1412721676.26
25.147778393 1412721676.46
24.8374148026 1412721676.58
24.7912888966 1412721676.74
24.5822984926 1412721676.88
24.0661084684 1412721677.01
24.3769914297 1412721677.12
24.7464225386 1412721677.23
23.8362065675 1412721677.35
23.9960837443 1412721677.46
23.9105964174 1412721677.59
24.1866758857 1412721677.71
24.0880907817 1412721677.84
23.9006551842 1412721677.97
23.7163590857 1412721678.2
23.5634873104 1412721678.41
23.6520413037 1412721678.6
23.6828110714 1412721678.76
23.8534430792 1412721678.93
23.9837480994 1412721679.09
24.0461239761 1412721679.27
24.2654576662 1412721679.43
24.3950554659 1412721679.59
24.3160611732 1412721679.75
24.7166441383 1412721679.91
25.0822328366 1412721680.11
25.1906515551 1412721680.27
25.3202342714 1412721680.45
25.4277134098 1412721680.62
25.9387991027 1412721680.84
26.4767548743 1412721681.04
26.6122534086 1412721681.23
26.6468312753 1412721681.47
27.1464192274 1412721681.63
27.6453939444 1412721681.81
27.9910405731 1412721681.97
28.1239646586 1412721682.17
28.7501029903 1412721682.39
28.999857778 1412721682.56
29.2467875899 1412721682.73
29.4110242559 1412721682.95
29.4408626697 1412721683.15
30.2759392048 1412721683.36
29.7915200739 1412721683.54
30.3311000578 1412721683.74
30.2530539396 1412721683.92
30.5219805914 1412721684.07
30.0399894303 1412721684.2
30.4816712511 1412721684.37
30.7223674737 1412721684.49
30.3475343611 1412721684.63
30.7671208824 1412721684.76
30.9037189173 1412721684.9
31.2963465185 1412721685.04
30.4912276726 1412721685.19
31.2184447867 1412721685.32
31.7700567303 1412721685.47
32.1029837972 1412721685.59
31.8938774858 1412721685.72
31.8935660621 1412721685.85
31.7495146589 1412721685.97
31.7589103891 1412721686.1
31.6052741378 1412721686.24
31.7497347772 1412721686.4
31.7531439583 1412721686.54
32.1999886398 1412721686.67
31.5234309057 1412721686.79
31.6275319337 1412721686.95
32.2664304483 1412721687.16
32.6561932 1412721687.34
33.1805422754 1412721687.51
33.2014930106 1412721687.73
33.419120011 1412721687.91
33.3989232425 1412721688.1
33.9431506726 1412721688.28
34.4659665878 1412721688.45
34.4445470056 1412721688.61
34.8072890092 1412721688.82
35.8621952891 1412721688.98
34.9538391262 1412721689.17
36.0569968245 1412721689.4
36.0565085734 1412721689.59
35.7750705152 1412721689.73
36.226515143 1412721689.86
35.6347460091 1412721690.0
35.6063460624 1412721690.13
36.5104359823 1412721690.27
36.7156511228 1412721690.4
36.0833570825 1412721690.55
36.3108353344 1412721690.66
36.398116668 1412721690.79
36.8392789275 1412721690.92
36.644286574 1412721691.08
37.0535683517 1412721691.22
36.8913209816 1412721691.39
37.8584352697 1412721691.53
38.1798745226 1412721691.65
38.3537513775 1412721691.79
40.2928638353 1412721691.93
40.3374145664 1412721692.07
40.4966726138 1412721692.2
41.3066764538 1412721692.33
41.348090795 1412721692.45
41.706946464 1412721692.59
42.1473210204 1412721692.73
42.3538794289 1412721692.85
42.7589793668 1412721692.99
42.7829750478 1412721693.12
43.3620458569 1412721693.27
43.0719187322 1412721693.41
42.768069752 1412721693.54
43.659783689 1412721693.68
43.280007612 1412721693.81
43.8859782521 1412721693.94
44.6999958479 1412721694.07
43.5216745224 1412721694.19
43.0657720474 1412721694.31
43.0897906814 1412721694.44
43.1415060274 1412721694.56
42.1411928322 1412721694.68
41.2037713355 1412721694.82
40.9249861932 1412721694.97
40.5729028488 1412721695.12
41.4014243683 1412721695.27
41.3107291628 1412721695.49
41.0590654034 1412721695.7
40.8968152076 1412721695.85
40.9109673307 1412721696.03
40.9104605811 1412721696.21
40.6697831173 1412721696.37
41.4314804984 1412721696.62
42.3467732384 1412721696.79
42.7870721766 1412721696.94
42.688357002 1412721697.1
42.1677313772 1412721697.3
41.8652906464 1412721697.47
41.9115318287 1412721697.66
41.3552696038 1412721697.82
41.3491354741 1412721697.96
40.6582767833 1412721698.13
40.6345863942 1412721698.31
39.5141208569 1412721698.48
39.4361370032 1412721698.65
39.3558638717 1412721698.81
39.3954403168 1412721698.99
39.321174661 1412721699.14
39.4087740061 1412721699.32
39.2253144264 1412721699.52
38.9195832482 1412721699.65
38.8250742572 1412721699.82
38.6928072973 1412721700.0
38.7675020177 1412721700.14
38.6822600111 1412721700.3
38.5888408603 1412721700.46
38.5221971025 1412721700.62
38.45632675 1412721700.79
38.9986588898 1412721700.94
38.9054541012 1412721701.1
38.8739574639 1412721701.26
38.8692753854 1412721701.45
38.8215252884 1412721701.57
38.7936829635 1412721701.73
