14.8506878205 1412731101.71
14.6089797555 1412731102.38
14.5050075051 1412731103.05
14.0686565719 1412731103.71
13.837827991 1412731104.34
13.6932553587 1412731105.0
13.7936999504 1412731105.64
13.6125866895 1412731106.32
13.568789129 1412731106.97
13.2970691776 1412731107.61
13.2633293796 1412731108.23
13.1729307317 1412731108.86
13.1108509075 1412731109.5
13.2575217594 1412731110.15
13.4001775707 1412731110.82
13.6583086404 1412731111.44
13.7958488468 1412731112.08
13.7496742173 1412731112.74
13.7733846031 1412731113.39
13.7454789558 1412731114.02
13.9209084817 1412731114.66
13.9454586268 1412731115.28
13.9302149218 1412731115.96
13.9117383853 1412731116.54
13.8614105637 1412731117.18
13.8760075403 1412731117.8
13.9549732534 1412731118.46
13.8993909386 1412731119.08
14.0821537176 1412731119.72
14.1831426493 1412731120.39
14.0658698648 1412731121.05
14.1338622497 1412731121.68
14.0182850192 1412731122.29
14.0115700355 1412731122.95
14.0277595038 1412731123.63
13.9932092887 1412731124.27
13.9734547557 1412731124.94
13.9555019927 1412731125.59
14.0102939457 1412731126.24
13.9211794302 1412731126.89
13.869744586 1412731127.56
13.734947263 1412731128.17
13.7936768647 1412731128.78
13.705057834 1412731129.42
13.7311673185 1412731130.05
13.7492571951 1412731130.65
13.7151011281 1412731131.27
13.6952572719 1412731131.91
13.6622935761 1412731132.53
13.7069090756 1412731133.14
13.6729883004 1412731133.82
13.5870866798 1412731134.48
13.6185121034 1412731135.11
13.5841182534 1412731135.74
13.4571649123 1412731136.38
13.4271880825 1412731137.0
13.2151366086 1412731137.63
13.2426752352 1412731138.26
13.1788383909 1412731138.83
13.1106933593 1412731139.42
13.0298526528 1412731140.0
12.8392302733 1412731140.63
12.8621025897 1412731141.23
12.7931056897 1412731141.88
12.6439265409 1412731142.48
12.5448274284 1412731143.11
12.4472307639 1412731143.72
12.4659983798 1412731144.32
12.3125831348 1412731144.94
12.1924042661 1412731145.52
12.0396801147 1412731146.12
12.0217002774 1412731146.71
12.0302683088 1412731147.31
12.0124981562 1412731147.91
11.9926039925 1412731148.51
11.9168466191 1412731149.14
11.9354130567 1412731149.73
11.9430844614 1412731150.33
11.841279135 1412731150.96
11.7659036758 1412731151.57
11.7091686354 1412731152.18
11.6830444239 1412731152.77
11.7376936707 1412731153.36
11.6646922302 1412731153.95
11.7829775246 1412731154.58
11.7391073877 1412731155.16
11.8232500891 1412731155.73
11.6823981585 1412731156.31
11.7244014618 1412731156.92
11.694367235 1412731157.55
11.7506604732 1412731158.17
11.7408171215 1412731158.78
11.7982084276 1412731159.39
11.7562175802 1412731159.96
11.7155881702 1412731160.56
11.6754940288 1412731161.16
11.6871161652 1412731161.78
11.6419350408 1412731162.32
11.5984933117 1412731162.92
11.5787366807 1412731163.53
11.4898856363 1412731164.11
11.4294330162 1412731164.73
11.3816276348 1412731165.35
11.373925194 1412731165.99
11.469991839 1412731166.56
11.4667619504 1412731167.17
11.5004844433 1412731167.78
11.5386766512 1412731168.4
11.5711363051 1412731169.01
11.5436929969 1412731169.6
11.5711942284 1412731170.18
11.5609091673 1412731170.82
11.5806394671 1412731171.42
11.5487846216 1412731172.03
11.4863101014 1412731172.65
11.5310329497 1412731173.24
11.4444797651 1412731173.86
11.5146152092 1412731174.45
11.5510013222 1412731175.07
11.5777693195 1412731175.69
11.6307595634 1412731176.31
11.6392641219 1412731176.95
11.5884628986 1412731177.59
11.5824358461 1412731178.23
11.5998137882 1412731178.87
11.6297875929 1412731179.5
11.7050725775 1412731180.2
11.7781743544 1412731180.86
11.7688809825 1412731181.52
11.7246083475 1412731182.18
11.6477042178 1412731182.84
11.6652828225 1412731183.49
11.6828542519 1412731184.14
11.6791348037 1412731184.81
11.7186650541 1412731185.48
11.7572308576 1412731186.14
11.7775456973 1412731186.8
11.811965724 1412731187.47
11.8523348126 1412731188.22
11.9211704721 1412731188.8
11.9159368307 1412731189.37
11.8443596524 1412731189.94
11.9538333893 1412731190.48
11.9758688149 1412731191.04
12.1174516124 1412731191.58
12.1443552789 1412731192.13
12.1687015765 1412731192.66
12.187295257 1412731193.2
12.2361138154 1412731193.76
12.2721714547 1412731194.29
12.2045449764 1412731194.82
12.234261718 1412731195.38
12.2595255441 1412731195.96
12.215994231 1412731196.49
12.2472495954 1412731197.06
12.2068844305 1412731197.63
12.2137978466 1412731198.21
12.3183114022 1412731198.78
12.257063593 1412731199.35
12.2177330224 1412731199.88
12.2670455414 1412731200.46
12.3586358709 1412731201.02
12.330487461 1412731201.55
12.3883432241 1412731202.12
12.4648597436 1412731202.67
12.4918176426 1412731203.25
12.5562512514 1412731203.83
12.5484398419 1412731204.41
12.5483396701 1412731204.98
12.5545664732 1412731205.54
12.5817718669 1412731206.1
12.5723816131 1412731206.66
12.6280859069 1412731207.24
12.636456889 1412731207.83
12.658373187 1412731208.46
12.6397609665 1412731209.17
12.6420548953 1412731209.88
12.6438237711 1412731210.57
12.628754091 1412731211.34
12.6496347935 1412731212.04
12.6460399943 1412731212.72
12.650054618 1412731213.41
12.6708345021 1412731214.07
12.6559467355 1412731214.74
12.6447191793 1412731215.44
12.6478373231 1412731216.17
12.6654213622 1412731216.85
12.7008982303 1412731217.51
12.6836549366 1412731218.17
12.6832251107 1412731218.84
12.6919450092 1412731219.53
12.699357981 1412731220.26
12.6979102655 1412731220.95
12.7206159409 1412731221.63
12.6977759834 1412731222.32
12.7228370529 1412731223.01
12.7716829169 1412731223.71
12.7799679622 1412731224.4
12.8547147183 1412731225.12
12.820909798 1412731225.85
