12.2891489625 1412722779.84
12.2843667535 1412722779.93
12.3571770249 1412722780.03
12.430277466 1412722780.17
12.2680942551 1412722780.29
11.9918174065 1412722780.4
11.6732827063 1412722780.51
50.2740324069 1412722780.64
11.2330936129 1412722780.73
51.0778071981 1412722780.85
11.015587184 1412722780.96
10.7882032383 1412722781.07
10.6576403942 1412722781.17
52.0240207686 1412722781.28
10.2311353962 1412722781.37
10.1856186074 1412722781.5
10.2090796949 1412722781.66
10.1553698388 1412722781.77
10.0784627908 1412722781.88
10.0358225684 1412722781.99
10.0603661709 1412722782.09
53.0315007039 1412722782.23
9.80750586215 1412722782.35
9.84204909091 1412722782.45
9.7047433722 1412722782.55
9.75657808754 1412722782.66
9.74502281784 1412722782.76
9.75999458664 1412722782.86
9.73864858012 1412722782.95
9.75312067721 1412722783.06
9.76737324425 1412722783.17
9.61243966372 1412722783.31
9.45017697547 1412722783.45
9.44835739745 1412722783.58
9.46010352695 1412722783.67
9.49228303534 1412722783.77
9.49160207012 1412722783.85
9.34407783895 1412722783.95
9.33560680098 1412722784.05
9.46043083907 1412722784.17
9.44857554463 1412722784.26
9.64845054406 1412722784.37
9.63192688988 1412722784.48
9.4125541617 1412722784.59
9.21052137464 1412722784.69
9.20594866311 1412722784.78
9.20162553369 1412722784.88
9.19752247821 1412722784.97
9.17851950182 1412722785.08
9.17481522026 1412722785.18
9.171320406 1412722785.27
9.16156329219 1412722785.38
9.15857965968 1412722785.48
9.16705708235 1412722785.58
9.16450940035 1412722785.68
9.16214627823 1412722785.8
9.1600131515 1412722785.92
9.15811368814 1412722786.0
8.97730501353 1412722786.1
8.97909835033 1412722786.21
8.98092384772 1412722786.29
8.98269923932 1412722786.38
8.9844257415 1412722786.47
8.98617916308 1412722786.56
8.99089760533 1412722786.65
8.99253284443 1412722786.78
8.86160617105 1412722786.88
8.85505732189 1412722786.97
8.84851783363 1412722787.05
8.84207687156 1412722787.17
8.89146507485 1412722787.26
8.84058999937 1412722787.35
8.83412920045 1412722787.46
8.88362155479 1412722787.57
8.83443811854 1412722787.67
8.88402272908 1412722787.78
8.83299412179 1412722787.88
8.82660450763 1412722787.99
8.87601897844 1412722788.09
8.82686848848 1412722788.21
8.8204317326 1412722788.29
8.86999726504 1412722788.39
8.81903412479 1412722788.49
8.86858358938 1412722788.6
8.81761168547 1412722788.71
8.81098947372 1412722788.85
8.86049937358 1412722788.96
8.81153969286 1412722789.09
8.86116340752 1412722789.2
8.81011635757 1412722789.29
8.80343963527 1412722789.39
8.85298050224 1412722789.48
8.80412469286 1412722789.56
8.8537395767 1412722789.65
8.80264122833 1412722789.75
8.79591125906 1412722789.87
8.84553899199 1412722789.99
8.79670998122 1412722790.12
8.84639784784 1412722790.24
8.79523327462 1412722790.36
8.78842098083 1412722790.45
8.83805848337 1412722790.53
8.78933481552 1412722790.63
8.85089351357 1412722790.74
8.84154079551 1412722790.82
8.84685664169 1412722790.9
8.85220998334 1412722791.0
8.86041324495 1412722791.1
8.75857395165 1412722791.25
8.74688234736 1412722791.37
8.73533981753 1412722791.51
8.72392943174 1412722791.64
8.73059486814 1412722791.75
8.7187131703 1412722791.85
8.70697214754 1412722791.97
8.69537326323 1412722792.08
8.77450512505 1412722792.17
8.76597809138 1412722792.27
8.75663562787 1412722792.36
8.74737631939 1412722792.45
8.73821343233 1412722792.55
8.77290452128 1412722792.64
8.7621022002 1412722792.74
8.75142835572 1412722792.86
8.74085847542 1412722792.94
8.57335235542 1412722793.09
8.562207901 1412722793.21
8.55126977738 1412722793.39
8.54061272302 1412722793.52
8.47904328582 1412722793.67
8.47361853877 1412722793.8
8.4013073679 1412722793.92
8.39152053854 1412722794.06
8.38183949382 1412722794.19
8.37217983331 1412722794.34
8.3626080558 1412722794.46
8.35306746313 1412722794.56
8.34359332515 1412722794.67
8.33422795543 1412722794.8
8.33009736482 1412722794.92
8.32068221264 1412722795.04
8.31127105116 1412722795.17
8.1546577092 1412722795.31
8.14080817035 1412722795.46
8.12714672748 1412722795.62
8.1135736852 1412722795.76
8.08915827216 1412722795.91
8.13159363858 1412722796.06
8.1341779027 1412722796.23
8.13689829014 1412722796.39
8.25529960713 1412722796.53
8.23500120275 1412722796.67
8.22604440827 1412722796.81
8.21712678456 1412722796.97
8.22791253113 1412722797.17
8.2185102369 1412722797.32
8.2090055846 1412722797.45
8.21126459971 1412722797.58
8.21339664033 1412722797.72
8.17128918524 1412722797.87
8.17376037065 1412722798.02
8.1871405772 1412722798.14
8.18977266874 1412722798.27
8.19254108983 1412722798.44
8.19541796464 1412722798.61
8.19838245177 1412722798.76
8.28163515765 1412722798.89
8.27025371613 1412722799.04
8.25895380014 1412722799.22
8.24768716489 1412722799.34
8.26301354948 1412722799.44
8.25275857039 1412722799.55
8.24255749584 1412722799.67
8.23241178627 1412722799.79
8.21158196032 1412722799.9
8.25811374898 1412722800.02
8.25025577058 1412722800.15
8.24242789656 1412722800.26
8.23466204857 1412722800.37
8.22694120717 1412722800.47
8.21929454238 1412722800.64
8.21171291427 1412722800.81
8.20411549573 1412722801.01
8.19658694025 1412722801.2
8.18911909604 1412722801.34
8.1816846304 1412722801.48
8.17067229602 1412722801.61
8.26834337143 1412722801.71
8.26241757389 1412722801.8
8.25644055317 1412722801.9
8.25041525801 1412722801.98
8.41771576933 1412722802.09
8.41554128764 1412722802.17
8.41340348755 1412722802.26
8.41122309003 1412722802.35
8.40907692652 1412722802.46
8.4069154527 1412722802.56
8.40469304659 1412722802.66
8.40250881712 1412722802.75
8.40032502087 1412722802.85
