21.0109082617 1412733606.01
21.6219872083 1412733607.13
22.0439716917 1412733608.13
22.5773867161 1412733609.2
22.8254208579 1412733610.2
23.0058467882 1412733611.19
23.1023988896 1412733612.22
23.1425284375 1412733613.23
23.1309209451 1412733614.26
23.0833422215 1412733615.27
23.0164232288 1412733616.29
23.0773334531 1412733617.36
23.0344372925 1412733618.38
22.9553466765 1412733619.42
22.8838721483 1412733620.42
22.8366989938 1412733621.41
22.7754267782 1412733622.47
22.6295127289 1412733623.46
22.3087239633 1412733624.48
21.9999256429 1412733625.51
21.7102724417 1412733626.48
21.760000941 1412733627.48
21.8617579853 1412733628.47
21.7985625037 1412733629.45
21.8429007456 1412733630.42
21.7956658762 1412733631.38
21.8416344938 1412733632.32
21.9244633565 1412733633.26
21.9687268736 1412733634.19
22.0742035655 1412733635.14
22.1198607975 1412733636.13
22.1474791715 1412733637.1
22.2283246393 1412733638.09
22.2018585599 1412733639.02
22.1094202589 1412733639.93
22.2315771656 1412733640.87
22.6287624843 1412733641.77
21.7021743397 1412733642.7
22.2812966882 1412733643.63
20.4676703054 1412733644.59
21.3416277496 1412733645.49
20.4466751959 1412733646.39
20.4708583441 1412733647.3
20.3281447044 1412733648.24
20.4834206816 1412733649.16
20.1478379475 1412733650.11
20.168769695 1412733651.08
20.2116970065 1412733652.07
19.9671558067 1412733652.99
19.8972415075 1412733653.89
20.0698375176 1412733654.8
20.1802266025 1412733655.73
20.3344295398 1412733656.65
19.7372236701 1412733657.59
20.1535649092 1412733658.52
21.1972588086 1412733659.48
18.2627534853 1412733660.41
18.9820236736 1412733661.32
19.0120426142 1412733662.23
18.889628195 1412733663.18
18.8535967428 1412733664.12
18.716726199 1412733665.08
18.7335877149 1412733666.03
18.7199932819 1412733666.95
18.4587318115 1412733667.92
18.3505657496 1412733668.86
18.2414646237 1412733669.79
18.094281543 1412733670.73
17.9971309049 1412733671.69
17.7836347917 1412733672.61
17.490789595 1412733673.59
17.4510527356 1412733674.54
17.3272778094 1412733675.5
17.2219782579 1412733676.44
17.1378002113 1412733677.41
17.0456213441 1412733678.41
16.8800234575 1412733679.37
16.6022528089 1412733680.3
16.5196752612 1412733681.3
16.4296930839 1412733682.22
16.3188877404 1412733683.23
16.1867093154 1412733684.17
16.0775048555 1412733685.13
15.8608705088 1412733686.05
15.7077939629 1412733687.0
15.5418017428 1412733688.03
15.3926178257 1412733688.96
15.3143061989 1412733689.95
15.2251192645 1412733690.92
15.1212479967 1412733691.88
14.9761643935 1412733692.85
14.859753168 1412733693.83
14.7629962004 1412733694.77
14.6552190586 1412733695.68
14.5539631915 1412733696.66
14.4260342807 1412733697.64
14.3587836379 1412733698.61
14.1602963914 1412733699.57
14.0712821897 1412733700.52
13.9859996135 1412733701.48
13.9170601231 1412733702.39
13.8105159358 1412733703.34
13.6895622805 1412733704.29
13.6035389975 1412733705.28
13.4901292606 1412733706.22
13.4198145449 1412733707.19
13.387273985 1412733708.19
13.2837414373 1412733709.14
13.2468579831 1412733710.08
13.2248273203 1412733711.12
13.2648487466 1412733712.08
13.2624658567 1412733713.05
13.2867603942 1412733714.02
13.2797009596 1412733715.0
13.2628048518 1412733715.97
13.3441434342 1412733716.97
13.4005543125 1412733717.95
13.4475756922 1412733718.89
13.4817113704 1412733719.88
13.4137854102 1412733720.82
13.459992752 1412733721.83
13.4024197562 1412733722.8
13.3055533298 1412733723.74
13.2428829279 1412733724.75
13.2927624935 1412733725.77
13.2285987015 1412733726.76
13.2851520316 1412733727.69
13.1862522074 1412733728.65
13.1192976933 1412733729.62
13.1747884102 1412733730.6
13.2253696845 1412733731.63
13.2658616239 1412733732.62
13.2829053787 1412733733.59
13.2559339718 1412733734.61
13.2932330768 1412733735.58
13.2551644218 1412733736.54
13.2911876493 1412733737.58
13.2756828266 1412733738.57
13.2674934135 1412733739.52
13.2956253368 1412733740.5
13.2784713114 1412733741.46
13.3067990428 1412733742.46
13.2896139502 1412733743.48
13.3202877804 1412733744.53
13.3430642589 1412733745.51
13.3237428062 1412733746.58
13.3473204989 1412733747.55
13.3678906005 1412733748.56
13.3896197395 1412733749.58
13.3717133453 1412733750.56
13.3896910384 1412733751.58
13.4050796704 1412733752.59
13.4039393053 1412733753.58
13.3906904013 1412733754.58
13.3785874571 1412733755.53
13.3657663609 1412733756.54
13.346102367 1412733757.53
13.3297981225 1412733758.56
13.3060812204 1412733759.55
13.2831998821 1412733760.56
13.2148041125 1412733761.57
13.1871843497 1412733762.57
13.166610727 1412733763.62
13.1292809657 1412733764.64
13.0951283881 1412733765.66
13.0885616272 1412733766.66
13.0633738815 1412733767.66
13.0243814307 1412733768.68
12.9620233767 1412733769.69
12.9257486204 1412733770.67
12.8351785135 1412733771.68
12.7540195575 1412733772.68
12.7113697109 1412733773.73
12.6645578697 1412733774.7
12.6351821475 1412733775.71
12.6504787853 1412733776.73
12.5780115316 1412733777.75
12.5622558033 1412733778.75
12.5281776421 1412733779.74
12.5279167518 1412733780.7
12.5199791265 1412733781.69
12.524722842 1412733782.73
12.5547844935 1412733783.76
12.5184350247 1412733784.76
12.5217337324 1412733785.82
12.4172994653 1412733786.81
12.4602432614 1412733787.85
12.4842828336 1412733788.87
12.4788383924 1412733789.84
12.4972915449 1412733790.81
12.5115946178 1412733791.81
12.5360928997 1412733792.79
12.4953328817 1412733793.79
12.4497766515 1412733794.75
12.4110513286 1412733795.73
12.4447018753 1412733796.68
12.4106195584 1412733797.72
12.3745720384 1412733798.7
12.4103804079 1412733799.69
12.3702707336 1412733800.7
