29.9996400308 1412737753.86
30.6533630658 1412737754.92
30.9478698023 1412737756.01
31.249882129 1412737757.1
30.7744078468 1412737758.11
30.1938189724 1412737759.12
29.4338386075 1412737760.23
28.9717956566 1412737761.32
29.0559584101 1412737762.38
29.0188967057 1412737763.45
28.2716284303 1412737764.5
27.4968137211 1412737765.56
27.4608699137 1412737766.59
26.912668996 1412737767.68
26.5394326883 1412737768.75
26.1290629183 1412737769.81
25.8410084511 1412737770.89
25.3655393407 1412737771.91
25.1672398782 1412737773.02
24.8358060268 1412737774.11
24.4772449992 1412737775.13
24.1680667518 1412737776.17
23.8363059404 1412737777.19
23.5799329507 1412737778.22
23.2649743924 1412737779.31
23.0142953898 1412737780.43
22.5440813125 1412737781.52
22.4155034418 1412737782.57
22.1183055666 1412737783.65
21.8349393518 1412737784.72
21.624464024 1412737785.81
21.3817578026 1412737786.92
21.1257375287 1412737787.99
20.8940466544 1412737789.06
20.7480054352 1412737790.13
20.5132422905 1412737791.17
20.2910771435 1412737792.25
20.082072256 1412737793.39
19.866524161 1412737794.54
19.6861998951 1412737795.61
19.5154844872 1412737796.71
19.2932974344 1412737797.83
19.2208556758 1412737798.94
19.0803289215 1412737800.08
19.0510991088 1412737801.19
18.9182510176 1412737802.28
18.889651887 1412737803.4
18.6903494937 1412737804.47
18.677604423 1412737805.51
18.50476162 1412737806.59
18.5108044055 1412737807.68
18.3517331042 1412737808.77
18.2470826489 1412737809.87
18.1023354409 1412737810.99
18.0538168433 1412737812.02
17.9126061672 1412737813.16
17.9052885885 1412737814.2
17.7705351256 1412737815.26
17.7129564743 1412737816.31
17.9233465033 1412737817.44
17.6627427248 1412737818.48
17.8221004655 1412737819.56
17.580240809 1412737820.73
17.3290786774 1412737821.78
17.3395207809 1412737822.89
17.1408086166 1412737823.93
17.1456727635 1412737825.01
16.8823299659 1412737826.09
16.8220018325 1412737827.2
16.9366982757 1412737828.26
16.6243484267 1412737829.28
16.3831518013 1412737830.35
16.4085282054 1412737831.4
16.1290353554 1412737832.45
16.1594072083 1412737833.58
15.9729723797 1412737834.61
15.9623680676 1412737835.68
15.7763295226 1412737836.77
15.8488864039 1412737837.82
16.0486734267 1412737838.91
15.7515870721 1412737839.99
16.0248951606 1412737841.08
15.668831493 1412737842.14
15.5273897833 1412737843.16
15.6796843651 1412737844.24
15.3815473923 1412737845.3
15.6263944786 1412737846.41
15.8015014673 1412737847.49
15.6641309047 1412737848.58
15.8008688318 1412737849.67
16.0469700754 1412737850.76
15.7592443943 1412737851.84
15.9968452281 1412737852.88
16.1647315342 1412737853.97
16.0229257859 1412737855.03
15.8515790293 1412737856.03
15.9920158818 1412737857.05
15.8465107389 1412737858.08
15.9838537434 1412737859.24
15.7987320301 1412737860.45
16.034431753 1412737861.55
15.7707767071 1412737862.67
15.9228615494 1412737863.76
16.0617747045 1412737864.8
15.9047251267 1412737865.86
16.0264609599 1412737866.92
15.8872558376 1412737867.96
16.0519151382 1412737869.03
15.8955526679 1412737870.06
16.0188147959 1412737871.14
15.8483158448 1412737872.21
15.7254846524 1412737873.31
15.876270294 1412737874.39
16.0508686076 1412737875.43
16.220864291 1412737876.54
16.1594008022 1412737877.62
16.1178945119 1412737878.67
16.1099781848 1412737879.79
16.1101848572 1412737880.85
16.161289792 1412737881.91
16.1727193904 1412737882.99
16.1829407213 1412737884.09
16.1109786805 1412737885.18
16.1012090448 1412737886.28
16.0535115665 1412737887.41
15.9746442959 1412737888.49
16.1074891991 1412737889.56
16.1061706929 1412737890.62
16.1871858762 1412737891.69
16.2363420066 1412737892.74
16.2444774229 1412737893.85
16.2916956851 1412737894.95
16.3625560405 1412737896.01
16.4210729706 1412737897.07
16.5047551382 1412737898.2
16.6826458777 1412737899.3
16.5931586453 1412737900.43
16.7278454262 1412737901.57
16.6635222207 1412737902.68
16.6976329239 1412737903.77
16.5870601068 1412737904.86
16.7903927328 1412737905.93
16.5910738103 1412737907.02
16.8060474174 1412737908.16
16.6775945299 1412737909.26
16.680726929 1412737910.34
16.8341910016 1412737911.39
16.85376813 1412737912.47
16.8278505511 1412737913.54
16.7737051048 1412737914.59
16.7208496341 1412737915.67
16.6734374416 1412737916.71
16.8117386923 1412737917.8
16.7285722901 1412737918.85
16.6590382215 1412737919.95
16.6278924344 1412737921.06
16.5327239346 1412737922.11
16.4573985175 1412737923.14
16.2829290171 1412737924.2
16.2461069414 1412737925.27
16.1551678384 1412737926.33
16.221619302 1412737927.41
16.2159463795 1412737928.46
16.1463636227 1412737929.51
16.0645753658 1412737930.57
16.0230262129 1412737931.64
15.9162787089 1412737932.71
15.8507738879 1412737933.82
15.8050144417 1412737934.99
15.7407515029 1412737936.16
15.6254128096 1412737937.34
15.4273297692 1412737938.46
15.3327017559 1412737939.55
15.2600834102 1412737940.65
15.2154390973 1412737941.72
15.0922965846 1412737942.84
15.0657576285 1412737943.91
15.0073316801 1412737944.96
14.879953537 1412737946.01
14.8237434603 1412737947.11
14.8437590252 1412737948.23
14.7363459872 1412737949.28
14.725005335 1412737950.41
14.7529905894 1412737951.49
14.7792318729 1412737952.6
14.7189262018 1412737953.77
14.359482844 1412737954.85
14.407253951 1412737955.95
14.3505525463 1412737956.99
14.3599649934 1412737958.07
14.3518610287 1412737959.17
14.3689267545 1412737960.28
14.3735615074 1412737961.44
14.413209965 1412737962.53
14.4017664732 1412737963.68
14.4018454194 1412737964.8
14.3074160834 1412737965.89
14.2950920858 1412737966.99
14.2801575371 1412737968.07
14.17470241 1412737969.15
