7.21291222627 1412722375.11
7.37822824321 1412722375.31
7.44880556894 1412722375.42
7.60781528889 1412722375.52
7.78691675889 1412722375.62
7.89495650405 1412722375.77
8.12788964375 1412722375.9
8.24652604219 1412722376.05
8.37776048622 1412722376.19
8.54162301497 1412722376.3
8.49192115288 1412722376.42
8.43028148522 1412722376.53
8.22806369173 1412722376.66
8.00510314817 1412722376.78
7.78116585488 1412722376.89
7.64922859521 1412722377.01
7.49084265109 1412722377.14
7.46438906972 1412722377.24
7.31802913859 1412722377.39
7.20713577763 1412722377.5
7.13631296249 1412722377.6
7.21016183154 1412722377.73
7.10525984442 1412722377.84
7.2388499745 1412722377.95
7.33096894979 1412722378.06
7.2502549759 1412722378.18
7.61714615472 1412722378.29
7.8497307616 1412722378.39
8.21617117953 1412722378.51
8.64774037613 1412722378.61
8.92095910546 1412722378.74
9.25932838177 1412722378.86
9.60726721639 1412722378.98
9.90237971336 1412722379.09
10.3326753861 1412722379.21
10.6424632792 1412722379.4
10.6822032952 1412722379.55
10.921693943 1412722379.72
11.1535036566 1412722379.83
11.2594305044 1412722379.93
11.4359702126 1412722380.05
11.5643873446 1412722380.23
11.3493184513 1412722380.39
11.1188080568 1412722380.52
10.8840942307 1412722380.66
10.6026741596 1412722380.82
10.4079629737 1412722380.97
10.5547019665 1412722381.08
10.6054689202 1412722381.2
10.7541681585 1412722381.33
10.5209635876 1412722381.52
10.2937969294 1412722381.64
10.391955764 1412722381.77
10.1856157339 1412722381.96
10.3006639336 1412722382.1
10.1179328801 1412722382.2
9.91566903611 1412722382.34
10.2491527513 1412722382.47
10.3143472473 1412722382.62
10.1958406087 1412722382.83
10.0400596512 1412722382.97
9.8656469098 1412722383.11
9.97359540115 1412722383.26
9.81212164322 1412722383.41
9.90845680434 1412722383.55
9.98012386723 1412722383.66
9.86114880155 1412722383.79
10.021990424 1412722383.94
10.094733077 1412722384.08
9.89178930754 1412722384.23
9.77073695494 1412722384.36
9.6481870872 1412722384.49
9.72189714991 1412722384.64
9.61069330126 1412722384.78
9.49736089137 1412722384.91
9.56812185759 1412722385.06
9.58369920906 1412722385.18
9.50608083413 1412722385.3
9.53632507703 1412722385.42
9.46634218217 1412722385.55
9.49627121468 1412722385.69
9.43480671648 1412722385.82
9.33934924212 1412722385.94
9.30596480518 1412722386.06
9.217924373 1412722386.18
9.09071274362 1412722386.28
9.00318891485 1412722386.43
9.05380112681 1412722386.61
8.97305809806 1412722386.71
9.0199704304 1412722386.81
8.94104257576 1412722386.93
8.99086323651 1412722387.08
8.91634052651 1412722387.19
8.96270139887 1412722387.33
8.89370090385 1412722387.47
8.86572272925 1412722387.6
8.90941693138 1412722387.73
8.84376674201 1412722387.88
8.80833776863 1412722388.02
8.73559445134 1412722388.15
8.7771586045 1412722388.27
8.81675644377 1412722388.4
8.83878005039 1412722388.51
8.79921784586 1412722388.62
8.74406896239 1412722388.75
8.69049854676 1412722388.9
8.63045737437 1412722389.08
8.68580415382 1412722389.21
8.62984361414 1412722389.33
8.56483128756 1412722389.47
8.61363086456 1412722389.59
8.5531868833 1412722389.75
8.49295828161 1412722389.9
8.53487793812 1412722390.03
8.48346594802 1412722390.15
8.51695391041 1412722390.24
8.47092696081 1412722390.36
8.4041660178 1412722390.48
8.36099248323 1412722390.62
8.39717654408 1412722390.75
8.35705840139 1412722390.88
8.35008275364 1412722390.99
8.30618578266 1412722391.11
8.26031357137 1412722391.23
8.29460016727 1412722391.36
8.24881286457 1412722391.5
8.28180664828 1412722391.61
8.24110511236 1412722391.78
8.26964011312 1412722391.94
8.23139060988 1412722392.07
8.1893088187 1412722392.19
8.14752359003 1412722392.4
8.17259025238 1412722392.52
8.13666715792 1412722392.62
8.16039707756 1412722392.75
8.18260358233 1412722392.86
8.20263952511 1412722393.01
8.22086367841 1412722393.11
8.24322202242 1412722393.22
8.18885159674 1412722393.39
8.20537863943 1412722393.49
8.22456268236 1412722393.6
8.20311497215 1412722393.75
8.1758661186 1412722393.84
8.15125482146 1412722393.94
8.12529617074 1412722394.05
8.09796039339 1412722394.15
8.06906888933 1412722394.27
8.0387803769 1412722394.41
8.05847613497 1412722394.59
8.02972646006 1412722394.69
8.04863759651 1412722394.81
8.02131977808 1412722394.94
8.04689727904 1412722395.08
8.01442730541 1412722395.19
7.98713978931 1412722395.35
7.96556724781 1412722395.47
7.93629095901 1412722395.58
7.87244501344 1412722395.7
7.89993193999 1412722395.82
7.86932377148 1412722395.95
7.83960418689 1412722396.09
7.86697106606 1412722396.19
7.83376913442 1412722396.3
7.86283672909 1412722396.46
7.83689230427 1412722396.57
7.81167535176 1412722396.69
7.78050301252 1412722396.84
7.64316673415 1412722397.1
7.61482423458 1412722397.26
7.58730262333 1412722397.53
7.61032235241 1412722397.72
7.58430015369 1412722397.88
7.60753659084 1412722397.98
7.58303426774 1412722398.11
7.55721262305 1412722398.25
7.5796876276 1412722398.38
7.36288313754 1412722398.52
7.38295437813 1412722398.64
7.3609857883 1412722398.76
7.36453862217 1412722398.87
7.33669204092 1412722398.97
7.3590263451 1412722399.11
7.33231686334 1412722399.23
7.31014744161 1412722399.35
7.28294617219 1412722399.49
7.25979194394 1412722399.62
7.27982613369 1412722399.76
7.25772302497 1412722399.96
7.23308026641 1412722400.11
7.25486179745 1412722400.25
7.23451466637 1412722400.37
7.25900148059 1412722400.51
7.23775622546 1412722400.63
7.2154044249 1412722400.76
7.23858924702 1412722400.89
7.18107355926 1412722401.0
7.20051885622 1412722401.12
7.16957941896 1412722401.23
7.14854833709 1412722401.33
