7.80528946996 1412728847.78
7.94569205714 1412728848.4
7.90491062101 1412728849.05
7.92183162145 1412728849.62
8.0287256915 1412728850.22
7.95127837885 1412728850.78
7.99426074502 1412728851.35
7.95429406575 1412728851.92
7.95327322066 1412728852.49
8.03196604379 1412728853.05
8.04636097095 1412728853.61
7.95863795704 1412728854.19
7.91276850939 1412728854.78
7.94573428665 1412728855.37
7.85888809754 1412728855.97
7.78816435066 1412728856.51
7.71041636315 1412728857.08
7.6559529798 1412728857.64
7.59001278826 1412728858.19
7.43736743724 1412728858.78
7.32312532662 1412728859.34
7.22310112912 1412728859.91
7.12524049514 1412728860.47
6.94519238332 1412728861.05
6.8618383265 1412728861.6
6.71362572248 1412728862.15
6.61622606954 1412728862.72
6.49063034198 1412728863.27
6.37832151256 1412728863.86
6.36560824418 1412728864.42
6.24537851258 1412728864.99
6.18826687924 1412728865.55
6.17843290921 1412728866.11
6.2053408306 1412728866.7
6.17714049475 1412728867.25
6.19357748651 1412728867.85
6.202424272 1412728868.41
6.20889986213 1412728868.95
6.18829849692 1412728869.53
6.1955544694 1412728870.1
6.15904579781 1412728870.67
6.14827715294 1412728871.25
6.1512427324 1412728871.82
6.11874823866 1412728872.4
6.0640376056 1412728872.96
6.02101324009 1412728873.51
5.9800181318 1412728874.07
5.9618258857 1412728874.62
5.88647283226 1412728875.15
5.87053255452 1412728875.71
5.86303524732 1412728876.25
5.88829888721 1412728876.78
5.88297113019 1412728877.34
5.86247736194 1412728877.91
5.84792094691 1412728878.47
5.82847763062 1412728879.03
5.82485377116 1412728879.59
5.84339962519 1412728880.12
5.83603787898 1412728880.69
5.82724060157 1412728881.26
5.85008445496 1412728881.78
5.84768090765 1412728882.31
5.81498932575 1412728882.88
5.83407341974 1412728883.43
5.8603336739 1412728883.98
5.88111486348 1412728884.53
5.86427381808 1412728885.11
5.85374774222 1412728885.66
5.82076836755 1412728886.22
5.84939840263 1412728886.77
5.87991126125 1412728887.31
5.78744833002 1412728887.86
5.71616841371 1412728888.45
5.66861549965 1412728889.01
5.59223937066 1412728889.54
5.39641512727 1412728890.12
5.41971115489 1412728890.67
5.44958498352 1412728891.25
5.42681606292 1412728891.83
5.44073332663 1412728892.4
5.42817105422 1412728892.94
5.44339930035 1412728893.54
5.4505130197 1412728894.11
5.44423289862 1412728894.65
5.45286696072 1412728895.19
5.453072274 1412728895.74
5.43893263076 1412728896.28
5.43133707667 1412728896.84
5.42076409631 1412728897.36
5.39568664762 1412728897.94
5.37655174465 1412728898.47
5.37975983684 1412728899.04
5.34263844862 1412728899.61
5.22955069172 1412728900.18
5.17757477131 1412728900.76
5.15192296251 1412728901.32
5.14076954722 1412728901.87
5.0609001951 1412728902.42
4.97179364191 1412728902.97
4.83711606802 1412728903.5
4.73087444044 1412728904.06
4.61907556582 1412728904.57
4.54294624471 1412728905.13
4.50279043757 1412728905.66
4.50864355348 1412728906.22
4.58470674143 1412728906.91
4.76423184329 1412728907.54
4.80115473894 1412728908.26
4.82001557879 1412728908.97
4.85058251297 1412728909.64
4.85868522821 1412728910.25
4.86071656929 1412728910.95
4.843566927 1412728911.58
4.85127118076 1412728912.22
4.8653885594 1412728912.87
4.86578019813 1412728913.79
4.85193927765 1412728914.88
4.8564138999 1412728916.19
4.8586429944 1412728917.47
4.86924703516 1412728918.89
4.84144069044 1412728919.85
4.80607086754 1412728920.87
4.81825657782 1412728921.77
4.82937041721 1412728922.64
4.83134878047 1412728923.58
4.83011872446 1412728924.35
4.83276443986 1412728924.96
4.82997674577 1412728925.66
4.82812975927 1412728926.43
4.83172455641 1412728927.16
4.8366184388 1412728927.97
4.83072630907 1412728928.6
4.84087996942 1412728929.3
4.83356635865 1412728929.9
4.8020619784 1412728930.58
4.85895132156 1412728931.28
4.86369413236 1412728932.27
4.85658335337 1412728933.25
4.87843789695 1412728934.22
4.88314860264 1412728935.23
4.88953309 1412728936.16
4.87223152673 1412728937.18
4.85079070004 1412728938.14
4.85485192432 1412728939.06
4.84990175189 1412728939.86
4.84940233609 1412728940.61
4.85340543423 1412728941.3
4.8517473333 1412728941.95
4.85113423497 1412728942.51
4.85489509941 1412728943.06
4.83821498721 1412728943.65
4.83990694167 1412728944.19
4.80927386874 1412728944.72
4.81071781539 1412728945.27
4.81499945273 1412728945.85
4.81674648672 1412728946.43
4.82185079012 1412728947.01
4.82562043239 1412728947.57
4.83906674915 1412728948.17
4.8410173216 1412728948.74
4.83121891521 1412728949.34
4.84395272167 1412728950.02
4.84594020063 1412728950.61
4.84934537583 1412728951.17
4.85271931138 1412728951.72
4.85068990555 1412728952.29
4.82514797608 1412728952.88
4.83800815659 1412728953.5
4.80900319263 1412728954.12
4.80050729844 1412728954.75
4.79004988379 1412728955.31
4.78095666896 1412728955.94
4.77006639399 1412728956.56
4.73998991065 1412728957.14
4.73712504454 1412728957.68
4.74261092077 1412728958.25
4.74744586832 1412728958.79
4.75850918525 1412728959.39
4.76370630746 1412728959.95
4.73441050358 1412728960.54
4.73893351255 1412728961.13
4.71846446879 1412728961.72
4.71797493025 1412728962.25
4.70934587047 1412728962.83
4.69693979057 1412728963.41
4.68751153263 1412728963.94
4.67716337036 1412728964.58
4.69195381937 1412728965.15
4.6585589669 1412728965.82
4.64768218412 1412728966.44
4.64879737952 1412728967.05
4.64213477715 1412728967.68
4.63037972566 1412728968.25
4.63673953077 1412728968.92
4.63463306243 1412728969.51
4.64131126153 1412728970.11
4.62547636537 1412728970.7
4.62924498283 1412728971.26
4.62332309944 1412728971.8
4.60678806157 1412728972.35
