18.6803069852 1412754642.64
18.8085475189 1412754644.07
18.9860366361 1412754645.52
19.2223157573 1412754646.99
19.4309311212 1412754648.42
19.8164343353 1412754649.85
20.183551025 1412754651.26
20.3829607697 1412754652.66
20.6429088497 1412754654.04
20.9482588949 1412754655.44
21.2000259518 1412754656.83
21.3131486294 1412754658.23
21.4858682697 1412754659.66
21.4365401832 1412754661.06
21.4452702227 1412754662.49
21.3450118325 1412754663.87
21.0875932207 1412754665.25
20.9907267721 1412754666.67
20.8591635987 1412754668.09
20.6545273326 1412754669.56
20.5728511818 1412754671.0
20.4622251866 1412754672.41
20.2934199344 1412754673.82
20.1297826907 1412754675.21
20.1382397153 1412754676.57
20.0119060083 1412754678.0
20.2668041475 1412754679.38
19.0946722428 1412754680.76
20.3237047339 1412754682.14
21.0197490213 1412754683.51
19.3627367543 1412754684.91
20.4575923723 1412754686.31
19.9737970206 1412754687.68
19.4865501691 1412754689.03
20.1038304561 1412754690.47
19.7656415023 1412754691.94
20.1783380061 1412754693.39
19.7997817931 1412754694.8
20.263313438 1412754696.2
19.8930512631 1412754697.58
19.4764178245 1412754698.97
19.8369712634 1412754700.29
19.1868438934 1412754701.62
19.4399842418 1412754702.97
18.6471288309 1412754704.38
19.2656443507 1412754705.73
19.8894153777 1412754707.07
19.1511251378 1412754708.49
19.9549296824 1412754709.86
18.7895549136 1412754711.18
19.8823938622 1412754712.5
17.314702268 1412754713.81
17.0690476968 1412754715.15
19.504057423 1412754716.5
16.9457165918 1412754717.79
17.877084565 1412754719.14
18.4501392484 1412754720.48
17.5093691982 1412754721.81
17.9867639267 1412754723.06
18.0242665632 1412754724.35
18.0074721574 1412754725.69
17.6082379632 1412754727.04
18.9367803325 1412754728.36
17.8332729889 1412754729.69
17.6262314907 1412754731.01
17.8712545017 1412754732.36
17.5987514341 1412754733.68
17.4224986502 1412754734.97
17.1946103055 1412754736.3
17.2052240955 1412754737.6
17.1261185727 1412754738.91
16.9420702037 1412754740.28
16.7782282506 1412754741.62
16.366630874 1412754742.93
16.5367564574 1412754744.28
16.6313794475 1412754745.62
16.5596707287 1412754746.92
16.2554330376 1412754748.25
16.3301843478 1412754749.59
16.3919066817 1412754750.95
16.4154969498 1412754752.31
16.2941354087 1412754753.66
16.3255193292 1412754755.02
16.3679003363 1412754756.34
16.3826221813 1412754757.66
16.3029323468 1412754758.96
16.2252219238 1412754760.3
16.1522102013 1412754761.64
15.9889367814 1412754763.0
15.8382678026 1412754764.31
15.5850484925 1412754765.62
15.4362869464 1412754766.9
15.2989712831 1412754768.24
15.1646273478 1412754769.55
15.0685402289 1412754770.82
14.8983092551 1412754772.17
14.8096521192 1412754773.52
14.9105923105 1412754774.85
14.8091675579 1412754776.17
14.8567034228 1412754777.49
14.9779801356 1412754778.82
14.879762348 1412754780.15
14.9319380815 1412754781.47
14.9975367825 1412754782.83
15.0538891583 1412754784.18
14.9488511986 1412754785.54
14.9037724046 1412754786.87
14.810611889 1412754788.2
14.7673943929 1412754789.58
14.6683825991 1412754790.98
14.7503599891 1412754792.32
14.7423138876 1412754793.66
14.8025377433 1412754795.04
14.8928746467 1412754796.4
14.8262099174 1412754797.83
14.8882680995 1412754799.19
14.9514678912 1412754800.54
14.9776914819 1412754801.87
14.9782413642 1412754803.26
14.9384317357 1412754804.65
14.8676812267 1412754806.06
14.8087665496 1412754807.45
14.8469070805 1412754808.82
14.8037430591 1412754810.24
14.7676330454 1412754811.64
14.7569032611 1412754813.06
14.7382671818 1412754814.46
14.7632601069 1412754815.84
14.7578623498 1412754817.24
14.7754207042 1412754818.71
14.8020697181 1412754820.15
14.8055129577 1412754821.63
14.8026948724 1412754823.06
14.8209796801 1412754824.5
14.8507076148 1412754825.92
14.8448162231 1412754827.35
14.7662259234 1412754828.83
14.8122596881 1412754830.27
14.8457863263 1412754831.71
14.8174039025 1412754833.15
14.8220536669 1412754834.62
14.8058673828 1412754836.08
14.7874247662 1412754837.56
14.7792821995 1412754839.04
14.8018285491 1412754840.5
14.8410324734 1412754841.96
14.8632833736 1412754843.39
14.8447141563 1412754844.89
14.9206312161 1412754846.34
14.8644954657 1412754847.8
14.8045506617 1412754849.28
14.8335891637 1412754850.77
14.7836001681 1412754852.3
14.8424824922 1412754853.85
14.7828894566 1412754855.41
14.7734853304 1412754856.94
14.7228811201 1412754858.38
14.7382405085 1412754859.74
14.7596499122 1412754861.14
14.6927270443 1412754862.49
14.7385956422 1412754863.81
14.7629888588 1412754865.18
14.7206714274 1412754866.53
14.7460975306 1412754867.83
14.7722651328 1412754869.19
14.8107343841 1412754870.55
14.822199654 1412754871.87
14.8588317179 1412754873.21
14.8475137529 1412754874.53
14.8774888375 1412754875.89
14.8911072886 1412754877.22
14.8782775019 1412754878.58
14.9244635143 1412754879.91
14.9348092975 1412754881.32
14.9209257093 1412754882.7
14.9388769592 1412754884.03
14.9092990838 1412754885.37
14.9385125987 1412754886.73
14.935786303 1412754888.09
14.9916132042 1412754889.53
15.0021377304 1412754890.88
14.9750630522 1412754892.31
14.9765110147 1412754893.68
14.9380227034 1412754895.1
14.9348176923 1412754896.5
14.9346685954 1412754897.88
14.9313104736 1412754899.29
14.9209487258 1412754900.66
14.8944421424 1412754902.07
14.9124064824 1412754903.44
14.8694798566 1412754904.84
14.8405735304 1412754906.23
14.8605844876 1412754907.63
14.860884971 1412754909.02
14.8559654877 1412754910.43
14.8663694416 1412754911.78
14.8899838259 1412754913.2
14.9091390566 1412754914.62
14.9188377796 1412754916.02
14.9306969585 1412754917.44
