18.2901053858 1412757448.25
18.0939694797 1412757449.72
17.9699308726 1412757451.13
18.0034253408 1412757452.5
18.048964693 1412757453.88
18.220383773 1412757455.26
18.1355893116 1412757456.69
18.111428801 1412757458.03
18.0253417737 1412757459.4
17.9810047384 1412757460.81
18.1444140911 1412757462.18
18.0412655094 1412757463.53
18.0802399116 1412757464.9
18.12145111 1412757466.26
17.9768042153 1412757467.66
17.8252390016 1412757469.05
17.5142642288 1412757470.42
17.3617584202 1412757471.79
17.1415726118 1412757473.17
17.1116099006 1412757474.56
17.1222259648 1412757475.96
16.986764017 1412757477.38
17.019563175 1412757478.77
17.1041992265 1412757480.12
17.1326368077 1412757481.5
17.0911219178 1412757482.89
17.1980775594 1412757484.32
17.229792655 1412757485.67
17.3458167952 1412757487.08
17.2657936286 1412757488.48
17.2441308435 1412757489.89
17.0700902473 1412757491.3
16.9377638021 1412757492.76
16.8854314268 1412757494.24
16.7545782462 1412757495.67
16.6271751902 1412757497.12
16.5487612508 1412757498.56
16.4967104143 1412757500.02
16.4902325438 1412757501.57
16.3690689426 1412757503.18
16.0725160982 1412757504.83
15.8936128873 1412757506.44
15.7796863586 1412757508.01
15.7456449591 1412757509.65
15.592930087 1412757511.23
15.4664712505 1412757512.78
15.3962082106 1412757514.44
15.4398716434 1412757515.98
15.5448820303 1412757517.64
15.62627294 1412757519.19
15.7529905676 1412757520.75
15.8134340887 1412757522.27
15.8370788164 1412757523.9
15.7725805752 1412757525.48
15.814357359 1412757527.05
15.9050986853 1412757528.57
15.9596251142 1412757530.19
15.9413739287 1412757531.79
16.0013085406 1412757533.33
16.1780118486 1412757534.93
16.22992134 1412757536.53
16.2346858025 1412757538.15
16.2734894976 1412757539.81
16.2445496983 1412757541.47
16.3442818377 1412757543.04
16.3571631039 1412757544.67
16.2732601296 1412757546.29
16.3713438299 1412757547.94
16.2760433246 1412757549.56
16.2980055107 1412757551.24
16.4162490681 1412757552.85
16.398768849 1412757554.52
16.4199585876 1412757556.18
16.4831243758 1412757557.83
16.5104473068 1412757559.56
16.3239312688 1412757561.27
16.3587560037 1412757562.97
16.3863431208 1412757564.73
16.2557717594 1412757566.47
16.3136394737 1412757568.24
16.3588101684 1412757569.96
16.4589979319 1412757571.74
16.3587520166 1412757573.48
16.1850335064 1412757575.19
16.1307891442 1412757576.93
16.1306442371 1412757578.74
16.1554956995 1412757580.53
16.0990303805 1412757582.34
16.0766823122 1412757584.13
16.0661289744 1412757585.9
16.1091885209 1412757587.7
16.0494200463 1412757589.4
16.0126354403 1412757591.17
15.993522771 1412757592.95
15.8723554327 1412757594.84
15.7735877863 1412757596.63
15.6563434929 1412757598.43
15.6697663358 1412757600.26
15.7698698783 1412757602.09
15.6793614826 1412757603.91
15.6966997115 1412757605.73
15.7494515134 1412757607.51
15.7905442438 1412757609.38
15.7652976627 1412757611.26
15.8083428131 1412757613.04
15.7929451005 1412757614.89
15.823012752 1412757616.75
15.7683431163 1412757618.6
15.731693962 1412757620.42
15.7342148352 1412757622.22
15.626770397 1412757624.1
15.6222088093 1412757625.98
15.6834120879 1412757627.86
15.6867829224 1412757629.71
15.7132072676 1412757631.6
15.6892627055 1412757633.4
15.6698333604 1412757635.3
15.6421550861 1412757637.2
15.6225753065 1412757639.12
15.5684114787 1412757641.01
15.6021240595 1412757642.91
15.6599949841 1412757644.78
15.728560721 1412757646.64
15.7624373349 1412757648.47
15.7718195243 1412757650.38
15.79310191 1412757652.25
15.8250600078 1412757654.14
15.8278944052 1412757656.06
15.8794780917 1412757657.92
16.0282962983 1412757659.8
16.0052812441 1412757661.68
15.9208457617 1412757663.61
15.8443289167 1412757665.52
15.7495136526 1412757667.48
15.6842377074 1412757669.38
15.7207409664 1412757671.34
15.6357355225 1412757673.24
15.6256062378 1412757675.18
15.6418070353 1412757677.11
15.6745972989 1412757679.09
15.6574665909 1412757681.01
15.6760684941 1412757682.93
15.607363819 1412757684.87
15.6094313391 1412757686.84
15.6262823426 1412757688.79
15.6301644561 1412757690.75
15.5827528321 1412757692.69
15.6180908572 1412757694.66
15.5874381378 1412757696.67
15.5999103491 1412757698.74
15.5816602036 1412757700.83
15.5975646611 1412757702.81
15.5460503173 1412757704.81
15.5731266197 1412757706.89
15.5897069447 1412757708.93
15.6490373179 1412757710.98
15.6519949641 1412757713.0
15.5901676274 1412757715.07
15.6275574917 1412757717.04
15.6135863057 1412757719.04
15.6777869842 1412757720.97
15.6349176348 1412757723.0
15.6257477926 1412757724.95
15.5964141752 1412757726.88
15.6093494919 1412757728.83
15.6082738338 1412757730.76
15.7064822632 1412757732.72
15.7319845894 1412757734.66
15.7351409757 1412757736.69
15.8102365247 1412757738.67
15.8356484644 1412757740.65
15.8367085757 1412757742.68
15.8183311453 1412757744.77
15.8083034305 1412757746.76
15.8493828882 1412757748.75
15.8728641598 1412757750.78
15.860835916 1412757752.82
15.8293698953 1412757754.83
15.8439429678 1412757756.87
15.8183364912 1412757758.84
15.7645516906 1412757760.9
15.7835106203 1412757762.87
15.7443215363 1412757764.89
15.7413857331 1412757766.87
15.7234528914 1412757768.93
15.7031779269 1412757770.99
15.7109260226 1412757773.14
15.7126133475 1412757775.2
15.7292560754 1412757777.25
15.7558349853 1412757779.25
15.7475566103 1412757781.34
15.7523805713 1412757783.48
15.7838499425 1412757785.63
15.8145830911 1412757787.72
15.8000962093 1412757789.82
15.8193495199 1412757791.9
15.7833053986 1412757793.97
15.8106100849 1412757796.08
15.8024950335 1412757798.17
15.8143873767 1412757800.19
