53.1316597284 1412725380.31
53.2469563518 1412725380.59
53.4914838588 1412725380.89
53.8769507611 1412725381.22
54.356528999 1412725381.55
54.1769231939 1412725381.86
54.0609245028 1412725382.14
53.849027846 1412725382.42
53.4478986348 1412725382.72
52.9631110398 1412725383.04
52.6234805615 1412725383.42
52.2042722318 1412725383.75
51.1931615859 1412725384.06
50.6742852095 1412725384.39
50.2202577288 1412725384.7
49.5864130958 1412725385.19
49.0753472541 1412725385.61
48.4439759926 1412725386.0
48.2510000009 1412725386.4
47.9542906648 1412725386.84
47.2497966022 1412725387.3
47.0115222961 1412725387.66
46.544424304 1412725388.02
45.9690537236 1412725388.34
45.4701011805 1412725388.69
45.0188587126 1412725389.0
44.4814518688 1412725389.3
44.5213388993 1412725389.6
43.9905017616 1412725389.92
43.8708426325 1412725390.21
43.9998467351 1412725390.52
42.8156350306 1412725390.8
43.0333607102 1412725391.09
41.9654015098 1412725391.37
42.3388609433 1412725391.64
41.5666439279 1412725391.97
41.6291410912 1412725392.43
40.5736040907 1412725392.84
40.8182981837 1412725393.15
39.9072164972 1412725393.48
39.1705477311 1412725393.85
39.4944825136 1412725394.23
38.2433287655 1412725394.55
38.4663838551 1412725394.87
37.588920935 1412725395.19
37.9085493438 1412725395.48
36.776787414 1412725395.8
37.2848299463 1412725396.09
36.2019151348 1412725396.41
36.5679338178 1412725396.73
35.8125091271 1412725397.05
36.1677826548 1412725397.36
35.0502372538 1412725397.67
35.4749226394 1412725397.98
34.3445912791 1412725398.3
34.6460488164 1412725398.6
33.9891326893 1412725398.9
32.9567038982 1412725399.2
33.0236297118 1412725399.52
32.0165623523 1412725399.82
32.2261194207 1412725400.14
31.31248606 1412725400.47
31.526500948 1412725400.78
30.9869547101 1412725401.1
31.0029100072 1412725401.41
30.3016845991 1412725401.74
30.4574351219 1412725402.11
29.8368757646 1412725402.42
29.9523509331 1412725402.73
29.563702961 1412725403.06
28.8335405806 1412725403.41
29.0081262917 1412725403.72
28.0581807017 1412725404.05
28.3436035653 1412725404.37
27.9715787029 1412725404.69
27.9812099783 1412725404.99
27.9545008289 1412725405.31
27.1964852561 1412725405.63
27.5913881143 1412725405.95
27.3288076723 1412725406.27
26.9030067199 1412725406.57
27.073496872 1412725406.91
26.7068954285 1412725407.21
27.0719179585 1412725407.51
26.5608631872 1412725407.85
26.7551026726 1412725408.14
26.3849988402 1412725408.45
26.0902730378 1412725408.79
26.2232552005 1412725409.11
25.9660540474 1412725409.47
26.0177578404 1412725409.79
26.4631984083 1412725410.11
25.994080322 1412725410.46
25.4893273422 1412725410.75
25.8054866036 1412725411.09
25.2579794861 1412725411.39
25.1797838178 1412725411.72
25.5042891272 1412725412.01
25.1299691574 1412725412.35
25.1018257694 1412725412.69
25.2541764153 1412725412.99
24.9056728065 1412725413.32
24.3523367985 1412725413.65
24.5146386614 1412725413.97
24.6384156967 1412725414.3
24.8910518146 1412725414.62
24.6901525201 1412725414.94
24.4845543819 1412725415.29
24.6869929903 1412725415.65
24.8298132162 1412725415.94
24.6579623493 1412725416.28
24.7564633071 1412725416.6
24.8861730967 1412725416.92
24.9764598467 1412725417.24
24.9839253908 1412725417.55
25.3310930715 1412725417.89
24.9497658189 1412725418.2
24.9518157184 1412725418.52
24.6400166318 1412725418.87
24.6794541283 1412725419.21
24.7156560184 1412725419.57
24.7452088933 1412725419.93
25.1165366145 1412725420.31
24.942288052 1412725420.67
24.9557546 1412725421.02
25.2213292062 1412725421.36
25.3016053587 1412725421.71
25.3115134433 1412725422.05
25.2826564416 1412725422.41
25.105011766 1412725422.78
25.4555559671 1412725423.14
25.4385514132 1412725423.51
25.2851666271 1412725423.83
25.0920145409 1412725424.18
25.1239743972 1412725424.54
25.0192898908 1412725424.92
25.1853928463 1412725425.3
25.3490000141 1412725425.68
25.3611299692 1412725426.04
25.3469997989 1412725426.41
25.3261508117 1412725426.8
25.3009937771 1412725427.16
25.2872229322 1412725427.54
25.0822461991 1412725427.9
24.9787752844 1412725428.29
24.9926831405 1412725428.68
24.9576915025 1412725429.05
24.9469539622 1412725429.44
24.9660064953 1412725429.82
24.9743254074 1412725430.17
24.7981460889 1412725430.57
24.8269230735 1412725430.98
24.8206960364 1412725431.38
24.8399523732 1412725431.79
24.7255368146 1412725432.18
24.4572104628 1412725432.57
24.414683922 1412725432.93
24.3994573244 1412725433.29
24.1582812931 1412725433.68
24.1029979136 1412725434.07
24.2378940297 1412725434.45
24.224639941 1412725434.8
24.0937025163 1412725435.19
24.0964570485 1412725435.61
24.1268063742 1412725436.0
24.3805130217 1412725436.38
24.104448462 1412725436.79
24.1093832 1412725437.16
24.0905599579 1412725437.55
23.6315158509 1412725437.92
23.672853187 1412725438.27
23.5706692857 1412725438.65
23.5129760499 1412725439.01
23.5062796633 1412725439.36
23.4994935137 1412725439.73
23.6049455728 1412725440.06
23.4845192 1412725440.44
23.5018650975 1412725440.8
23.5146104266 1412725441.2
23.5124772388 1412725441.56
23.5847397641 1412725441.93
23.5788101588 1412725442.32
23.5886865721 1412725442.7
23.495461452 1412725443.08
23.4914975988 1412725443.47
23.5359921615 1412725443.84
23.4867918273 1412725444.2
23.5221722917 1412725444.55
23.4911567285 1412725444.92
23.4807298145 1412725445.28
23.4936165921 1412725445.65
23.4831127537 1412725446.02
23.475505911 1412725446.39
23.4312553596 1412725446.79
23.1513503816 1412725447.18
23.1364347839 1412725447.53
23.1482352271 1412725447.92
23.1299330962 1412725448.3
23.0434046398 1412725448.67
23.0419034907 1412725449.06
