23.4746215957 1412729235.24
23.7803449117 1412729235.9
24.241470825 1412729236.6
24.3032402878 1412729237.25
24.4460565405 1412729237.91
24.4083277522 1412729238.59
24.4772227676 1412729239.26
24.3848638238 1412729239.91
24.5597542861 1412729240.63
24.5290737553 1412729241.29
24.6159405782 1412729242.0
23.9966044692 1412729242.67
23.5010490578 1412729243.32
23.5654894887 1412729243.97
23.5189631882 1412729244.64
23.524535196 1412729245.36
23.6266032286 1412729246.1
23.7114118835 1412729246.86
23.9251310217 1412729247.58
23.9447360455 1412729248.33
24.2045800537 1412729249.07
24.6681227301 1412729249.85
25.1603686683 1412729250.63
25.9664489249 1412729251.44
25.4323696733 1412729252.2
26.2062586838 1412729252.98
25.22336139 1412729253.78
26.3375189355 1412729254.6
24.2124389493 1412729255.38
25.7154145319 1412729256.16
23.5707419285 1412729256.92
22.6048637842 1412729257.71
21.1544048862 1412729258.51
20.3062390525 1412729259.3
20.6329170414 1412729260.05
20.2107136976 1412729260.77
20.1300919787 1412729261.52
19.9319351133 1412729262.29
19.9155864621 1412729263.05
19.5118482539 1412729263.77
19.5075532846 1412729264.49
19.6507901043 1412729265.23
20.1267685619 1412729265.95
20.3501253989 1412729266.7
20.6033355646 1412729267.48
20.6120890546 1412729268.25
20.611245522 1412729269.02
20.341024389 1412729269.82
20.5870579882 1412729270.57
20.4467860273 1412729271.36
20.5262670499 1412729272.12
20.491957695 1412729272.92
20.6001852758 1412729273.75
20.4194476198 1412729274.51
20.1801568851 1412729275.26
19.5539866092 1412729275.99
19.0905348153 1412729276.76
18.6752479288 1412729277.56
18.2910683008 1412729278.34
18.172397232 1412729279.1
17.9581937759 1412729279.89
17.8356085447 1412729280.64
17.7110288706 1412729281.39
17.6227771761 1412729282.17
17.8510415865 1412729282.95
18.0522393134 1412729283.73
18.3272129786 1412729284.52
18.6085976549 1412729285.3
18.8133686392 1412729286.14
19.0088059551 1412729286.98
19.2560578172 1412729287.81
19.2637599233 1412729288.63
19.4299566263 1412729289.46
19.30744854 1412729290.27
19.373722434 1412729291.1
19.3038776643 1412729291.91
19.3361632583 1412729292.72
19.3347574973 1412729293.53
19.3705567395 1412729294.32
19.5566817211 1412729295.14
19.7218777674 1412729295.95
19.6402457715 1412729296.72
19.8066147118 1412729297.45
19.8518863824 1412729298.19
19.8720452211 1412729298.96
19.9177771186 1412729299.7
19.9480517421 1412729300.42
19.9485588037 1412729301.28
19.890031618 1412729302.07
19.9216508834 1412729302.91
19.9724641359 1412729303.76
19.9678625432 1412729304.69
20.0229778561 1412729305.62
19.9510708992 1412729306.53
19.9387783698 1412729307.46
19.8898881841 1412729308.35
19.8693862197 1412729309.2
19.8440147569 1412729310.08
19.8484279031 1412729310.9
19.8757086065 1412729311.77
19.8824972233 1412729312.61
19.860014269 1412729313.4
19.8417882501 1412729314.22
19.8696387081 1412729315.02
19.888865237 1412729315.84
19.7692770125 1412729316.63
19.8839257549 1412729317.45
19.7732671924 1412729318.29
19.8642646504 1412729319.08
19.8614108169 1412729319.91
19.9320350228 1412729320.7
19.850065917 1412729321.54
19.8630891749 1412729322.3
20.0073400864 1412729323.11
19.9983015575 1412729323.92
19.9687083426 1412729324.71
19.9656668368 1412729325.51
20.0056087468 1412729326.31
20.0159263543 1412729327.12
20.0045227337 1412729327.92
19.9909332447 1412729328.69
20.0226774752 1412729329.5
19.9974034071 1412729330.31
19.9817672892 1412729331.12
19.9812866206 1412729331.96
20.0032076935 1412729332.73
19.9265552493 1412729333.53
19.9441601911 1412729334.34
20.0245387656 1412729335.16
20.0648821375 1412729335.97
20.0892348125 1412729336.76
20.1348769388 1412729337.53
20.0372704179 1412729338.32
20.049790821 1412729339.08
20.1037793709 1412729339.86
20.1545475604 1412729340.61
20.1744701269 1412729341.4
20.1610188216 1412729342.16
20.1963124845 1412729342.93
20.1209646991 1412729343.7
20.1547465058 1412729344.46
20.0756141845 1412729345.2
20.0464012322 1412729345.96
20.1105118015 1412729346.75
20.0330466312 1412729347.55
20.0441279381 1412729348.34
20.0312310721 1412729349.17
20.1001020694 1412729349.99
19.9281474371 1412729350.77
19.9981585439 1412729351.53
20.0143023671 1412729352.34
20.0701488504 1412729353.26
20.0362614358 1412729354.15
20.0434896409 1412729355.09
20.014724248 1412729356.03
20.0017803784 1412729356.89
20.0366525264 1412729357.67
20.0073144729 1412729358.43
20.0205828112 1412729359.2
19.9913313114 1412729359.98
20.0971102018 1412729360.75
20.0114748627 1412729361.51
20.0254890862 1412729362.3
20.1833004564 1412729363.09
20.0851353787 1412729363.87
20.0921499862 1412729364.68
20.0324783306 1412729365.56
20.0236633658 1412729366.51
20.044113222 1412729367.38
20.0414055998 1412729368.19
19.9663305399 1412729369.1
20.0275195013 1412729370.0
20.0488368606 1412729370.81
20.0389929736 1412729371.66
20.0562254655 1412729372.48
20.0287524758 1412729373.29
20.0478820169 1412729374.1
20.0359435719 1412729374.9
20.0039322279 1412729375.7
20.0690219997 1412729376.52
19.9688805365 1412729377.31
19.9919792245 1412729378.12
20.0761421564 1412729378.93
20.0676197946 1412729379.75
20.0548099934 1412729380.56
20.094578277 1412729381.36
20.0473362746 1412729382.21
20.104269437 1412729383.01
20.0645246389 1412729383.88
20.1120544934 1412729384.71
20.1695826669 1412729385.57
20.1990424518 1412729386.46
20.251479771 1412729387.36
20.2157789754 1412729388.22
20.1752445793 1412729389.06
20.2023840916 1412729389.9
20.2866447968 1412729390.69
20.3174134488 1412729391.49
20.341561942 1412729392.3
20.2884554755 1412729393.13
