12.4121301821 1412725849.39
12.7513396112 1412725849.73
13.2385415728 1412725850.04
13.6351944456 1412725850.34
13.7646408697 1412725850.83
14.004861735 1412725851.53
14.1684031667 1412725852.48
14.4617217 1412725853.26
14.5110163897 1412725853.96
14.5479033212 1412725854.38
14.6123284772 1412725854.72
14.6092298405 1412725855.06
14.6184714318 1412725855.44
14.4695308253 1412725855.86
14.5201544096 1412725856.25
14.5280235145 1412725856.57
14.5527392664 1412725856.9
14.3757096791 1412725857.22
14.3703759782 1412725857.56
14.4530667302 1412725857.93
14.256235628 1412725858.56
14.3613097925 1412725858.9
14.0576875886 1412725859.36
14.2113861417 1412725859.94
14.2025981037 1412725860.45
14.270517773 1412725860.91
14.299697524 1412725861.45
14.2590463442 1412725861.82
14.3443820916 1412725862.29
14.3880153793 1412725862.62
14.4398504116 1412725863.11
14.4457981463 1412725863.44
14.4892529061 1412725863.9
14.4435270348 1412725864.38
14.2420458608 1412725864.84
14.2729958164 1412725865.27
14.2169405448 1412725865.63
14.1674119446 1412725866.0
14.1946353349 1412725866.35
13.9345603196 1412725866.65
13.8490146958 1412725866.98
13.7057021091 1412725867.32
13.7300241206 1412725867.63
13.6292220954 1412725868.16
13.6669574916 1412725868.63
13.6772630927 1412725868.99
13.7290055023 1412725869.34
13.7702342042 1412725869.77
13.7190387718 1412725870.08
13.8533940403 1412725870.42
13.9357390577 1412725870.8
14.1170528807 1412725871.1
14.2578041576 1412725871.39
14.4910341549 1412725871.74
14.7214625301 1412725872.07
14.9899515308 1412725872.39
15.5981643045 1412725872.75
15.9944259965 1412725873.09
15.886830116 1412725873.47
15.9969336801 1412725873.79
15.7348257169 1412725874.13
15.6026189413 1412725874.47
16.2573415091 1412725874.79
15.903614762 1412725875.14
15.5415376614 1412725875.49
15.0760812961 1412725876.02
16.0961791774 1412725876.5
15.8467468111 1412725876.84
14.75895882 1412725877.18
16.3280867618 1412725877.72
17.5986087965 1412725878.25
18.6412978034 1412725878.59
19.4116756441 1412725878.87
20.1544072666 1412725879.19
20.7772025008 1412725879.5
21.0378343513 1412725879.87
21.5875663679 1412725880.17
22.0156414383 1412725880.51
22.4262435501 1412725880.82
22.7838667922 1412725881.13
23.112014055 1412725881.45
23.426446408 1412725881.78
23.7970210381 1412725882.11
24.0810905921 1412725882.43
24.3839615751 1412725882.76
24.5402416784 1412725883.22
24.8105676897 1412725883.71
25.0557301802 1412725884.26
25.3126206513 1412725884.83
25.5248605842 1412725885.38
25.7155688607 1412725885.99
25.9516017547 1412725886.51
26.1932726234 1412725887.01
26.4146275483 1412725887.36
26.6304220495 1412725887.72
26.8269507076 1412725888.07
26.9651352736 1412725888.41
27.0873704805 1412725888.76
27.3296761741 1412725889.1
27.5612868302 1412725889.46
27.7011235012 1412725889.82
27.8672446404 1412725890.16
28.0587106475 1412725890.51
28.1874186714 1412725890.86
28.3255006995 1412725891.22
28.4876543521 1412725891.59
28.6102571443 1412725891.98
28.7406505397 1412725892.36
28.8795120052 1412725892.73
29.034048421 1412725893.25
29.1592380731 1412725893.67
29.3065929423 1412725894.03
29.4222668132 1412725894.41
29.5421057384 1412725894.75
29.6621435637 1412725895.12
29.8067676995 1412725895.49
29.9265591168 1412725895.86
30.0774180485 1412725896.23
30.1982920561 1412725896.63
30.2740193464 1412725896.96
30.4092759549 1412725897.3
30.5088292476 1412725897.69
30.603256442 1412725898.03
30.6794825332 1412725898.37
30.8101724763 1412725898.72
30.8198881178 1412725899.04
30.8987628548 1412725899.39
30.9474275886 1412725899.71
31.0483211972 1412725900.06
31.114814559 1412725900.41
31.2756796832 1412725900.75
31.4097915443 1412725901.08
31.4407971664 1412725901.44
31.5889213874 1412725901.79
31.6893477051 1412725902.13
31.7875528015 1412725902.49
31.8446308138 1412725902.85
31.9367797274 1412725903.19
32.0642118535 1412725903.56
32.1493732646 1412725903.9
32.0874462464 1412725904.22
32.1575010502 1412725904.58
32.2319058822 1412725904.94
32.3044444266 1412725905.3
32.3196540325 1412725905.65
32.3838532674 1412725906.0
32.4462916878 1412725906.36
32.5065684414 1412725906.71
32.5809176158 1412725907.21
32.6513134259 1412725907.55
32.7182000178 1412725907.91
32.7739172042 1412725908.27
32.8320149919 1412725908.61
32.8914354721 1412725908.97
32.9427756888 1412725909.37
32.992206742 1412725909.73
33.0338444037 1412725910.06
33.0680667273 1412725910.42
33.110656464 1412725910.79
33.1518490278 1412725911.19
33.1884476066 1412725911.56
33.2369294418 1412725911.94
33.3003976275 1412725912.34
33.349436608 1412725912.69
33.3293894405 1412725913.09
33.3684209316 1412725913.63
33.3963189523 1412725914.02
33.4554490944 1412725914.4
33.4878572202 1412725914.83
33.5275993267 1412725915.22
33.5582943022 1412725915.61
33.5963007708 1412725915.99
33.6896334418 1412725916.4
33.7226797572 1412725916.84
33.7735485327 1412725917.24
33.8179667348 1412725917.73
33.8286902266 1412725918.19
33.8830285551 1412725918.59
33.9200766145 1412725919.01
33.9560562747 1412725919.39
33.9512384379 1412725919.79
33.974715999 1412725920.19
34.0475430751 1412725920.57
34.0713429904 1412725920.97
34.0924676546 1412725921.43
34.0675565386 1412725921.86
34.1066155543 1412725922.31
34.143665574 1412725922.68
34.1668191019 1412725923.12
34.1893632738 1412725923.53
34.2080797605 1412725923.93
34.1972062643 1412725924.34
34.2147164629 1412725924.76
34.2200387513 1412725925.16
34.2364168221 1412725925.6
34.2522365635 1412725926.05
34.2649870472 1412725926.48
34.2670868636 1412725926.83
34.2810320117 1412725927.21
34.2940819812 1412725927.62
