28.8471658256 1412724067.48
28.2007095393 1412724067.78
27.8627250545 1412724068.09
27.4292858562 1412724068.38
27.0829476739 1412724068.7
26.6709564167 1412724069.0
26.6066413448 1412724069.3
26.4196025434 1412724069.6
26.3472517403 1412724069.93
26.1948756301 1412724070.34
26.2399402406 1412724070.7
26.2495813157 1412724071.03
26.4512355158 1412724071.39
26.6840358467 1412724071.73
26.7465657194 1412724072.05
26.8244860275 1412724072.39
26.8668459183 1412724072.72
26.9858803687 1412724073.06
27.009437176 1412724073.39
26.9501740796 1412724073.71
27.0471935579 1412724074.02
26.9745596048 1412724074.35
27.0925553836 1412724074.67
27.1300989934 1412724074.99
27.0939614578 1412724075.3
27.126293411 1412724075.61
27.0554388339 1412724075.94
27.0446482911 1412724076.46
26.8717677047 1412724076.79
26.911920131 1412724077.12
26.6792414133 1412724077.73
26.4173558721 1412724078.26
26.3408180812 1412724078.74
26.1282766906 1412724079.12
25.9534745468 1412724079.52
25.6727884753 1412724079.99
25.4329515639 1412724080.41
25.2608100864 1412724080.9
25.0370681601 1412724081.34
24.8796236261 1412724081.84
24.7876331753 1412724082.31
24.6759253463 1412724082.75
24.6314639457 1412724083.26
24.5603300677 1412724083.8
24.491843574 1412724084.33
24.249452145 1412724084.88
24.2481313678 1412724085.43
24.068492901 1412724085.95
24.0503280582 1412724086.44
23.8899101726 1412724086.88
23.842304514 1412724087.34
23.8447405108 1412724087.89
23.7411418737 1412724088.34
23.7076223309 1412724088.81
23.5692308813 1412724089.38
23.449220636 1412724089.83
23.4984869872 1412724090.39
23.4429004897 1412724090.81
23.4491853359 1412724091.23
23.3485867025 1412724091.57
23.3322830364 1412724091.92
23.3125813895 1412724092.49
23.2904374125 1412724092.85
23.3004669955 1412724093.22
23.2613430738 1412724093.56
23.1924672628 1412724093.88
23.2615890548 1412724094.22
23.1840318664 1412724094.58
23.0899218414 1412724094.95
22.9165963858 1412724095.3
22.8301968189 1412724095.62
22.6485657519 1412724095.98
22.4472870165 1412724096.31
22.2098863193 1412724096.69
22.0256861075 1412724097.06
21.6745542456 1412724097.42
21.4727818386 1412724097.83
21.2001293436 1412724098.22
20.940158091 1412724098.65
20.8427765144 1412724098.99
20.6913728613 1412724099.31
20.6401685342 1412724099.68
20.463870246 1412724100.04
20.4239901878 1412724100.35
20.3851058532 1412724100.66
20.1780455548 1412724100.99
20.1644965659 1412724101.34
20.0103921471 1412724101.65
20.0279371288 1412724101.92
19.9143737229 1412724102.25
19.978729541 1412724102.56
20.0018401013 1412724102.87
19.8829231034 1412724103.14
19.9119984544 1412724103.4
19.8928050477 1412724103.7
19.7885784323 1412724103.97
19.8174752764 1412724104.23
19.6696526685 1412724104.54
19.7031932324 1412724104.82
19.6324120191 1412724105.11
19.6705667003 1412724105.38
19.6653462225 1412724105.66
19.5919054765 1412724105.94
19.4722659546 1412724106.23
19.4531711637 1412724106.55
19.3675446263 1412724106.86
19.3050925041 1412724107.13
19.2541905035 1412724107.42
19.2250844571 1412724107.71
19.1853920117 1412724108.01
19.1536144159 1412724108.33
19.1251295618 1412724108.69
19.1167754057 1412724109.0
19.0836871514 1412724109.3
19.0187902841 1412724109.63
18.9824420011 1412724110.04
18.9801751437 1412724110.43
18.9768822951 1412724110.79
18.9281054403 1412724111.16
18.9037664585 1412724111.49
18.902016704 1412724111.9
18.8804311052 1412724112.31
18.8763210401 1412724112.66
18.8562052817 1412724112.95
18.895749611 1412724113.42
18.9446369335 1412724113.84
18.959078116 1412724114.28
18.9591268086 1412724114.62
18.9247887601 1412724114.93
18.982061847 1412724115.22
98.8676112974 1412724115.53
18.8999050466 1412724115.81
98.9466434595 1412724116.1
99.0078526091 1412724116.41
99.0447171926 1412724116.7
99.182296505 1412724117.03
99.2920867095 1412724117.33
99.2985287687 1412724117.63
99.3364124747 1412724118.06
99.3902728445 1412724118.43
99.413299987 1412724118.83
99.4488004515 1412724119.21
99.5013857407 1412724119.58
99.5363743611 1412724120.0
99.58476543 1412724120.36
99.6131292248 1412724120.68
99.6379808952 1412724120.98
99.6540092822 1412724121.29
99.6721289464 1412724121.62
99.6973008951 1412724121.91
99.7365021055 1412724122.28
99.7532690004 1412724122.6
99.7568510266 1412724122.9
99.7732820599 1412724123.23
99.8082302561 1412724123.58
99.8237979718 1412724124.15
99.8478888529 1412724124.63
99.8636352163 1412724125.12
99.8647169904 1412724125.61
99.8807413582 1412724126.04
99.9052810377 1412724126.5
99.8991357165 1412724126.94
99.9148423753 1412724127.32
99.9248013461 1412724127.83
99.9405137149 1412724128.22
99.9607694361 1412724128.63
99.9704955674 1412724129.05
99.9812134326 1412724129.55
100.0326613 1412724130.07
100.046243578 1412724130.53
100.065233979 1412724130.87
100.085314651 1412724131.17
100.036379274 1412724131.47
100.056781375 1412724131.77
100.072857862 1412724132.09
100.1213868 1412724132.37
100.139986409 1412724132.68
100.157436915 1412724132.97
100.172556907 1412724133.26
100.18519976 1412724133.63
100.23664809 1412724133.95
100.243731023 1412724134.22
100.264787194 1412724134.55
100.274967282 1412724134.86
100.287268028 1412724135.14
100.324456519 1412724135.45
100.330530632 1412724135.74
100.330305687 1412724136.03
100.363887644 1412724136.33
100.384704061 1412724136.62
100.389741785 1412724136.93
100.397124096 1412724137.21
100.442204258 1412724137.49
100.437512375 1412724137.82
100.411467036 1412724138.16
100.45025933 1412724138.46
100.467464605 1412724138.78
100.460341283 1412724139.09
100.431674655 1412724139.38
100.440154125 1412724139.71
