23.4265263335 1412741994.71
23.1005779558 1412741995.76
22.7875507617 1412741996.82
22.360590162 1412741997.9
21.986936826 1412741998.89
21.5847014764 1412741999.98
21.5893267291 1412742001.02
21.497336772 1412742002.03
21.157869134 1412742003.03
20.879637253 1412742004.05
20.7617938769 1412742005.06
20.497918824 1412742006.12
20.2277404314 1412742007.15
20.0438485853 1412742008.18
20.0082994871 1412742009.19
19.9390531052 1412742010.19
19.8943017897 1412742011.22
19.360214949 1412742012.29
19.2047445208 1412742013.34
18.9441158481 1412742014.43
18.8804191489 1412742015.43
18.756823977 1412742016.45
18.6156963509 1412742017.47
18.4440245256 1412742018.48
18.2619358299 1412742019.53
18.1035020932 1412742020.52
17.845355511 1412742021.52
17.4735811343 1412742022.51
17.2227830948 1412742023.52
17.0980314824 1412742024.52
17.0999944685 1412742025.49
17.0795798633 1412742026.48
16.8287378687 1412742027.46
16.8169987769 1412742028.47
16.5024499067 1412742029.44
16.241704566 1412742030.45
16.0118945191 1412742031.47
16.0572972986 1412742032.48
15.8777583125 1412742033.47
16.0665880845 1412742034.49
15.6766212687 1412742035.49
16.0473072767 1412742036.47
15.6827574178 1412742037.45
15.8415282053 1412742038.44
15.3975451475 1412742039.42
15.7707786771 1412742040.43
15.4518094859 1412742041.39
15.8201905083 1412742042.4
15.485463355 1412742043.37
16.0252114107 1412742044.35
15.5183995926 1412742045.29
15.9585583938 1412742046.29
15.4606624035 1412742047.26
15.1126904461 1412742048.25
15.2979411478 1412742049.19
15.4910043447 1412742050.19
15.449179929 1412742051.16
15.4045639176 1412742052.13
15.4311716911 1412742053.12
15.6225726954 1412742054.04
15.3727762113 1412742054.98
15.3577839455 1412742055.95
15.486946538 1412742056.91
15.1149296084 1412742057.87
15.1825780144 1412742058.86
15.2211562676 1412742059.87
15.2894546133 1412742060.85
15.4802887567 1412742062.16
15.3636630698 1412742063.14
15.0940988442 1412742064.2
14.5737816024 1412742065.3
14.5154601841 1412742066.34
14.4977093957 1412742067.8
14.4180200324 1412742069.18
14.3359987048 1412742070.42
14.2350032533 1412742071.67
14.1905030626 1412742072.97
14.1653966949 1412742074.27
14.0314176483 1412742075.71
14.0525088907 1412742076.73
13.9345019689 1412742077.74
13.8248674087 1412742078.71
13.8358349772 1412742079.73
13.8028914717 1412742081.38
13.7482530021 1412742083.2
13.6846162773 1412742084.97
13.6010903169 1412742086.35
13.5836429357 1412742087.63
13.5787574081 1412742088.98
13.5242578298 1412742089.99
13.5145856754 1412742091.13
13.4601118775 1412742092.17
13.4530089013 1412742093.14
13.4539356916 1412742094.01
13.512864462 1412742094.9
13.4831448633 1412742095.8
13.565038215 1412742096.77
13.4773291523 1412742097.84
13.5648667874 1412742099.1
13.6071242143 1412742100.44
13.6000334824 1412742101.58
13.6419350185 1412742102.88
13.6374251265 1412742103.97
13.6421862181 1412742105.01
13.6865345423 1412742105.95
13.6367673417 1412742106.9
13.6170017321 1412742107.82
13.5966239539 1412742108.75
13.5859865406 1412742109.67
13.5988285849 1412742110.81
13.6379940841 1412742111.76
13.6658434254 1412742112.67
13.6444747384 1412742113.69
13.6478467603 1412742114.79
13.6488279701 1412742115.83
13.6086525952 1412742116.79
13.5508695885 1412742117.74
13.5768180095 1412742119.16
13.5664313764 1412742120.6
13.5115616733 1412742122.05
13.4828777373 1412742123.59
13.5382497057 1412742125.06
13.4272150767 1412742126.11
13.4053482305 1412742127.2
13.3707420366 1412742128.47
13.3404686371 1412742129.44
13.3569889758 1412742131.07
13.3415099221 1412742132.44
13.3253504059 1412742133.86
13.290922695 1412742135.25
13.2929233651 1412742136.8
13.229116539 1412742138.12
13.3035536008 1412742139.67
13.303472923 1412742141.02
13.3365453928 1412742142.01
13.3530197413 1412742143.04
13.3275090229 1412742144.05
13.3387791448 1412742145.03
13.2973920609 1412742145.97
13.3679042447 1412742146.89
13.394832492 1412742147.81
13.3277542367 1412742148.73
13.3612398696 1412742149.66
13.3585958984 1412742150.61
13.3276643886 1412742151.62
13.3736217071 1412742152.64
13.3595004895 1412742153.57
13.3119200286 1412742154.55
13.2862452931 1412742155.48
13.2977709293 1412742156.47
13.3541731135 1412742157.33
13.4040162818 1412742158.27
13.3406870233 1412742159.21
13.2968198465 1412742160.21
13.3325980949 1412742161.16
13.250059363 1412742162.17
13.2529781909 1412742163.14
13.2991291968 1412742164.1
13.1998054523 1412742165.15
13.2592731145 1412742166.17
13.1993273315 1412742167.17
13.2099927148 1412742168.23
13.2623025248 1412742169.23
13.2333499143 1412742170.26
13.2772703223 1412742171.26
13.2163008038 1412742172.3
13.2086100235 1412742173.36
13.2094680253 1412742174.33
13.2748324753 1412742175.31
13.2211748475 1412742176.28
13.214759754 1412742177.27
13.1925248441 1412742178.28
13.208614239 1412742179.33
13.2423901467 1412742180.38
13.2030111758 1412742181.35
13.2206968072 1412742182.35
13.2073055992 1412742183.36
13.2183007802 1412742184.34
13.2363786245 1412742185.37
13.2305729484 1412742186.39
13.2650413015 1412742187.38
13.2305927289 1412742188.34
13.223670845 1412742189.33
13.2624188552 1412742190.36
13.1984646586 1412742191.4
13.2547532495 1412742192.4
13.2173490712 1412742193.4
13.2126466403 1412742194.42
13.2139669029 1412742195.43
13.3034810905 1412742196.41
13.2880125287 1412742197.41
13.3281579835 1412742198.41
13.3238904464 1412742199.48
13.3417165009 1412742200.54
13.3601397114 1412742201.57
13.3385406526 1412742202.65
13.359810083 1412742203.73
13.3598571873 1412742204.79
13.3384211113 1412742205.82
13.3642615863 1412742206.87
