7.61646305049 1412723784.29
7.73782520505 1412723784.6
7.87795147041 1412723784.92
7.87365787639 1412723785.22
7.94742428976 1412723785.51
7.9022598248 1412723785.82
8.00366787196 1412723786.13
8.21245821584 1412723786.44
8.47404060108 1412723786.72
8.61542530545 1412723787.0
8.70649016314 1412723787.29
8.8866956536 1412723787.59
9.02726813409 1412723787.91
9.28346842395 1412723788.19
9.44794601674 1412723788.47
9.71375216956 1412723788.73
9.93166548223 1412723789.0
10.0775523042 1412723789.27
10.248434604 1412723789.55
10.4126133866 1412723789.82
10.4483753786 1412723790.09
10.5659375192 1412723790.37
10.5560529042 1412723790.65
10.6406056881 1412723790.94
10.6782215765 1412723791.25
10.8301926779 1412723791.52
10.8526441923 1412723791.79
10.8289798294 1412723792.08
10.7888992907 1412723792.34
10.7614243634 1412723792.63
10.7336048073 1412723792.91
10.7476812087 1412723793.21
10.7664193528 1412723793.52
10.8162683342 1412723793.81
10.782430324 1412723794.08
10.8339179477 1412723794.41
10.7837954047 1412723794.68
10.7735478453 1412723794.94
10.7545970106 1412723795.21
10.7140234839 1412723795.48
10.6671594156 1412723795.77
10.7316863199 1412723796.06
10.6500503514 1412723796.35
10.5725903294 1412723796.73
10.5358250927 1412723797.02
10.4944810237 1412723797.33
10.450134875 1412723797.63
10.3405165403 1412723797.95
10.3494696174 1412723798.23
10.257435545 1412723798.52
10.2710974282 1412723798.82
10.2198394163 1412723799.17
10.1678653851 1412723799.53
10.1215063219 1412723799.82
10.0689195012 1412723800.08
10.0673848782 1412723800.34
10.0899060997 1412723800.61
10.0059960501 1412723800.89
9.9694000829 1412723801.18
9.98125810329 1412723801.5
10.0280004552 1412723801.79
9.96856709325 1412723802.06
9.98870027385 1412723802.43
9.91179573014 1412723802.68
9.88169800236 1412723803.03
9.96430014237 1412723803.33
9.92198596375 1412723803.61
10.0176680656 1412723803.86
9.99033427066 1412723804.16
9.95864289523 1412723804.51
9.89716889888 1412723804.77
10.0207824204 1412723805.04
9.93651701697 1412723805.33
9.97478043361 1412723805.64
9.93038711286 1412723805.95
9.82660870251 1412723806.27
9.77840716963 1412723806.59
9.75047234533 1412723806.86
9.7417644128 1412723807.14
9.72714451828 1412723807.49
9.66344326747 1412723807.77
9.65570515186 1412723808.05
9.60444708824 1412723808.34
9.62349258936 1412723808.69
9.60321837236 1412723808.96
9.56287351151 1412723809.23
9.46479594877 1412723809.54
9.35519664411 1412723809.93
9.31999560614 1412723810.22
9.37414547598 1412723810.56
9.32215112271 1412723810.87
9.26963640932 1412723811.21
9.18943158848 1412723811.53
9.23865143875 1412723811.88
9.18673325279 1412723812.16
9.21256625979 1412723812.51
9.21902493653 1412723812.82
9.16495254412 1412723813.15
9.22279799801 1412723813.46
9.16601011269 1412723813.78
9.17277089379 1412723814.07
9.19951615223 1412723814.42
9.14924113667 1412723814.82
9.18817433509 1412723815.11
9.138486796 1412723815.38
9.16528133718 1412723815.66
9.16922654678 1412723815.94
9.24189622267 1412723816.24
9.21243745383 1412723816.58
9.30590391739 1412723816.97
9.22864422746 1412723817.31
9.1954542602 1412723817.68
9.16294462653 1412723818.01
9.20828885869 1412723818.3
9.14938692513 1412723818.76
9.1265560065 1412723819.16
9.01121246112 1412723819.6
9.01575289259 1412723819.94
8.97928873948 1412723820.25
8.90766414903 1412723820.56
8.8488166965 1412723820.99
8.78627002602 1412723821.65
8.74199065414 1412723822.28
8.68501548746 1412723822.67
8.65935967382 1412723822.98
8.63594411454 1412723823.44
8.58478886609 1412723823.91
8.59408477213 1412723824.41
8.55227479438 1412723824.8
8.50313038268 1412723825.15
8.44528222865 1412723825.54
8.34382510087 1412723825.91
8.26021486994 1412723826.27
8.2346965654 1412723826.71
8.19728800694 1412723827.08
8.18326458654 1412723827.46
8.10652469103 1412723827.89
8.10467765674 1412723828.28
8.03695746739 1412723828.7
7.96574228008 1412723829.1
7.90599978264 1412723829.56
7.95247956903 1412723830.0
7.92436055644 1412723830.37
7.88357523987 1412723830.72
7.82243487305 1412723831.14
7.77993581416 1412723831.72
7.73584106244 1412723832.36
7.69193690792 1412723833.09
7.57989383592 1412723833.68
7.47677734267 1412723834.15
7.47576552604 1412723834.53
7.41708364794 1412723834.91
7.37459504102 1412723835.33
7.34738592535 1412723835.74
7.25998033417 1412723836.18
7.20770876387 1412723836.54
7.16299147491 1412723836.91
7.1327784113 1412723837.29
7.05905027222 1412723837.61
7.04709726137 1412723837.91
6.98656242939 1412723838.16
6.98728004517 1412723838.47
6.92510039525 1412723839.0
6.875832289 1412723839.36
6.86732605715 1412723839.67
6.81079516757 1412723839.93
6.82883351603 1412723840.18
6.80085402338 1412723840.48
6.80658300404 1412723840.81
6.75739726222 1412723841.18
6.73372056319 1412723841.59
6.7559359945 1412723842.1
6.72528919077 1412723842.44
6.66825495774 1412723842.9
6.61771859667 1412723843.16
6.58465244252 1412723843.49
6.52737776598 1412723843.8
6.47219298441 1412723844.22
6.46513659748 1412723844.59
6.46942972711 1412723844.89
6.46925138632 1412723845.17
6.41506852058 1412723845.47
6.35168421062 1412723845.77
6.30573280391 1412723846.06
6.29431736889 1412723846.37
6.25868891136 1412723846.66
6.25652409612 1412723846.95
6.22553342394 1412723847.22
6.1684634008 1412723847.51
6.17816889929 1412723847.78
6.12377746339 1412723848.04
6.13511953606 1412723848.3
6.08932830392 1412723848.62
6.09483889777 1412723848.91
6.05820742095 1412723849.16
6.02165667111 1412723849.47
6.02102106787 1412723849.72
5.97477723655 1412723850.07
5.924028719 1412723850.55
5.93077088918 1412723851.14
