32.3896467407 1412723998.69
32.3630086057 1412723998.98
32.9733248547 1412723999.31
33.5094667286 1412723999.63
34.0752277938 1412723999.95
34.8109475887 1412724000.25
35.2057137766 1412724000.58
35.6258328704 1412724000.9
36.1439642544 1412724001.26
36.4919472107 1412724001.58
36.6164470094 1412724001.91
36.8267134991 1412724002.24
36.7956365124 1412724002.58
36.9215486835 1412724002.94
36.8744069471 1412724003.28
36.8962075887 1412724003.6
36.9391078112 1412724003.93
36.9509549867 1412724004.26
36.7253972999 1412724004.57
36.7698467543 1412724004.91
36.7181300246 1412724005.26
36.5904318649 1412724005.59
36.5690414179 1412724005.91
36.5927607902 1412724006.22
36.5600989018 1412724006.52
36.4279209551 1412724006.84
36.4282151 1412724007.15
36.2591836155 1412724007.45
36.2566622914 1412724007.74
36.2888819431 1412724008.07
36.2080139945 1412724008.39
36.1890915293 1412724008.69
36.2972833049 1412724009.01
36.2983840891 1412724009.33
36.3635523318 1412724009.67
36.5518614475 1412724010.05
36.84590168 1412724010.38
37.1323667475 1412724010.72
36.8785816405 1412724011.07
37.2508637114 1412724011.46
37.5608744541 1412724011.79
37.941842919 1412724012.12
38.4204589987 1412724012.47
38.9051361578 1412724012.8
39.1383689879 1412724013.15
39.3317867039 1412724013.51
39.1556706068 1412724013.83
38.3520632017 1412724014.14
37.3784325887 1412724014.47
38.8872421054 1412724014.82
38.1353838685 1412724015.15
39.2370535578 1412724015.47
38.7436070442 1412724015.76
38.0548099771 1412724016.12
38.935141323 1412724016.53
38.4407240693 1412724016.87
39.1828013545 1412724017.2
38.802052164 1412724017.53
38.2313179727 1412724017.84
39.0027716106 1412724018.15
38.4906701095 1412724018.49
39.0383307117 1412724018.78
38.6165106058 1412724019.11
39.2339767492 1412724019.42
38.8557596835 1412724019.88
39.4330333582 1412724020.2
39.0829164584 1412724020.54
38.6960972529 1412724020.87
39.2140766605 1412724021.22
38.8222263349 1412724021.6
39.2534939865 1412724021.94
38.8302844188 1412724022.31
39.3254717178 1412724022.72
38.805479839 1412724023.0
38.4978363537 1412724023.35
38.7356674556 1412724023.69
38.4773845144 1412724023.99
38.8047992829 1412724024.29
38.511282778 1412724024.6
38.7507501555 1412724024.96
38.4935040996 1412724025.24
38.7602621422 1412724025.54
38.6876244435 1412724025.85
38.345686577 1412724026.16
38.7050445832 1412724026.45
38.4747760805 1412724026.77
37.9638968406 1412724027.13
37.7822285654 1412724027.5
37.5945953116 1412724027.81
37.6398969698 1412724028.16
37.5099075581 1412724028.48
37.5726127641 1412724028.8
37.6921073127 1412724029.15
37.5117806649 1412724029.47
37.5182701065 1412724029.79
37.6128895147 1412724030.12
37.4298988304 1412724030.46
37.3602073742 1412724030.78
37.2480110996 1412724031.08
37.3313878904 1412724031.45
37.1839174267 1412724031.78
37.3085469579 1412724032.08
37.3249531949 1412724032.39
37.5020336178 1412724032.68
37.3965143628 1412724032.99
37.6403071824 1412724033.31
37.4599567318 1412724033.62
37.7184060718 1412724033.93
37.6208462932 1412724034.23
37.8281353027 1412724034.54
37.6851759975 1412724034.84
37.6172510983 1412724035.16
37.9110345511 1412724035.5
37.8477317773 1412724035.84
37.9335141596 1412724036.17
37.9701155811 1412724036.51
38.1568117054 1412724036.84
38.1010155125 1412724037.17
38.1979266258 1412724037.5
37.996128687 1412724037.83
38.1306626108 1412724038.17
37.929854761 1412724038.5
37.5655610291 1412724038.93
37.6337987207 1412724039.41
37.6625007274 1412724040.34
37.8044347426 1412724040.7
37.7553533107 1412724041.43
38.1916053754 1412724041.96
38.1081583362 1412724042.44
37.9547689507 1412724042.8
38.0315003173 1412724043.17
37.9171664811 1412724043.5
38.0052052246 1412724043.84
37.9286128172 1412724044.18
38.0070670615 1412724044.53
37.9533595234 1412724044.94
38.0478180098 1412724045.38
37.9891275909 1412724045.79
37.841376308 1412724046.3
37.9406740108 1412724046.8
38.0591355739 1412724047.2
37.9195296472 1412724047.75
37.9316246917 1412724048.11
38.0195034562 1412724048.53
38.2117335908 1412724048.89
38.0864495089 1412724049.27
38.0161814469 1412724049.61
38.079791396 1412724049.92
38.0328040492 1412724050.25
37.989683026 1412724050.55
38.0899683166 1412724050.88
38.0608603899 1412724051.19
38.1842597368 1412724051.48
38.259672984 1412724051.8
37.9902156562 1412724052.18
38.0564736511 1412724052.51
38.0003336828 1412724052.8
37.950672333 1412724053.11
37.9116961787 1412724053.41
37.8584283389 1412724053.7
37.7712792574 1412724054.01
37.7816423933 1412724054.28
37.7399390461 1412724054.59
37.8343997526 1412724054.92
37.8435161962 1412724055.27
37.8492538703 1412724055.57
37.842443303 1412724055.87
37.8118687523 1412724056.18
37.4294133523 1412724056.52
37.3889657032 1412724056.83
37.372779711 1412724057.15
37.3967037328 1412724057.47
37.3764981746 1412724057.8
37.3407750278 1412724058.09
37.2981322614 1412724058.39
37.4140513047 1412724058.68
37.3753599587 1412724059.0
37.3613618497 1412724059.36
37.3355164877 1412724059.65
37.3272226481 1412724059.96
37.3080599853 1412724060.26
37.3182695763 1412724060.6
37.327505088 1412724060.98
37.3368584663 1412724061.33
37.4857146791 1412724061.66
37.5437121964 1412724061.99
37.5159900409 1412724062.33
37.5714744993 1412724062.72
37.6394711204 1412724063.1
37.7155498466 1412724063.58
37.7750386427 1412724063.95
37.8547103237 1412724064.3
37.8382877407 1412724064.63
37.9342055576 1412724064.97
38.0897981308 1412724065.31
38.1635094166 1412724065.64
38.1546440803 1412724065.98
38.2765936249 1412724066.32
38.2470347923 1412724066.73
38.2442671905 1412724067.09
