14.520314011 1412737151.57
15.5424746281 1412737152.62
16.0105966301 1412737153.65
16.1746669349 1412737154.65
16.0808809136 1412737155.62
15.8440268706 1412737156.62
15.6094771719 1412737157.6
15.4696188435 1412737158.58
15.295911135 1412737159.54
14.8997926461 1412737160.51
14.5316218034 1412737161.46
14.0842575846 1412737162.44
13.4668168142 1412737163.39
12.9099766414 1412737164.36
12.6212542139 1412737165.3
12.4802527009 1412737166.26
12.397986494 1412737167.23
12.3302750027 1412737168.23
12.1955124829 1412737169.23
12.0589861657 1412737170.17
11.8248395275 1412737171.19
11.6261763793 1412737172.13
11.6011706206 1412737173.02
11.5046277757 1412737173.92
11.4246365049 1412737174.9
11.3146158542 1412737175.86
11.1814572689 1412737176.78
11.0566749194 1412737177.74
10.944144418 1412737178.67
10.8259101633 1412737179.63
10.7129615858 1412737180.57
10.6453017706 1412737181.49
10.5471693222 1412737182.44
10.4446859377 1412737183.41
10.3970442261 1412737184.36
10.3726823385 1412737185.32
10.2736094634 1412737186.26
10.1900027873 1412737187.2
10.1559906845 1412737188.15
10.0965244715 1412737189.08
10.0152727719 1412737190.03
9.99957615543 1412737190.99
9.97186492181 1412737191.9
9.97106984552 1412737192.88
9.95755177248 1412737193.84
9.86113197758 1412737194.79
9.8461679027 1412737195.73
9.86163467285 1412737196.7
9.81898734132 1412737197.7
9.77776872122 1412737198.66
9.77972266212 1412737199.63
9.75536658053 1412737200.62
9.78524552205 1412737201.62
9.74701348522 1412737202.69
9.66173417492 1412737203.74
9.69265985403 1412737204.74
9.71479464949 1412737205.76
9.65401822497 1412737206.79
9.67229585263 1412737207.79
9.59128842547 1412737208.85
9.66703360493 1412737209.84
9.60204809511 1412737210.87
9.53345736262 1412737211.91
9.51166523692 1412737212.93
9.52664973246 1412737213.95
9.53172584641 1412737214.99
9.54205245866 1412737216.0
9.51303913651 1412737217.04
9.54575851724 1412737218.09
9.53623649444 1412737219.19
9.59958230832 1412737220.23
9.61537449623 1412737221.31
9.61887073133 1412737222.42
9.63498548539 1412737223.5
9.59590384132 1412737224.57
9.59528660549 1412737225.61
9.6004377001 1412737226.71
9.59160485146 1412737227.76
9.59550841447 1412737228.87
9.59786569954 1412737229.97
9.59413847213 1412737231.05
9.59513721847 1412737232.12
9.59878251679 1412737233.25
9.63892370561 1412737234.35
9.63194151405 1412737235.49
9.65962996275 1412737236.59
9.67558888763 1412737237.68
9.6576830878 1412737238.78
9.63127489519 1412737239.89
9.63121056995 1412737241.05
9.63225060053 1412737242.15
9.64751130373 1412737243.29
9.63704729919 1412737244.42
9.64152959286 1412737245.6
9.63983253222 1412737247.03
9.61744583947 1412737248.43
9.62654777426 1412737249.83
9.63080863564 1412737251.24
9.61586148513 1412737252.7
9.61713765995 1412737254.13
9.61760931448 1412737255.52
9.64091768679 1412737256.95
9.56680906499 1412737258.08
9.56674535993 1412737259.22
9.56720877915 1412737260.4
9.5645888174 1412737261.53
9.56729887354 1412737262.67
9.53830963517 1412737263.86
9.52848018753 1412737265.0
9.5412503553 1412737266.12
9.59386740094 1412737267.24
9.61469253942 1412737268.37
9.58397580033 1412737269.43
9.59148032097 1412737270.56
9.60040487632 1412737271.66
9.59112472888 1412737272.77
9.58809321344 1412737273.91
9.53310886632 1412737275.03
9.53375442879 1412737276.15
9.45784634576 1412737277.28
9.45496085075 1412737278.39
9.44752926273 1412737279.53
9.43985361643 1412737280.62
9.43203146507 1412737281.72
9.42550895766 1412737282.79
9.40917176816 1412737283.88
9.4746683078 1412737284.98
9.46248248701 1412737286.08
9.45574173204 1412737287.22
9.45088787062 1412737288.39
9.44219161819 1412737289.57
9.45778387595 1412737290.71
9.45337601756 1412737291.89
9.44981455661 1412737293.0
9.46764537125 1412737294.25
9.46251882152 1412737295.51
9.46155450326 1412737296.62
9.46790795773 1412737297.74
9.45012968134 1412737298.86
9.44633014552 1412737299.94
9.41218649382 1412737301.05
9.42548431087 1412737302.14
9.40334156232 1412737303.21
9.39043712994 1412737304.35
9.34554057048 1412737305.45
9.3225889295 1412737306.51
9.31719699392 1412737307.6
9.3124804833 1412737308.72
9.31171794377 1412737309.87
9.30662452481 1412737310.99
9.30810588289 1412737312.14
9.30724008387 1412737313.3
9.32124964873 1412737314.45
9.32198729704 1412737315.6
9.281792527 1412737316.74
9.28061726422 1412737317.83
9.2798186852 1412737318.98
9.27860138727 1412737320.12
9.28871304879 1412737321.28
9.29105443485 1412737322.39
9.28986892887 1412737323.58
9.28919989053 1412737324.86
9.28825844822 1412737326.09
9.28702059579 1412737327.25
9.28156449335 1412737328.37
9.27718087542 1412737329.5
9.29532365105 1412737330.73
9.24031126673 1412737331.82
9.2574620751 1412737332.96
9.2549179929 1412737334.13
9.25997684092 1412737335.3
9.16526760402 1412737336.43
9.11998102842 1412737337.53
9.11654885343 1412737338.7
9.11217574573 1412737339.85
9.09456472662 1412737340.99
9.09109923269 1412737342.07
9.04653314203 1412737343.24
9.02015169738 1412737344.34
9.01150096202 1412737345.47
8.98784370466 1412737346.6
8.98059421957 1412737347.75
8.97401677323 1412737348.92
8.91434913683 1412737350.06
8.95055630921 1412737351.2
8.90940991355 1412737352.34
8.90262485489 1412737353.49
8.86218635984 1412737354.64
8.86932302552 1412737355.79
8.87681579848 1412737356.95
8.81901951554 1412737358.05
8.77604229125 1412737359.17
8.73493727511 1412737360.34
8.62297433964 1412737361.45
8.66899278049 1412737362.58
8.64130376803 1412737363.73
8.58597863253 1412737364.91
8.58380908629 1412737366.01
8.56158419392 1412737367.19
8.60274461785 1412737368.37
