32.1892644671 1412722601.72
32.6625887174 1412722601.88
33.0992624196 1412722601.99
33.3849399528 1412722602.16
33.0851752501 1412722602.34
33.5613739196 1412722602.51
34.7612134445 1412722602.66
35.8787689947 1412722602.83
36.7092990592 1412722602.99
37.6497962291 1412722603.15
38.3280440027 1412722603.3
39.4253704622 1412722603.52
39.6322105902 1412722603.69
40.2748771209 1412722603.86
40.6028037893 1412722604.02
40.5850004793 1412722604.22
40.8255062102 1412722604.41
40.9581935732 1412722604.58
40.8208992503 1412722604.75
41.0587350208 1412722604.95
41.0808053464 1412722605.14
41.0825641071 1412722605.33
41.06824272 1412722605.52
40.7704951167 1412722605.7
40.4684759169 1412722605.91
40.1733577173 1412722606.09
39.8966893368 1412722606.25
39.7865512499 1412722606.42
39.5263703054 1412722606.56
39.2264456714 1412722606.77
38.9939263852 1412722606.96
38.7463336896 1412722607.14
38.5711063689 1412722607.28
38.3562186111 1412722607.45
38.1412328693 1412722607.6
37.9256829172 1412722607.77
37.7090275665 1412722607.98
37.5193653923 1412722608.11
37.3024648789 1412722608.25
37.0833089307 1412722608.4
36.861440386 1412722608.58
36.5931151903 1412722608.76
36.3771449188 1412722608.92
36.1229306762 1412722609.08
35.9654592887 1412722609.21
35.7491438 1412722609.33
35.5317111499 1412722609.44
35.3387228909 1412722609.66
35.1001005934 1412722609.79
34.8561252513 1412722609.9
34.6218196644 1412722610.02
34.3540592696 1412722610.15
34.1043485066 1412722610.3
33.845275054 1412722610.42
33.5415799319 1412722610.54
33.275631202 1412722610.73
32.9909562293 1412722610.85
33.0631366327 1412722610.96
32.7749478485 1412722611.1
32.4289483096 1412722611.25
32.0566296655 1412722611.38
31.7418701429 1412722611.51
31.3110328309 1412722611.69
31.9934740822 1412722611.8
31.6585932328 1412722611.91
31.3888807437 1412722612.06
30.704785199 1412722612.2
31.137637759 1412722612.34
30.8934593791 1412722612.47
30.7092088075 1412722612.6
31.0804385539 1412722612.75
30.8818703496 1412722612.89
30.3647780822 1412722613.02
30.6915934253 1412722613.15
30.500763258 1412722613.25
30.3129394367 1412722613.36
30.4894075141 1412722613.55
30.3472621658 1412722613.67
30.2237788831 1412722613.78
30.3585638225 1412722613.89
30.3197083702 1412722614.1
30.1646635425 1412722614.27
30.4240141422 1412722614.4
30.0559115319 1412722614.64
30.2289906355 1412722614.8
30.1653750354 1412722614.96
30.0752752083 1412722615.1
30.0035569625 1412722615.27
29.9526197381 1412722615.42
29.8376249131 1412722615.57
30.0752027778 1412722615.68
29.990881918 1412722615.81
29.8913298438 1412722615.93
30.1356786533 1412722616.03
30.079542701 1412722616.2
30.0075830217 1412722616.33
30.0230260963 1412722616.43
29.6634497766 1412722616.54
29.5563496146 1412722616.65
29.762891567 1412722616.76
29.728671616 1412722616.92
29.6765534925 1412722617.05
29.6418234337 1412722617.16
29.6051961394 1412722617.28
29.8055798608 1412722617.39
29.7739482604 1412722617.55
29.713664267 1412722617.68
29.8971375012 1412722617.79
29.6839992268 1412722617.93
29.6130569017 1412722618.07
29.8090115542 1412722618.18
29.7083577054 1412722618.34
29.6827364718 1412722618.48
29.6640240571 1412722618.59
29.6439586403 1412722618.71
29.8253055434 1412722618.82
29.7511352691 1412722618.94
29.7971689672 1412722619.07
29.7874864283 1412722619.21
29.4169792433 1412722619.32
29.5864381335 1412722619.48
29.2582248043 1412722619.61
29.3699063803 1412722619.73
29.3682906327 1412722619.85
29.1795608581 1412722619.98
29.3533367773 1412722620.13
29.2109490876 1412722620.23
29.1886178531 1412722620.39
29.3650753834 1412722620.53
29.3534593318 1412722620.64
29.3310058322 1412722620.75
29.5131885002 1412722620.88
29.5001404177 1412722621.01
29.1284903058 1412722621.17
29.3090690467 1412722621.32
29.294033394 1412722621.43
29.4539403121 1412722621.54
29.4692714621 1412722621.71
29.6611289725 1412722621.85
29.6613132726 1412722621.96
29.3649738451 1412722622.08
29.5296114046 1412722622.19
29.5276155288 1412722622.33
29.5191926433 1412722622.53
29.6884406463 1412722622.64
29.6901833018 1412722622.76
29.6802325842 1412722622.88
29.8514458119 1412722623.02
29.8855206243 1412722623.16
30.0485460141 1412722623.3
30.0526731722 1412722623.47
30.0533915509 1412722623.62
30.0519418686 1412722623.77
29.9610420693 1412722623.9
30.0915003892 1412722624.06
30.114211713 1412722624.22
30.052114139 1412722624.36
30.0637704007 1412722624.51
29.5467612805 1412722624.66
29.6890083894 1412722624.81
29.6968980083 1412722624.95
29.6998094615 1412722625.09
29.8597655433 1412722625.21
29.8699867892 1412722625.34
29.8689877519 1412722625.48
30.0273920921 1412722625.61
30.0322815378 1412722625.76
29.8406834692 1412722625.88
29.8498616839 1412722626.01
29.8525739561 1412722626.22
29.9937604727 1412722626.38
30.001622589 1412722626.5
29.8777615741 1412722626.6
30.0927274411 1412722626.72
29.8461305974 1412722626.84
29.8756809034 1412722626.98
29.8125546506 1412722627.11
29.8291752481 1412722627.3
29.8413224214 1412722627.41
29.5865712495 1412722627.52
29.7103485589 1412722627.66
29.6453805017 1412722627.81
29.7694778245 1412722627.97
29.8168512096 1412722628.08
29.8548022718 1412722628.19
29.8797590412 1412722628.3
29.8988075391 1412722628.4
29.9141940392 1412722628.55
29.9280614816 1412722628.69
29.9382316297 1412722628.83
30.069101316 1412722628.97
30.0816568975 1412722629.09
29.7437199398 1412722629.22
29.8753593369 1412722629.35
29.8872700572 1412722629.48
30.0205306276 1412722629.64
30.0558602096 1412722629.76
30.0658480676 1412722629.9
30.1958643396 1412722630.03
30.2163753346 1412722630.16
