17.9419292588 1412722024.2
18.250199858 1412722024.31
18.0780816875 1412722024.41
18.1348948542 1412722024.51
18.2397617512 1412722024.61
18.4126828862 1412722024.72
18.7007631714 1412722024.83
18.8671080583 1412722024.93
18.8712410055 1412722025.05
19.1375028022 1412722025.16
19.1548399986 1412722025.26
19.1364308402 1412722025.36
19.2989553075 1412722025.46
19.3178053462 1412722025.56
19.3041902806 1412722025.67
19.3506102466 1412722025.78
19.3952139022 1412722025.9
19.443896082 1412722025.99
19.4914248748 1412722026.09
19.493860666 1412722026.2
19.3837489409 1412722026.35
19.3934999263 1412722026.47
19.4150764088 1412722026.58
19.6542309611 1412722026.69
19.687013889 1412722026.79
19.7098755336 1412722026.91
19.7305782096 1412722027.01
19.7424600671 1412722027.13
19.7547632711 1412722027.23
19.5997694441 1412722027.33
19.590819827 1412722027.44
19.5813413366 1412722027.54
19.6006437975 1412722027.63
19.5846137745 1412722027.71
19.5407798422 1412722027.84
19.4862818339 1412722027.95
19.4679134796 1412722028.06
19.4401754125 1412722028.15
19.2490306016 1412722028.32
19.144354827 1412722028.45
19.0980426135 1412722028.54
19.0550904848 1412722028.65
19.0459370498 1412722028.76
18.9260170407 1412722028.87
18.881992118 1412722028.97
18.8386779697 1412722029.08
18.7958977697 1412722029.19
18.7538718095 1412722029.3
18.723490689 1412722029.42
18.6741584645 1412722029.55
18.637602437 1412722029.69
18.5955579141 1412722029.81
18.3121033772 1412722029.92
18.2712123575 1412722030.05
18.2310082063 1412722030.18
18.1910093063 1412722030.32
18.1528219847 1412722030.44
18.1146970205 1412722030.55
18.0425791683 1412722030.65
18.0094158704 1412722030.75
17.9457946597 1412722030.84
17.911434193 1412722030.94
17.8774806171 1412722031.04
17.8440792439 1412722031.13
17.8108118019 1412722031.25
17.777744192 1412722031.35
17.7717134142 1412722031.45
17.6994149011 1412722031.56
17.6126135758 1412722031.68
17.5853670094 1412722031.8
17.5581167686 1412722031.91
17.529911006 1412722032.01
17.5006867808 1412722032.1
17.4707382154 1412722032.19
17.3891510188 1412722032.32
17.2658379339 1412722032.45
17.2135044217 1412722032.57
17.1836947821 1412722032.68
17.1892266986 1412722032.79
17.1607910564 1412722032.92
17.1912545206 1412722033.05
17.1210630071 1412722033.17
17.0941991606 1412722033.29
17.0987441078 1412722033.43
17.0731773847 1412722033.56
17.0773899883 1412722033.67
17.0530375854 1412722033.77
17.3107317304 1412722033.87
17.3152505459 1412722033.99
17.2893810869 1412722034.11
17.2937269179 1412722034.22
17.2687498399 1412722034.37
17.2429374966 1412722034.48
17.2469850337 1412722034.57
17.2223252734 1412722034.68
17.1969585943 1412722034.79
17.2009005289 1412722034.89
17.1761751671 1412722035.01
17.1799958113 1412722035.13
17.1570128374 1412722035.25
17.1320810022 1412722035.35
16.8936710454 1412722035.46
16.8716243181 1412722035.57
16.8747311972 1412722035.7
16.779364999 1412722035.84
16.7600197893 1412722035.96
16.7406387223 1412722036.06
16.7455881737 1412722036.18
16.7260141418 1412722036.31
16.7027525062 1412722036.47
16.6863109618 1412722036.62
16.6181906457 1412722036.76
16.6564690824 1412722036.87
16.6058366838 1412722037.0
16.5850624537 1412722037.15
16.5898953999 1412722037.27
16.5700784154 1412722037.38
16.574538774 1412722037.48
16.5555933626 1412722037.59
16.5360972545 1412722037.71
16.5403733201 1412722037.84
16.5168502849 1412722037.95
16.4974206398 1412722038.05
16.477681009 1412722038.16
16.4575067042 1412722038.32
16.4369001253 1412722038.47
16.4159225259 1412722038.58
16.3872582611 1412722038.7
16.3647872094 1412722038.83
16.341971209 1412722038.94
16.3186712507 1412722039.08
16.2950296269 1412722039.21
16.2752897463 1412722039.35
16.250090339 1412722039.47
16.0657015757 1412722039.58
16.0194146467 1412722039.69
15.9947871437 1412722039.8
15.9816842326 1412722039.92
15.9559572645 1412722040.03
15.9299082194 1412722040.16
15.8143854174 1412722040.32
15.7807200999 1412722040.43
15.7315651376 1412722040.63
15.7170647311 1412722040.8
15.6370276692 1412722040.93
15.6005310608 1412722041.07
15.5637672247 1412722041.19
15.5267794523 1412722041.32
15.4006288108 1412722041.43
15.356970207 1412722041.56
15.2890303329 1412722041.69
15.249234357 1412722041.82
15.175501996 1412722041.94
15.1334634407 1412722042.07
15.0913365215 1412722042.19
14.8689767507 1412722042.38
14.8486806158 1412722042.49
14.921107963 1412722042.61
14.9026677941 1412722042.75
14.905696321 1412722042.9
14.8888900488 1412722043.1
14.8726062166 1412722043.23
14.8572642102 1412722043.36
14.8874297745 1412722043.49
14.9095320875 1412722043.63
14.9132273593 1412722043.77
14.9499965262 1412722043.91
14.9380294366 1412722044.06
14.9266190792 1412722044.19
14.9157546174 1412722044.4
14.9053403626 1412722044.58
14.9256828112 1412722044.71
14.9349461994 1412722044.83
14.9265002368 1412722044.94
14.9162198977 1412722045.06
14.9087092427 1412722045.2
14.8775683915 1412722045.33
15.1243824969 1412722045.43
15.0268972428 1412722045.53
14.9723940142 1412722045.64
14.9367440672 1412722045.75
14.9247521186 1412722045.85
14.814616515 1412722045.96
14.7751452623 1412722046.07
14.5257997658 1412722046.18
14.4593627561 1412722046.28
14.4199565646 1412722046.4
14.3437858635 1412722046.51
14.305129278 1412722046.62
14.2673610889 1412722046.75
14.2265279942 1412722046.89
14.1519296107 1412722047.01
14.0847611788 1412722047.13
14.0488034921 1412722047.26
14.0080618117 1412722047.37
13.9896752695 1412722047.5
13.9541381667 1412722047.66
13.9354457466 1412722047.8
13.9118248419 1412722047.97
13.9014359591 1412722048.13
