20.8461775056 1412750547.14
20.5599617548 1412750548.52
20.6646009699 1412750549.88
20.3703323386 1412750551.27
20.4062861029 1412750552.67
20.2488165329 1412750554.1
20.1351333538 1412750555.55
20.161089223 1412750557.03
20.0476403956 1412750558.47
19.7854513316 1412750559.89
19.4538410332 1412750561.36
19.1215760682 1412750562.77
19.0091959197 1412750564.18
18.6426754062 1412750565.56
18.8064446684 1412750566.95
18.9785821396 1412750568.38
19.2065384161 1412750569.81
19.1391622861 1412750571.31
19.1101313798 1412750572.85
19.1223964085 1412750574.39
19.0737307908 1412750575.96
19.1376115651 1412750577.49
19.106271874 1412750579.0
19.2107012844 1412750580.52
19.2120020485 1412750582.04
19.1086942747 1412750583.62
19.1363835 1412750585.16
19.3381513436 1412750586.69
19.4960451292 1412750588.23
19.7804586961 1412750589.74
19.8413022943 1412750591.26
19.3296528401 1412750592.83
17.1470172317 1412750594.38
17.2548749961 1412750595.93
17.7179544508 1412750597.55
17.7826112849 1412750599.1
17.8611245116 1412750600.68
17.8497474295 1412750602.26
17.8529614228 1412750603.77
17.6765352176 1412750605.25
17.6308137836 1412750606.76
17.6146077648 1412750608.3
17.5923653991 1412750609.95
17.5266972453 1412750611.59
17.3159300492 1412750613.14
17.2636483102 1412750614.82
17.0647240406 1412750616.45
17.0560408746 1412750618.09
17.0627443478 1412750619.73
16.9500973157 1412750621.37
16.9718015089 1412750622.99
16.9642606975 1412750624.62
16.9494556858 1412750626.27
16.8466148093 1412750627.93
16.9103058064 1412750629.59
16.9689052334 1412750631.14
16.9028990887 1412750632.67
16.8594611929 1412750634.17
16.8428395248 1412750635.67
16.8646196968 1412750637.16
16.8590277586 1412750638.67
16.6939090521 1412750640.2
16.7557269803 1412750641.69
16.7350553734 1412750643.19
16.7463138814 1412750644.71
16.7366187542 1412750646.19
16.6338500185 1412750647.66
16.6364564589 1412750649.18
16.6711811494 1412750650.69
16.6774343684 1412750652.22
16.6751583087 1412750653.72
16.68748501 1412750655.24
16.7043217864 1412750656.77
16.7371515938 1412750658.36
16.7349120505 1412750659.92
16.6624497686 1412750661.48
16.5987275212 1412750662.98
16.5433609899 1412750664.54
16.5684829161 1412750666.11
16.5494628317 1412750667.66
16.5740331478 1412750669.26
16.6370972226 1412750670.84
16.5992560217 1412750672.45
16.5751019373 1412750673.98
16.5371156967 1412750675.57
16.5422356275 1412750677.13
16.5468474888 1412750679.43
16.5773284571 1412750681.68
16.5948156778 1412750683.97
16.6146407539 1412750686.3
16.5958698311 1412750687.87
16.5791213711 1412750689.45
16.5764474259 1412750691.0
16.5823250473 1412750692.55
16.5465543003 1412750694.11
16.5713615559 1412750695.74
16.5128309165 1412750697.27
16.4871048606 1412750698.84
16.4837461167 1412750700.4
16.4740877461 1412750701.94
16.4874168871 1412750703.45
16.4969430063 1412750705.0
16.5101510016 1412750706.61
16.4818211981 1412750708.1
16.4857405244 1412750709.62
16.4997075959 1412750711.18
16.50145001 1412750712.69
16.4717240278 1412750714.23
16.4693613009 1412750715.75
16.4655558789 1412750717.25
16.4492626745 1412750718.79
16.4643698689 1412750720.33
16.4900396422 1412750721.86
16.4453505375 1412750723.37
16.4590017814 1412750724.91
16.4469017985 1412750726.46
16.4647473906 1412750727.95
16.4494804733 1412750729.46
16.4389720415 1412750730.96
16.4223304438 1412750732.47
16.431429944 1412750734.01
16.4039681403 1412750735.52
16.4090266055 1412750737.05
16.3997213539 1412750738.59
16.4003859185 1412750740.12
16.3767602139 1412750741.66
16.3748308094 1412750743.14
16.3622397609 1412750744.68
16.3579353273 1412750746.22
16.3490868582 1412750747.78
16.329699484 1412750749.79
16.3304892012 1412750751.72
16.2785951221 1412750753.75
16.2671243817 1412750755.68
16.2902894639 1412750757.57
16.3303075272 1412750759.44
16.317096359 1412750761.35
16.3015916623 1412750763.25
16.2858399572 1412750765.12
16.2800038111 1412750767.0
16.2147394739 1412750768.93
16.1304476452 1412750770.82
16.124281002 1412750772.76
16.1044982905 1412750774.6
16.0380798753 1412750776.44
16.0152750999 1412750778.23
16.0310525844 1412750780.11
15.8864165901 1412750781.94
15.8831998607 1412750783.82
15.8094213596 1412750785.79
15.8340631991 1412750787.61
15.8321919604 1412750789.52
15.7750875712 1412750791.36
15.6892704038 1412750793.27
15.6042937748 1412750795.14
15.5872044464 1412750797.06
15.5075701974 1412750798.98
15.4847916125 1412750800.91
15.4757464824 1412750802.82
15.3888355278 1412750804.66
15.3673942963 1412750806.54
15.293985982 1412750808.39
15.272301554 1412750810.23
15.2613914131 1412750812.06
15.2044971983 1412750813.94
15.1948930946 1412750816.04
15.1068850279 1412750817.97
15.0593542838 1412750819.87
15.0886541731 1412750821.88
15.0259934918 1412750823.66
14.9998915528 1412750825.56
14.9914098993 1412750827.39
14.9868132331 1412750829.24
14.9794020761 1412750831.11
14.9585194861 1412750832.96
15.0203578031 1412750834.85
14.9833347086 1412750836.71
14.9418838293 1412750838.61
14.8914072536 1412750840.46
14.8883225436 1412750842.4
14.8921969671 1412750844.24
14.8722307144 1412750846.19
14.7763478592 1412750848.06
14.7759373344 1412750849.91
14.7340260742 1412750851.77
14.7810628465 1412750853.57
14.7567759116 1412750855.36
14.8001868736 1412750857.15
14.7903528384 1412750858.99
14.7604634466 1412750860.84
14.7494415871 1412750862.65
14.7450241054 1412750864.47
14.7449601377 1412750866.3
14.745452662 1412750868.09
14.7476479156 1412750869.92
14.7417209979 1412750871.73
14.7907844863 1412750873.57
14.7850964949 1412750875.35
14.7746789889 1412750877.21
14.7375188554 1412750879.03
