16.1632028549 1412739871.73
16.0335628967 1412739872.77
16.0350402022 1412739873.86
16.0494504303 1412739874.93
16.0924130341 1412739876.03
15.9901068005 1412739877.11
16.0898679241 1412739878.21
16.1094260968 1412739879.28
16.0743329037 1412739880.36
16.1428790045 1412739881.4
16.1267875605 1412739882.49
16.180534635 1412739883.57
16.1688271591 1412739884.68
16.231531361 1412739885.81
16.2006671307 1412739886.92
16.2516623983 1412739887.98
16.173216594 1412739889.09
16.2306879243 1412739890.24
16.2827266942 1412739891.34
16.3097263676 1412739892.4
16.3406308932 1412739893.51
16.2805902526 1412739894.59
16.296580898 1412739895.64
16.2162634211 1412739896.7
16.2778217121 1412739897.76
16.1957402828 1412739898.79
16.3438063208 1412739899.86
16.3039849666 1412739900.89
16.3007471382 1412739901.94
16.2713539138 1412739902.99
16.2212348306 1412739904.09
16.3523844827 1412739905.16
16.3545809197 1412739906.22
16.4400673929 1412739907.27
16.3689506538 1412739908.3
16.3192770369 1412739909.38
16.2548885192 1412739910.4
16.3509813443 1412739911.47
16.2753028801 1412739912.48
16.1577498472 1412739913.54
16.1213261009 1412739914.63
16.1366696287 1412739915.68
16.056605703 1412739916.75
15.9781694257 1412739917.82
15.9279010076 1412739918.9
16.0187411332 1412739919.99
16.0736528805 1412739921.09
15.9936729997 1412739922.25
16.0167383583 1412739923.34
15.9131315721 1412739924.43
15.9435574474 1412739925.45
15.8845251336 1412739926.56
15.8742116089 1412739927.62
15.8924224777 1412739928.74
15.911030896 1412739929.86
15.9224074193 1412739930.96
15.8844020115 1412739932.08
15.9019192067 1412739933.21
15.9471603558 1412739934.31
15.9374001885 1412739935.42
15.9111630309 1412739936.51
15.9322757331 1412739937.61
15.9037778014 1412739938.74
15.9524703109 1412739939.84
15.8838300593 1412739940.92
15.8493944025 1412739942.03
15.8162881804 1412739943.14
15.808930257 1412739944.25
15.7638585038 1412739945.39
15.7962046775 1412739946.49
15.8423925779 1412739947.59
15.7942908222 1412739948.69
15.7312936781 1412739949.78
15.769657226 1412739950.92
15.769592317 1412739952.09
15.7779730838 1412739953.18
15.7458922087 1412739954.31
15.7633366477 1412739955.39
15.781095762 1412739956.53
15.6961299657 1412739957.63
15.7189309761 1412739958.74
15.7400826466 1412739959.84
15.7546683668 1412739960.93
15.6709758749 1412739962.07
15.7072439026 1412739963.14
15.732419432 1412739964.21
15.7259562097 1412739965.28
15.7226198329 1412739966.34
15.6630298135 1412739967.45
15.664859432 1412739968.56
15.6003642025 1412739969.65
15.5892644436 1412739970.74
15.5764008486 1412739971.88
15.5725671721 1412739972.97
15.5441138739 1412739974.04
15.5208166231 1412739975.15
15.5690367459 1412739976.26
15.5243958299 1412739977.36
15.500478886 1412739978.44
15.5025868072 1412739979.51
15.4994780572 1412739980.63
15.4647209141 1412739981.76
15.4792775311 1412739982.88
15.4810118449 1412739983.99
15.4500817025 1412739985.13
15.4759914684 1412739986.28
15.4317640038 1412739987.4
15.407096565 1412739988.48
15.4193821448 1412739989.58
15.4320858389 1412739990.71
15.4191176208 1412739991.84
15.3993523281 1412739992.94
15.4012643494 1412739994.02
15.4085417195 1412739995.13
15.3820595915 1412739996.26
15.3448983162 1412739997.42
15.334266651 1412739998.53
15.3392079841 1412739999.64
15.2906296302 1412740000.75
15.2969115481 1412740001.86
15.295605128 1412740002.96
15.2986949658 1412740004.08
15.3031540915 1412740005.18
15.2995970433 1412740006.3
15.2945283393 1412740007.43
15.2885135054 1412740008.53
15.3015283016 1412740009.59
15.2925259056 1412740010.69
15.2764410839 1412740011.82
15.2585825166 1412740012.96
15.2553544965 1412740014.1
15.2552430623 1412740015.26
15.2627675825 1412740016.37
15.2529997521 1412740017.48
15.2558536551 1412740018.61
15.2372259476 1412740019.73
15.2405626083 1412740020.84
15.2487166539 1412740021.94
15.2311137469 1412740023.06
15.2392185767 1412740024.17
15.2371925567 1412740025.28
15.231447573 1412740026.41
15.2362682799 1412740027.56
15.2336916528 1412740028.68
15.2110084496 1412740029.79
15.2345513369 1412740030.96
15.2354060207 1412740032.06
15.2315890086 1412740033.21
15.2185688442 1412740034.36
15.2235119369 1412740035.48
15.2246823904 1412740036.59
15.2081632871 1412740037.75
15.2501702146 1412740038.87
15.2518094759 1412740040.0
15.2000195862 1412740041.12
15.1748613148 1412740042.25
15.1828068916 1412740043.35
15.1848664119 1412740044.49
15.1927471596 1412740045.62
15.172468932 1412740046.76
15.1805572407 1412740047.84
15.1886452155 1412740049.0
15.1794174489 1412740050.55
15.1080183326 1412740051.68
15.0866400401 1412740052.84
15.0802057199 1412740053.99
15.0631775833 1412740055.21
15.1268778357 1412740056.33
15.0003582004 1412740057.52
15.0280985856 1412740058.74
15.0237471039 1412740059.95
15.0220898238 1412740061.13
15.014777266 1412740062.32
14.9955673606 1412740063.57
15.0118047742 1412740064.78
15.0535272312 1412740066.0
15.0956425179 1412740067.21
15.074944984 1412740068.44
15.0863478555 1412740069.63
15.0732011832 1412740070.88
15.0894148202 1412740072.1
15.0755160507 1412740073.34
15.0436690729 1412740074.49
15.0372845927 1412740075.67
15.083518697 1412740076.87
15.0462142253 1412740078.02
15.0026300756 1412740079.23
15.0432060347 1412740080.42
14.9876969092 1412740081.69
15.0026351795 1412740082.91
14.9921670383 1412740084.1
14.9960226611 1412740085.28
15.0075491929 1412740086.44
15.0319108542 1412740087.61
15.0080505263 1412740088.86
14.9718263616 1412740090.03
14.9734496122 1412740091.2
14.9622979921 1412740092.39
14.9215613505 1412740093.57
14.9443544509 1412740094.82
