16.3474580649 1412730209.27
15.682293237 1412730210.01
15.5030985674 1412730210.74
15.4751006955 1412730211.39
15.4176169179 1412730212.05
15.4657628112 1412730212.71
15.4996534425 1412730213.34
15.5430926986 1412730213.98
15.5897594993 1412730214.64
15.7041333041 1412730215.43
15.6429492212 1412730216.15
15.6720425259 1412730216.81
15.8561633688 1412730217.76
15.9378335422 1412730218.73
16.1381466009 1412730219.65
16.2929713768 1412730220.49
16.4274959814 1412730221.48
16.4870350333 1412730222.26
16.4691610016 1412730222.98
16.5164038387 1412730223.8
16.5824957975 1412730224.65
16.5498230189 1412730225.2
16.6203546745 1412730225.81
16.6029845258 1412730226.37
16.5507476547 1412730226.93
16.530412791 1412730227.55
16.4858160188 1412730228.2
16.4725132827 1412730228.75
16.5213343681 1412730229.31
16.5432726771 1412730229.92
16.3234456334 1412730230.47
16.1610717165 1412730230.97
15.9949082947 1412730231.5
15.8941357175 1412730232.02
15.7754139256 1412730232.57
15.6833711133 1412730233.11
15.5875756082 1412730233.66
15.4319259936 1412730234.18
15.3713031595 1412730234.73
15.2640519081 1412730235.27
15.1567362706 1412730235.8
15.0815127999 1412730236.33
14.9555839729 1412730236.87
14.8307775704 1412730237.41
14.7892835227 1412730237.99
14.7231850365 1412730238.52
14.5018053019 1412730239.08
14.3270973099 1412730239.61
14.2064910874 1412730240.18
14.0638192224 1412730240.73
13.8788040647 1412730241.29
13.6627323761 1412730241.86
13.3060872517 1412730242.42
12.995129638 1412730242.97
12.7849204362 1412730243.54
12.4504348536 1412730244.12
12.4980205739 1412730244.67
12.1562262895 1412730245.18
12.2511380049 1412730245.77
11.9303680703 1412730246.33
11.542766036 1412730246.87
11.5961502939 1412730247.42
11.2891180778 1412730247.95
10.9458375432 1412730248.49
10.9528396483 1412730249.07
10.6788773324 1412730249.58
10.677533227 1412730250.11
10.390210143 1412730250.67
10.4027246774 1412730251.19
10.2059925901 1412730251.73
10.1368075517 1412730252.28
9.81622996736 1412730252.82
9.83085726924 1412730253.38
9.55014418819 1412730253.96
9.49144377696 1412730254.49
9.23010263384 1412730255.06
9.27935033185 1412730255.62
9.37885110603 1412730256.16
9.02930249479 1412730256.7
8.80213021472 1412730257.26
8.84719618065 1412730257.83
8.86195312316 1412730258.38
8.60857777033 1412730258.96
8.69124496879 1412730259.52
8.51095480966 1412730260.06
8.6413154689 1412730260.63
8.39686644059 1412730261.19
8.53405827359 1412730261.75
8.3188334457 1412730262.3
8.43355043985 1412730262.84
8.25116539752 1412730263.39
8.3669017887 1412730263.95
8.20355043033 1412730264.49
8.33373789458 1412730265.08
8.14531846648 1412730265.61
8.24200607493 1412730266.15
8.00679220393 1412730266.73
8.14148202045 1412730267.26
7.91390440115 1412730267.81
7.77113956207 1412730268.35
7.81417628081 1412730268.92
7.65001377364 1412730269.47
7.73138492058 1412730270.0
7.84002176657 1412730270.55
7.65909799125 1412730271.11
7.78277226045 1412730271.67
7.5809992716 1412730272.21
7.71803777756 1412730272.76
7.54593688179 1412730273.3
7.64939809509 1412730273.87
7.4589637759 1412730274.49
7.58638113433 1412730275.06
7.41289595162 1412730275.61
7.24996385518 1412730276.17
7.29507930039 1412730276.77
7.32484299099 1412730277.32
7.20912630197 1412730277.89
7.3099399781 1412730278.48
7.16070703184 1412730279.07
6.9948295179 1412730279.61
7.05153782083 1412730280.21
6.884648352 1412730280.77
6.90970122797 1412730281.31
6.83760034853 1412730281.91
6.84391063691 1412730282.5
6.72426801423 1412730283.07
6.75649506184 1412730283.64
6.64516027697 1412730284.16
6.68314545196 1412730284.7
6.53554393274 1412730285.25
6.56349343054 1412730285.79
6.4871651696 1412730286.34
6.52788353644 1412730286.9
6.43165114565 1412730287.46
6.45847906652 1412730288.02
6.33903091275 1412730288.56
6.37529103007 1412730289.12
6.26376380485 1412730289.65
6.28646181276 1412730290.22
6.32555028875 1412730290.75
6.24135368246 1412730291.3
6.25339765479 1412730291.86
6.15466531075 1412730292.44
6.10181358051 1412730292.99
6.10091745103 1412730293.55
6.11988493646 1412730294.12
6.05649234923 1412730294.65
6.07139484086 1412730295.22
5.9970638557 1412730295.76
6.03966059444 1412730296.28
5.9473179107 1412730296.83
5.98645640736 1412730297.35
5.8591378713 1412730297.86
5.89785884753 1412730298.41
5.79181778272 1412730298.96
5.82907494823 1412730299.51
5.74306901623 1412730300.07
5.77932045022 1412730300.62
5.71117719348 1412730301.15
5.7443622816 1412730301.7
5.66024617973 1412730302.3
5.68078400956 1412730302.88
5.60743460438 1412730303.52
5.64511201942 1412730304.13
5.60686068197 1412730304.69
5.61602374403 1412730305.26
5.51680152703 1412730305.83
5.54852238761 1412730306.41
5.48529074992 1412730306.95
5.49934270968 1412730307.58
5.56170023807 1412730308.18
5.50730913647 1412730308.73
5.42373983087 1412730309.31
5.47018534042 1412730309.87
5.4085110753 1412730310.46
5.44105918481 1412730311.02
5.36674391239 1412730311.59
5.39443285475 1412730312.15
5.33166984596 1412730312.72
5.33908415379 1412730313.27
5.26275794006 1412730313.84
5.29280024877 1412730314.43
5.23335772498 1412730315.03
5.26046565263 1412730315.62
5.21911574579 1412730316.21
5.24617297617 1412730316.75
5.17584733739 1412730317.33
5.21817127153 1412730317.91
5.25010899321 1412730318.46
5.17799722224 1412730319.01
5.2031733196 1412730319.58
5.12924090357 1412730320.14
5.06739705757 1412730320.7
5.10354671279 1412730321.26
5.02212385467 1412730321.8
5.04601356632 1412730322.38
4.97789381152 1412730322.95
5.0007898456 1412730323.51
4.95245651333 1412730324.08
4.96582089841 1412730324.63
