25.5074237602 1412728076.05
25.6883562354 1412728076.67
25.663556535 1412728077.32
25.5479206184 1412728078.0
25.3952024475 1412728078.71
25.3771769724 1412728079.39
25.2470703752 1412728080.02
25.101921062 1412728080.6
25.2929516087 1412728081.26
25.0732072089 1412728081.88
25.0924493391 1412728082.49
24.9744516198 1412728083.12
25.0359097999 1412728083.78
24.9129784604 1412728084.42
24.8984282111 1412728085.1
24.9646029298 1412728085.75
24.9095136442 1412728086.39
24.7151297801 1412728087.03
24.6571620094 1412728087.71
24.5680403261 1412728088.38
24.390810107 1412728089.07
24.2859465676 1412728089.72
24.2533393405 1412728090.38
24.2320732672 1412728091.03
24.178167834 1412728091.69
24.0757073756 1412728092.35
24.0221107739 1412728093.04
24.0186126019 1412728093.7
23.9245547484 1412728094.41
23.9659373419 1412728095.1
23.9935516406 1412728095.81
24.0549040675 1412728096.46
24.2315925578 1412728097.18
24.1272562955 1412728097.89
23.9934190219 1412728098.6
23.9119876573 1412728099.36
23.920360921 1412728100.07
23.9358199459 1412728100.77
23.9156573697 1412728101.43
23.8800245746 1412728102.08
23.9032346275 1412728102.77
23.857815976 1412728103.47
23.8927045882 1412728104.12
23.8834995115 1412728104.81
23.8162254917 1412728105.48
23.9183883245 1412728106.15
23.8198394872 1412728106.87
23.7526549844 1412728107.57
23.7334895559 1412728108.22
23.7484801728 1412728108.91
23.7129608313 1412728109.6
23.6848639129 1412728110.29
23.6875907663 1412728110.97
23.6690491953 1412728111.65
23.6528450223 1412728112.34
23.6460588548 1412728113.01
23.5940731118 1412728113.69
23.7028236779 1412728114.34
23.6493705291 1412728115.05
23.5992073941 1412728115.73
23.5844576879 1412728116.43
23.5489244272 1412728117.14
23.5030728998 1412728117.85
23.4987390795 1412728118.52
23.5189395481 1412728119.18
23.4826535345 1412728119.89
23.4724559963 1412728120.62
23.3953661339 1412728121.33
23.3457997689 1412728122.05
23.203134009 1412728122.74
23.1122380337 1412728123.44
23.0836348959 1412728124.14
23.0970449653 1412728124.81
23.0653742726 1412728125.54
23.0338537755 1412728126.26
22.9526691685 1412728126.97
22.8407605765 1412728127.66
22.8259847132 1412728128.38
22.7937451396 1412728129.08
22.8012955039 1412728129.8
22.8372762013 1412728130.5
22.7451630501 1412728131.2
22.772941539 1412728131.89
22.7621853991 1412728132.66
22.7697428744 1412728133.4
22.798915235 1412728134.08
22.7739925729 1412728134.8
22.8134269039 1412728135.52
22.84677831 1412728136.23
22.9151450841 1412728136.97
22.8721855926 1412728137.67
22.8967628633 1412728138.36
22.8520640329 1412728139.08
22.9136120515 1412728139.75
22.9034690458 1412728140.43
22.9037128302 1412728141.1
22.8684352386 1412728141.79
22.9275838871 1412728142.47
22.8507405503 1412728143.16
22.878814313 1412728143.83
22.9031864832 1412728144.49
22.9358042303 1412728145.18
22.9402548756 1412728145.86
22.9510612742 1412728146.52
22.91520694 1412728147.18
22.9382752658 1412728147.89
22.9612318879 1412728148.55
22.9686673888 1412728149.24
22.9914434876 1412728149.89
23.0308319333 1412728150.53
22.9966462538 1412728151.26
22.9985268018 1412728151.91
22.995180258 1412728152.62
22.9694339474 1412728153.33
22.9734939641 1412728154.01
23.0131585489 1412728154.66
23.0190131267 1412728155.34
23.0257267309 1412728156.04
23.0349634789 1412728156.71
23.0527288364 1412728157.43
23.0673096285 1412728158.07
22.9262074943 1412728158.78
22.9296167658 1412728159.49
22.9535775523 1412728160.19
22.9244838266 1412728161.06
22.9389178824 1412728161.9
22.8682874036 1412728162.8
22.8601096334 1412728163.66
22.8614792865 1412728164.53
22.8920224401 1412728165.42
22.8846973847 1412728166.28
22.8927114959 1412728167.12
22.8684641662 1412728167.96
22.900622274 1412728168.86
22.8959812903 1412728169.76
22.8917107915 1412728170.64
22.8944302491 1412728171.53
22.8923146625 1412728172.45
22.9267809829 1412728173.38
22.8999681635 1412728174.28
22.8987626355 1412728175.21
22.8892253996 1412728176.05
22.8617084948 1412728176.96
22.9417874145 1412728177.89
22.9777514373 1412728178.76
22.9739718071 1412728179.69
22.9707339446 1412728180.6
22.9917753803 1412728181.54
22.907619705 1412728182.41
22.8701538487 1412728183.29
22.8566737102 1412728184.2
22.845728334 1412728185.09
22.8493296951 1412728185.97
22.8212895703 1412728186.87
22.8099955404 1412728187.73
22.8318735335 1412728188.62
22.8375698181 1412728189.54
22.8305363649 1412728190.42
22.7977058095 1412728191.35
22.7977600386 1412728192.26
22.8230179489 1412728193.17
22.8511300343 1412728194.06
22.8285905268 1412728194.96
22.846462959 1412728195.82
22.8740927317 1412728196.62
22.9156075717 1412728197.45
22.908422006 1412728198.31
22.9019290381 1412728199.19
22.9316865472 1412728200.11
22.9820206757 1412728200.99
23.0176120563 1412728201.85
22.9494661093 1412728202.78
23.0023123283 1412728203.69
23.0059073468 1412728204.56
22.9507593346 1412728205.44
22.9560296923 1412728206.34
22.9584087536 1412728207.24
23.0044333936 1412728208.15
22.8994294345 1412728209.03
22.9129350922 1412728209.98
22.9809355346 1412728210.87
22.9198956308 1412728211.86
22.8992014669 1412728212.9
22.8640734415 1412728213.91
22.932779646 1412728215.0
22.8929128385 1412728217.14
22.9321039255 1412728218.53
22.9075443437 1412728220.01
22.9368126933 1412728221.95
22.8934806494 1412728223.42
22.9105423181 1412728224.84
22.8605693981 1412728226.14
22.8437240243 1412728227.3
22.8292387073 1412728228.84
22.8634073586 1412728229.98
22.8142920103 1412728230.95
22.8446273169 1412728231.87
22.8401556193 1412728232.81
22.7630106794 1412728234.14
22.7334897358 1412728235.5
