11.6484345221 1412722200.93
11.0522463824 1412722201.05
10.291877983 1412722201.17
9.1337465225 1412722201.28
8.25226251718 1412722201.39
7.66137476875 1412722201.49
6.6826216568 1412722201.58
6.19736866951 1412722201.67
5.4439890538 1412722201.76
4.97551703967 1412722201.84
4.64565369245 1412722201.94
4.53289679406 1412722202.04
4.64709356938 1412722202.11
4.52627803675 1412722202.2
4.33604485564 1412722202.3
4.25476859301 1412722202.4
4.14057071669 1412722202.51
4.13851230972 1412722202.59
4.23005971323 1412722202.69
4.25090117718 1412722202.77
4.37325490433 1412722202.87
4.40801118311 1412722202.97
4.43810804016 1412722203.07
4.59382173504 1412722203.23
4.69793018 1412722203.33
4.89575560168 1412722203.43
4.97703967054 1412722203.52
5.19013275144 1412722203.72
5.24599444433 1412722203.85
5.39885085393 1412722203.96
5.54479362905 1412722204.08
5.79085004172 1412722204.21
6.02333980727 1412722204.33
6.21644422775 1412722204.47
6.41062652388 1412722204.61
6.55667893602 1412722204.74
6.72113671643 1412722204.84
6.83555196618 1412722204.95
6.96806725449 1412722205.12
7.05765011588 1412722205.22
7.04788119864 1412722205.31
7.03219643708 1412722205.43
7.01439791014 1412722205.59
7.01581670539 1412722205.67
6.91899312704 1412722205.76
6.88387998606 1412722205.88
6.82604452124 1412722205.98
6.8141959745 1412722206.13
6.77424301007 1412722206.22
6.71366245222 1412722206.33
6.67656795255 1412722206.43
6.69558697424 1412722206.53
6.65704643527 1412722206.62
6.59572019686 1412722206.71
6.61094409267 1412722206.82
6.56853052224 1412722206.9
6.53315120365 1412722206.98
6.56831273736 1412722207.07
6.53559103697 1412722207.18
6.51373672945 1412722207.27
6.48722170576 1412722207.37
6.45589802283 1412722207.45
6.44015839634 1412722207.54
6.4141295603 1412722207.64
6.38509979118 1412722207.74
6.35021017864 1412722207.83
6.30555553842 1412722207.94
6.27752210746 1412722208.07
6.24313370124 1412722208.16
6.22437189657 1412722208.24
6.20207735373 1412722208.33
6.18624432729 1412722208.41
6.15433257457 1412722208.55
6.11641283269 1412722208.68
6.21207109014 1412722208.78
6.41089969928 1412722208.87
6.13335945501 1412722208.95
6.26706195926 1412722209.04
6.29585915019 1412722209.12
6.33982286065 1412722209.21
6.38787018379 1412722209.31
6.4054350188 1412722209.4
6.43245380522 1412722209.49
6.33888526212 1412722209.58
6.31540678601 1412722209.68
6.06479521909 1412722209.79
5.93671207252 1412722209.93
5.88207482403 1412722210.05
5.78689205131 1412722210.16
5.75135160118 1412722210.25
5.65650704979 1412722210.38
5.62273733756 1412722210.48
5.59680090467 1412722210.58
5.55270488911 1412722210.7
5.53882201174 1412722210.8
5.51776995299 1412722210.94
5.53123132064 1412722211.07
5.57623071481 1412722211.2
5.57123916528 1412722211.38
5.69269562033 1412722211.5
5.6414685743 1412722211.65
5.62678845196 1412722211.78
5.50196149926 1412722211.89
5.50403821361 1412722211.98
5.50272641688 1412722212.1
5.5199105651 1412722212.28
5.51491588559 1412722212.42
5.57226535944 1412722212.53
5.57111295807 1412722212.63
5.51106569791 1412722212.79
5.5472183895 1412722212.97
5.51280477903 1412722213.17
5.57600410219 1412722213.31
5.61784515161 1412722213.44
5.65706323675 1412722213.61
5.70591432641 1412722213.78
5.70527990584 1412722213.9
5.75328486914 1412722214.03
5.74338300109 1412722214.16
5.74857385326 1412722214.28
5.79389847251 1412722214.39
5.67792798276 1412722214.5
5.66746167502 1412722214.61
5.65168574764 1412722214.71
5.62800494908 1412722214.79
5.64708373423 1412722214.89
5.6819769188 1412722215.01
5.70506021414 1412722215.11
5.73969050782 1412722215.21
5.73010999627 1412722215.34
5.74620118902 1412722215.45
5.78385415578 1412722215.55
5.77159528782 1412722215.67
5.75709349559 1412722215.79
5.75563295879 1412722215.9
5.75449523589 1412722216.04
5.67627158706 1412722216.16
5.66210347376 1412722216.3
5.66447153666 1412722216.65
5.67157263397 1412722216.81
5.67457377012 1412722217.03
5.68226785291 1412722217.22
5.66892993732 1412722217.42
5.77950684905 1412722217.56
5.76633865991 1412722217.7
5.76789491488 1412722217.84
5.87695707717 1412722217.97
5.87121345112 1412722218.09
5.87253293223 1412722218.21
5.88088484698 1412722218.36
5.87513804608 1412722218.51
5.89262104332 1412722218.65
5.8872484591 1412722218.78
5.90532346021 1412722218.92
5.90034344287 1412722219.05
5.92523803783 1412722219.2
5.96361863441 1412722219.31
5.95232962913 1412722219.43
5.94058808939 1412722219.55
5.92838620689 1412722219.69
5.95032098381 1412722219.84
5.93856964906 1412722219.97
5.91721949357 1412722220.09
5.90630954055 1412722220.22
5.89496643773 1412722220.35
5.92277243077 1412722220.48
5.93063319422 1412722220.61
5.91933633962 1412722220.72
5.93878105577 1412722220.88
5.92774556734 1412722221.0
5.94755583761 1412722221.1
5.93672233262 1412722221.23
5.95693081547 1412722221.35
5.91025098067 1412722221.49
5.93632760926 1412722221.61
5.93799285033 1412722221.73
5.90504055229 1412722221.85
5.90575860258 1412722221.95
5.92216264955 1412722222.06
5.93484739881 1412722222.16
5.93853732455 1412722222.29
5.95098964065 1412722222.43
5.95459017036 1412722222.53
5.96692928185 1412722222.63
5.97039916435 1412722222.74
5.98255727843 1412722222.86
5.81280229881 1412722222.97
5.80966421856 1412722223.06
5.80632986946 1412722223.15
5.80280886892 1412722223.27
5.79904368096 1412722223.39
5.79966180054 1412722223.5
5.80001286689 1412722223.68
5.80688935605 1412722223.92
5.80674968615 1412722224.09
5.81347865421 1412722224.21
5.81429720109 1412722224.52
5.82092160042 1412722224.77
5.82789222291 1412722224.98
5.82703453536 1412722225.14
