28.0462062023 1412721979.29
28.040169449 1412721979.4
28.0291138441 1412721979.49
28.0546767918 1412721979.58
28.1745904393 1412721979.67
28.0808920449 1412721979.78
28.0905752062 1412721979.86
28.0149046399 1412721979.94
27.96852744 1412721980.03
27.8374915435 1412721980.13
27.7259192973 1412721980.23
27.4194930629 1412721980.4
27.3824669761 1412721980.49
27.2628583249 1412721980.61
27.2039547616 1412721980.7
27.0908977693 1412721980.8
26.8791518935 1412721980.93
26.8334283652 1412721981.07
26.809429422 1412721981.18
26.7611553094 1412721981.3
26.699159439 1412721981.39
26.7042955873 1412721981.5
26.4905844304 1412721981.6
26.3720481537 1412721981.75
26.344507593 1412721981.89
26.3137003192 1412721982.02
26.2483704709 1412721982.13
26.2391727972 1412721982.23
26.1830826766 1412721982.39
25.9809147908 1412721982.52
25.9524769037 1412721982.61
25.8779863215 1412721982.72
25.8171073687 1412721982.82
25.5240537822 1412721982.93
25.4530076107 1412721983.06
25.4726091541 1412721983.2
25.217719294 1412721983.37
25.1152160725 1412721983.49
25.065582748 1412721983.61
25.0146375323 1412721983.71
24.977244629 1412721983.8
24.9502484348 1412721983.89
24.9043905658 1412721983.99
24.8691103571 1412721984.08
24.8265918208 1412721984.18
24.7839617517 1412721984.3
24.6435807426 1412721984.4
24.4739283452 1412721984.5
24.3888566036 1412721984.58
24.3446228958 1412721984.68
24.25287465 1412721984.79
24.1606421484 1412721984.87
24.0500543056 1412721984.96
23.9554945336 1412721985.04
23.8330850666 1412721985.13
23.7389053949 1412721985.23
23.708782046 1412721985.31
23.640655405 1412721985.41
23.540003268 1412721985.58
23.4376684144 1412721985.72
23.3090852987 1412721985.85
23.0968080687 1412721985.96
22.7009258239 1412721986.06
22.5900731365 1412721986.14
22.4769118014 1412721986.23
22.4119630824 1412721986.41
22.3155132792 1412721986.67
22.2966885139 1412721986.84
22.2077609399 1412721986.97
22.1444635638 1412721987.14
22.0588135982 1412721987.3
21.7125497731 1412721987.43
21.6582329882 1412721987.53
21.4743331064 1412721987.64
21.4911554837 1412721987.73
21.4294935096 1412721987.81
21.3676862516 1412721987.91
21.2976185871 1412721987.99
21.2369558881 1412721988.07
21.0541469905 1412721988.17
21.0238427553 1412721988.3
20.6971690897 1412721988.47
20.6427994889 1412721988.6
20.5796466025 1412721988.73
20.5224943023 1412721988.87
20.4084043874 1412721988.97
20.4359708094 1412721989.07
20.3762819655 1412721989.17
20.1499120626 1412721989.27
20.0882310197 1412721989.38
19.8147875838 1412721989.48
19.7604083576 1412721989.56
19.7040204146 1412721989.66
19.6597809596 1412721989.76
19.6771518879 1412721989.86
19.6117567724 1412721989.95
19.5437991751 1412721990.04
19.3354099064 1412721990.14
19.2573659893 1412721990.24
19.0393170012 1412721990.36
18.954296577 1412721990.46
18.8633066374 1412721990.57
18.7805730488 1412721990.67
18.6951501811 1412721990.76
18.5181052053 1412721990.85
18.4363403545 1412721990.95
18.400934224 1412721991.06
18.164239422 1412721991.15
18.1279571644 1412721991.24
18.0546535416 1412721991.34
17.9739849158 1412721991.46
17.9441892135 1412721991.57
17.8646383345 1412721991.67
17.7830549564 1412721991.78
17.7050743332 1412721991.88
17.5816281212 1412721991.98
17.5078975373 1412721992.08
17.4342373089 1412721992.2
17.4394011131 1412721992.32
17.3692732501 1412721992.42
17.2349581875 1412721992.51
17.0660430176 1412721992.59
16.9988426636 1412721992.68
16.9369850622 1412721992.77
16.902444364 1412721992.88
16.8034084727 1412721992.98
16.7555720297 1412721993.09
16.7142719588 1412721993.21
16.6707017663 1412721993.31
16.6262774008 1412721993.41
16.587647504 1412721993.52
16.5317904265 1412721993.65
16.4989183716 1412721993.8
16.4731052663 1412721993.94
16.4537236037 1412721994.07
16.4336236621 1412721994.2
16.4149957688 1412721994.35
16.3050369639 1412721994.47
16.2984003842 1412721994.57
16.3315401537 1412721994.66
16.3366397211 1412721994.78
16.3420303917 1412721994.89
16.4268526493 1412721995.01
16.4510822076 1412721995.13
16.4699604814 1412721995.22
16.4562611643 1412721995.32
16.4877626923 1412721995.41
16.5174465046 1412721995.51
16.536719295 1412721995.64
16.560224678 1412721995.77
16.6031259136 1412721995.89
16.6555548583 1412721996.02
16.6596093895 1412721996.12
16.7766395298 1412721996.25
16.7826885346 1412721996.4
16.8156083673 1412721996.51
16.7932029919 1412721996.63
16.8436749559 1412721996.72
16.8134727785 1412721996.81
16.8806089237 1412721996.91
16.7960159434 1412721997.03
16.7471812067 1412721997.13
16.7905814014 1412721997.22
16.8374033626 1412721997.31
16.840836119 1412721997.39
16.8703019633 1412721997.48
16.941130725 1412721997.57
16.9049663217 1412721997.66
17.0278526307 1412721997.76
17.075442031 1412721997.84
16.9995464177 1412721997.93
16.9933792036 1412721998.02
16.9134722606 1412721998.11
16.8572811175 1412721998.21
16.8003473024 1412721998.35
16.6784348393 1412721998.47
16.6585131663 1412721998.57
16.5592348243 1412721998.67
16.3954069775 1412721998.77
16.3439403486 1412721998.88
16.2903580244 1412721998.98
16.2312675774 1412721999.08
16.1223784123 1412721999.15
16.1415674302 1412721999.26
16.070625688 1412721999.38
15.970193895 1412721999.5
15.9407704287 1412721999.61
15.8740456535 1412721999.72
15.9736061827 1412721999.83
15.8678299106 1412721999.95
15.8331708782 1412722000.07
15.7857457623 1412722000.17
15.9046323783 1412722000.29
15.7736632518 1412722000.43
15.8211795192 1412722000.54
15.8042769811 1412722000.64
15.8815477784 1412722000.76
15.8571771 1412722000.88
16.0082190916 1412722000.98
15.9855744281 1412722001.07
