23.3810045896 1412744380.49
23.0085991353 1412744381.93
22.774549894 1412744383.37
22.4446723182 1412744384.8
21.822726566 1412744386.22
21.325163167 1412744387.61
20.8263809337 1412744389.0
20.6644603658 1412744390.37
20.4745737895 1412744391.8
20.5947073413 1412744393.23
20.7035882961 1412744394.67
20.2722598421 1412744396.13
20.4657798411 1412744397.58
19.9515977156 1412744399.01
19.54091283 1412744400.45
19.0725329682 1412744401.86
19.1541431347 1412744403.3
19.1662961201 1412744404.73
19.1369519909 1412744406.17
19.1565422152 1412744407.55
19.132666412 1412744408.88
19.0708064746 1412744410.28
19.0600726026 1412744411.64
19.0301298963 1412744413.01
18.7644928834 1412744414.38
18.5476960925 1412744415.76
18.2797097585 1412744417.14
18.0942186964 1412744418.56
17.906023457 1412744419.97
17.6600190487 1412744421.38
17.4057653016 1412744422.72
17.152489908 1412744424.06
16.8908291534 1412744425.45
16.6417295173 1412744426.79
16.3421664875 1412744428.09
16.1898489112 1412744429.41
16.2987359488 1412744430.71
16.2001364829 1412744432.01
16.2989287863 1412744433.32
16.3897385291 1412744434.65
16.6348497244 1412744436.01
15.5166853169 1412744437.34
15.1404634151 1412744438.67
13.6993220885 1412744440.04
14.2079026135 1412744441.31
14.3266284003 1412744442.59
14.3681580717 1412744443.86
14.2937091879 1412744445.19
14.2548121222 1412744446.5
14.1609520065 1412744447.84
14.0785404727 1412744449.12
13.9491159544 1412744450.49
13.8774426877 1412744451.83
13.8330746623 1412744453.17
13.6790174838 1412744454.48
13.5775663041 1412744455.82
13.385834239 1412744457.1
13.1118873727 1412744458.44
13.2908732682 1412744459.72
13.1107787446 1412744460.98
13.0745733852 1412744462.23
12.9577011221 1412744463.57
12.900814248 1412744464.88
12.8422945267 1412744466.17
12.8296473669 1412744467.44
12.7329620494 1412744468.74
12.6634964347 1412744470.0
12.6638233662 1412744471.26
12.6313322194 1412744472.56
12.607156828 1412744473.83
12.560474225 1412744475.07
12.5368521812 1412744476.33
12.4950824367 1412744477.59
12.4144816741 1412744478.91
12.3755531218 1412744480.25
12.315549252 1412744481.55
12.2579064163 1412744482.88
12.2043257783 1412744484.21
12.1556662993 1412744485.55
12.0989753678 1412744486.95
12.0344953459 1412744488.28
12.0513108148 1412744489.64
11.9589631726 1412744490.97
11.8498865876 1412744492.3
11.764971119 1412744493.61
11.6998426231 1412744494.99
11.63487363 1412744496.32
11.5450033545 1412744497.68
11.4754120746 1412744499.06
11.4041862874 1412744500.44
11.3404751623 1412744501.77
11.2871259111 1412744503.1
11.209222762 1412744504.44
11.1312483405 1412744505.72
11.1045705731 1412744507.02
11.0700322401 1412744508.36
11.0451185254 1412744509.68
11.0138916009 1412744510.98
10.9719940323 1412744512.33
10.9552652509 1412744513.63
10.8523207047 1412744514.94
10.7499304559 1412744516.27
10.6958690994 1412744517.59
10.6450089009 1412744518.91
10.5487262727 1412744520.21
10.4992763934 1412744521.57
10.436534817 1412744522.87
10.3756586871 1412744524.16
10.3358478059 1412744525.5
10.3179742299 1412744526.86
10.3374161942 1412744528.21
10.339515921 1412744529.56
10.3742171472 1412744530.88
10.4699691537 1412744532.21
10.552833438 1412744533.53
10.666815876 1412744534.89
10.7367677631 1412744536.23
10.7840267751 1412744537.58
10.812268119 1412744538.95
10.8615711334 1412744540.26
10.8967514386 1412744541.63
10.9093074327 1412744542.98
10.9138211714 1412744544.32
10.9277568101 1412744545.66
10.9299472087 1412744547.01
10.9379252249 1412744548.36
10.9275269461 1412744549.73
10.9502381983 1412744551.07
10.9343738313 1412744552.43
10.9825346314 1412744553.72
10.9832877512 1412744555.08
11.0040393745 1412744556.43
11.0058969549 1412744557.8
11.0103029983 1412744559.17
11.0084286313 1412744560.55
11.0306321156 1412744561.9
11.0125289947 1412744563.25
11.0148898176 1412744564.6
11.0084162829 1412744565.98
11.0177596425 1412744567.33
11.0419932577 1412744568.73
11.0479255654 1412744570.11
11.033824385 1412744571.48
11.0298021723 1412744572.78
11.0130340423 1412744574.11
11.0035007362 1412744575.45
11.0082278019 1412744576.79
10.9929630329 1412744578.16
10.9842188875 1412744579.53
10.9731190623 1412744580.93
10.9671005468 1412744582.34
10.9524913335 1412744583.68
10.9406790876 1412744585.04
10.9388011385 1412744586.36
10.9068443663 1412744587.73
10.888281931 1412744589.14
10.9482932409 1412744590.48
10.9444547012 1412744591.85
10.935091373 1412744593.23
10.9011186302 1412744594.68
10.9318080842 1412744596.09
10.8836240001 1412744597.46
10.9167152382 1412744598.82
10.9104611923 1412744600.25
10.9254400657 1412744601.69
10.9211081857 1412744603.06
10.908613158 1412744604.44
10.8585393832 1412744605.87
10.9014152418 1412744607.23
10.8568296956 1412744608.6
10.8744619388 1412744609.99
10.919812646 1412744611.37
10.8944240939 1412744612.8
10.8660575044 1412744614.17
10.8617870582 1412744615.56
10.8522910678 1412744616.98
10.8644106803 1412744618.34
10.9052326111 1412744619.72
10.8650792 1412744621.09
10.8520685035 1412744622.49
10.838242745 1412744623.87
10.8461306933 1412744625.26
10.8386739171 1412744626.67
10.8269874273 1412744628.06
10.8249576291 1412744629.44
10.8341435451 1412744630.83
10.8193983455 1412744632.24
10.8232233115 1412744633.66
10.8160443727 1412744635.04
10.8255267495 1412744636.47
10.8180888715 1412744637.86
10.8158585336 1412744639.2
10.8066487398 1412744640.59
10.8183950624 1412744641.99
10.8059015228 1412744643.34
10.8047011648 1412744644.73
10.811655176 1412744646.12
10.8185096718 1412744647.48
10.8388235707 1412744648.88
10.8598065841 1412744650.31
