34.5106751715 1412722565.67
34.7415062984 1412722565.84
34.6013338511 1412722566.01
34.1561015941 1412722566.17
33.8971637311 1412722566.33
33.826329661 1412722566.5
33.7073279963 1412722566.65
33.6837955458 1412722566.84
33.3083926518 1412722567.01
33.2248211465 1412722567.2
33.1514768367 1412722567.4
32.9534131438 1412722567.56
32.6867684179 1412722567.73
100.183736514 1412722567.89
31.6573275584 1412722568.06
100.427673844 1412722568.22
99.7552100753 1412722568.39
99.7835762516 1412722568.56
99.8550493717 1412722568.71
100.108168812 1412722568.84
100.011147036 1412722569.01
100.005318401 1412722569.18
99.9261521506 1412722569.34
99.9054885277 1412722569.5
99.6962474296 1412722569.66
99.7553978159 1412722569.82
99.7456320223 1412722569.98
99.4619770894 1412722570.14
99.670057522 1412722570.35
99.4108963055 1412722570.52
99.4136211445 1412722570.69
99.1793730564 1412722570.89
99.1027466842 1412722571.04
98.9583158416 1412722571.17
98.996403226 1412722571.35
99.055696541 1412722571.52
99.0425691652 1412722571.71
31.1617063173 1412722571.88
30.8628076164 1412722572.1
30.82206677 1412722572.27
30.9938783777 1412722572.44
30.9907317097 1412722572.59
31.2616559267 1412722572.79
31.0759413037 1412722572.97
31.1875527226 1412722573.14
31.0162500517 1412722573.28
30.9695858355 1412722573.45
30.642123563 1412722573.64
30.6915764813 1412722573.79
31.3266512763 1412722573.94
31.2675546567 1412722574.11
30.6077502719 1412722574.3
30.4856728873 1412722574.49
30.3828936666 1412722574.65
29.7999511365 1412722574.84
29.4246942606 1412722575.04
29.4412831883 1412722575.23
29.1193565082 1412722575.43
28.7010931092 1412722575.61
28.9740089957 1412722575.81
28.5717225471 1412722575.99
99.9764438839 1412722576.12
28.2669328923 1412722576.31
26.5498244452 1412722576.52
26.0370665652 1412722576.71
26.084534438 1412722576.86
26.0159613705 1412722577.03
26.075307277 1412722577.2
24.8601200283 1412722577.38
24.780733402 1412722577.53
96.1969563198 1412722577.68
95.7301113172 1412722577.87
95.635251686 1412722578.05
95.9388405462 1412722578.22
94.9133464437 1412722578.41
94.233798822 1412722578.59
94.257684148 1412722578.8
94.293220085 1412722578.98
22.1451374638 1412722579.14
22.0756864908 1412722579.31
22.1216805749 1412722579.49
22.0513530924 1412722579.66
21.4725097271 1412722579.82
93.4174601642 1412722580.0
20.1236669707 1412722580.19
20.0404452828 1412722580.37
20.0123481082 1412722580.52
19.9843828566 1412722580.71
19.9567424795 1412722580.92
19.9424999898 1412722581.11
19.9168620191 1412722581.27
19.8916051352 1412722581.44
19.8667026054 1412722581.62
93.1501136622 1412722581.81
93.097400454 1412722581.95
19.0574924147 1412722582.14
18.7176380885 1412722582.31
18.712119731 1412722582.51
18.1686637933 1412722582.67
18.1662403571 1412722582.85
18.1646261014 1412722583.1
18.4403184833 1412722583.41
18.1431583817 1412722583.67
18.4180387721 1412722583.9
19.2500069727 1412722584.08
18.9544584036 1412722584.27
19.2333478577 1412722584.43
19.2227587213 1412722584.58
18.9208803124 1412722584.76
18.5557997643 1412722584.92
18.5502595999 1412722585.1
18.2483636538 1412722585.29
18.5349452791 1412722585.52
18.529549395 1412722585.68
18.2255115549 1412722585.89
18.770107216 1412722586.06
17.8691700265 1412722586.3
17.8577020382 1412722586.47
17.8462730557 1412722586.65
17.8349583059 1412722586.83
17.823691946 1412722587.01
17.8124195228 1412722587.17
17.8011582683 1412722587.34
17.7899958346 1412722587.53
17.7789163698 1412722587.72
17.7677821386 1412722587.91
17.7567986115 1412722588.08
17.6980948826 1412722588.24
17.6875087366 1412722588.45
17.7070586637 1412722588.63
17.6963944329 1412722588.8
17.5569776473 1412722588.97
17.4178510304 1412722589.14
17.4109794591 1412722589.33
17.4041626086 1412722589.51
17.3974571323 1412722589.69
17.3908375582 1412722589.86
17.3842527722 1412722590.05
17.4054876522 1412722590.22
17.398768982 1412722590.4
17.3919611585 1412722590.57
17.3853974272 1412722590.77
17.4720059968 1412722590.98
17.4651771973 1412722591.15
17.4863138983 1412722591.33
17.4792996804 1412722591.52
17.4721095192 1412722591.69
17.4648566549 1412722591.88
17.5352573826 1412722592.06
17.5298326999 1412722592.26
17.5244971163 1412722592.43
17.519128372 1412722592.59
17.5138681346 1412722592.76
17.5085492169 1412722592.96
17.5032465151 1412722593.14
17.4980133281 1412722593.31
17.4927062324 1412722593.49
17.4874198139 1412722593.68
17.482208815 1412722593.86
17.4770152902 1412722594.02
17.4717877858 1412722594.19
17.4666355857 1412722594.38
17.4613846374 1412722594.6
17.3100585594 1412722594.79
17.3073328657 1412722594.96
17.1568261331 1412722595.14
17.156297589 1412722595.36
17.1557462354 1412722595.56
17.1552180295 1412722595.73
17.15469286 1412722595.9
17.1541741475 1412722596.1
17.1536797203 1412722596.3
17.1531871811 1412722596.49
17.1526985415 1412722596.68
17.1522596038 1412722596.89
17.1518135794 1412722597.09
17.1512735001 1412722597.27
17.150867722 1412722597.45
17.1503809111 1412722597.61
17.1499558019 1412722597.78
17.149490725 1412722597.98
17.1491045709 1412722598.16
17.1486547111 1412722598.34
17.1482861676 1412722598.55
17.1478536599 1412722598.7
17.1474990566 1412722598.89
17.1470869586 1412722599.08
17.1466718932 1412722599.27
17.1463241122 1412722599.44
17.145932877 1412722599.6
17.1455487146 1412722599.79
17.1452380312 1412722599.97
17.1448313284 1412722600.14
17.1444942222 1412722600.34
17.1441904022 1412722600.51
17.1438784375 1412722600.69
17.1435357055 1412722600.88
17.1431604739 1412722601.07
17.1428397885 1412722601.23
17.1425693075 1412722601.43
