34.9863123303 1412724197.99
33.6594489088 1412724198.31
34.1770346678 1412724198.56
34.2196408169 1412724198.86
33.8196234038 1412724199.14
33.2388872069 1412724199.44
32.6914332163 1412724199.72
31.6263952808 1412724200.0
30.8241995387 1412724200.39
28.4920398366 1412724200.85
24.2331937382 1412724201.2
22.2193005381 1412724201.56
22.5420292554 1412724201.9
21.8696154728 1412724202.3
21.4905344844 1412724202.67
21.4780015004 1412724202.99
20.8671642833 1412724203.28
20.6045118241 1412724203.58
20.4417281691 1412724203.88
19.8003821351 1412724204.19
19.6273868288 1412724204.51
19.5439383584 1412724204.81
19.2421561011 1412724205.1
19.0887111153 1412724205.42
18.8608554433 1412724205.74
18.8047293074 1412724206.05
18.5641762504 1412724206.35
18.7098884684 1412724206.65
18.654909838 1412724207.0
18.6014799013 1412724207.37
18.6329119774 1412724207.72
18.3128563149 1412724208.12
17.9814084743 1412724208.5
17.5551636158 1412724208.83
17.2736581511 1412724209.15
17.1170066576 1412724209.46
17.3279378074 1412724209.75
17.0475941131 1412724210.06
17.038005653 1412724210.38
17.0904400054 1412724210.71
17.1231180485 1412724210.98
34.8350737453 1412724211.4
16.7626336959 1412724211.73
16.9208793092 1412724212.1
17.0507851699 1412724212.48
16.8948957469 1412724212.82
17.0170256693 1412724213.13
17.1393806976 1412724213.46
36.7437307716 1412724213.79
17.2538160568 1412724214.18
17.3749295242 1412724214.58
17.2461984807 1412724215.01
17.2913235619 1412724215.37
17.3821400121 1412724215.63
17.4642725957 1412724215.92
17.4783418574 1412724216.27
38.4603748823 1412724216.57
17.7425064862 1412724216.88
17.8117208226 1412724217.18
17.8184783837 1412724217.52
17.8107904191 1412724217.92
40.4195073835 1412724218.27
18.1194164115 1412724218.6
18.1192562041 1412724218.95
18.0613541241 1412724219.28
18.0560372327 1412724219.65
41.8478795169 1412724219.97
18.5224320857 1412724220.31
18.5038349707 1412724220.66
18.5043474706 1412724221.07
18.5246010358 1412724221.47
18.5595167395 1412724221.87
18.5351715611 1412724222.23
18.5341576736 1412724222.58
18.4195061345 1412724223.02
43.4763325953 1412724223.39
18.5686179608 1412724223.76
18.5514547744 1412724224.13
18.4807316668 1412724224.53
18.4304155219 1412724224.93
18.4471664229 1412724225.42
18.4531775366 1412724225.83
18.4422297094 1412724226.26
18.3671988612 1412724226.7
18.4498427443 1412724227.15
18.4653239738 1412724227.67
18.4115166177 1412724228.09
18.4583991357 1412724228.44
18.4127121379 1412724228.89
44.8108796503 1412724229.37
18.8298683862 1412724229.85
18.8432411861 1412724230.29
18.8811790293 1412724230.73
18.8502237791 1412724231.12
18.8294223857 1412724231.49
18.8616598105 1412724231.84
18.8486267801 1412724232.15
46.5778332445 1412724232.57
19.1327307582 1412724232.9
19.1093597823 1412724233.26
19.1300667456 1412724233.57
19.1306360989 1412724233.96
19.0389223128 1412724234.32
19.060739876 1412724234.68
19.0856289781 1412724235.02
19.1060431813 1412724235.38
47.2466613684 1412724235.81
19.1635408106 1412724236.25
19.1288645234 1412724236.62
19.2004954411 1412724236.99
19.2281234391 1412724237.31
19.2603424906 1412724237.7
19.1241873337 1412724238.14
19.152282103 1412724238.57
19.1317320711 1412724238.9
19.0636904776 1412724239.31
19.1072034625 1412724239.67
19.1277299832 1412724240.03
19.1319794776 1412724240.42
19.1578542809 1412724240.8
19.1817144724 1412724241.1
19.2067035562 1412724241.43
19.2441283178 1412724241.74
19.2504229968 1412724242.06
19.1824940251 1412724242.46
19.1984868622 1412724242.8
19.1651314326 1412724243.13
19.1789204722 1412724243.52
19.2031555766 1412724243.85
19.2156485659 1412724244.2
19.1627837131 1412724244.52
19.1151164953 1412724244.85
19.0297644844 1412724245.22
19.0354780892 1412724245.54
19.0418578086 1412724245.88
19.0442315338 1412724246.22
19.0504593527 1412724246.53
19.0583242109 1412724246.86
19.0664226973 1412724247.17
19.0013125206 1412724247.5
18.9982392096 1412724247.85
18.9315033959 1412724248.19
18.9600708459 1412724248.51
18.9259897316 1412724248.84
18.9233275326 1412724249.17
18.9630044138 1412724249.48
18.9896427719 1412724249.86
18.9872112802 1412724250.24
18.9849947452 1412724250.54
18.9828639877 1412724250.89
18.932897838 1412724251.22
18.9533656302 1412724251.56
18.9739129246 1412724251.89
18.9944343615 1412724252.18
18.9918899876 1412724252.48
18.9654183542 1412724252.82
18.9854314764 1412724253.14
19.0055320958 1412724253.49
18.8765315843 1412724253.79
18.8889956878 1412724254.12
47.1114499342 1412724254.43
47.1446559075 1412724254.75
47.0477039989 1412724255.07
46.9617968981 1412724255.39
46.99430381 1412724255.71
47.0102652209 1412724256.0
47.0026284745 1412724256.28
46.950953743 1412724256.62
47.0137540883 1412724256.94
47.0362813366 1412724257.25
47.0332340396 1412724257.61
47.0799942379 1412724257.94
47.0538882556 1412724258.29
46.9969449779 1412724258.65
46.9428676144 1412724258.95
46.9616220282 1412724259.29
46.9855042922 1412724259.58
46.9778624788 1412724259.91
46.9524340945 1412724260.23
46.9458257502 1412724260.52
46.872903441 1412724260.88
46.8687085713 1412724261.3
46.898071431 1412724261.65
46.8937582264 1412724261.99
46.9465714831 1412724262.3
46.94277073 1412724262.65
46.9282444161 1412724262.99
46.9757557146 1412724263.31
46.9683663897 1412724263.64
46.8978791041 1412724264.0
46.8581186454 1412724264.34
46.8446182453 1412724264.66
46.8409776912 1412724265.01
46.8653851754 1412724265.33
46.8123636968 1412724265.68
46.7510310173 1412724266.0
46.6916092338 1412724266.33
46.6343695194 1412724266.65
46.6519569973 1412724266.98
46.6209234216 1412724267.32
