15.2245133176 1412733182.87
15.4134597272 1412733183.93
15.6168545826 1412733184.92
15.8431099962 1412733185.95
16.2014970612 1412733186.97
16.452653372 1412733188.04
16.7231410589 1412733189.05
16.7962789508 1412733190.13
16.9144007161 1412733191.19
17.0458562228 1412733192.28
16.9155295288 1412733193.32
16.9322299413 1412733194.38
16.9300898015 1412733195.42
16.8042022431 1412733196.47
16.7486451016 1412733197.49
16.5113923656 1412733198.51
16.3472721592 1412733199.53
16.2691668042 1412733200.58
16.3056048253 1412733201.61
16.2535249685 1412733202.6
16.2182708444 1412733203.63
16.2581823127 1412733204.62
16.2202334472 1412733205.66
16.1213800908 1412733206.67
16.1227461244 1412733207.67
15.9675942893 1412733208.72
15.8353125122 1412733209.71
15.8352760188 1412733210.74
15.9478303549 1412733211.72
16.0261572313 1412733212.79
16.0713534047 1412733213.87
16.1528912766 1412733214.9
16.0620595181 1412733216.03
15.6723733702 1412733217.04
15.0550113437 1412733218.02
14.6152579174 1412733219.06
14.9799719217 1412733220.13
14.3612378789 1412733221.2
14.9703463036 1412733222.26
14.427936389 1412733223.27
14.6764739412 1412733224.25
14.850227319 1412733225.25
14.4622159591 1412733226.27
14.3967443498 1412733227.26
14.3643143713 1412733228.26
14.3219951867 1412733229.22
14.2363110591 1412733230.23
14.0146621208 1412733231.25
13.9072851174 1412733232.22
13.7777471491 1412733233.21
13.7819207736 1412733234.19
13.7096517621 1412733235.21
13.6954686788 1412733236.18
13.5817075817 1412733237.19
13.5236412183 1412733238.18
13.5282858695 1412733239.16
13.5311579536 1412733240.16
13.3461674404 1412733241.18
13.3536947335 1412733242.17
13.2717000446 1412733243.14
13.2655778 1412733244.12
13.1697319976 1412733245.1
13.1112768342 1412733246.11
12.9653882586 1412733247.07
12.9078110547 1412733248.06
12.8154585932 1412733249.04
12.7201566787 1412733250.02
12.6661548744 1412733251.0
12.5629529665 1412733252.03
12.4681359418 1412733252.99
12.3784397256 1412733253.94
12.2109656437 1412733254.93
12.0674387945 1412733255.94
11.9079204356 1412733256.92
11.8536494329 1412733257.92
11.9269151762 1412733258.92
11.9628569275 1412733259.91
12.0421391479 1412733260.87
12.2588048964 1412733261.84
12.2780235627 1412733262.83
12.3603059738 1412733263.77
12.2551060158 1412733264.71
12.3811281689 1412733265.72
12.4058370841 1412733266.68
12.4528078871 1412733267.69
12.547757841 1412733268.68
12.6003246508 1412733269.64
12.6129469779 1412733270.61
12.7162213357 1412733271.59
12.7397679957 1412733272.58
12.7136741929 1412733273.55
12.6713207097 1412733274.56
12.7268859731 1412733275.58
12.6499246065 1412733276.56
12.573869764 1412733277.53
12.5750393186 1412733278.49
12.5329766583 1412733279.46
12.4909720343 1412733280.47
12.4477309623 1412733281.43
12.393864471 1412733282.38
12.3068528185 1412733283.34
12.2725742832 1412733284.32
12.2274062235 1412733285.33
12.1650789653 1412733286.35
12.1100347969 1412733287.33
12.0921677455 1412733288.31
12.0405966164 1412733289.28
12.0467834076 1412733290.26
11.9752962981 1412733291.25
11.9275791738 1412733292.29
11.8754622058 1412733293.3
11.8229801668 1412733294.33
11.8156979901 1412733295.31
11.8216021145 1412733296.3
11.7892010731 1412733297.29
11.7691893295 1412733298.29
11.7294020775 1412733299.27
11.769285411 1412733300.25
11.6895173093 1412733301.21
11.6276308851 1412733302.18
11.6398415594 1412733303.19
11.5594811493 1412733304.15
11.5257937913 1412733305.16
11.4897155223 1412733306.17
11.454482016 1412733307.18
11.4504487951 1412733308.19
11.3958342742 1412733309.19
11.3191589506 1412733310.19
11.3448778609 1412733311.19
11.2914289981 1412733312.19
11.3226347215 1412733313.11
11.3023522413 1412733314.1
11.3320611481 1412733315.09
11.2996601177 1412733316.04
11.2600304585 1412733317.02
11.2329557931 1412733318.02
11.1891477061 1412733319.02
11.1944926786 1412733320.01
11.180685066 1412733320.96
11.1569138677 1412733321.95
11.0972354997 1412733322.93
11.0493192262 1412733323.91
11.089333806 1412733324.88
11.1174670864 1412733325.9
11.09098122 1412733326.88
11.0830975611 1412733327.86
11.1120489986 1412733328.81
11.1355906152 1412733329.8
11.0900574962 1412733330.81
11.0226514483 1412733331.87
11.000452607 1412733332.96
11.0053293254 1412733334.01
10.9939218376 1412733335.08
11.0307248678 1412733336.13
11.0197359233 1412733337.19
11.1728172071 1412733338.27
11.1627237088 1412733339.3
11.1686831934 1412733340.31
11.0939893215 1412733341.34
11.1104422717 1412733342.53
11.0785364257 1412733343.61
11.0881934828 1412733344.69
11.0914683104 1412733345.8
11.09866707 1412733346.88
11.0615185235 1412733347.99
11.0444066992 1412733349.09
11.003688715 1412733350.14
10.9151485057 1412733351.2
10.9067510845 1412733352.21
10.8861584742 1412733353.32
10.8544537486 1412733354.4
10.7953853985 1412733355.5
10.7431158086 1412733356.59
10.7050485808 1412733357.7
10.6834929271 1412733358.7
10.6485196407 1412733359.75
10.5956918548 1412733360.83
10.5880326931 1412733361.91
10.5449735823 1412733363.01
10.5006641961 1412733364.06
10.4957735195 1412733365.13
10.4632417624 1412733366.19
10.3467507431 1412733367.28
10.3264728787 1412733368.35
10.2944459573 1412733369.43
10.3051568802 1412733370.5
10.2728752276 1412733371.55
10.2480326569 1412733372.63
10.2337757608 1412733373.67
10.23697482 1412733374.71
10.2276197865 1412733375.75
10.1708526804 1412733376.82
10.1197307645 1412733377.91
10.1056383679 1412733378.92
10.0710991485 1412733379.98
10.0886143732 1412733381.0
10.057056329 1412733382.08
10.0591937521 1412733383.09
10.0147633505 1412733384.12
9.98204631084 1412733385.06
