27.7516474546 1412723639.89
28.1015647199 1412723640.18
28.1523385212 1412723640.48
27.3384309714 1412723640.76
26.7409147494 1412723641.05
26.3277795692 1412723641.34
25.917111384 1412723641.64
26.1543618583 1412723641.99
27.0740878944 1412723642.36
24.1354870095 1412723642.75
24.9772125788 1412723643.12
26.6807535095 1412723643.43
33.4650348604 1412723643.71
36.0724243408 1412723644.04
37.977899745 1412723644.36
35.7550476349 1412723644.64
36.3192859858 1412723644.95
34.6501337292 1412723645.32
34.3382808624 1412723645.71
34.7317278575 1412723646.32
34.7629868589 1412723646.89
33.8189782325 1412723647.42
32.4329035589 1412723647.98
31.3521900842 1412723648.55
29.5710120737 1412723649.0
22.0364026545 1412723649.48
19.7948845401 1412723649.91
18.8321590859 1412723650.28
18.2614630144 1412723650.63
17.7890389046 1412723650.91
17.163715318 1412723651.44
16.2693874737 1412723651.73
16.1967098062 1412723652.16
16.1524036324 1412723652.6
16.0061297868 1412723652.99
15.6588368675 1412723653.48
15.5943495578 1412723653.88
15.5785906781 1412723654.36
15.4179106338 1412723654.81
15.3145820976 1412723655.2
15.0691857805 1412723655.61
14.6373702281 1412723655.99
14.1563004348 1412723656.38
14.0507519649 1412723656.71
13.6652087479 1412723657.05
13.392319962 1412723657.34
13.1623737626 1412723657.64
12.8776848933 1412723658.0
12.6353662685 1412723658.36
12.3440936252 1412723658.81
11.9826619586 1412723659.24
11.7827262575 1412723659.61
11.4919382195 1412723659.92
11.3197992897 1412723660.22
11.2146117116 1412723660.54
10.9418602363 1412723660.84
10.7305216756 1412723661.14
10.5114121916 1412723661.44
10.4522105428 1412723661.73
10.2492476586 1412723662.07
10.1219347881 1412723662.4
10.1165231236 1412723662.73
9.88531144539 1412723663.07
9.68686999317 1412723663.36
9.58997868134 1412723663.66
9.443729613 1412723663.95
9.23418490469 1412723664.26
9.10350046124 1412723664.56
8.96244887346 1412723664.84
8.83266042054 1412723665.14
8.87428990292 1412723665.43
8.72985342314 1412723665.72
8.67896867669 1412723666.03
8.57213347656 1412723666.3
8.59864149174 1412723666.61
8.44130222362 1412723666.89
8.45553449768 1412723667.19
8.35841773143 1412723667.46
8.25219073694 1412723667.73
8.19883036921 1412723668.0
8.06564814482 1412723668.3
7.94170241651 1412723668.58
7.8700956117 1412723668.85
7.82344871826 1412723669.13
7.7150718358 1412723669.41
7.67031789531 1412723669.68
7.64141944242 1412723669.96
7.59030840457 1412723670.28
7.52154037714 1412723670.57
7.52854050913 1412723670.85
7.47660499698 1412723671.15
7.41485644492 1412723671.47
7.33950505346 1412723671.81
7.35369479681 1412723672.15
7.37828098202 1412723672.51
7.36968813261 1412723672.86
7.42025441287 1412723673.23
7.44519036615 1412723673.58
7.40609719457 1412723673.94
7.45998103706 1412723674.27
7.50663226854 1412723674.55
7.46385103363 1412723674.83
7.33291545491 1412723675.12
7.37853048573 1412723675.41
7.39457975454 1412723675.71
7.43931273363 1412723676.02
7.48947251591 1412723676.34
7.50087636935 1412723676.64
7.52887370484 1412723676.96
7.56330465719 1412723677.27
7.60024535594 1412723677.6
7.6360002357 1412723677.93
7.64110117805 1412723678.25
7.69108667089 1412723678.58
7.70587401467 1412723678.89
7.72911263722 1412723679.2
7.70946046914 1412723679.5
7.73147853266 1412723679.81
7.71240407182 1412723680.11
7.66658250066 1412723680.41
7.68801733647 1412723680.71
7.70903162003 1412723681.01
7.73773407838 1412723681.4
7.7524467131 1412723681.81
7.76578648153 1412723682.27
7.75477623124 1412723682.68
7.76861901358 1412723683.1
7.75849190901 1412723683.53
7.7479806549 1412723683.99
7.76390409758 1412723684.46
7.75402097474 1412723684.9
7.74382032284 1412723685.33
7.75562140814 1412723685.78
7.74589535344 1412723686.18
7.72490473304 1412723686.55
7.7482141019 1412723686.9
7.72795101852 1412723687.26
7.75045737494 1412723687.59
7.73870683261 1412723687.94
7.73099958536 1412723688.28
7.72316432697 1412723688.63
7.73611626067 1412723688.98
7.72519623767 1412723689.33
7.7377994077 1412723689.69
7.7285808805 1412723690.04
7.7190169702 1412723690.38
7.72902619003 1412723690.72
7.8536205778 1412723691.03
7.73130310273 1412723691.34
7.7145278019 1412723691.66
7.70374528117 1412723692.0
7.71406181635 1412723692.36
7.70361547472 1412723692.71
7.68756678298 1412723693.05
7.67779606903 1412723693.42
7.67665693728 1412723693.76
7.66437621415 1412723694.05
7.65333253421 1412723694.35
7.64359337721 1412723694.68
7.65164147181 1412723694.98
7.64411857303 1412723695.29
7.65350545024 1412723695.59
7.64425452138 1412723695.9
7.6533052898 1412723696.21
7.64433697439 1412723696.49
7.65463518162 1412723696.78
7.64448594394 1412723697.06
7.6544853634 1412723697.37
7.64461727907 1412723697.69
7.63593435103 1412723697.99
7.64412031925 1412723698.29
7.48427728589 1412723698.57
7.25719812794 1412723698.87
7.25439811211 1412723699.17
7.25985730725 1412723699.46
7.26527907084 1412723699.77
7.27077887267 1412723700.08
7.27770332995 1412723700.37
7.28295420185 1412723700.69
7.28818682229 1412723701.01
7.29337886677 1412723701.37
7.2970609725 1412723701.73
7.30690357102 1412723702.14
7.31400829998 1412723702.53
7.32330244369 1412723702.92
7.31918631051 1412723703.27
7.32779051073 1412723703.57
7.32375363784 1412723703.9
7.31673968417 1412723704.22
7.31745436542 1412723704.56
7.31284300377 1412723704.89
7.30813251168 1412723705.22
7.303227326 1412723705.55
7.30681826363 1412723705.88
7.3020098156 1412723706.23
7.30552248577 1412723706.63
7.2965095914 1412723707.0
7.30015601113 1412723707.38
7.30371413311 1412723707.76
7.307257526 1412723708.1
