29.8330188988 1412743751.44
29.4570929968 1412743752.88
29.6260788361 1412743754.35
29.7177240282 1412743755.78
28.98152478 1412743757.23
28.2308541106 1412743758.62
27.8288266079 1412743760.06
27.7459521801 1412743761.5
27.7291690469 1412743762.95
27.7659453777 1412743764.38
27.609600216 1412743765.82
27.5350093672 1412743767.2
27.4836991482 1412743768.66
27.548800578 1412743770.1
27.6574290684 1412743771.56
27.828914729 1412743773.05
27.9772333708 1412743774.49
28.1584403172 1412743775.94
28.2440316065 1412743777.46
28.4100363322 1412743778.97
28.4599906303 1412743780.53
28.4421921481 1412743782.1
28.7658411083 1412743783.7
28.8003378494 1412743785.25
28.8760226721 1412743786.81
28.8034674898 1412743788.34
28.8827927607 1412743789.88
28.9972658648 1412743791.47
29.2229611264 1412743793.03
29.2300679459 1412743794.58
29.4621757695 1412743796.13
29.431917354 1412743797.72
29.4386949296 1412743799.29
29.42079741 1412743800.82
29.5520750056 1412743802.46
29.481245334 1412743804.03
29.4438754206 1412743805.7
29.5055864304 1412743807.3
29.3342339982 1412743808.92
29.2734055366 1412743810.54
29.3279343098 1412743812.14
29.2978298337 1412743813.76
29.3459851937 1412743815.4
29.4630967261 1412743817.0
29.4086319937 1412743818.61
29.3906718132 1412743820.29
29.5217218278 1412743822.05
29.546252558 1412743823.78
29.6351622253 1412743825.44
29.7491774767 1412743827.12
29.7717937521 1412743828.82
29.9573465405 1412743830.58
30.0880614974 1412743832.34
30.0595384131 1412743834.11
30.2158204339 1412743835.79
30.2961741479 1412743837.58
30.3474417229 1412743839.33
30.4109185657 1412743841.08
30.3971086475 1412743842.78
30.4902400909 1412743844.56
30.6501644346 1412743846.35
30.6488053521 1412743848.14
30.9280551354 1412743849.97
31.1602404084 1412743851.72
31.3488109838 1412743853.39
31.3280658737 1412743855.16
31.2103709056 1412743856.91
31.3769445264 1412743858.69
31.3328708628 1412743860.47
30.9339605531 1412743862.29
30.7430263012 1412743864.07
30.957882182 1412743865.93
30.8840706454 1412743867.74
30.768767882 1412743869.69
30.7619989575 1412743871.57
30.6757858259 1412743873.35
30.3129604197 1412743875.14
30.3365066742 1412743876.98
30.0063925607 1412743878.7
30.1746313067 1412743880.46
30.243440787 1412743882.44
30.0182598115 1412743884.23
30.0585506081 1412743886.03
30.046303258 1412743887.93
30.1165996702 1412743889.72
30.0528729895 1412743891.53
29.8380286613 1412743893.3
29.9874695097 1412743895.19
29.9778141175 1412743896.96
29.8130305787 1412743898.74
29.6436137267 1412743900.55
29.6308065846 1412743902.3
29.80624093 1412743904.03
29.6480307497 1412743905.75
29.4855804033 1412743907.51
29.3954404977 1412743909.27
29.3990202839 1412743911.07
29.2775313084 1412743912.82
29.2039427325 1412743914.62
28.8458859983 1412743916.46
28.6918016355 1412743918.31
28.8498533635 1412743920.2
28.7554635078 1412743922.01
28.8831933993 1412743923.9
29.0547324979 1412743925.74
28.8923572852 1412743927.59
28.6819450518 1412743929.45
28.8677490153 1412743931.25
28.866493239 1412743933.14
28.8740216795 1412743935.03
28.8976779111 1412743936.95
28.8901195317 1412743938.85
28.9219523202 1412743940.67
28.9462934835 1412743942.49
28.9492529944 1412743944.34
28.8836086769 1412743946.18
28.7888173067 1412743948.04
28.7880885418 1412743949.93
28.6912011288 1412743951.77
28.7302782043 1412743953.62
28.6747291916 1412743955.46
28.7381329922 1412743957.31
28.7708495599 1412743959.16
28.9356870946 1412743961.02
29.0280885422 1412743962.84
28.9088879049 1412743964.72
29.0690679083 1412743966.51
29.0692388889 1412743968.36
29.0005518946 1412743970.14
29.1044081476 1412743971.96
29.1641764736 1412743973.78
29.048146632 1412743975.66
29.0379565256 1412743977.48
29.0743508351 1412743979.34
28.9884672778 1412743981.22
29.0656223043 1412743983.03
29.0862610799 1412743985.1
29.1973414116 1412743986.93
29.1071411906 1412743988.76
29.0719341464 1412743990.62
29.1346623065 1412743992.45
29.179207173 1412743994.23
29.2257339294 1412743996.09
29.1361236537 1412743997.93
29.2283476405 1412743999.73
29.2014744271 1412744001.54
29.1341379253 1412744003.37
29.0869646666 1412744005.22
29.0864066697 1412744007.1
29.1016550752 1412744008.98
29.1809264787 1412744010.88
29.1795025364 1412744012.71
29.1891156486 1412744014.58
29.044807368 1412744016.49
29.135325625 1412744018.33
29.1000337401 1412744020.18
29.2199236504 1412744022.05
29.1859496304 1412744023.92
29.2906513994 1412744025.85
29.2665576039 1412744027.67
29.1130948767 1412744029.51
29.1843945398 1412744031.34
29.2686210868 1412744033.21
29.1555163646 1412744035.11
29.1228690542 1412744036.89
29.0079871432 1412744038.73
29.0700318191 1412744040.62
29.1705929025 1412744042.49
28.8899373157 1412744044.35
29.017481157 1412744046.23
28.9275322294 1412744048.05
29.0024053409 1412744049.89
29.0672337995 1412744051.7
28.7187842609 1412744053.54
28.7750339241 1412744055.37
28.675725051 1412744057.22
28.6609162558 1412744059.1
28.8001264971 1412744060.97
28.7679266031 1412744062.82
28.629142114 1412744064.67
28.6172455025 1412744066.49
28.4853885381 1412744068.36
28.4685739718 1412744070.18
28.3729087469 1412744072.06
28.4184840168 1412744073.93
28.4024743246 1412744075.78
28.4399462414 1412744077.63
28.172990353 1412744079.44
28.2107188846 1412744081.27
28.0211666248 1412744083.08
28.067093183 1412744085.05
28.1002984695 1412744086.86
28.1398530066 1412744088.73
28.1649340942 1412744090.54
28.014425304 1412744092.53
28.0349302204 1412744094.6
28.0927000035 1412744096.72
28.000452851 1412744098.85
28.0943747771 1412744100.98
28.045115269 1412744103.01
