45.9069511663 1412731842.51
45.1842874169 1412731843.05
45.063643 1412731843.65
44.3788453426 1412731844.24
43.9739198623 1412731844.85
44.3428063816 1412731845.47
45.099750013 1412731846.07
46.089895347 1412731846.71
45.8966473437 1412731847.27
43.9516296755 1412731847.85
45.2579842435 1412731848.53
43.9314948784 1412731849.1
45.5869469493 1412731849.78
44.7259418193 1412731850.36
44.2131941574 1412731850.94
46.4673888595 1412731851.51
43.6800715238 1412731852.09
44.6048686647 1412731852.68
45.3770190077 1412731853.27
42.9339169112 1412731853.79
43.1134052155 1412731854.38
43.4028282738 1412731854.93
42.6349121281 1412731855.53
43.0382025395 1412731856.09
42.2303532975 1412731856.64
42.3858709488 1412731857.17
42.8258799591 1412731857.74
43.5054176445 1412731858.35
43.903957751 1412731858.95
42.203955556 1412731859.56
41.1871111786 1412731860.12
39.2204645601 1412731860.71
37.3083722294 1412731861.3
60.185990422 1412731861.91
62.4201972499 1412731862.5
64.474654919 1412731863.1
66.0987672699 1412731863.68
67.1106394619 1412731864.26
68.0377412672 1412731864.86
69.2381539588 1412731865.49
69.9168201693 1412731866.09
71.3329922332 1412731866.67
72.6602082414 1412731867.27
74.2152902351 1412731867.86
75.7263035882 1412731868.44
77.0656986085 1412731869.08
78.2174633299 1412731869.69
79.2169017982 1412731870.32
80.1840197927 1412731870.98
80.8146233471 1412731871.67
81.4918632975 1412731872.34
81.8580327912 1412731873.05
82.1830943607 1412731873.75
82.558784701 1412731874.44
82.6887614792 1412731875.16
82.3937909796 1412731875.9
82.1896457762 1412731876.6
81.8633981359 1412731877.32
81.3092621576 1412731878.0
80.6240774227 1412731878.73
81.1889285252 1412731879.46
80.6177395456 1412731880.2
80.3174765752 1412731880.87
80.1523299203 1412731881.52
80.0382827836 1412731882.2
79.929243471 1412731882.82
79.9434383123 1412731883.48
80.0761589497 1412731884.15
80.2437407496 1412731884.82
80.3344601745 1412731885.54
80.4308216586 1412731886.22
80.5823384277 1412731886.91
80.7151941988 1412731887.57
80.9101928444 1412731888.22
80.8328467121 1412731888.88
80.9438113246 1412731889.57
81.1906154496 1412731890.28
81.1760781761 1412731890.93
81.0021063767 1412731891.59
80.8415300735 1412731892.27
80.7239352175 1412731892.94
80.8260416558 1412731893.6
80.7732592636 1412731894.23
80.7715687658 1412731894.86
80.7033899619 1412731895.52
80.6363381535 1412731896.16
80.5242482768 1412731896.8
80.6858778947 1412731897.45
80.7119362255 1412731898.11
80.8213922799 1412731898.8
80.904164518 1412731899.5
80.9317454816 1412731900.13
81.0344349465 1412731900.79
81.2640151269 1412731901.47
81.4436707419 1412731902.12
81.6170685303 1412731902.8
81.569710333 1412731903.49
81.7287298292 1412731904.18
81.8707106621 1412731904.87
81.9668643774 1412731905.57
82.1209848973 1412731906.29
82.2886780716 1412731907.06
82.4251840656 1412731907.88
82.651994685 1412731908.7
82.8552664802 1412731909.53
83.066966575 1412731910.26
83.2817836123 1412731911.0
83.4428756388 1412731911.72
83.6462167311 1412731912.44
83.8986213411 1412731913.18
84.0903153425 1412731913.98
84.3139475309 1412731914.76
84.5999893776 1412731915.59
84.5912976906 1412731916.43
84.7769666847 1412731917.27
84.9806220198 1412731918.06
85.0250779277 1412731918.85
85.3010884752 1412731919.57
85.503563943 1412731920.38
85.8020076927 1412731921.19
86.0021949772 1412731921.97
86.0905100217 1412731922.86
86.3744762919 1412731923.88
86.4351613708 1412731924.95
86.7229735906 1412731926.07
87.0311100621 1412731927.41
87.2719864507 1412731928.78
87.3780228883 1412731930.21
87.8539656673 1412731931.63
88.0678508051 1412731933.02
88.3822021248 1412731934.4
88.4439601947 1412731935.87
88.772026407 1412731937.28
88.7676023264 1412731938.79
89.0904039871 1412731940.26
89.3594713482 1412731941.72
89.2104445846 1412731943.16
89.5595470099 1412731944.57
89.9363908608 1412731945.89
89.6822128528 1412731947.24
89.6545611005 1412731948.49
89.9354887545 1412731949.73
89.9769811846 1412731950.96
90.2379930102 1412731952.17
90.5230124588 1412731953.45
90.7122657693 1412731954.68
90.9778959043 1412731955.89
91.2279660715 1412731957.06
91.3386881334 1412731958.28
91.4528553366 1412731959.44
91.4107122876 1412731960.69
91.3718604132 1412731961.84
91.6188219077 1412731963.02
91.7372931712 1412731964.2
91.8984288778 1412731965.44
91.5556750282 1412731966.6
91.8640284839 1412731967.76
91.8201599966 1412731968.94
92.0770989384 1412731970.06
92.6194759382 1412731971.21
92.8170032893 1412731972.33
93.009650784 1412731973.43
93.1395471792 1412731974.55
93.2671533516 1412731975.67
92.9882424937 1412731976.83
93.2039669711 1412731977.91
93.3114764427 1412731979.06
93.4113148768 1412731980.2
93.4662192906 1412731981.33
93.439671447 1412731982.44
93.4653254797 1412731983.53
93.2411530099 1412731984.64
93.2226027716 1412731985.71
93.3080624366 1412731986.79
93.4475185548 1412731987.92
93.4038541251 1412731989.06
93.4991448348 1412731990.2
93.5825601366 1412731991.34
93.4716020018 1412731992.39
93.5317257672 1412731993.5
93.5798515565 1412731994.63
93.6895961084 1412731995.79
93.7640582805 1412731996.89
93.8355638703 1412731998.01
93.3947994001 1412731999.14
93.2130289269 1412732000.31
93.223633919 1412732001.49
93.2550258456 1412732002.65
93.2862013793 1412732003.75
93.3168872066 1412732004.84
93.3473636753 1412732005.94
93.4013463127 1412732007.05
93.4303518683 1412732008.11
93.4591126538 1412732009.23
93.487460833 1412732010.4
93.4788830214 1412732011.52
93.4805992712 1412732012.6
93.4994995436 1412732013.74
93.4852855383 1412732014.83
93.370625037 1412732015.93
