22.031425222 1412724951.52
21.9542927076 1412724951.84
21.7969714813 1412724952.12
22.3483314269 1412724952.44
22.8356584736 1412724952.75
21.7762155526 1412724953.04
22.3901781924 1412724953.32
23.3941258586 1412724953.61
22.2586814263 1412724953.9
22.9137370775 1412724954.18
22.0321505363 1412724954.45
22.0936228225 1412724954.73
22.3575148617 1412724954.99
22.4559321528 1412724955.26
22.3842717151 1412724955.56
22.0284691844 1412724955.85
21.6426283012 1412724956.19
21.3154245318 1412724956.49
20.8380328231 1412724956.79
20.6062240355 1412724957.09
20.7469191876 1412724957.44
20.6599007899 1412724957.77
20.8597238007 1412724958.12
20.91367226 1412724958.47
21.0253605308 1412724958.81
20.7167570993 1412724959.15
20.7637619295 1412724959.51
20.9084698076 1412724959.85
20.6820562868 1412724960.16
20.5383886615 1412724960.44
20.3403280619 1412724960.79
20.137135758 1412724961.13
19.868009671 1412724961.43
19.8538959815 1412724961.77
19.5886362616 1412724962.05
19.343032362 1412724962.4
19.2774815696 1412724962.81
18.8945807805 1412724963.18
18.9626084403 1412724963.53
18.5751298291 1412724963.9
18.7047905107 1412724964.37
18.3461538138 1412724964.75
18.4186427521 1412724965.2
18.5447202961 1412724965.6
18.194167277 1412724965.97
18.2380423265 1412724966.27
17.8491992303 1412724966.53
18.129171166 1412724966.86
17.6458356731 1412724967.13
17.9463037818 1412724967.43
17.5637897012 1412724967.72
17.17332318 1412724968.03
17.298558313 1412724968.43
17.4537633225 1412724968.73
17.3683128697 1412724969.04
17.5666704438 1412724969.32
17.6723684833 1412724969.69
17.5662826764 1412724969.96
17.6096143329 1412724970.35
17.6608381827 1412724970.67
17.7319157749 1412724971.0
17.8354753216 1412724971.35
17.7852246842 1412724971.66
17.8025093977 1412724972.01
17.8111384764 1412724972.38
17.6968015496 1412724972.69
17.732126318 1412724972.96
17.6811429421 1412724973.28
17.7040643926 1412724973.61
17.7466516636 1412724973.92
17.8166322085 1412724974.22
17.7658562591 1412724974.51
17.6808852997 1412724974.82
17.6550216248 1412724975.16
17.5577682359 1412724975.56
17.5830752589 1412724975.86
17.601613858 1412724976.18
17.5079101215 1412724976.46
17.5221032623 1412724976.74
17.4451090895 1412724977.04
17.4073686951 1412724977.31
17.3124842826 1412724977.6
17.2982873725 1412724977.89
17.2650003354 1412724978.2
17.1974963834 1412724978.47
17.2750634089 1412724978.74
17.1557627038 1412724979.03
17.2107669976 1412724979.32
17.0706460406 1412724979.6
17.0705560692 1412724979.9
17.0482776808 1412724980.19
17.0774815199 1412724980.48
16.8968536205 1412724980.77
16.9227617174 1412724981.08
16.7688650436 1412724981.37
16.8569757842 1412724981.68
16.7473906074 1412724981.97
16.8771184644 1412724982.29
16.6942811158 1412724982.57
16.7668003761 1412724982.84
16.4991556201 1412724983.14
16.4952080597 1412724983.42
16.5623045669 1412724983.7
16.4072730735 1412724983.99
16.2787853967 1412724984.28
16.4029762738 1412724984.56
16.2349050696 1412724984.84
16.3125827414 1412724985.12
16.069410557 1412724985.4
16.2307681469 1412724985.69
15.894755423 1412724985.96
15.9744901865 1412724986.25
16.1979062106 1412724986.52
16.0700340642 1412724986.79
16.0374813823 1412724987.06
16.1803042968 1412724987.36
16.2444079571 1412724987.65
15.9681709594 1412724987.94
16.1093518733 1412724988.22
15.9711042732 1412724988.51
15.8130485674 1412724988.8
15.7449497527 1412724989.06
15.9682321426 1412724989.35
15.9016899779 1412724989.63
15.8097210408 1412724989.93
15.8960176195 1412724990.21
15.8037563671 1412724990.51
15.9433023291 1412724990.79
15.76222307 1412724991.08
15.7105123801 1412724991.37
15.4777555634 1412724991.67
15.5362046085 1412724991.97
15.3738589748 1412724992.23
15.4448251875 1412724992.5
15.2916804666 1412724992.78
15.384496621 1412724993.06
15.2089334318 1412724993.35
15.2899746598 1412724993.63
15.0687270067 1412724993.92
15.146981577 1412724994.21
15.2251690459 1412724994.49
15.0905581421 1412724994.75
15.1876605222 1412724995.06
15.0605358906 1412724995.36
15.1247634853 1412724995.66
14.8928406447 1412724995.97
14.9432030321 1412724996.32
14.7636585938 1412724996.66
14.945673506 1412724996.98
14.7425697149 1412724997.34
14.7450178411 1412724997.7
14.6558408053 1412724998.02
14.5582811058 1412724998.36
14.5640686464 1412724998.68
14.4976773926 1412724999.02
14.3883767112 1412724999.35
14.4315608364 1412724999.68
14.3206858724 1412725000.03
14.3984107863 1412725000.41
14.4639078604 1412725000.77
14.3730730652 1412725001.1
14.445936786 1412725001.42
14.3444382562 1412725001.77
14.257879614 1412725002.1
14.3091893917 1412725002.45
14.3797425605 1412725002.8
14.2837017063 1412725003.13
14.2795129071 1412725003.44
14.1752899259 1412725003.79
14.070541537 1412725004.11
14.0938674738 1412725004.46
14.0535945229 1412725004.81
14.0971931261 1412725005.16
14.022238589 1412725005.49
14.007237791 1412725005.86
13.6727426834 1412725006.2
13.7317599845 1412725006.54
13.8141633569 1412725006.89
13.7203336823 1412725007.23
13.6651812165 1412725007.56
13.594073278 1412725007.9
13.5125161288 1412725008.25
13.4979463525 1412725008.59
13.5359371131 1412725008.93
13.5664640356 1412725009.28
13.4775684668 1412725009.63
13.5612205385 1412725009.99
13.477031403 1412725010.36
13.5510641819 1412725010.7
13.4654097763 1412725011.06
13.5434143332 1412725011.43
13.595364974 1412725011.83
13.7120474603 1412725012.21
13.6295313711 1412725012.58
13.6935561274 1412725012.95
13.5378520276 1412725013.35
13.6006531223 1412725013.69
13.6547705547 1412725014.05
13.5890823974 1412725014.44
13.4833103601 1412725014.84
