18.732442357 1412733386.19
18.4891143042 1412733387.23
18.5308289822 1412733388.25
18.4830355182 1412733389.21
18.445146693 1412733390.22
18.3284930668 1412733391.19
18.3326644485 1412733392.27
18.3304500073 1412733393.46
18.3275255241 1412733394.59
17.9150753616 1412733395.8
17.9081521329 1412733396.95
17.939975069 1412733398.09
17.870412909 1412733399.22
17.8350902291 1412733400.37
17.8770482496 1412733401.51
17.9289426979 1412733402.74
18.0000914431 1412733403.98
18.0815443004 1412733405.18
18.0700135473 1412733406.3
18.1060705303 1412733407.47
18.2089314964 1412733408.64
18.0651955649 1412733409.82
18.1794048241 1412733410.98
18.1731630178 1412733412.15
18.1657351856 1412733413.33
18.1401455335 1412733414.51
18.1115754735 1412733415.64
18.079806367 1412733416.75
18.0408170615 1412733417.91
18.11725789 1412733419.12
18.1285012002 1412733420.29
18.0807463889 1412733421.44
18.0335685144 1412733422.6
18.0781430439 1412733423.76
18.0278618687 1412733424.89
18.0605114021 1412733426.04
18.0733721013 1412733427.21
17.9758688857 1412733428.33
17.9790400215 1412733429.46
17.9598426197 1412733430.58
17.9631794221 1412733431.73
17.8751843214 1412733432.86
17.7934161009 1412733433.99
17.7189197382 1412733435.13
17.6128407334 1412733436.25
17.3396907786 1412733437.39
17.0127063984 1412733438.52
16.6491217154 1412733439.69
16.8723677106 1412733440.95
16.4929329219 1412733442.08
16.6967629705 1412733443.26
16.3415081948 1412733444.41
16.6005281252 1412733445.53
16.2143261748 1412733446.62
16.4161668433 1412733447.74
15.9791170929 1412733448.82
16.1983478423 1412733449.92
15.7314441754 1412733451.02
15.9780553556 1412733452.13
15.9146025192 1412733453.21
16.0319937448 1412733454.33
15.7987321814 1412733455.42
15.8216303805 1412733456.55
15.9223055304 1412733457.64
15.6951422696 1412733458.74
15.5721591581 1412733459.86
15.4479176847 1412733460.94
15.3568293675 1412733462.06
15.4270208363 1412733463.13
15.4170514851 1412733464.25
15.382267679 1412733465.3
15.2574577301 1412733466.39
15.1752818816 1412733467.5
15.169385188 1412733468.6
15.1380974298 1412733469.73
15.03632234 1412733470.78
15.0012205173 1412733471.86
14.952584659 1412733472.94
14.8864031842 1412733474.01
14.8235624506 1412733475.12
14.6670814028 1412733476.19
14.6030405326 1412733477.25
14.5224431434 1412733478.32
14.4069935265 1412733479.4
14.3169356733 1412733480.52
14.1938615337 1412733481.63
14.090301579 1412733482.72
13.9409116426 1412733483.79
13.8066690421 1412733484.86
13.6999784888 1412733485.93
13.6526315227 1412733486.99
13.5234100131 1412733488.08
13.3206526848 1412733489.16
13.2444163978 1412733490.28
13.2069560987 1412733491.36
13.1642708005 1412733492.44
13.1763902557 1412733493.53
13.2537833452 1412733494.6
13.3691828975 1412733495.68
13.2007431045 1412733496.79
13.252507478 1412733497.85
13.2649706463 1412733498.95
13.1329870055 1412733500.07
13.0078047989 1412733501.15
13.0961838787 1412733502.22
12.9708874179 1412733503.32
13.0381441386 1412733504.4
12.9244015015 1412733505.46
12.8080102466 1412733506.55
12.8687741994 1412733507.67
12.8018888979 1412733508.72
12.8368005388 1412733509.79
12.7097726076 1412733510.89
12.5871708774 1412733512.01
12.5808895553 1412733513.11
12.4689855618 1412733514.23
12.5209446274 1412733515.34
12.4121709004 1412733516.45
12.4579080386 1412733517.54
12.3650020447 1412733518.6
12.3218681413 1412733519.68
12.2735379464 1412733520.76
12.2251015407 1412733521.84
12.1036143843 1412733522.92
12.1151757703 1412733523.98
12.1106846151 1412733525.03
12.1200623233 1412733526.12
12.0824132368 1412733527.19
12.0266884481 1412733528.27
11.94536352 1412733529.33
11.9807233396 1412733530.43
11.8951148947 1412733531.49
11.937674614 1412733532.56
11.8560589535 1412733533.61
11.7967162492 1412733534.68
11.7935993867 1412733535.73
11.7896986917 1412733536.8
11.8694695662 1412733537.84
11.8172472505 1412733538.93
11.759937551 1412733540.01
11.707207022 1412733541.08
11.7388951963 1412733542.15
11.6911479973 1412733543.23
11.6454347742 1412733544.34
11.6477241555 1412733545.41
11.671072472 1412733546.51
11.5914527927 1412733547.6
11.6200862633 1412733548.67
11.7152124476 1412733549.72
11.6745881435 1412733550.82
11.6914719545 1412733551.91
11.6602126935 1412733553.01
11.6053524811 1412733554.08
11.5983387371 1412733555.14
11.6989358095 1412733556.22
11.7055820258 1412733557.31
11.6500634045 1412733558.42
11.5925340107 1412733559.49
11.5211357502 1412733560.53
11.4571843864 1412733561.6
11.4866686276 1412733562.68
11.4917922143 1412733563.69
11.5742567885 1412733564.74
11.4952239848 1412733565.81
11.5052580707 1412733566.88
11.3926088572 1412733567.98
11.3191516815 1412733569.08
11.3256346772 1412733570.15
11.3100811221 1412733571.19
11.291287637 1412733572.29
11.21407591 1412733573.34
11.1503618073 1412733574.39
11.082811227 1412733575.49
11.0964680665 1412733576.51
11.0247682735 1412733577.58
11.0444264972 1412733578.61
10.9702457185 1412733579.64
10.9825041947 1412733580.74
10.9145220653 1412733581.78
10.9188735252 1412733582.86
10.9106334471 1412733583.95
10.8795035144 1412733585.0
10.8575425037 1412733586.05
10.8207272118 1412733587.12
10.8306274636 1412733588.19
10.7657478657 1412733589.28
10.7590109432 1412733590.36
10.7460831537 1412733591.4
10.7276913589 1412733592.52
10.6894036266 1412733593.58
10.6663331214 1412733594.7
10.6675303964 1412733595.76
10.6460542678 1412733596.83
10.6025654914 1412733597.91
10.5682044744 1412733599.04
10.5126596264 1412733600.12
10.5283000935 1412733601.17
10.4766720199 1412733602.27
10.4834658508 1412733603.58
10.4294527038 1412733604.93
