14.6022721948 1412721854.84
15.339355739 1412721854.92
16.1364202349 1412721855.01
16.6225354393 1412721855.1
17.2428465127 1412721855.19
17.9361360977 1412721855.31
18.3320730466 1412721855.43
18.6782637784 1412721855.52
18.83206673 1412721855.62
19.2162146047 1412721855.71
19.2427119133 1412721855.8
19.509296316 1412721855.89
19.6121400332 1412721855.99
19.5672885369 1412721856.1
19.542883062 1412721856.21
19.4405184952 1412721856.31
19.2082370307 1412721856.41
19.1973423775 1412721856.51
18.9934452374 1412721856.6
18.9829531401 1412721856.69
18.4073173764 1412721856.79
18.2593918923 1412721856.87
18.0491365861 1412721856.94
17.8604782592 1412721857.06
17.7112659657 1412721857.17
17.4141342716 1412721857.28
17.0971413415 1412721857.39
16.8158330643 1412721857.48
16.6338223849 1412721857.58
16.518353551 1412721857.68
16.317376348 1412721857.78
16.1605880633 1412721857.88
16.0962434834 1412721857.98
15.8615939144 1412721858.06
15.794162027 1412721858.14
15.4806860595 1412721858.22
15.3434951288 1412721858.3
15.0549889431 1412721858.38
14.8556505643 1412721858.47
14.5907055477 1412721858.55
14.4597454698 1412721858.64
14.2007521001 1412721858.73
14.0650406311 1412721858.83
13.6802869783 1412721858.91
13.3476931045 1412721859.0
13.2071472979 1412721859.09
12.954614203 1412721859.19
12.7820375624 1412721859.28
12.701997765 1412721859.39
12.4808739154 1412721859.46
12.408522668 1412721859.56
12.1847585004 1412721859.64
12.0518492782 1412721859.75
11.9919666191 1412721859.84
11.7520286011 1412721859.93
11.5905542825 1412721860.02
11.4325519392 1412721860.11
11.3807087331 1412721860.21
11.2992977541 1412721860.3
11.1197756606 1412721860.4
11.0788080958 1412721860.49
11.0311916794 1412721860.58
10.7897587325 1412721860.67
10.7618200614 1412721860.77
10.7565893091 1412721860.88
10.7668220063 1412721860.97
10.675845843 1412721861.06
10.4858954586 1412721861.17
10.461754494 1412721861.28
10.0938267705 1412721861.39
10.0725035071 1412721861.49
10.0519795442 1412721861.59
9.99083716271 1412721861.68
9.97627062531 1412721861.77
9.6687736101 1412721861.86
9.65534920516 1412721861.96
9.59249583515 1412721862.05
9.40723548439 1412721862.14
9.39678309301 1412721862.29
9.38715926818 1412721862.39
9.37865269511 1412721862.49
9.16404844063 1412721862.59
9.15597115432 1412721862.69
9.14159911886 1412721862.79
9.04540499311 1412721862.9
9.03685265823 1412721862.99
8.90497610094 1412721863.09
8.89565582541 1412721863.2
8.71878715916 1412721863.34
8.67641336844 1412721863.45
8.6699091204 1412721863.55
8.66377520261 1412721863.66
8.62120509717 1412721863.78
8.5957051783 1412721863.9
8.59029123469 1412721864.0
8.58529131284 1412721864.12
8.58065260228 1412721864.24
8.61249901334 1412721864.35
8.55281888594 1412721864.47
8.48771651931 1412721864.57
8.48311995759 1412721864.7
8.47897892384 1412721864.82
8.33889900696 1412721864.95
8.33521491179 1412721865.07
8.33188154244 1412721865.17
8.33982587125 1412721865.31
8.33731383649 1412721865.44
8.26479945474 1412721865.55
8.23732961035 1412721865.67
8.23497960367 1412721865.82
8.23288336735 1412721865.94
8.23102827335 1412721866.08
8.22944353993 1412721866.2
8.12013244194 1412721866.34
8.21912173825 1412721866.44
8.21870149738 1412721866.54
8.22242254531 1412721866.65
8.22101573539 1412721866.75
8.21970472298 1412721866.87
8.21852262206 1412721866.98
8.21738879313 1412721867.09
8.08645616535 1412721867.23
8.08548762589 1412721867.38
8.08452506341 1412721867.49
8.08364327094 1412721867.59
8.08278371566 1412721867.69
8.10078927493 1412721867.8
8.10013315896 1412721867.88
8.09949752752 1412721867.99
8.09894536005 1412721868.14
8.02712840222 1412721868.27
8.02606661615 1412721868.39
8.02501247906 1412721868.49
8.02403660635 1412721868.62
8.02315140696 1412721868.74
7.96874095662 1412721868.85
7.96794690983 1412721868.96
7.96715968121 1412721869.06
7.96641453335 1412721869.16
7.9656926963 1412721869.27
7.96552549071 1412721869.43
7.96532895611 1412721869.55
7.96520385625 1412721869.64
7.965129454 1412721869.75
7.96504974102 1412721869.84
7.96500750917 1412721869.95
7.96501560349 1412721870.04
7.96503900708 1412721870.13
7.96510032268 1412721870.26
7.9651834564 1412721870.36
7.91868488946 1412721870.46
7.91866234591 1412721870.55
7.91867401784 1412721870.66
7.86161498021 1412721870.78
7.86164907435 1412721870.89
7.8614675458 1412721871.01
7.86129519776 1412721871.12
7.86140998048 1412721871.24
7.86127185584 1412721871.39
7.86115565911 1412721871.52
7.86132404311 1412721871.64
7.84391903099 1412721871.76
7.84378241003 1412721871.87
7.84394634819 1412721871.97
7.84385896739 1412721872.08
7.8440633453 1412721872.2
7.84402231086 1412721872.31
7.8439695005 1412721872.42
7.8442303812 1412721872.51
7.80996182496 1412721872.63
7.8098550164 1412721872.73
7.81004387988 1412721872.83
7.80998247643 1412721872.96
7.80990887454 1412721873.06
7.81011193328 1412721873.18
7.81008354175 1412721873.31
7.81005646317 1412721873.44
7.81029973544 1412721873.54
7.81028740667 1412721873.65
7.81030695143 1412721873.75
7.81057148027 1412721873.86
7.81059284942 1412721873.97
7.81064631288 1412721874.08
7.8109515686 1412721874.22
7.81101031222 1412721874.34
7.81107414815 1412721874.46
7.76238185594 1412721874.57
7.76195614479 1412721874.69
7.76155643207 1412721874.8
7.76146144984 1412721874.92
7.76108917428 1412721875.05
7.76071162797 1412721875.15
7.76068022901 1412721875.27
7.73422281794 1412721875.4
7.734167615 1412721875.52
7.73379856846 1412721875.63
7.73345749293 1412721875.74
7.73346247187 1412721875.84
7.7331279356 1412721875.96
7.73280386536 1412721876.07
