24.8190501124 1412726008.17
24.9067105371 1412726008.48
24.9744279241 1412726008.78
24.788286857 1412726009.1
25.0013968899 1412726009.42
26.5587106427 1412726009.72
27.9715279775 1412726010.02
26.2547007835 1412726010.34
21.7327166455 1412726010.64
20.9255827895 1412726010.96
20.3859280483 1412726011.27
19.8647525544 1412726011.57
19.2217408799 1412726011.87
18.7725932775 1412726012.17
18.1108426063 1412726012.47
17.6476012144 1412726012.76
17.6379807924 1412726013.09
17.4989443539 1412726013.37
17.2833317318 1412726013.68
17.2060393704 1412726013.97
17.0076091243 1412726014.3
17.0402599974 1412726014.6
17.0757031583 1412726014.93
17.3613951816 1412726015.24
17.5585120421 1412726015.54
17.7205992288 1412726015.88
18.0697452931 1412726016.2
18.4516885341 1412726016.55
19.104475184 1412726016.86
19.3063670198 1412726017.17
19.6099886808 1412726017.52
19.2352412424 1412726017.85
18.924750939 1412726018.19
18.5019816108 1412726018.52
18.0673470918 1412726018.83
17.4995958079 1412726019.14
17.8388285533 1412726019.47
17.2422265205 1412726019.78
16.659233313 1412726020.09
17.0802556991 1412726020.43
16.5320895455 1412726020.75
16.0242742258 1412726021.05
16.2003148973 1412726021.38
15.7168267544 1412726021.81
16.0591091814 1412726022.13
15.5760164444 1412726022.44
15.032112817 1412726022.77
15.3923015902 1412726023.08
14.6105353584 1412726023.39
14.9506081151 1412726023.69
14.5323989699 1412726024.01
14.7169539914 1412726024.35
14.3226852089 1412726024.64
14.576377368 1412726024.96
13.9909151696 1412726025.29
14.0709190753 1412726025.6
14.1576926888 1412726025.92
13.7393504228 1412726026.27
13.9458107658 1412726026.59
14.114013598 1412726026.9
13.7361244765 1412726027.21
13.9298422165 1412726027.55
14.0766804211 1412726027.86
13.6817537149 1412726028.18
13.3604354133 1412726028.61
13.5593820123 1412726028.96
13.0598655145 1412726029.31
13.2228101221 1412726029.67
13.3749259986 1412726030.03
13.0526711754 1412726030.38
13.1841937994 1412726030.75
13.2599101777 1412726031.1
13.0931685726 1412726031.45
12.8941137811 1412726031.79
12.9254734089 1412726032.11
12.6635451642 1412726032.48
12.6388432451 1412726032.83
12.7450995961 1412726033.17
12.8580556119 1412726033.49
12.7346513264 1412726033.81
12.5100396492 1412726034.12
12.2514791471 1412726034.43
11.9921799911 1412726034.76
12.1040176445 1412726035.06
11.8875363024 1412726035.39
11.9968694768 1412726035.73
11.7882908649 1412726036.05
11.896268746 1412726036.39
11.5935188259 1412726036.7
11.7254195872 1412726037.02
11.8129371824 1412726037.32
11.6465491939 1412726037.63
11.7299458727 1412726037.94
11.5059650479 1412726038.24
11.4490101354 1412726038.55
11.4948695484 1412726038.85
11.3604530424 1412726039.14
11.3692608136 1412726039.46
11.2434207801 1412726039.76
11.3012265029 1412726040.07
11.1797141631 1412726040.36
11.2921011206 1412726040.68
11.1365244785 1412726040.99
11.1648058985 1412726041.3
11.2210225805 1412726041.63
11.1074645302 1412726041.93
10.9947032029 1412726042.25
10.8823258265 1412726042.59
10.9028328336 1412726042.89
10.7955643778 1412726043.21
10.8787772811 1412726043.53
10.7737964115 1412726043.84
10.8163001134 1412726044.14
10.8645873645 1412726044.46
10.7604076464 1412726044.77
10.6021944789 1412726045.07
10.4917793944 1412726045.38
10.3625900504 1412726045.7
10.3791289507 1412726046.02
10.432886622 1412726046.36
10.4047868989 1412726046.67
10.2833876861 1412726046.99
10.4144822681 1412726047.33
10.2941498603 1412726047.64
10.4271196615 1412726047.96
10.2970248661 1412726048.26
10.3535199725 1412726048.54
10.2695765393 1412726048.84
10.2553128055 1412726049.13
10.2116730193 1412726049.42
10.1966508559 1412726049.72
10.2698743617 1412726050.02
10.1779097641 1412726050.32
10.0713227165 1412726050.6
10.1186837478 1412726050.9
9.97207934642 1412726051.18
10.0103259448 1412726051.47
10.043948615 1412726051.79
10.0915837514 1412726052.07
10.04971223 1412726052.38
10.0869906658 1412726052.69
9.9997502613 1412726052.98
9.92126565594 1412726053.28
9.95286802589 1412726053.58
9.87692574413 1412726053.87
9.92952887977 1412726054.19
9.90346514217 1412726054.5
9.79204101461 1412726054.79
9.80649362637 1412726055.09
9.70084925494 1412726055.4
9.73507471009 1412726055.72
9.67148021702 1412726056.05
9.59221438799 1412726056.36
9.61419646852 1412726056.67
9.67425005566 1412726056.98
9.59670044508 1412726057.28
9.60726564063 1412726057.59
9.61278189409 1412726057.89
9.64982534541 1412726058.2
9.58179572563 1412726058.52
9.61793781056 1412726058.83
9.58594887002 1412726059.14
9.62077341685 1412726059.45
9.55667327678 1412726059.76
9.59060204998 1412726060.07
9.61353450468 1412726060.39
9.56225013957 1412726060.72
9.64197963628 1412726061.03
9.67606103713 1412726061.35
9.61742546054 1412726061.69
9.65116316818 1412726062.01
9.6814109415 1412726062.32
9.62852112823 1412726062.63
9.61097510213 1412726062.96
9.57910393729 1412726063.27
9.5279603128 1412726063.6
9.47026828661 1412726063.93
9.42414881352 1412726064.26
9.44098985729 1412726064.57
9.43820569325 1412726064.89
9.45390271691 1412726065.21
9.40856801178 1412726065.52
9.42618538627 1412726065.83
9.38203785812 1412726066.16
9.39908127454 1412726066.54
9.3214375152 1412726066.87
9.2605583355 1412726067.2
9.23264017774 1412726067.53
9.30689808711 1412726067.84
9.25772385427 1412726068.15
9.17830603308 1412726068.45
9.22578086787 1412726068.76
9.14834484233 1412726069.07
9.19478168522 1412726069.37
9.12928428049 1412726069.68
9.22380706527 1412726069.98
9.15828624338 1412726070.29
9.14129379444 1412726070.58
9.08114130041 1412726070.9
9.02346013023 1412726071.21
