39.1274619545 1412749572.65
37.2809393076 1412749574.11
35.5272158963 1412749575.52
34.2304952816 1412749576.97
33.22762829 1412749578.38
32.0009889581 1412749579.78
31.4445572789 1412749581.21
30.5941722622 1412749582.68
29.881628394 1412749584.13
29.1261172327 1412749585.65
31.0312029314 1412749587.24
29.5565419769 1412749588.78
29.4287520051 1412749590.25
29.4497795737 1412749591.66
28.9581770742 1412749593.07
28.8242603731 1412749594.49
28.9210563882 1412749595.97
28.295992626 1412749597.47
28.4061877122 1412749599.03
27.8686041095 1412749600.53
28.1542824383 1412749602.12
27.8106482436 1412749603.66
27.9178981973 1412749605.17
27.5519649925 1412749606.66
27.6449760095 1412749608.17
27.3316380653 1412749609.73
27.5048133994 1412749611.25
27.4416772275 1412749612.76
27.2131629988 1412749614.25
27.0412666383 1412749615.73
26.9047887634 1412749617.24
26.6317083719 1412749618.64
26.4026576299 1412749620.09
26.3789093832 1412749621.49
26.3557981005 1412749622.9
26.4766170138 1412749624.36
26.6207067596 1412749625.8
26.7866856311 1412749627.21
26.9452576052 1412749628.64
27.1892828743 1412749630.12
27.3408746783 1412749631.56
27.4458260013 1412749632.97
27.4692875032 1412749634.39
27.6004943723 1412749635.81
27.713563633 1412749637.2
27.8087261002 1412749638.6
27.9144512405 1412749640.01
27.9562741784 1412749641.42
27.9336065139 1412749642.77
27.8435098794 1412749644.2
27.7343656127 1412749645.64
27.6948698091 1412749647.07
27.7265974535 1412749648.5
27.8076702869 1412749649.89
27.8326646328 1412749651.36
27.9466807588 1412749652.78
27.9452071247 1412749654.2
28.0178675475 1412749655.62
27.8499621977 1412749657.02
27.9238048055 1412749658.48
27.8904042483 1412749659.91
28.0563528674 1412749661.35
28.0865630652 1412749662.8
28.2739126901 1412749664.22
28.3053420563 1412749665.69
28.434700393 1412749667.1
28.6588055395 1412749668.51
28.7858852596 1412749669.98
28.7797674814 1412749671.39
28.7869749057 1412749672.87
28.7538472439 1412749674.31
28.7253411039 1412749675.81
28.6957128492 1412749677.23
28.6588479078 1412749678.69
28.6206410459 1412749680.16
28.5532439723 1412749681.59
28.5781963347 1412749683.1
28.5019057072 1412749684.52
28.4570824003 1412749685.95
28.4305054086 1412749687.27
28.3473366728 1412749688.67
28.2277745493 1412749690.05
28.3285022331 1412749691.45
28.2141527648 1412749692.84
28.1378197703 1412749694.23
28.2044921099 1412749695.61
28.2207352674 1412749697.01
27.9183119239 1412749698.39
27.9161503758 1412749699.8
27.7610622264 1412749701.14
27.8040429282 1412749702.54
27.8843955228 1412749703.92
27.8509894383 1412749705.26
27.8126733149 1412749706.61
27.864131072 1412749708.0
27.8436322251 1412749709.38
27.9005638216 1412749710.78
27.8723780405 1412749712.22
27.948435948 1412749713.58
27.9563936981 1412749714.95
27.8744401149 1412749716.31
27.8638556206 1412749717.68
27.6518633631 1412749719.08
27.595463067 1412749720.5
27.6054358215 1412749721.93
27.6037784491 1412749723.36
27.6585776419 1412749724.8
27.6432530248 1412749726.19
27.7075006823 1412749727.54
27.5653431071 1412749728.96
27.5117956428 1412749730.34
27.5246936762 1412749731.75
27.5330790226 1412749733.13
27.4527361642 1412749734.5
27.3766650928 1412749735.92
27.4613610707 1412749737.28
27.41147477 1412749738.69
27.427202439 1412749740.04
27.4667637865 1412749741.43
27.3921299606 1412749742.84
27.3976176396 1412749744.21
27.3766597138 1412749745.59
27.250081454 1412749746.98
27.2464565853 1412749748.33
27.1275410857 1412749749.71
27.2564513625 1412749751.1
27.2362860855 1412749752.49
27.1330146844 1412749753.89
27.0759924542 1412749755.28
27.0570749543 1412749756.65
27.0728110496 1412749758.04
27.0667507473 1412749759.44
27.1227901629 1412749760.83
27.2128920305 1412749762.19
27.2353797828 1412749763.55
27.2207480954 1412749764.94
27.2325099155 1412749766.34
27.121692207 1412749767.74
27.1871423877 1412749769.16
27.1919299098 1412749770.54
27.1604046457 1412749771.9
26.9007808469 1412749773.2
26.8474640753 1412749774.55
26.7978299987 1412749775.92
26.834899863 1412749777.29
26.8084208131 1412749778.69
26.7852837487 1412749780.17
26.8067629251 1412749781.57
26.835546234 1412749782.95
26.8279804098 1412749784.38
26.7427389307 1412749785.81
26.7348080037 1412749787.21
26.7308564508 1412749788.63
26.7011757427 1412749790.05
26.697952834 1412749791.46
26.5572465455 1412749792.83
26.59071402 1412749794.27
26.58119859 1412749795.68
26.5007430299 1412749797.07
26.4940505397 1412749798.49
26.4918218315 1412749799.84
26.4514195136 1412749801.22
26.3870857311 1412749802.65
26.4611170574 1412749804.08
26.409896811 1412749805.53
26.3647980726 1412749806.97
26.402315732 1412749808.44
26.4540948928 1412749809.88
26.4758262879 1412749811.3
26.5921367229 1412749812.73
26.6152808595 1412749814.19
26.6924850472 1412749815.62
26.8024778164 1412749817.01
26.8553894705 1412749818.49
26.9192143079 1412749819.9
26.9690937303 1412749821.35
27.1159155337 1412749822.71
27.0952359082 1412749824.22
26.983042922 1412749825.64
27.1591669267 1412749827.11
27.2287869249 1412749828.52
27.5047260433 1412749829.99
27.5723822169 1412749831.41
27.5841253917 1412749832.84
27.6503033788 1412749834.27
27.7330936661 1412749835.69
27.9375173832 1412749837.11
28.0210622094 1412749838.53
28.1565957452 1412749839.97
28.1975541929 1412749841.42
28.3914972893 1412749842.87
28.2876803633 1412749844.31
28.3027359327 1412749845.77
28.2925229445 1412749847.18
28.3271885178 1412749848.62
28.297146804 1412749850.08
28.3206035775 1412749851.49
28.3258734433 1412749852.89
28.2646138875 1412749854.29
28.1902520937 1412749855.76
