39.3818336009 1412724848.77
38.9667378572 1412724849.07
39.1625207194 1412724849.37
38.9684605094 1412724849.72
38.7952727772 1412724849.99
38.7536566114 1412724850.28
38.9644309746 1412724850.72
38.8412394418 1412724851.11
39.5564514978 1412724851.45
39.7742201978 1412724851.77
39.9268360419 1412724852.06
170.900005892 1412724852.36
41.9000371877 1412724852.69
41.8869505481 1412724853.02
41.8439641575 1412724853.35
41.7540020149 1412724853.73
41.4668142372 1412724854.07
41.4294293888 1412724854.42
41.152079974 1412724854.77
41.0962028931 1412724855.13
40.9620230162 1412724855.47
40.7974665626 1412724855.79
40.856066109 1412724856.11
40.3865216613 1412724856.42
40.4668854423 1412724856.76
40.6913201394 1412724857.11
40.547408763 1412724857.45
40.3989577999 1412724857.81
40.3937110239 1412724858.16
40.5212791669 1412724858.48
40.1226852501 1412724858.82
40.4915971299 1412724859.15
40.5316616193 1412724859.5
172.067918238 1412724859.86
43.1077790812 1412724860.31
43.4706130216 1412724860.77
43.8750919176 1412724861.12
44.2258519884 1412724861.51
44.5542721501 1412724861.86
44.7500511672 1412724862.23
45.5097454298 1412724862.6
45.7476958073 1412724863.02
45.7737543605 1412724863.45
46.5031501421 1412724863.88
46.7389011706 1412724864.32
46.273268838 1412724864.79
45.7060066785 1412724865.25
45.4981704277 1412724865.71
45.5968931911 1412724866.25
45.6890825079 1412724866.89
44.8901572259 1412724867.41
44.771664656 1412724867.89
45.0430805252 1412724868.41
45.4159944249 1412724868.9
45.5176510623 1412724869.37
45.8013755255 1412724869.88
45.75706282 1412724870.38
46.2551712996 1412724870.86
46.2829536384 1412724871.4
46.1563966606 1412724871.91
45.8559424458 1412724872.46
45.8483227838 1412724873.07
46.0858644217 1412724873.59
46.0999409878 1412724874.12
45.9155766006 1412724874.63
46.0905956373 1412724875.19
46.23275839 1412724875.7
46.2402379209 1412724876.21
46.3604092834 1412724876.75
46.4112871213 1412724877.32
46.3602787373 1412724877.87
46.1585953508 1412724878.38
46.4772087627 1412724878.92
45.9973660839 1412724879.47
46.5222505026 1412724880.02
46.0603690893 1412724880.55
46.0196662437 1412724881.09
45.6337182153 1412724881.63
45.6318718655 1412724882.11
45.91407046 1412724882.63
46.0218552183 1412724883.14
46.0547757379 1412724883.68
46.0885941574 1412724884.22
46.5001272165 1412724884.77
46.3087568461 1412724885.34
46.3598978201 1412724885.92
46.406651882 1412724886.43
46.4568600656 1412724887.02
46.411552168 1412724887.56
46.682721857 1412724888.06
46.7048006446 1412724888.57
46.6327379915 1412724889.13
46.7382990903 1412724889.66
46.878188263 1412724890.21
46.9342603337 1412724890.76
47.2298820415 1412724891.32
47.2300283738 1412724891.88
47.2246272609 1412724892.4
47.1330574892 1412724892.92
47.1967976232 1412724893.44
47.0445627815 1412724893.97
47.1010966855 1412724894.51
46.9808888695 1412724895.04
47.3009928263 1412724895.55
47.2339299666 1412724896.08
47.1135505184 1412724896.62
47.4341285253 1412724897.2
47.1920275728 1412724897.77
47.0460536689 1412724898.33
46.74865063 1412724898.82
46.7982730696 1412724899.37
46.4207043148 1412724899.9
46.3218689777 1412724900.39
46.3628273847 1412724900.91
45.6221290839 1412724901.45
45.8926955431 1412724902.01
45.6481702589 1412724902.54
45.7054190857 1412724903.06
45.6535566776 1412724903.6
45.6691642005 1412724904.17
45.784262797 1412724904.68
45.8028804232 1412724905.26
45.7870634234 1412724905.83
45.8252253656 1412724906.38
45.8099702966 1412724906.87
45.8939032284 1412724907.39
45.8346682782 1412724907.91
45.918162964 1412724908.48
46.3466673516 1412724909.0
46.4219880496 1412724909.51
46.4108755197 1412724910.06
46.0780972465 1412724910.69
46.1194974072 1412724911.19
46.1618209715 1412724911.79
46.205024177 1412724912.35
46.2489589791 1412724912.93
46.2772413024 1412724913.48
46.3219845982 1412724914.05
46.3674842714 1412724914.58
46.3769519065 1412724915.12
46.8843208767 1412724915.72
46.96440917 1412724916.26
46.7528058002 1412724916.77
46.8068053833 1412724917.35
46.8856984529 1412724917.96
46.9661360337 1412724918.53
47.0478575541 1412724919.08
47.3033847803 1412724919.65
47.406046047 1412724920.17
47.4307784964 1412724920.82
47.3474482859 1412724921.36
47.1679849042 1412724921.96
47.331682157 1412724922.53
47.4364794495 1412724923.1
47.492572516 1412724923.64
47.5240639165 1412724924.22
170.227890373 1412724924.8
170.251386233 1412724925.36
170.190085002 1412724925.93
170.163362205 1412724926.51
170.268030003 1412724927.07
170.459568978 1412724927.66
170.444360557 1412724928.23
170.476765229 1412724928.78
170.481352668 1412724929.39
170.519646089 1412724929.96
170.509860486 1412724930.49
45.624110698 1412724931.03
45.7138939141 1412724931.63
170.485678704 1412724932.18
170.466433143 1412724932.73
170.449447018 1412724933.31
170.446995616 1412724933.92
45.7501670185 1412724934.6
45.9831281538 1412724935.2
46.0666193758 1412724935.77
45.9280000926 1412724936.34
46.3348453959 1412724937.02
46.3769243164 1412724937.85
46.5435079661 1412724938.7
46.6005690608 1412724939.31
46.5767872107 1412724939.89
169.852438198 1412724940.47
46.8864851967 1412724941.1
46.9659860311 1412724941.85
169.768683035 1412724942.58
169.696590544 1412724943.25
169.708561259 1412724943.83
169.744415683 1412724944.4
169.722288587 1412724944.95
169.666795209 1412724945.52
169.66551219 1412724946.08
169.617975957 1412724946.63
169.616772413 1412724947.31
169.68785906 1412724947.86
169.670767336 1412724948.48
169.624249547 1412724949.21
169.618508761 1412724949.84
169.612730625 1412724950.51
169.668099804 1412724951.14
