3.12258917593 1412727012.02
2.97523765002 1412727012.6
2.87427175386 1412727013.18
2.89486412201 1412727013.74
2.88396031942 1412727014.34
2.71648175856 1412727014.98
2.7488480107 1412727015.54
2.69919872889 1412727016.11
2.59121966516 1412727016.69
2.53416364376 1412727017.35
2.46985442338 1412727017.99
2.41134078385 1412727018.56
2.3747642727 1412727019.2
2.39986544844 1412727019.71
2.3857691856 1412727020.3
2.39815498892 1412727020.88
2.43366130872 1412727021.54
2.4589474463 1412727022.02
2.5312087431 1412727022.62
2.59001258745 1412727023.24
2.62412997001 1412727023.86
2.59469378864 1412727024.5
2.67008082309 1412727025.17
2.63796536905 1412727025.78
2.77574938036 1412727026.4
2.75450374742 1412727027.03
2.82137225909 1412727027.53
2.85298781022 1412727028.03
2.86489269406 1412727028.69
2.88736949914 1412727029.22
2.88689336006 1412727029.76
2.95238112121 1412727030.42
3.00401163781 1412727030.93
3.05239389784 1412727031.53
3.09084318266 1412727032.08
3.1814238213 1412727032.74
3.20262687073 1412727033.3
3.32431299449 1412727033.88
3.45374530183 1412727034.36
3.54372080706 1412727034.88
3.63196556839 1412727035.49
3.67212503443 1412727035.97
3.72402111855 1412727036.53
3.75713230137 1412727037.11
3.78959909014 1412727037.61
3.83201856288 1412727038.07
3.86188429649 1412727038.6
3.89389635984 1412727039.08
3.89299905617 1412727039.57
3.92303244828 1412727040.06
3.91808529297 1412727040.68
3.94264774381 1412727041.15
3.97451270689 1412727041.89
3.97698849679 1412727042.41
3.9990780411 1412727042.95
4.01255423036 1412727043.47
4.04271609061 1412727043.98
4.04273963423 1412727044.54
4.03457916076 1412727045.04
4.05626687645 1412727045.54
4.06162596548 1412727046.06
4.07274994849 1412727046.55
4.11600935029 1412727047.1
4.11137942105 1412727047.65
4.08796921575 1412727048.1
4.06158770456 1412727048.63
4.03656780916 1412727049.11
4.03538671468 1412727049.58
4.02860479779 1412727050.09
4.03011788469 1412727050.64
4.02970477032 1412727051.18
3.99984872091 1412727051.67
3.99446891802 1412727052.15
3.97814369691 1412727052.59
3.94853232812 1412727053.06
3.91010850686 1412727053.57
3.92729080903 1412727054.03
3.97197439006 1412727054.51
3.89812774647 1412727055.04
3.94670797051 1412727055.53
3.90434118128 1412727056.02
3.99065440269 1412727056.54
3.88130377045 1412727057.01
3.77475425371 1412727057.48
3.87720489581 1412727057.94
3.70258262818 1412727058.44
3.91649344593 1412727058.91
3.72960781154 1412727059.37
3.54394831433 1412727059.82
3.75598638707 1412727060.28
3.98981598701 1412727060.81
3.78756637164 1412727061.3
3.99532236463 1412727061.82
3.75465975768 1412727062.28
4.07724537374 1412727062.72
3.80276420143 1412727063.17
4.11015989082 1412727063.61
4.13044580314 1412727064.05
4.51285920662 1412727064.49
4.72269480321 1412727064.94
4.68631110706 1412727065.4
4.73806060473 1412727065.83
4.7323792344 1412727066.27
3.41185855345 1412727066.85
4.08940541592 1412727067.38
3.60926223263 1412727067.98
4.02192617974 1412727068.53
4.32873278531 1412727069.09
4.36051235543 1412727069.63
4.34550677893 1412727070.2
4.29144557644 1412727070.71
4.31494438364 1412727071.18
4.25027196461 1412727071.66
4.08359467597 1412727072.12
4.00622916777 1412727072.58
3.88936902036 1412727073.14
3.99238160941 1412727073.66
3.96298771644 1412727074.2
4.01302804269 1412727074.7
3.90714927159 1412727075.17
3.93498487037 1412727075.63
3.76143483876 1412727076.08
3.78360258859 1412727076.57
3.68386336572 1412727077.0
3.68100874728 1412727077.47
3.67363537137 1412727077.99
3.60467611335 1412727078.51
3.61307965498 1412727079.04
3.54640869094 1412727079.61
3.51666631152 1412727080.13
3.40006594 1412727080.75
3.3845594184 1412727081.36
3.28614014772 1412727081.97
3.29823643601 1412727082.53
3.28403801987 1412727083.11
3.36032305021 1412727083.68
3.57193003716 1412727084.12
3.52311205924 1412727084.57
3.72664131915 1412727085.0
3.66864313778 1412727085.49
3.64826389425 1412727086.06
3.60705059686 1412727086.7
3.57790414935 1412727087.38
3.71359967845 1412727087.88
3.6872214728 1412727088.45
3.62266094738 1412727089.08
3.72856093674 1412727089.66
3.72616736389 1412727090.3
3.72114032877 1412727090.77
3.71610132694 1412727091.22
3.7147748361 1412727091.65
3.70875576268 1412727092.11
3.78528254557 1412727092.57
3.7724284974 1412727092.99
3.80674101199 1412727093.46
3.79070888332 1412727093.92
3.8588257344 1412727094.36
3.84400254521 1412727094.81
3.85515924104 1412727095.28
3.84613202802 1412727095.7
3.89255254941 1412727096.13
3.8903459863 1412727096.56
3.86962523904 1412727096.99
3.93487337299 1412727097.44
3.92107145376 1412727097.9
3.91573136444 1412727098.35
3.94463899991 1412727098.78
3.96879228008 1412727099.24
3.9576371233 1412727099.66
4.022362351 1412727100.14
4.03760903379 1412727100.61
4.02720446021 1412727101.07
4.0216372416 1412727101.53
4.05511656007 1412727101.97
4.05638886484 1412727102.41
4.10292900397 1412727102.86
4.10148558645 1412727103.33
4.10199472074 1412727103.8
4.14595741406 1412727104.3
4.13888559202 1412727104.8
4.14821992083 1412727105.28
4.14808969053 1412727105.87
4.17822820141 1412727106.39
4.18238055937 1412727107.0
4.1901281188 1412727107.54
4.22943565818 1412727108.07
4.22910588864 1412727108.79
4.23274206051 1412727109.31
4.23421664662 1412727109.92
4.26198900937 1412727110.63
4.23624905924 1412727111.33
4.26847808128 1412727112.0
4.30211327857 1412727112.57
4.335121926 1412727113.16
4.36908346163 1412727113.88
4.37020513012 1412727114.61
4.37454465195 1412727115.31
4.39546450358 1412727116.05
4.39996253723 1412727116.8
4.42827347228 1412727117.47
