15.900118709 1412732354.7
16.9303597517 1412732355.34
17.9618657587 1412732355.97
18.5885555673 1412732356.54
18.8223720475 1412732357.13
18.8729564316 1412732357.74
18.8249370407 1412732358.31
18.7434706523 1412732358.93
18.791168541 1412732359.58
18.5506062851 1412732360.16
18.360309863 1412732360.74
18.0835567908 1412732361.31
18.060235653 1412732361.93
17.562949066 1412732362.5
17.3179349878 1412732363.07
17.0697994947 1412732363.62
16.942316071 1412732364.22
16.607367354 1412732364.84
16.4047413719 1412732365.4
16.1131618533 1412732365.99
16.0042112906 1412732366.6
15.8655120885 1412732367.17
15.6928439417 1412732367.77
15.6780960725 1412732368.37
15.8778280594 1412732368.95
15.8823325187 1412732369.54
15.7866340619 1412732370.1
15.8716779113 1412732370.64
15.8643260075 1412732371.2
15.9066840452 1412732371.8
15.7872465076 1412732372.37
15.6931943047 1412732372.98
15.5765373455 1412732373.55
15.4192202759 1412732374.11
15.3252093989 1412732374.64
15.1938795078 1412732375.22
15.1276759708 1412732375.76
15.0554185811 1412732376.33
15.0477137142 1412732376.92
14.9670421378 1412732377.49
14.9065905277 1412732378.07
14.8587780999 1412732378.65
14.7859116936 1412732379.18
14.7526383974 1412732379.8
14.663273314 1412732380.41
14.5375351021 1412732381.0
14.4783435648 1412732381.57
14.4240461519 1412732382.12
14.312140918 1412732382.72
14.1988521564 1412732383.27
14.0557051471 1412732383.84
13.9832689582 1412732384.43
13.8915654413 1412732385.0
13.6685853204 1412732385.59
13.5177839118 1412732386.15
13.3902684804 1412732386.71
13.3305728314 1412732387.3
13.2041826856 1412732387.91
13.0676845911 1412732388.48
13.0126187999 1412732389.04
13.0016655341 1412732389.62
12.9419728794 1412732390.17
12.9320342532 1412732390.73
12.9431075475 1412732391.3
12.8748702554 1412732391.87
12.7640579308 1412732392.42
12.7340180374 1412732393.05
12.6957937543 1412732393.61
12.7442648985 1412732394.16
12.6900551233 1412732394.73
12.6346604361 1412732395.28
12.6703565803 1412732395.87
12.6356355386 1412732396.39
12.6616235804 1412732396.97
12.5337372785 1412732397.55
12.5128067783 1412732398.11
12.4857717385 1412732398.67
12.4558607235 1412732399.23
12.3929056151 1412732399.81
12.3377390205 1412732400.35
12.2940166569 1412732400.89
12.1957799763 1412732401.43
12.2762149477 1412732401.99
12.2091950891 1412732402.53
12.1268205432 1412732403.07
12.2220576952 1412732403.63
12.1680262101 1412732404.19
12.2191163096 1412732404.76
12.1108754825 1412732405.29
12.1273361246 1412732405.88
12.1641676077 1412732406.44
12.0400137653 1412732406.99
12.0953563143 1412732407.53
12.0114078538 1412732408.08
11.9171721239 1412732408.63
11.9291173807 1412732409.18
11.8567243677 1412732409.71
11.8930650861 1412732410.26
11.762937305 1412732410.8
11.7512745268 1412732411.34
11.8348400922 1412732411.9
11.7114980566 1412732412.48
11.7760782883 1412732413.07
11.6404162272 1412732413.6
11.7495434921 1412732414.14
11.6135520314 1412732414.68
11.6758936619 1412732415.22
11.5954354903 1412732415.76
11.6510526933 1412732416.3
11.5047288259 1412732416.88
11.4932873085 1412732417.41
11.3908656987 1412732417.97
11.2675242684 1412732418.51
11.2940404329 1412732419.06
11.2400677188 1412732419.64
11.2849181795 1412732420.22
11.3839785984 1412732420.78
11.4984550642 1412732421.33
11.3622241315 1412732421.88
11.3972716969 1412732422.44
11.298314474 1412732422.99
11.4220693264 1412732423.55
11.2893788704 1412732424.14
11.3390450158 1412732424.68
11.4272550015 1412732425.23
11.5043514243 1412732425.79
11.651391924 1412732426.32
11.554198312 1412732426.9
11.4690108049 1412732427.44
11.4936160587 1412732427.99
11.4774522344 1412732428.53
11.4688076598 1412732429.09
11.4996498177 1412732429.66
11.5131022601 1412732430.2
11.5147309995 1412732430.74
11.5065432148 1412732431.33
11.5005794162 1412732431.89
11.4579659378 1412732432.45
11.4192964895 1412732432.99
11.3749663102 1412732433.55
11.3680067557 1412732434.12
11.3431167056 1412732434.67
11.3637808909 1412732435.21
11.3190206648 1412732435.78
11.3283826874 1412732436.36
11.2803837641 1412732436.93
11.2552524101 1412732437.45
11.2854049934 1412732437.98
11.2418542419 1412732438.56
11.1901519494 1412732439.1
11.1911678341 1412732439.65
11.1627546941 1412732440.16
11.1070965926 1412732440.72
11.0454774188 1412732441.29
11.0135236742 1412732441.84
10.9365304707 1412732442.41
10.9676204499 1412732442.94
10.9579392918 1412732443.53
10.9576372194 1412732444.07
10.933901962 1412732444.64
10.9180206886 1412732445.19
10.9527255437 1412732445.75
10.944149209 1412732446.31
10.9731421431 1412732446.86
10.9288792936 1412732447.41
10.9364511593 1412732447.97
10.9415253789 1412732448.54
10.9166952606 1412732449.11
10.9547559182 1412732449.67
10.9358777996 1412732450.25
10.8660791639 1412732450.84
10.8578304271 1412732451.41
10.8398572272 1412732451.97
10.8291398877 1412732452.54
10.7869935395 1412732453.1
10.7589183911 1412732453.66
10.7340950741 1412732454.2
10.7095080557 1412732454.77
10.6409745162 1412732455.3
10.6273311116 1412732455.88
10.576076809 1412732456.43
10.4851118579 1412732456.98
10.4534331202 1412732457.55
10.4264825914 1412732458.09
10.3961555159 1412732458.64
10.3458442598 1412732459.23
10.3310836699 1412732459.76
10.3099654738 1412732460.3
10.2846965236 1412732460.86
10.2050769456 1412732461.45
10.1788249033 1412732462.03
10.1463882898 1412732462.6
10.1081188035 1412732463.19
10.0162842948 1412732463.74
9.96398179134 1412732464.32
9.89448274413 1412732464.92
9.83179704376 1412732465.51
9.75224251915 1412732466.09
9.70777296625 1412732466.71
9.67316758361 1412732467.34
