12.577047192 1412735768.53
12.7055402087 1412735769.54
12.6184942607 1412735770.49
12.5834246668 1412735771.42
12.5448851188 1412735772.38
12.4558641347 1412735773.28
12.4951555902 1412735774.22
13.1883879724 1412735775.19
12.5205588177 1412735776.15
11.986573635 1412735777.06
11.6328678309 1412735778.0
11.4798269993 1412735778.91
11.1123248499 1412735779.83
10.9926260475 1412735780.74
10.7329516615 1412735781.63
10.5924469052 1412735782.55
10.4905823788 1412735783.43
10.4370077802 1412735784.34
10.363015987 1412735785.36
10.2746573149 1412735786.3
10.1838849809 1412735787.2
10.0281414858 1412735788.14
9.96607827983 1412735789.06
9.85890918064 1412735789.95
9.80225489974 1412735790.86
9.71320821621 1412735791.78
9.59092551904 1412735792.69
9.53753686001 1412735793.62
9.49825945448 1412735794.51
9.49818272205 1412735795.49
9.50556667932 1412735796.38
9.60902389797 1412735797.3
9.66363874656 1412735798.23
9.67829092574 1412735799.12
9.7121843689 1412735800.01
9.79741813762 1412735800.98
9.79558111683 1412735801.91
9.7862737796 1412735802.84
9.90804416713 1412735803.78
9.8864450347 1412735804.7
9.86721385626 1412735805.72
9.89157396259 1412735806.69
9.92684116664 1412735807.69
9.91764098688 1412735808.65
9.96980433925 1412735809.67
10.0071939814 1412735810.62
9.98326068271 1412735811.58
9.99993966362 1412735812.54
10.0233857887 1412735813.55
9.98765439048 1412735814.54
10.0197203644 1412735815.55
10.033372467 1412735816.56
10.050936324 1412735817.58
10.0439460752 1412735818.56
9.97960200621 1412735819.57
9.99197520066 1412735820.62
9.99309457057 1412735821.66
9.97407441107 1412735822.67
9.93443277581 1412735823.67
9.95112575917 1412735824.7
9.97615893106 1412735825.73
9.98810061823 1412735826.8
10.007494081 1412735827.82
10.0190952325 1412735828.87
10.0239860511 1412735829.86
10.0503534716 1412735830.88
10.1236677164 1412735831.89
10.064796251 1412735832.9
10.0273798908 1412735833.92
10.037856823 1412735834.96
10.0309387993 1412735835.95
9.99584436791 1412735836.96
10.0605293793 1412735837.98
10.0512399939 1412735839.03
10.040113873 1412735840.07
10.0139436066 1412735841.1
10.0066411155 1412735842.1
9.97477506165 1412735843.1
9.97708049758 1412735844.11
9.87652127969 1412735845.11
9.88915047529 1412735846.18
9.88844193092 1412735847.2
9.88778327723 1412735848.26
9.91799716964 1412735849.29
9.92134839117 1412735850.33
9.9408474737 1412735851.36
9.95526040975 1412735852.38
9.89235778135 1412735853.39
9.88801875057 1412735854.47
9.88976905465 1412735855.5
9.9052398424 1412735856.52
9.90518674881 1412735857.56
9.89991385771 1412735858.6
9.94664862931 1412735859.62
9.94130344505 1412735860.67
9.93094330035 1412735861.71
9.95101883971 1412735862.82
9.97117400733 1412735863.81
9.93074433848 1412735864.88
9.92663626608 1412735865.93
9.95250582728 1412735866.95
9.94740107705 1412735867.96
9.95945987278 1412735869.04
9.95453306366 1412735870.08
9.95349480591 1412735871.16
9.91577728035 1412735872.19
9.93273150703 1412735873.24
9.93032711527 1412735874.3
9.93821715661 1412735875.37
9.93067408939 1412735876.42
9.93811614255 1412735877.5
9.92979591772 1412735878.58
9.93744394646 1412735879.64
9.93202624616 1412735880.65
9.93712628041 1412735881.7
9.93405186914 1412735882.72
9.89782758001 1412735883.76
9.93248701553 1412735884.79
9.89123879456 1412735885.82
9.88885298845 1412735886.87
9.92056771222 1412735887.93
9.8763122334 1412735888.93
9.8664676811 1412735889.97
9.81459166612 1412735891.0
9.78943455711 1412735892.07
9.75812376702 1412735893.11
9.71009224357 1412735894.15
9.66309085082 1412735895.23
9.64705597736 1412735896.23
9.62798969983 1412735897.26
9.64124305833 1412735898.32
9.54793836583 1412735899.39
9.50365920071 1412735900.47
9.49994937481 1412735901.52
9.50654972847 1412735902.55
9.53180064245 1412735903.65
9.53153938813 1412735904.73
9.52755841107 1412735905.76
9.50492025531 1412735906.83
9.50129612168 1412735907.93
9.47778080644 1412735908.99
9.45517096193 1412735910.07
9.4563270675 1412735911.11
9.41807933939 1412735912.15
9.39276886927 1412735913.19
9.39615933923 1412735914.27
9.37011730876 1412735915.41
9.35831160489 1412735916.54
9.33155732357 1412735917.67
9.3361579449 1412735918.73
9.4297942295 1412735919.77
9.4040485807 1412735920.86
9.37205778826 1412735921.94
9.38120552601 1412735922.98
9.34866145949 1412735924.03
9.35892094365 1412735925.11
9.36435616751 1412735926.15
9.33683963689 1412735927.19
9.34295815129 1412735928.23
9.30694593462 1412735929.33
9.31228901824 1412735930.39
9.27702070928 1412735931.46
9.25290572898 1412735932.51
9.16290564617 1412735933.55
9.25449930226 1412735934.59
9.16726475308 1412735935.7
9.16443910978 1412735936.73
9.18274254197 1412735937.79
9.14104673378 1412735938.83
9.15914956272 1412735939.9
9.18078991304 1412735941.01
9.1382265653 1412735942.06
9.16002694579 1412735943.11
9.11781882602 1412735944.18
9.1397726422 1412735945.22
9.09787388087 1412735946.28
9.11996362797 1412735947.31
9.14359715759 1412735948.37
9.16519325518 1412735949.43
9.12578501422 1412735950.47
9.01595990781 1412735951.7
9.05374893794 1412735952.74
9.0761191304 1412735953.83
9.02436205611 1412735954.96
9.03974770576 1412735956.03
8.99842736251 1412735957.11
9.01353184826 1412735958.14
8.96947451666 1412735959.2
8.91331029147 1412735960.23
8.97113734518 1412735961.3
8.91806159862 1412735962.36
8.93502610382 1412735963.39
8.87372620784 1412735964.4
8.90252028075 1412735965.37
8.84354193604 1412735966.44
8.80109474581 1412735967.47
8.75027412632 1412735968.48
8.69363722552 1412735969.48
8.53225488227 1412735970.54
8.44211610791 1412735971.66
