4.00610976364 1412729394.01
3.83332734787 1412729394.68
3.71392288849 1412729395.31
3.5971190002 1412729395.93
3.48534860859 1412729396.59
3.49142737602 1412729397.21
3.47659020514 1412729397.84
3.48877741392 1412729398.46
3.50720872194 1412729399.03
3.5361467949 1412729399.66
3.5509208908 1412729400.28
3.65367772973 1412729400.92
3.75561112894 1412729401.58
3.76820481263 1412729402.2
3.80795155275 1412729402.82
3.88261768483 1412729403.4
3.92342456536 1412729404.01
4.01818597582 1412729404.61
4.13158233661 1412729405.23
4.22677074752 1412729405.83
4.29948706063 1412729406.42
4.35407153695 1412729407.0
4.37795511877 1412729407.6
4.38640862254 1412729408.2
4.48186904669 1412729408.81
4.52387552217 1412729409.38
4.58106945195 1412729409.99
4.61252095692 1412729410.55
4.66691699303 1412729411.15
4.69122009776 1412729411.73
4.69977247573 1412729412.31
4.73702280004 1412729412.89
4.77091008882 1412729413.45
4.80356582645 1412729414.05
4.84215929335 1412729414.63
4.86376625048 1412729415.22
4.86243977558 1412729415.79
4.87578145241 1412729416.35
4.89554225264 1412729416.9
4.91302855631 1412729417.49
4.92293950752 1412729418.07
4.91305262714 1412729418.65
4.88896280241 1412729419.22
4.89696098144 1412729419.82
4.90788650155 1412729420.41
4.90068085597 1412729420.99
4.90998655271 1412729421.54
4.90752699875 1412729422.11
4.89477991766 1412729422.72
4.89885509978 1412729423.28
4.89328517954 1412729423.86
4.89116403891 1412729424.41
4.8795704264 1412729425.01
4.88308453927 1412729425.57
4.87173418303 1412729426.15
4.85525301582 1412729426.71
4.85024643715 1412729427.29
4.8382858747 1412729427.84
4.85606977447 1412729428.39
4.88094324739 1412729428.94
4.88574979631 1412729429.52
4.89745051702 1412729430.11
4.90949946655 1412729430.71
4.88390000043 1412729431.28
4.89811342114 1412729431.84
4.90522934244 1412729432.47
4.91560873174 1412729433.06
4.91343546549 1412729433.65
4.93715497132 1412729434.24
4.93748284981 1412729434.84
4.93947026731 1412729435.44
4.95751781019 1412729436.01
4.95667932132 1412729436.62
4.95437769246 1412729437.24
4.95357702735 1412729437.84
4.95285284729 1412729438.46
4.93849654641 1412729439.08
4.9246483919 1412729439.69
4.91487182698 1412729440.28
4.92821462241 1412729440.89
4.93560578228 1412729441.49
4.92247718662 1412729442.08
4.92988109652 1412729442.67
4.94314894204 1412729443.26
4.9247178946 1412729443.85
4.91168085684 1412729444.45
4.91908813706 1412729445.12
4.90651264208 1412729445.82
4.91394254356 1412729446.38
4.90144117227 1412729446.93
4.90838212433 1412729447.55
4.90564384462 1412729448.11
4.88813144028 1412729448.67
4.90150285591 1412729449.24
4.88780495303 1412729449.84
4.89699666941 1412729450.41
4.88334075252 1412729451.0
4.86297426801 1412729451.56
4.85132338667 1412729452.15
4.84457837063 1412729452.73
4.84846231635 1412729453.33
4.83625805501 1412729453.91
4.82395780436 1412729454.51
4.82385643525 1412729455.11
4.79819914772 1412729455.71
4.78741362714 1412729456.31
4.76851481387 1412729456.92
4.75613923051 1412729457.5
4.74141214319 1412729458.09
4.73030711208 1412729458.72
4.71757466625 1412729459.3
4.71774868392 1412729459.88
4.69567645389 1412729460.46
4.69044248975 1412729461.0
4.67748168778 1412729461.58
4.65783094638 1412729462.16
4.62952865515 1412729462.72
4.65511557344 1412729463.3
4.64155504866 1412729463.87
4.6446974205 1412729464.43
4.63057898225 1412729465.01
4.6253708507 1412729465.57
4.63315667224 1412729466.14
4.61836894411 1412729466.7
4.60922057763 1412729467.29
4.58875502622 1412729467.88
4.55729467423 1412729468.47
4.54270418523 1412729469.06
4.53533953717 1412729469.63
4.51122047702 1412729470.18
4.50129698034 1412729470.77
4.49420220696 1412729471.36
4.49024886406 1412729471.92
4.47133898666 1412729472.49
4.46345389597 1412729473.09
4.44915564424 1412729473.62
4.42642456909 1412729474.19
4.43473213573 1412729474.77
4.41807638028 1412729475.34
4.40993402553 1412729475.94
4.39682693131 1412729476.5
4.38153884237 1412729477.05
4.40341504542 1412729477.62
4.38804230832 1412729478.17
4.36687464038 1412729478.73
4.34928126827 1412729479.28
4.33170691454 1412729479.84
4.31417982801 1412729480.39
4.2986050877 1412729480.96
4.27883117041 1412729481.57
4.26096624139 1412729482.14
4.25392242076 1412729482.7
4.2158084671 1412729483.26
4.2099473942 1412729483.82
4.19175154474 1412729484.36
4.19335570803 1412729484.95
4.19172894918 1412729485.51
4.17973288586 1412729486.1
4.1617812626 1412729486.66
4.14337162879 1412729487.21
4.13031365466 1412729487.8
4.11561715212 1412729488.32
4.09718610377 1412729488.87
4.07430294293 1412729489.43
4.06166438909 1412729489.98
4.06713553777 1412729490.54
4.05539577673 1412729491.09
4.04850936669 1412729491.66
4.04148706539 1412729492.24
4.04107553518 1412729492.81
4.01331803039 1412729493.4
3.99825626992 1412729494.0
3.99359548148 1412729494.59
3.99502496916 1412729495.18
3.98538932646 1412729495.77
3.9625616392 1412729496.34
3.95023868845 1412729496.88
3.93108001069 1412729497.42
3.92198228498 1412729497.98
3.90299497008 1412729498.52
3.89263768152 1412729499.09
3.90497961975 1412729499.8
3.89009263522 1412729500.38
3.8840690842 1412729500.94
3.90094682214 1412729501.48
3.8877888797 1412729502.04
3.86393176428 1412729502.58
3.85139889571 1412729503.16
3.83530238535 1412729503.71
3.82311570118 1412729504.26
3.80689875868 1412729504.84
3.78252986368 1412729505.4
3.75810395616 1412729505.93
3.74547997954 1412729506.48
3.72652324303 1412729507.07
3.72536872783 1412729507.64
3.7110578854 1412729508.19
3.69102923307 1412729508.76
3.67698029148 1412729509.32
3.66621177793 1412729509.89
