21.0215582283 1412735342.04
21.3862761501 1412735343.12
21.6917988168 1412735344.25
21.8777692491 1412735345.33
21.9753588559 1412735346.41
22.0646547886 1412735347.49
21.9487257732 1412735348.54
21.6676748542 1412735349.58
21.5963010777 1412735350.64
21.675685242 1412735351.74
21.6696528632 1412735352.83
21.7478921973 1412735353.89
21.5533552825 1412735355.01
21.6034512732 1412735356.13
21.4958789256 1412735357.28
21.3253791099 1412735358.32
21.1873225376 1412735359.38
21.123723875 1412735360.41
21.1511641553 1412735361.46
21.0372552772 1412735362.49
21.1120825279 1412735363.58
20.9158981449 1412735364.64
20.8148499124 1412735365.71
20.8355461282 1412735366.74
20.7903592269 1412735367.79
20.8332991364 1412735368.81
21.0137073469 1412735369.9
20.4367376589 1412735370.96
20.7253516891 1412735372.03
21.546217456 1412735373.12
21.9956349173 1412735374.23
18.7475082666 1412735375.32
19.5541506457 1412735376.38
18.4190616596 1412735377.43
18.8566054056 1412735378.52
19.2606577585 1412735379.64
18.6334617713 1412735380.75
18.5605155914 1412735381.79
18.4847553095 1412735382.87
18.4776700411 1412735384.0
18.3478744873 1412735385.22
18.3483450148 1412735386.34
18.2058862474 1412735387.58
18.2033294453 1412735388.74
18.1374261821 1412735389.9
18.1480635216 1412735391.05
18.1228601878 1412735392.23
18.0661096536 1412735393.41
17.9748932393 1412735394.58
17.9454148287 1412735395.78
17.8170688601 1412735396.93
17.803105138 1412735398.12
17.7041012409 1412735399.32
17.7260746397 1412735400.51
17.682098206 1412735401.83
17.6873664654 1412735403.03
17.5966320515 1412735404.34
17.6337576314 1412735405.47
17.5073354393 1412735406.55
17.4297460843 1412735407.71
17.4161317477 1412735409.02
17.3515665253 1412735410.21
17.2760414454 1412735411.43
17.2029789533 1412735412.65
17.2034713792 1412735413.88
17.1572271666 1412735415.12
17.1629533787 1412735416.31
17.0691865461 1412735417.53
17.0635069871 1412735418.75
16.9800716512 1412735419.98
16.8892129103 1412735421.16
16.8406422726 1412735422.36
16.7933113468 1412735423.54
16.7576561481 1412735424.78
16.7332507629 1412735425.96
16.7635309416 1412735427.17
16.7437458996 1412735428.35
16.6195399044 1412735429.59
16.612009534 1412735430.78
16.6313967328 1412735431.92
16.6191235468 1412735433.06
16.5868602921 1412735434.29
16.6100291288 1412735435.47
16.4970683603 1412735436.6
16.4030933658 1412735437.78
16.4013461812 1412735438.96
16.3079687612 1412735440.18
16.4140041452 1412735441.34
16.3098353615 1412735442.51
16.2178323841 1412735443.74
16.1181146242 1412735444.89
16.0232150328 1412735446.04
16.0038550209 1412735447.15
15.9897989647 1412735448.32
15.8433115727 1412735449.51
15.788476285 1412735450.65
15.6372818762 1412735451.78
15.6510239935 1412735452.92
15.6511885493 1412735454.1
15.5214870921 1412735455.3
15.567362368 1412735456.52
15.3689060241 1412735457.63
15.2949810064 1412735458.75
15.2723413684 1412735459.86
15.1652816737 1412735460.97
15.1394769596 1412735462.08
15.0361740762 1412735463.17
15.117209799 1412735464.3
15.1148415382 1412735465.38
15.1251526787 1412735466.44
15.0581948153 1412735467.5
14.9170760542 1412735468.64
14.9404397977 1412735469.7
14.782686382 1412735470.76
14.8315158915 1412735471.86
14.610142204 1412735472.93
14.6166342811 1412735474.07
14.4389229235 1412735475.13
14.5201416659 1412735476.2
14.3230867203 1412735477.33
14.3416460541 1412735478.44
14.4135204903 1412735479.58
14.4084896953 1412735480.72
14.3473044717 1412735481.83
14.3158180735 1412735482.95
14.2824644497 1412735484.07
14.2571497197 1412735485.12
14.1765444338 1412735486.24
14.1486362717 1412735487.38
14.0941414165 1412735488.38
14.0536594304 1412735489.4
14.034796918 1412735490.44
14.0370518905 1412735491.63
14.0150782988 1412735492.74
14.0058598686 1412735493.86
13.9881910158 1412735494.99
14.0100143156 1412735496.08
14.028339319 1412735497.21
14.0080919739 1412735498.33
13.9985665535 1412735499.44
13.9654164502 1412735500.51
13.8484978191 1412735501.6
13.8401965853 1412735502.68
13.7237323091 1412735503.82
13.7277016366 1412735504.91
13.7435408289 1412735506.0
13.646538267 1412735507.06
13.6389451387 1412735508.19
13.6709524747 1412735509.3
13.5963669797 1412735510.43
13.5538863865 1412735511.51
13.5356885672 1412735512.64
13.4519215101 1412735513.73
13.3875246132 1412735514.83
13.3662403052 1412735515.91
13.287074917 1412735517.01
13.1717295947 1412735518.13
13.1655799723 1412735519.26
13.1651623912 1412735520.35
13.1225665923 1412735521.43
13.0337836831 1412735522.6
13.0707599205 1412735523.86
13.0826873066 1412735525.08
13.0026545637 1412735526.22
13.0473167715 1412735527.31
13.0345594684 1412735528.3
12.9912469902 1412735529.43
12.9486042191 1412735530.59
12.9009066418 1412735531.69
12.9124267325 1412735532.87
12.9075740509 1412735533.96
12.9219655787 1412735535.02
12.9333399867 1412735536.1
12.8847780983 1412735537.14
12.8685141175 1412735538.21
12.9215435749 1412735539.28
12.954694067 1412735540.32
12.8228285998 1412735541.35
12.8183955972 1412735542.41
12.7459597976 1412735543.47
12.7526623038 1412735544.5
12.757392109 1412735545.55
12.7475393155 1412735546.62
12.7265518003 1412735547.65
12.6766651351 1412735548.65
12.6648213881 1412735549.64
12.6629825367 1412735550.69
12.6871968031 1412735551.71
12.7141923509 1412735552.7
12.7366870602 1412735553.69
12.7648096593 1412735554.74
12.7588129247 1412735555.76
12.6836090841 1412735556.8
12.6839527597 1412735557.9
12.6769449493 1412735559.0
12.6445890027 1412735560.07
12.660972884 1412735561.17
12.6819871988 1412735562.27
12.6742426089 1412735563.33
12.6842230756 1412735564.48
