28.8439981399 1412757151.18
27.9638757445 1412757152.61
26.3605122297 1412757153.93
24.8736147117 1412757155.35
24.3263639792 1412757156.72
24.2610438303 1412757158.11
23.9814973057 1412757159.48
23.8511947168 1412757160.9
23.0889965518 1412757162.32
22.3504347703 1412757163.72
21.8983915611 1412757165.14
21.7303481086 1412757166.57
21.4020387257 1412757167.96
21.1317488253 1412757169.41
20.7284657351 1412757170.83
20.528792298 1412757172.21
20.4600587646 1412757173.59
20.4249153155 1412757175.02
20.3637518747 1412757176.47
20.3437532469 1412757177.91
20.2690857655 1412757179.41
19.8976287493 1412757180.95
19.6417669206 1412757182.51
19.570345851 1412757183.98
19.1938483454 1412757185.46
19.0104435186 1412757186.94
18.8576435711 1412757188.43
18.7494515453 1412757189.97
18.6660939684 1412757191.51
18.5222339187 1412757193.1
18.4793870677 1412757194.75
18.4146356502 1412757196.35
18.326634792 1412757197.95
18.3164225982 1412757199.54
18.2528204062 1412757201.09
18.0067688457 1412757202.63
17.7956324237 1412757204.12
17.645087326 1412757205.65
17.5878143027 1412757207.17
17.3431533256 1412757208.73
17.207568163 1412757210.24
17.2005127171 1412757211.76
16.9816825305 1412757213.28
16.821569469 1412757214.76
16.7423027199 1412757216.25
16.6254307643 1412757217.77
16.4583252675 1412757219.29
16.2859821427 1412757220.79
16.0249565463 1412757222.3
15.8878354763 1412757223.85
15.6072590061 1412757225.34
15.5313040548 1412757226.81
15.4781695621 1412757228.32
15.2729681748 1412757229.79
15.2171943617 1412757231.28
15.1808593841 1412757232.76
14.9820161372 1412757234.25
14.8802047388 1412757235.77
14.7571566526 1412757237.3
14.7998308906 1412757238.8
14.7165105597 1412757240.35
14.4908775099 1412757241.85
14.4100897827 1412757243.33
14.3062426716 1412757244.75
14.1001692796 1412757246.19
14.0398003524 1412757247.66
13.8871090388 1412757249.04
13.6867560262 1412757250.48
13.6670119869 1412757251.93
13.4834232238 1412757253.32
13.3703717234 1412757254.72
13.242309375 1412757256.14
13.1136670573 1412757257.51
12.9364010288 1412757258.91
12.9714110545 1412757260.34
12.8996554902 1412757261.72
12.6901844043 1412757263.1
12.5981744034 1412757264.49
12.4849699223 1412757265.85
12.3831897684 1412757267.23
12.2618334027 1412757268.6
12.099485389 1412757269.99
12.0920973903 1412757271.37
12.0578596935 1412757272.76
12.0331545871 1412757274.13
12.0330263523 1412757275.54
11.8323706741 1412757276.9
11.8437292783 1412757278.3
11.7210910692 1412757279.7
11.74788162 1412757281.12
11.5802906232 1412757282.48
11.4657656613 1412757283.86
11.3291688664 1412757285.23
11.2925135539 1412757286.63
11.1835930426 1412757288.01
11.1666666013 1412757289.36
11.1587559225 1412757290.77
11.1740622835 1412757292.16
11.1752683316 1412757293.57
11.1693153597 1412757294.96
11.2361407851 1412757296.41
11.1444085646 1412757297.82
11.1601016442 1412757299.27
11.1617060915 1412757300.7
11.1773920607 1412757302.1
11.1885799821 1412757303.51
11.1985970246 1412757305.04
11.1222648992 1412757306.5
11.1178669784 1412757307.97
11.2172798334 1412757309.52
11.1356821328 1412757311.02
11.1848970192 1412757312.46
11.2171782312 1412757313.97
11.2203320121 1412757315.51
11.1874141262 1412757317.01
11.1871697018 1412757318.51
11.1820697715 1412757320.07
11.1871795624 1412757321.6
11.1322553475 1412757323.15
11.1543496859 1412757324.67
11.1769404244 1412757326.18
11.1429491783 1412757327.74
11.13580635 1412757329.28
11.1705663746 1412757330.86
11.1775804976 1412757332.45
11.1056935933 1412757334.06
11.1076220058 1412757335.61
11.0750923395 1412757337.22
11.0794109256 1412757338.83
11.0402008251 1412757340.48
11.0359989142 1412757342.08
11.0516934278 1412757343.66
11.0271513466 1412757345.22
10.9218499152 1412757346.77
10.9452226958 1412757348.29
10.862333556 1412757349.84
10.8396071892 1412757351.33
10.7810946099 1412757352.91
10.7959554544 1412757354.43
10.745059773 1412757355.96
10.6595936183 1412757357.46
10.6250389214 1412757358.96
10.5895242135 1412757360.47
10.5500158442 1412757361.98
10.544813485 1412757363.46
10.5667803267 1412757365.0
10.5452595454 1412757366.51
10.5324913434 1412757368.03
10.5239981697 1412757369.51
10.5068366256 1412757371.02
10.4969124251 1412757372.53
10.4480069766 1412757374.09
10.4266146569 1412757375.6
10.4099205547 1412757377.09
10.4113438302 1412757378.6
10.3409085624 1412757380.07
10.3106791605 1412757381.56
10.2991782251 1412757383.06
10.2653756667 1412757384.6
10.231914094 1412757386.12
10.21393425 1412757387.63
10.1942547515 1412757389.1
10.1806407764 1412757390.58
10.1852893941 1412757392.03
10.1428264492 1412757393.55
10.1536695471 1412757395.03
10.1453266185 1412757396.5
10.078262642 1412757398.02
10.0959573195 1412757399.53
10.0188395809 1412757401.0
10.0218301269 1412757402.5
10.0123600044 1412757403.98
9.98621697875 1412757405.45
10.0111369504 1412757406.93
9.96684478051 1412757408.44
9.96772815509 1412757409.92
9.94217473178 1412757411.4
9.92262152933 1412757412.92
9.98468039494 1412757414.45
9.91860029415 1412757415.96
9.9303569511 1412757417.43
9.98799795687 1412757418.94
10.0122857458 1412757420.44
10.0490851611 1412757421.93
10.0448737017 1412757423.55
10.0299062585 1412757425.24
10.0246776686 1412757426.78
10.0674015003 1412757428.36
10.0379565985 1412757429.94
10.0698509837 1412757431.5
10.0774353363 1412757433.02
10.1439921722 1412757434.58
10.0266962909 1412757436.11
10.1085179422 1412757437.66
10.131011662 1412757439.16
10.1428356058 1412757440.71
10.1592324341 1412757442.19
10.1256153468 1412757443.69
10.1223542754 1412757445.24
10.0792398046 1412757446.77
