24.8408970314 1412753828.37
25.751380653 1412753829.87
26.503874918 1412753831.34
27.7078499997 1412753832.76
28.0535479622 1412753834.18
27.9629058878 1412753835.61
27.8811596309 1412753837.02
27.4206562272 1412753838.4
27.0396683365 1412753839.8
26.6140084355 1412753841.2
26.3862221076 1412753842.55
25.7456821686 1412753843.98
25.4065908886 1412753845.33
25.0558168942 1412753846.72
24.6691874871 1412753848.09
23.6810183376 1412753849.46
23.4687065098 1412753850.85
23.1387031151 1412753852.22
22.185588728 1412753853.58
21.800302568 1412753854.98
21.0053125983 1412753856.36
20.4933174352 1412753857.72
20.3169330886 1412753859.08
19.9913356218 1412753860.45
19.5892431624 1412753861.82
19.3612170077 1412753863.15
19.1010057301 1412753864.51
18.7483689124 1412753865.89
18.4784281595 1412753867.24
18.0092478263 1412753868.57
16.9850800388 1412753869.93
15.8909580393 1412753871.24
15.2653424586 1412753872.63
14.8868895731 1412753874.0
14.27464404 1412753875.37
14.2621312601 1412753876.72
14.0501306177 1412753878.05
13.8900359903 1412753879.37
13.9646931091 1412753880.73
13.9363725027 1412753882.05
13.8975331245 1412753883.4
13.8191018126 1412753884.76
13.6293872015 1412753886.09
13.433920623 1412753887.49
13.1726291712 1412753888.89
12.7482454008 1412753890.26
12.4931709095 1412753891.61
12.3989703561 1412753892.98
12.2865484265 1412753894.28
12.116571856 1412753895.6
12.0562466749 1412753896.95
11.9504344727 1412753898.27
11.8496223248 1412753899.65
11.6309029753 1412753901.02
11.62298921 1412753902.35
11.4948496138 1412753903.68
11.3984189199 1412753905.0
11.256672965 1412753906.35
11.2226174257 1412753907.7
11.025391341 1412753909.02
10.9618694139 1412753910.31
11.0135328714 1412753911.59
10.8982962169 1412753912.95
10.807460357 1412753914.4
10.8526229816 1412753915.75
10.7338356613 1412753917.14
10.5459563229 1412753918.53
10.5051534327 1412753919.86
10.4067362998 1412753921.2
10.2595348254 1412753922.5
10.1826407395 1412753923.82
9.97603363276 1412753925.13
9.92291886305 1412753926.44
9.86065124629 1412753927.77
9.6916839194 1412753929.09
9.66756135977 1412753930.42
9.51378931372 1412753931.74
9.47090411432 1412753933.03
9.36099097228 1412753934.35
9.27055625905 1412753935.7
9.21592970593 1412753937.02
9.20007665514 1412753938.36
9.18179288901 1412753939.7
9.16398813278 1412753941.1
9.13864526857 1412753942.46
9.14080410126 1412753943.77
9.1080597179 1412753945.1
9.13049664425 1412753946.5
9.03540437368 1412753947.87
8.92957764249 1412753949.22
8.70969700132 1412753950.57
8.59372173135 1412753951.89
8.57969085357 1412753953.2
8.49524936839 1412753954.56
8.37672811667 1412753955.91
8.32372564319 1412753957.24
8.10960324373 1412753958.53
8.07501508399 1412753959.86
8.05772700198 1412753961.19
7.9971785939 1412753962.52
7.96328257008 1412753963.86
7.94966346616 1412753965.22
7.90910006226 1412753966.6
7.85761223182 1412753967.93
7.8631542989 1412753969.23
7.84780115585 1412753970.57
7.86826391969 1412753971.92
7.79400567268 1412753973.26
7.72185883065 1412753974.62
7.63486840667 1412753975.95
7.56627099849 1412753977.28
7.5760132416 1412753978.62
7.5629131731 1412753979.96
7.58029408688 1412753981.32
7.58328404015 1412753982.67
7.52109671805 1412753984.01
7.54437889852 1412753985.34
7.45833569976 1412753986.67
7.48926873123 1412753987.98
7.41276294265 1412753989.35
7.39093086732 1412753990.75
7.35409781816 1412753992.08
7.28740012125 1412753993.45
7.30247430102 1412753994.83
7.22736913393 1412753996.19
7.24515796763 1412753997.56
7.18674364019 1412753998.96
7.13792553861 1412754000.34
7.15132286948 1412754001.7
7.09257838902 1412754003.07
7.01369316461 1412754004.43
7.01503163935 1412754005.74
7.02311606452 1412754007.07
6.98115881364 1412754008.44
6.9756806751 1412754009.75
7.0019275578 1412754011.02
6.95897387121 1412754012.35
6.9518537093 1412754013.67
6.97615109381 1412754014.95
6.97414934617 1412754016.23
6.98957363899 1412754017.53
7.00651106744 1412754018.84
7.05209842598 1412754020.13
7.0791438518 1412754021.43
7.03463098954 1412754022.73
7.06712435487 1412754024.05
7.02351711228 1412754025.31
6.98306695848 1412754026.63
6.94475845178 1412754027.93
6.92073681448 1412754029.26
6.89242343775 1412754030.55
6.90145951288 1412754031.83
6.82763976472 1412754033.1
6.79712895228 1412754034.33
6.77899903206 1412754035.59
6.74445286736 1412754036.86
6.73230419429 1412754038.15
6.72530290959 1412754039.42
6.70185004593 1412754040.68
6.69612757447 1412754042.01
6.70369303315 1412754043.26
6.68524108778 1412754044.54
6.7071456537 1412754045.81
6.68396934023 1412754047.07
6.68782289727 1412754048.42
6.70946544923 1412754049.69
6.70405741145 1412754050.96
6.69289898411 1412754052.27
6.67212097553 1412754053.56
6.61365685954 1412754054.86
6.6220246892 1412754056.1
6.604271339 1412754057.38
6.60889163189 1412754058.72
6.61464565183 1412754060.01
6.59854488856 1412754061.29
6.59657397149 1412754062.5
6.60170679178 1412754063.81
6.58978792344 1412754065.04
6.56938319368 1412754066.29
6.59015927306 1412754067.57
6.59539860563 1412754068.83
6.597669221 1412754070.13
6.59332424302 1412754071.46
6.59092397566 1412754072.79
6.55986191001 1412754074.12
6.5510187767 1412754075.41
6.54034150389 1412754076.72
6.53701093262 1412754078.02
6.53346573935 1412754079.33
6.52734884079 1412754080.6
6.50491347817 1412754081.91
6.4830146547 1412754083.22
6.46610738889 1412754084.49
6.44165734414 1412754085.84
6.44609456994 1412754087.13
6.41705172127 1412754088.45
6.40822913895 1412754089.78
6.41081538441 1412754091.14
6.39981882941 1412754092.49
6.40237059573 1412754093.77
