16.9522494989 1412722281.61
16.9118144401 1412722281.76
16.8722518951 1412722281.88
16.8409775878 1412722281.99
16.8146929954 1412722282.13
16.7391508533 1412722282.24
16.5277833945 1412722282.38
16.6999601233 1412722282.52
16.6948466725 1412722282.66
16.9022978295 1412722282.79
16.5996556267 1412722282.9
16.8495162936 1412722283.04
16.8573067824 1412722283.17
16.7577053329 1412722283.32
16.6725111153 1412722283.43
16.5332034512 1412722283.56
16.4313567417 1412722283.68
16.1749819529 1412722283.84
15.9915283053 1412722283.99
15.6885496657 1412722284.15
15.691571605 1412722284.25
15.6903552585 1412722284.36
14.9425158193 1412722284.48
14.0388088803 1412722284.6
20.6383186293 1412722284.76
18.6422129121 1412722284.89
18.2537428756 1412722284.99
17.6622333363 1412722285.11
16.3484343673 1412722285.23
17.0220672913 1412722285.36
17.2849628283 1412722285.5
18.4875585039 1412722285.62
18.0731983041 1412722285.74
18.25036455 1412722285.85
16.8288328623 1412722285.97
16.9865603592 1412722286.09
16.9107670988 1412722286.24
16.913299798 1412722286.37
17.2032501453 1412722286.49
16.8976527704 1412722286.61
18.3193941207 1412722286.74
17.887357543 1412722286.88
18.2393109276 1412722287.06
17.938638737 1412722287.18
17.7486603421 1412722287.32
16.7389460192 1412722287.52
17.6807572563 1412722287.65
17.5056270741 1412722287.83
17.5478687969 1412722287.97
17.4493875032 1412722288.1
17.3988978432 1412722288.23
17.3347935997 1412722288.39
17.5870773305 1412722288.56
17.5302978255 1412722288.72
17.7727391103 1412722288.85
17.8240222622 1412722289.02
17.8724823194 1412722289.16
18.0269885928 1412722289.3
17.9617070394 1412722289.44
18.0229603829 1412722289.55
17.8311237781 1412722289.68
18.8578870997 1412722289.84
19.4441347395 1412722289.97
19.4446498212 1412722290.07
19.3521539259 1412722290.19
19.2913181979 1412722290.31
20.6015658264 1412722290.43
20.5654064127 1412722290.58
20.7817475901 1412722290.73
20.5955450446 1412722290.9
21.4580917438 1412722291.01
21.4129574466 1412722291.12
21.4888615957 1412722291.25
21.8795569841 1412722291.37
21.8416141551 1412722291.51
22.2348930564 1412722291.63
22.2204074792 1412722291.78
22.0452129008 1412722291.9
22.516514346 1412722292.1
22.4143345363 1412722292.25
22.2281597168 1412722292.39
22.6743672039 1412722292.53
22.5485012523 1412722292.7
22.4747757752 1412722292.83
22.6873421901 1412722292.96
22.6710205061 1412722293.11
21.8608483105 1412722293.33
22.3523297958 1412722293.45
21.7281988494 1412722293.59
22.585861924 1412722293.76
22.6013292344 1412722293.91
22.3335988388 1412722294.05
22.9899963079 1412722294.19
22.2665309825 1412722294.33
22.2039553123 1412722294.46
22.84026681 1412722294.6
22.8015499377 1412722294.75
22.7866871444 1412722294.92
22.7679739237 1412722295.06
22.8391898938 1412722295.2
22.2212487872 1412722295.35
22.0880706017 1412722295.49
21.731520509 1412722295.61
21.6368542639 1412722295.75
21.7564265839 1412722295.94
21.8434166144 1412722296.08
21.9068398838 1412722296.23
21.925387361 1412722296.46
21.9336119226 1412722296.63
21.9781610348 1412722296.77
22.2516021057 1412722296.94
22.1768783081 1412722297.1
22.2155143523 1412722297.22
22.2519234755 1412722297.38
22.3694963084 1412722297.57
22.0306504914 1412722297.68
22.1309757741 1412722297.84
22.1990675847 1412722298.02
22.0806355173 1412722298.15
22.1938561303 1412722298.31
22.0773443805 1412722298.47
22.6417270777 1412722298.59
22.4759475885 1412722298.75
22.4546185121 1412722298.88
22.4286371166 1412722299.07
21.5770203165 1412722299.28
21.5941360024 1412722299.46
21.6202340659 1412722299.65
22.287712134 1412722299.89
22.0982273616 1412722300.02
21.8731152286 1412722300.16
21.8561164786 1412722300.3
21.8297012276 1412722300.46
21.2788750453 1412722300.58
21.1162210637 1412722300.71
21.2101311848 1412722300.84
21.1525583299 1412722301.0
21.0781550495 1412722301.16
21.0774921004 1412722301.31
21.0227752967 1412722301.45
21.0036330834 1412722301.58
20.8622180102 1412722301.74
20.5864909233 1412722301.9
20.4946242738 1412722302.02
20.5706459669 1412722302.16
20.5575516816 1412722302.3
20.6755257587 1412722302.48
20.6653429121 1412722302.61
20.6552576502 1412722302.77
20.6290865818 1412722302.89
21.0501554081 1412722303.17
21.0619706662 1412722303.62
21.2607331978 1412722304.17
21.3735529627 1412722304.53
21.3650387273 1412722304.79
21.3566869755 1412722305.02
21.2535853238 1412722305.25
21.2294990178 1412722305.41
21.2853443432 1412722305.58
21.3805149439 1412722305.73
20.5457542441 1412722305.86
20.6055631813 1412722305.98
20.6062865488 1412722306.21
20.6066260385 1412722306.35
20.6067710458 1412722306.48
20.7659449591 1412722306.66
20.8252622548 1412722306.82
20.7659949496 1412722306.98
20.8249094843 1412722307.14
20.7656750629 1412722307.29
20.7247943353 1412722307.5
20.665428835 1412722307.66
20.7233375281 1412722307.85
20.7302141807 1412722307.98
20.7526559717 1412722308.14
20.7591025607 1412722308.36
20.7815810283 1412722308.55
20.7874792263 1412722308.72
20.6600345432 1412722308.86
20.6645073185 1412722309.01
20.6690837235 1412722309.19
20.3117640603 1412722309.39
20.3150191465 1412722309.59
20.3397252612 1412722309.71
20.3427402622 1412722309.87
20.345596877 1412722310.1
20.3459796218 1412722310.25
20.3464249892 1412722310.54
20.3841972506 1412722310.79
20.3834687883 1412722311.06
20.3827271746 1412722311.28
20.3819589338 1412722311.52
20.38118156 1412722311.73
20.380653805 1412722312.03
20.3800229571 1412722312.27
20.3793907762 1412722312.52
20.3787670196 1412722312.69
20.3362366291 1412722312.87
20.3718806813 1412722313.06
20.380422567 1412722313.29
