31.6588169059 1412734845.17
31.8798887237 1412734846.2
32.568491222 1412734847.26
33.262527176 1412734848.3
33.7227465583 1412734849.37
34.0601688093 1412734850.44
34.2562488735 1412734851.47
34.4092834864 1412734852.52
34.5492198621 1412734853.62
34.5909321851 1412734854.74
34.7876278412 1412734855.89
34.8856410833 1412734857.11
35.0052057682 1412734858.3
35.1226993819 1412734859.47
35.1253064438 1412734860.72
35.2943470905 1412734861.98
35.3448334759 1412734863.21
35.5101137361 1412734864.51
35.5642081422 1412734865.83
35.5853804182 1412734867.15
35.6017979589 1412734868.25
35.5651552344 1412734869.33
35.745010308 1412734870.45
35.7294023341 1412734871.56
35.9142232472 1412734872.67
35.9528501712 1412734873.78
35.8720575798 1412734874.88
35.9735982805 1412734875.98
36.0107378887 1412734877.05
36.0060896219 1412734878.19
36.0991206395 1412734879.3
36.0617119257 1412734880.42
35.9359950962 1412734881.54
35.9496536352 1412734882.62
36.010144544 1412734883.69
35.9420407582 1412734884.76
35.7517796021 1412734885.84
35.6506644489 1412734886.91
35.4075981873 1412734887.99
35.2605216372 1412734889.03
35.253760602 1412734890.1
35.3633002574 1412734891.19
35.4295885414 1412734892.28
35.5005327383 1412734893.38
35.5641970564 1412734894.46
35.527909765 1412734895.61
35.6542178882 1412734896.76
35.6938974295 1412734897.96
35.7905594983 1412734899.14
35.9437759609 1412734900.29
36.034953319 1412734901.4
36.2854036769 1412734902.66
36.48748384 1412734904.15
36.6724226109 1412734905.69
36.8733739663 1412734907.24
37.20683079 1412734908.78
37.43317334 1412734910.2
37.7790387495 1412734911.73
38.1005877304 1412734913.19
38.3808462441 1412734914.59
38.729532174 1412734916.1
38.9762168303 1412734917.61
39.0371137565 1412734919.04
39.0591345643 1412734920.5
39.0659347972 1412734922.01
38.8000663343 1412734923.41
38.6150133078 1412734924.84
38.3388814609 1412734926.24
38.0090249999 1412734928.13
37.6780078505 1412734929.66
37.4372561792 1412734931.08
37.5277185755 1412734932.51
37.6481490231 1412734933.97
37.7774949868 1412734935.44
37.9209110497 1412734936.96
38.0332741125 1412734938.44
38.2831527463 1412734939.86
38.5549482018 1412734941.34
38.8571795837 1412734942.84
39.1923481928 1412734944.37
39.5387676684 1412734945.84
39.9010869708 1412734947.4
40.3137088177 1412734949.0
40.4641623542 1412734950.5
40.7866319457 1412734952.05
41.1792596006 1412734953.59
41.7992574086 1412734955.21
42.1338789339 1412734956.78
42.5235280727 1412734958.29
42.8980785902 1412734959.81
43.2691293701 1412734961.38
43.5622017905 1412734962.92
43.9211275479 1412734964.58
44.0679721451 1412734966.11
44.4791938224 1412734967.62
44.786378083 1412734969.13
45.2024983816 1412734970.6
45.7294038336 1412734972.18
46.224889429 1412734973.68
46.7261679544 1412734975.23
47.1525817296 1412734976.77
47.5626700987 1412734978.35
48.2223166249 1412734979.86
48.7621621202 1412734981.38
49.449480949 1412734982.94
49.8191764326 1412734984.46
50.4171070412 1412734986.01
50.870157298 1412734987.54
51.3670718857 1412734989.09
51.9794869921 1412734990.57
52.4439778998 1412734992.09
53.0031524534 1412734993.63
53.830915748 1412734995.12
54.6089296093 1412734996.72
55.5224800058 1412734998.23
55.9862504403 1412734999.7
57.3206402425 1412735001.23
57.3188421983 1412735002.75
58.4569481308 1412735004.28
59.018948325 1412735005.8
60.4003086848 1412735007.33
60.9307976446 1412735008.9
61.6591861083 1412735010.43
62.2076678962 1412735011.96
62.908000386 1412735013.53
63.2099540058 1412735015.09
64.1482500033 1412735016.65
64.934241552 1412735018.25
65.9631474314 1412735019.8
66.4155720918 1412735021.35
68.2301290898 1412735023.07
69.058550536 1412735024.67
69.8778058335 1412735026.32
70.4178970715 1412735027.96
70.6715480437 1412735029.65
70.682438427 1412735031.28
70.0342922234 1412735032.94
68.7048883726 1412735034.65
69.4443674451 1412735036.31
68.7692403397 1412735037.95
69.4429899784 1412735039.63
69.8992530737 1412735041.26
69.7703759606 1412735042.91
67.7260255007 1412735044.58
68.2021326857 1412735046.19
68.5291983304 1412735047.85
68.9439723147 1412735049.46
65.5346711311 1412735051.12
66.0789265322 1412735052.72
64.1252376865 1412735054.32
64.5811090286 1412735055.97
64.0536399356 1412735057.53
64.8081583115 1412735059.1
64.7608493098 1412735060.63
62.6418217997 1412735062.29
61.9180776201 1412735063.92
61.8901460838 1412735065.64
61.9400631244 1412735067.22
60.1988398384 1412735068.86
60.3274498872 1412735070.43
60.4427737375 1412735072.07
60.2586233274 1412735073.68
60.63805531 1412735075.25
60.5151593874 1412735076.85
60.4225840261 1412735078.38
60.0493969369 1412735079.88
60.3294390867 1412735081.43
60.5552302423 1412735082.97
60.4525538339 1412735084.58
58.7221812385 1412735086.15
58.8118004896 1412735087.76
58.8950641649 1412735089.33
59.1646112086 1412735090.88
59.2762178256 1412735092.44
59.0261813948 1412735093.97
59.1797139975 1412735095.58
59.3284628883 1412735097.14
58.5783195233 1412735098.81
58.4334016216 1412735100.41
58.6527552792 1412735102.03
58.870231861 1412735103.69
59.0985910148 1412735105.33
59.3262116318 1412735107.0
59.1062524292 1412735108.6
59.2788537771 1412735110.24
59.4460126612 1412735111.9
59.6069778705 1412735113.53
59.7663631189 1412735115.18
59.5408216853 1412735116.81
58.8550834125 1412735118.44
58.9294150197 1412735120.07
59.0021411675 1412735121.69
59.0739392188 1412735123.33
58.7137492107 1412735124.91
58.7571465185 1412735126.53
58.8252305985 1412735128.16
58.8954467651 1412735129.8
58.9615337403 1412735131.44
59.0286970922 1412735133.15
59.0950193795 1412735134.83
