4.30180222664 1412731226.51
4.72570969321 1412731227.11
5.10152093808 1412731227.74
5.49011682906 1412731228.32
5.73024161572 1412731228.93
6.05484771019 1412731229.54
6.11264822162 1412731230.14
6.16328880338 1412731230.74
6.2608690006 1412731231.33
6.43618063449 1412731231.92
6.63745225066 1412731232.48
6.69035361255 1412731233.05
6.87419485023 1412731233.62
6.93263862232 1412731234.2
6.91527941899 1412731234.77
7.01255233389 1412731235.32
6.92918116647 1412731235.88
7.13803463483 1412731236.44
7.27918319569 1412731236.99
7.43942479195 1412731237.56
7.59602618497 1412731238.1
7.70485316509 1412731238.67
7.96723998248 1412731239.24
8.05363582014 1412731239.78
8.25967401738 1412731240.33
8.41721132682 1412731240.88
8.41498656935 1412731241.45
8.39034446519 1412731241.98
8.53494580954 1412731242.55
8.64249520366 1412731243.11
8.61005933885 1412731243.64
8.66195983013 1412731244.2
8.49599427178 1412731244.79
8.50439309771 1412731245.34
8.53384188108 1412731245.88
8.47905247049 1412731246.44
8.55919641203 1412731246.99
8.54523390561 1412731247.56
8.54514793109 1412731248.08
8.58002667327 1412731248.62
8.68325975447 1412731249.16
8.66146099446 1412731249.71
8.62779359929 1412731250.26
8.68024680935 1412731250.81
8.74471884611 1412731251.35
8.69996360205 1412731251.89
8.68451202282 1412731252.46
8.73916969119 1412731253.03
8.74311933151 1412731253.57
8.68459773107 1412731254.12
8.6483373245 1412731254.64
8.64637970484 1412731255.17
8.63045159319 1412731255.74
8.5582962221 1412731256.3
8.50749652557 1412731256.85
8.47949438667 1412731257.39
8.47115102537 1412731257.96
8.44475139728 1412731258.51
8.45506731507 1412731259.03
8.40978813388 1412731259.57
8.38006122458 1412731260.13
8.36594358755 1412731260.71
8.39654092839 1412731261.29
8.40635314993 1412731261.85
8.4171779921 1412731262.41
8.42310942146 1412731262.98
8.41914545499 1412731263.54
8.36770190611 1412731264.1
8.36728332181 1412731264.66
8.34836992046 1412731265.18
8.33672102843 1412731265.76
8.34087643561 1412731266.31
8.34505725046 1412731266.84
8.34781028172 1412731267.4
8.36501563849 1412731267.95
8.33457338786 1412731268.69
8.26759795283 1412731269.37
8.21284402951 1412731269.98
8.20365338845 1412731270.62
8.19970421794 1412731271.2
8.1646891039 1412731271.98
8.18327010672 1412731272.71
8.18982521836 1412731273.38
8.20413770065 1412731274.06
8.21487742551 1412731274.78
8.22968254156 1412731275.69
8.24858402619 1412731276.33
8.27133739987 1412731276.94
8.26864711295 1412731277.56
8.30113193861 1412731278.19
8.30458315907 1412731278.82
8.29764972298 1412731279.44
8.30692194034 1412731280.02
8.30257499304 1412731280.65
8.30601622718 1412731281.53
8.28579326122 1412731282.37
8.29577791586 1412731283.29
8.29402610654 1412731283.98
8.25427610029 1412731284.58
8.22791020453 1412731285.19
8.1912711074 1412731285.74
8.13590973833 1412731286.29
8.10799066693 1412731286.98
8.07058936903 1412731287.65
8.04409395598 1412731288.25
7.99111249596 1412731288.86
7.92371322269 1412731289.45
7.86160626521 1412731290.05
7.7177092899 1412731290.6
7.60049870625 1412731291.15
7.4134570839 1412731291.73
7.29185784156 1412731292.31
7.17588894084 1412731293.01
7.07739405017 1412731293.99
7.04792196805 1412731294.76
7.06553082323 1412731295.42
7.10883938782 1412731296.16
7.16630299248 1412731296.83
7.32294805168 1412731297.6
7.46739049514 1412731298.31
7.63080368795 1412731298.95
7.48971910514 1412731299.56
7.35959459952 1412731300.18
7.48391268971 1412731300.71
7.35355619572 1412731301.29
7.49079382811 1412731301.83
7.58219392465 1412731302.34
7.46328248655 1412731302.88
7.54140308902 1412731303.44
7.43978451632 1412731304.0
7.51562007279 1412731304.56
7.42371237851 1412731305.07
7.49209460277 1412731305.62
7.40271628138 1412731306.18
7.32690016311 1412731306.71
7.396206996 1412731307.28
7.30318450312 1412731307.83
7.40363348256 1412731308.35
7.46238250776 1412731308.89
7.38097005218 1412731309.44
7.45111568536 1412731309.99
7.37522599444 1412731310.53
7.4342379977 1412731311.06
7.35870827319 1412731311.59
7.41746002032 1412731312.12
7.38007733172 1412731312.68
7.43600366743 1412731313.2
7.38838463367 1412731313.74
7.44343937476 1412731314.27
7.36638710927 1412731314.81
7.43883234037 1412731315.39
7.47501216155 1412731315.93
7.52038158882 1412731316.44
7.47022765711 1412731317.02
7.50374733043 1412731317.53
7.53436144526 1412731318.08
7.50014048794 1412731318.63
7.53663235489 1412731319.16
7.4989595259 1412731319.71
7.51646000094 1412731320.24
7.49105672178 1412731320.76
7.46918394888 1412731321.28
7.49521532007 1412731321.81
7.50914457038 1412731322.35
7.56885788117 1412731322.88
7.5321137956 1412731323.39
7.4998097949 1412731323.92
7.51278833552 1412731324.44
7.54263513906 1412731324.99
7.51253360171 1412731325.52
7.54505658344 1412731326.06
7.49986062945 1412731326.59
7.53622477045 1412731327.12
7.50890871834 1412731327.68
7.47937801165 1412731328.21
7.49173627165 1412731328.75
7.4977527061 1412731329.29
7.48807760013 1412731329.83
7.49815503337 1412731330.38
7.48836632118 1412731330.93
7.4784221611 1412731331.47
7.50607433281 1412731332.01
7.48746240245 1412731332.58
7.4947309172 1412731333.11
7.49710671116 1412731333.66
7.47203163313 1412731334.19
7.44753817544 1412731334.74
7.50281608281 1412731335.29
7.50224315474 1412731335.85
7.49854393957 1412731336.39
7.48582937451 1412731336.91
7.44309792047 1412731337.45
7.44293600652 1412731338.02
7.45759223676 1412731338.56
7.4564391996 1412731339.13
7.43892464235 1412731339.67
7.44135988981 1412731340.2
7.43766759199 1412731340.76
7.41480734124 1412731341.31
7.42697019432 1412731341.85
