25.428788617 1412732873.72
23.577685056 1412732874.36
22.2650687222 1412732874.95
21.4555941092 1412732875.51
20.4943655608 1412732876.07
19.8332553098 1412732876.63
19.4229056082 1412732877.18
19.006221937 1412732877.75
18.6648359274 1412732878.33
18.3692169758 1412732878.89
18.3499506119 1412732879.44
18.3768292332 1412732880.02
18.0917346567 1412732880.59
17.9425848392 1412732881.14
17.6988662889 1412732881.71
17.5196183841 1412732882.29
17.3395465843 1412732882.89
17.2836329532 1412732883.5
17.2141820184 1412732884.11
17.1084517703 1412732884.75
17.0228706062 1412732885.39
17.0331550188 1412732886.02
16.8276622677 1412732886.68
16.6416889569 1412732887.27
16.5076040753 1412732887.82
16.5557411497 1412732888.36
16.3462392617 1412732888.93
16.396000296 1412732889.48
16.4053696353 1412732890.07
16.2318296041 1412732890.66
16.2412255781 1412732891.23
16.1995321874 1412732891.79
16.0334576766 1412732892.37
16.1409202532 1412732892.94
16.0012751128 1412732893.49
16.0928378904 1412732894.04
15.9823687999 1412732894.61
15.836281479 1412732895.15
15.9119782382 1412732895.7
15.8037837453 1412732896.27
15.7637005857 1412732896.82
15.8419993164 1412732897.39
15.8287650728 1412732897.98
15.7967400208 1412732898.56
15.8547427108 1412732899.13
15.879583356 1412732899.71
15.8068735685 1412732900.31
15.8025002254 1412732900.92
15.659791005 1412732901.53
15.6572498513 1412732902.14
15.6109368659 1412732902.72
15.5713136095 1412732903.28
15.584629039 1412732903.84
15.4604762194 1412732904.41
15.4253244362 1412732904.98
15.4316549689 1412732905.53
15.4410125311 1412732906.11
15.4269685172 1412732906.67
15.4070085939 1412732907.23
15.3604815696 1412732907.81
15.4576594733 1412732908.39
15.3830677892 1412732908.98
15.4479460565 1412732909.53
15.405447748 1412732910.14
15.464677972 1412732910.71
15.4016157776 1412732911.3
15.4121665813 1412732911.89
15.4100326014 1412732912.48
15.31023831 1412732913.08
15.3188668869 1412732913.69
15.291134064 1412732914.33
15.2448982428 1412732914.95
15.2541836595 1412732915.52
15.2044202953 1412732916.1
15.1890992555 1412732916.68
15.2004670174 1412732917.32
15.3002761468 1412732917.91
15.2480720748 1412732918.5
15.2623219569 1412732919.1
15.2387083766 1412732919.69
15.2568237172 1412732920.27
15.2853862097 1412732920.87
15.1845548038 1412732921.43
15.055802273 1412732922.02
15.0883968527 1412732922.6
14.9251223722 1412732923.19
14.9368212675 1412732923.82
14.8826486569 1412732924.42
14.7309296538 1412732925.03
14.6974430526 1412732925.61
14.5460655395 1412732926.21
14.4765945833 1412732926.78
14.4615707029 1412732927.42
14.349165264 1412732928.01
14.4176721571 1412732928.59
14.4756389533 1412732929.19
14.5057737036 1412732929.77
14.5986738943 1412732930.33
14.5992224175 1412732930.92
14.608773989 1412732931.53
14.6137982121 1412732932.12
14.6392785641 1412732932.71
14.6177518842 1412732933.34
14.5417586215 1412732933.95
14.4726994067 1412732934.6
14.5574320466 1412732935.22
14.5870947522 1412732935.83
14.5657565263 1412732936.44
14.5347061788 1412732937.08
14.5907438337 1412732937.65
14.5682708159 1412732938.29
14.6136330594 1412732938.91
14.5798598745 1412732939.52
14.6076262659 1412732940.15
14.5977646239 1412732940.79
14.5628493504 1412732941.4
14.5940621547 1412732942.05
14.6045314974 1412732942.7
14.5925971854 1412732943.32
14.5494922783 1412732943.92
14.5527628549 1412732944.54
14.5462743427 1412732945.12
14.5239923466 1412732945.73
14.5694907018 1412732946.36
14.5934044487 1412732946.98
14.5844450029 1412732947.6
14.6308787884 1412732948.24
14.6800270823 1412732948.87
14.6513774752 1412732949.47
14.7016922667 1412732950.1
14.6628166256 1412732950.72
14.7145609075 1412732951.35
14.6504513616 1412732951.95
14.6711008928 1412732952.56
14.745560705 1412732953.18
14.7154813448 1412732953.77
14.7148953352 1412732954.39
14.7998388343 1412732954.99
14.7070637985 1412732955.63
14.7394785265 1412732956.27
14.7526035446 1412732956.89
14.7684456156 1412732957.49
14.777467228 1412732958.1
14.8028130858 1412732958.72
14.7855270849 1412732959.35
14.7890594053 1412732959.96
14.7682241153 1412732960.6
14.8276242952 1412732961.21
14.8397833837 1412732961.85
14.8041508567 1412732962.49
14.8439013035 1412732963.12
14.8510032203 1412732963.72
14.8387699376 1412732964.35
14.8610304939 1412732964.97
14.8415940687 1412732965.59
14.8855623258 1412732966.22
14.8711335477 1412732966.84
14.8785359049 1412732967.5
14.8959337025 1412732968.12
14.8465723952 1412732968.77
14.8484276776 1412732969.44
14.8335743772 1412732970.13
14.7757653309 1412732970.77
14.8280138654 1412732971.41
14.7472924777 1412732972.05
14.7330336911 1412732972.7
14.6455203679 1412732973.33
14.6479166707 1412732974.01
14.6497267712 1412732974.7
14.6654301631 1412732975.36
14.6528114597 1412732976.01
14.6388929587 1412732976.68
14.6557824577 1412732977.35
14.4515301117 1412732978.03
14.5691765124 1412732978.72
14.5828497984 1412732979.39
14.5676236778 1412732980.05
14.5177388401 1412732980.75
14.4977047869 1412732981.44
14.4988930518 1412732982.09
14.481281772 1412732982.76
14.510951709 1412732983.42
14.456676876 1412732984.11
14.4569890705 1412732984.75
14.4611446726 1412732985.44
14.3728049236 1412732986.07
14.3685820696 1412732986.75
14.4282514844 1412732987.42
14.4579186816 1412732988.12
14.4607088051 1412732988.8
14.5154000617 1412732989.44
14.5134589596 1412732990.11
14.5115161107 1412732990.79
14.5714429294 1412732991.46
14.5333142582 1412732992.18
14.5323189293 1412732992.88
14.5249951043 1412732993.66
14.5974720777 1412732994.37
14.5684894162 1412732995.06
14.5807206615 1412732995.75
