29.8080766766 1412722803.01
28.958876908 1412722803.11
28.0405234543 1412722803.2
26.6587387996 1412722803.32
25.8309448 1412722803.44
25.1737739614 1412722803.55
24.5403021445 1412722803.67
24.0900281099 1412722803.79
23.4938647831 1412722803.91
23.2965128708 1412722804.04
22.9524722839 1412722804.15
22.8593517421 1412722804.26
21.9519985889 1412722804.36
22.3987963813 1412722804.45
22.1664688652 1412722804.56
21.7153759159 1412722804.65
21.6702755182 1412722804.73
21.1427127382 1412722804.82
21.0069068858 1412722804.92
20.1740977493 1412722805.02
19.7897634059 1412722805.12
19.3238222941 1412722805.26
18.7018006869 1412722805.4
18.3262675561 1412722805.55
17.9776812162 1412722805.69
17.7294320526 1412722805.8
17.3435636457 1412722805.88
16.5578142295 1412722805.97
16.8407284953 1412722806.06
16.2256960968 1412722806.15
15.7362060498 1412722806.25
16.0367849261 1412722806.35
15.5815080458 1412722806.46
16.0777024068 1412722806.59
15.9902841992 1412722806.71
16.1379003707 1412722806.84
15.9193681528 1412722806.95
16.1097669356 1412722807.05
16.3819047976 1412722807.19
16.2362486712 1412722807.34
16.3252499396 1412722807.47
16.6172838441 1412722807.6
16.558606356 1412722807.76
16.4657427723 1412722807.88
16.5180407056 1412722808.05
16.3164488194 1412722808.2
16.490813226 1412722808.34
16.2668036608 1412722808.48
16.2363487065 1412722808.6
16.4727011816 1412722808.72
16.3854770883 1412722808.9
16.3732602825 1412722809.02
16.2847975454 1412722809.14
16.2497759265 1412722809.25
16.3966999631 1412722809.37
16.2016810451 1412722809.5
16.1377107479 1412722809.63
16.0979123749 1412722809.75
16.2609281391 1412722809.9
16.2349623752 1412722810.1
16.1852676595 1412722810.26
16.2543647133 1412722810.42
16.1712921829 1412722810.56
16.226909508 1412722810.67
16.1932332305 1412722810.79
16.6553137083 1412722810.91
16.7133005657 1412722811.04
16.4387809527 1412722811.14
111.028873707 1412722811.26
111.029453631 1412722811.39
111.082943733 1412722811.53
111.191734824 1412722811.65
111.200393068 1412722811.78
111.136991002 1412722811.91
111.256263582 1412722812.02
111.199097117 1412722812.17
111.304285042 1412722812.29
111.420293548 1412722812.44
111.451868445 1412722812.58
111.54932465 1412722812.71
111.478466377 1412722812.87
111.506098185 1412722813.0
111.537383666 1412722813.16
111.66084154 1412722813.29
111.684688015 1412722813.42
111.74734064 1412722813.57
111.706904767 1412722813.72
111.792149058 1412722813.86
111.809969116 1412722814.01
111.810671171 1412722814.18
111.831540749 1412722814.3
111.831970059 1412722814.44
111.832591321 1412722814.58
111.851593203 1412722814.74
111.851921513 1412722814.91
111.852460563 1412722815.04
111.869849005 1412722815.3
111.870106993 1412722815.44
111.870502589 1412722815.65
111.886501225 1412722815.85
111.886695269 1412722816.02
111.859614424 1412722816.19
111.903843797 1412722816.36
111.903903142 1412722816.53
111.876830589 1412722816.69
111.919662488 1412722816.85
111.892270589 1412722817.03
111.934257837 1412722817.22
111.906548843 1412722817.41
111.947717221 1412722817.59
111.919733581 1412722817.78
111.960162981 1412722817.94
111.931934905 1412722818.09
111.971677286 1412722818.29
111.943225789 1412722818.47
111.982376783 1412722818.65
111.953688769 1412722818.82
111.992315426 1412722819.0
111.963355301 1412722819.17
112.0015323 1412722819.36
111.972334199 1412722819.56
111.971551089 1412722819.76
111.700288168 1412722819.92
111.698206219 1412722820.05
111.7061599 1412722820.16
111.704074015 1412722820.29
111.702063385 1412722820.46
111.709706495 1412722820.63
111.707656097 1412722820.8
111.714907462 1412722820.94
111.71283048 1412722821.09
111.71086181 1412722821.24
111.717866129 1412722821.39
111.715847935 1412722821.52
111.722504235 1412722821.64
111.720434896 1412722821.77
111.726781454 1412722821.88
111.724667651 1412722822.0
111.722720691 1412722822.12
111.728864943 1412722822.24
111.726838835 1412722822.36
111.732693328 1412722822.49
111.730618049 1412722822.63
111.736285941 1412722822.76
111.734183039 1412722822.9
111.705043928 1412722823.07
111.737699998 1412722823.24
111.708506557 1412722823.43
111.740977245 1412722823.58
111.711735921 1412722823.73
111.716745823 1412722823.87
111.748843507 1412722824.04
111.719433851 1412722824.19
111.751338029 1412722824.35
111.721857641 1412722824.5
111.726373661 1412722824.64
111.757917123 1412722824.76
111.728345459 1412722824.9
111.761953421 1412722825.04
111.730067646 1412722825.17
111.72899837 1412722825.32
111.72788964 1412722825.47
111.726823216 1412722825.58
111.725756843 1412722825.72
111.706816918 1412722825.85
111.730315512 1412722825.97
111.711301101 1412722826.1
111.734562292 1412722826.21
111.715451226 1412722826.34
111.738498743 1412722826.48
111.737137294 1412722826.77
111.717974724 1412722826.94
111.740763317 1412722827.15
111.721550323 1412722827.34
111.744103015 1412722827.56
111.742568968 1412722828.04
111.840751722 1412722828.31
111.86838738 1412722828.68
111.874696664 1412722829.07
111.887077643 1412722829.59
111.890377235 1412722829.93
111.879455298 1412722830.18
111.885546609 1412722830.36
111.891449433 1412722830.51
111.894677991 1412722830.65
111.897823221 1412722830.78
111.904513452 1412722830.91
111.911144584 1412722831.05
111.917907083 1412722831.21
111.932648748 1412722831.35
111.906968827 1412722831.47
111.906439283 1412722831.61
111.905430935 1412722831.74
111.834522173 1412722832.01
111.830888702 1412722832.26
111.827267762 1412722832.5
111.823750284 1412722832.82
111.820324959 1412722833.13
111.816910432 1412722833.39
111.813571785 1412722833.59
