29.9572248896 1412729782.61
31.3804927672 1412729783.36
32.2012023994 1412729784.04
32.3566914286 1412729784.69
32.3292749703 1412729785.33
31.6428760207 1412729785.91
31.3730585075 1412729786.56
31.0605807477 1412729787.22
30.2240052656 1412729787.85
29.4514532146 1412729788.48
29.2564352656 1412729789.18
28.6889717601 1412729789.83
28.7053493804 1412729790.48
28.2191884192 1412729791.15
27.4332132669 1412729791.91
26.771208257 1412729792.57
26.39948957 1412729793.32
26.4457108446 1412729794.03
26.5641972732 1412729794.72
26.4722569515 1412729795.42
26.4158313983 1412729796.04
26.1415295677 1412729796.66
25.9443945081 1412729797.32
25.3954374886 1412729797.96
25.2280818004 1412729798.62
25.0587938433 1412729799.26
24.9577707808 1412729799.89
24.8676172042 1412729800.51
25.0254361296 1412729801.22
24.7761782379 1412729801.95
24.6455418575 1412729802.77
24.6223427801 1412729803.57
24.7048414951 1412729804.43
24.8329795085 1412729805.08
25.1261173943 1412729805.75
24.6548873365 1412729806.43
24.5453950038 1412729807.06
24.7419048754 1412729807.75
24.8255039498 1412729808.41
24.8807208766 1412729809.08
24.5828042408 1412729809.75
24.4125722348 1412729810.44
24.3268151697 1412729811.18
24.2896295293 1412729811.87
24.4933346078 1412729812.55
24.2901880495 1412729813.19
24.2393926877 1412729813.9
24.3009636608 1412729814.61
24.2499453836 1412729815.26
24.3166010185 1412729815.87
24.4139302481 1412729816.52
24.326299591 1412729817.16
24.3069361474 1412729817.78
24.1979073556 1412729818.4
24.1707244922 1412729819.02
24.2006081035 1412729819.72
24.149921187 1412729820.42
24.0860846675 1412729821.34
23.9633100118 1412729822.34
23.8200348258 1412729823.05
23.6695221146 1412729823.8
23.4473793791 1412729824.54
23.2159921345 1412729825.3
23.0166935125 1412729826.01
22.8496708225 1412729826.74
22.5162638529 1412729827.46
22.6202574633 1412729828.13
22.4423679063 1412729828.8
22.3986834316 1412729829.46
22.4763623234 1412729830.12
22.3825074878 1412729830.76
22.5790504292 1412729831.41
22.2867598322 1412729832.09
22.3656544969 1412729832.85
22.2322312543 1412729833.46
22.2562362439 1412729834.42
22.5429865129 1412729835.21
22.5130499753 1412729835.96
22.6148929708 1412729837.12
22.797670157 1412729838.12
22.9176525335 1412729838.99
22.7443058594 1412729839.99
22.88510713 1412729840.7
22.6173685864 1412729841.44
22.7737489531 1412729842.22
22.9126444138 1412729842.99
22.6434930551 1412729843.64
22.8652783146 1412729844.32
22.6375460117 1412729845.04
22.6661535475 1412729845.72
22.7358485162 1412729846.41
22.8086115786 1412729847.13
22.7560011729 1412729847.76
22.8195785562 1412729848.4
22.8463752927 1412729849.07
22.8419636432 1412729849.74
22.8116255671 1412729850.63
22.7583421474 1412729851.33
22.778298049 1412729852.04
22.7455464902 1412729852.71
22.6763129144 1412729853.57
22.5401436888 1412729854.39
22.5005450736 1412729855.2
22.5107538399 1412729856.04
22.4774534395 1412729856.94
22.5020397927 1412729857.85
22.4153573084 1412729858.83
22.3238665961 1412729859.76
22.1747311922 1412729860.68
22.1076798757 1412729861.48
21.8088224122 1412729862.38
21.8491550445 1412729863.19
21.8499006093 1412729864.24
21.9143848471 1412729865.46
21.9623712333 1412729866.62
22.0003011738 1412729867.49
21.9556723854 1412729868.48
21.8965213411 1412729869.32
21.9406583443 1412729870.1
21.9966037177 1412729870.97
21.9395279471 1412729871.94
21.9480131345 1412729872.99
22.010651399 1412729873.94
22.0092905943 1412729874.82
22.0254409102 1412729875.57
22.0917707615 1412729876.3
22.100747714 1412729877.16
22.1085979982 1412729877.93
22.0379030854 1412729878.74
22.1178031798 1412729879.56
22.0743023081 1412729880.37
22.0338534871 1412729881.19
22.1393163141 1412729882.03
22.124155059 1412729882.89
22.0780066513 1412729883.72
22.0169043691 1412729884.51
22.0279004002 1412729885.37
22.0620278213 1412729886.23
21.9711669676 1412729887.05
22.0207805451 1412729887.86
22.0794595918 1412729888.66
22.0243420656 1412729889.48
22.0163387808 1412729890.26
22.05133566 1412729891.06
22.0295392724 1412729891.84
22.0419410058 1412729892.65
22.0205284533 1412729893.38
22.0329942406 1412729894.1
22.0116314176 1412729894.86
21.961179102 1412729895.66
21.9693761189 1412729896.47
21.9377628686 1412729897.3
21.9237848226 1412729898.05
21.9508604411 1412729898.86
21.9183573526 1412729899.66
21.9516584795 1412729900.46
22.0006792517 1412729901.23
21.9508774121 1412729902.02
21.9967000124 1412729902.91
21.9470398023 1412729903.67
21.9767665711 1412729904.43
22.1040226543 1412729905.21
22.0955434349 1412729905.97
22.1434349199 1412729906.75
22.1323610779 1412729907.52
22.119859574 1412729908.31
22.1502311327 1412729909.08
22.1388504147 1412729909.84
22.1530903706 1412729910.68
22.1619403909 1412729911.47
22.135565595 1412729912.26
22.1286848285 1412729912.99
22.1183726019 1412729913.82
22.0191688182 1412729914.72
22.0019309412 1412729915.58
21.9788102774 1412729916.49
21.9769497793 1412729917.41
21.9889471189 1412729918.27
21.9759164629 1412729919.14
21.9529716809 1412729919.96
21.9486346448 1412729920.77
21.959204742 1412729921.59
21.9178960147 1412729922.36
21.9305960265 1412729923.17
21.8599212664 1412729923.96
21.8328186491 1412729924.76
21.8213565219 1412729925.62
21.8355942823 1412729926.45
21.825014908 1412729927.23
21.82651138 1412729928.02
21.8162211537 1412729928.79
21.7968507007 1412729929.57
21.7870048081 1412729930.37
21.8118267261 1412729931.14
21.8117755782 1412729932.0
21.8026403974 1412729932.86
21.7904635263 1412729933.67
21.7814453924 1412729934.45
21.774387503 1412729935.28
21.9158189689 1412729936.09
