39.836500048 1412727926.57
39.9993925531 1412727927.18
40.3590996778 1412727927.8
40.2638293828 1412727928.44
40.1851035626 1412727929.1
40.2797678781 1412727929.72
40.5502752752 1412727930.38
40.236862622 1412727931.0
40.4706800654 1412727931.65
39.7876899372 1412727932.27
39.2807650399 1412727932.91
39.6307773451 1412727933.53
39.486894105 1412727934.17
40.0072572128 1412727934.82
39.5774417112 1412727935.5
39.5690356453 1412727936.11
38.6479043007 1412727936.78
38.4961516812 1412727937.4
37.8163866591 1412727938.04
38.165529722 1412727938.72
38.8444916558 1412727939.36
36.7655241475 1412727940.0
37.2738123838 1412727940.62
38.1244183551 1412727941.23
38.1547371918 1412727941.88
37.6664237655 1412727942.55
36.847033518 1412727943.19
36.1178894195 1412727943.84
35.7189546972 1412727944.52
34.7633093515 1412727945.16
34.1042578111 1412727945.83
33.6218602809 1412727946.48
33.6344120301 1412727947.14
33.3374084231 1412727947.82
33.5152044672 1412727948.54
33.3083519399 1412727949.21
33.0498862698 1412727949.97
33.1725349564 1412727950.71
32.9009674183 1412727951.44
32.5709801193 1412727952.2
32.1673670216 1412727952.99
32.0899342976 1412727953.8
32.1215534351 1412727954.63
32.2591039203 1412727955.46
32.0331646497 1412727956.28
32.0597138615 1412727957.14
31.7905714609 1412727957.89
32.1105729245 1412727958.59
31.9568353724 1412727959.27
31.787588542 1412727959.98
31.7672392311 1412727960.68
31.9949814015 1412727961.36
31.5147872266 1412727962.05
31.5312444744 1412727962.71
31.2389064825 1412727963.45
31.0579033981 1412727964.17
30.9195859067 1412727964.96
30.6999214505 1412727965.67
30.8639528712 1412727966.37
30.967937175 1412727967.09
30.9934361832 1412727967.83
31.1445282205 1412727968.57
30.502782504 1412727969.33
30.5376256833 1412727970.08
30.8113581152 1412727970.84
31.1492732119 1412727971.64
31.1209039587 1412727972.43
31.354924619 1412727973.22
31.2299874535 1412727974.1
31.4251811524 1412727974.86
31.4658116949 1412727975.63
31.5495752807 1412727976.38
31.6320139344 1412727977.17
31.5497476343 1412727977.93
31.4984976636 1412727978.71
31.6553224806 1412727979.51
31.6858674462 1412727980.26
31.6590076543 1412727981.04
31.4352043698 1412727981.77
31.5273620066 1412727982.51
31.7387864735 1412727983.24
31.894501914 1412727983.98
31.9271696396 1412727984.72
31.8286649262 1412727985.47
32.0182900971 1412727986.21
31.9769697197 1412727986.96
31.8894416743 1412727987.73
32.0195974249 1412727988.44
32.123645146 1412727989.19
32.1203352965 1412727989.93
32.171280639 1412727990.66
32.035881766 1412727991.39
32.3054639633 1412727992.1
32.5505623262 1412727992.83
32.6557304454 1412727993.54
32.8005040552 1412727994.28
32.734431662 1412727995.05
32.6211308505 1412727995.79
32.8709187598 1412727996.52
32.8663570592 1412727997.26
32.9063271454 1412727998.03
32.9661567026 1412727998.81
33.148837929 1412727999.6
33.2377968289 1412728000.36
33.4425388264 1412728001.12
33.3676087606 1412728001.86
33.4530550732 1412728002.57
33.4565074397 1412728003.32
33.4813223826 1412728004.05
33.6318812428 1412728004.85
33.7148488275 1412728005.6
33.688724548 1412728006.31
33.7559932306 1412728007.11
33.671669577 1412728007.84
33.5031948105 1412728008.58
33.5260311026 1412728009.34
33.5263506891 1412728010.1
33.6118099179 1412728010.87
33.6091842331 1412728011.62
33.727251319 1412728012.37
33.7398619496 1412728013.16
33.7361432378 1412728013.95
33.7328618165 1412728014.73
33.7294745011 1412728015.5
33.7262182167 1412728016.26
33.7228352502 1412728017.04
33.7192994448 1412728017.83
33.7158515594 1412728018.59
33.7124094842 1412728019.39
33.7893824285 1412728020.19
33.7304847222 1412728020.93
33.5903582319 1412728021.71
33.6772409138 1412728022.46
33.6743589 1412728023.23
33.6733534591 1412728023.99
33.5310087516 1412728024.79
33.532075834 1412728025.56
33.5330235355 1412728026.32
33.5096154615 1412728027.07
33.5120979773 1412728027.87
33.62529732 1412728028.63
33.8025011763 1412728029.41
33.814124744 1412728030.14
33.8370108049 1412728030.93
33.9034994098 1412728031.77
33.8905378226 1412728032.55
34.0834560324 1412728033.32
34.0839352124 1412728034.16
33.9749162021 1412728035.04
33.8076002263 1412728035.83
33.8050566494 1412728036.59
33.8030207483 1412728037.37
33.8017541848 1412728038.17
33.8003769245 1412728038.95
33.8145323187 1412728039.73
33.8117121713 1412728040.52
33.8096592937 1412728041.27
33.4810215585 1412728042.01
33.472893623 1412728042.79
33.4646530061 1412728043.59
33.5560252397 1412728044.38
33.5095443798 1412728045.13
33.5001867395 1412728045.89
33.9352394826 1412728046.66
33.8590253984 1412728047.45
33.8665925705 1412728048.24
33.8739434751 1412728048.99
33.8810011588 1412728049.75
33.8875603245 1412728050.47
33.9385131486 1412728051.22
33.9784460559 1412728052.0
33.9977111002 1412728052.77
33.8002139304 1412728053.53
33.8051826162 1412728054.32
33.8138304634 1412728055.11
33.822297477 1412728055.89
33.8359039205 1412728056.68
33.8496790443 1412728057.47
33.8636047481 1412728058.29
33.8775238469 1412728059.14
34.0671851718 1412728059.96
34.0896863615 1412728060.79
34.1119489109 1412728061.65
34.3032240427 1412728062.46
33.9620997761 1412728063.28
34.0001477986 1412728064.09
34.0231057191 1412728064.9
34.0625639458 1412728065.67
34.0445540346 1412728066.46
34.0267501581 1412728067.3
34.0686696553 1412728068.15
34.0335727145 1412728068.97
34.0729916731 1412728069.76
34.0580401925 1412728070.55
34.5430773353 1412728071.3
34.4788687381 1412728072.09
34.3992955906 1412728072.88
34.3999193718 1412728073.7
34.4005101578 1412728074.5
34.3990730247 1412728075.3
