48.288015943 1412721946.7
47.1426768442 1412721946.84
46.7911522615 1412721947.04
46.9444397879 1412721947.23
46.8095520878 1412721947.37
46.7369135388 1412721947.52
46.9189867809 1412721947.69
46.3386811892 1412721947.83
45.8753099882 1412721947.97
46.0317635221 1412721948.1
46.1004063871 1412721948.23
46.767995831 1412721948.45
45.9982651743 1412721948.58
45.9353463714 1412721948.75
46.4433387248 1412721948.88
46.7671746281 1412721949.02
47.0295751504 1412721949.19
47.4548818158 1412721949.36
47.4842547495 1412721949.54
47.4210369358 1412721949.65
47.3808837666 1412721949.79
47.4895401747 1412721949.93
47.1340177837 1412721950.07
47.0955312414 1412721950.22
47.2070981401 1412721950.42
47.1898113263 1412721950.56
46.8076903825 1412721950.72
46.9535945861 1412721950.87
47.0869507548 1412721951.02
47.0831403316 1412721951.15
47.2333199651 1412721951.3
47.3867551607 1412721951.43
47.4188117924 1412721951.57
47.4334711187 1412721951.76
47.4548472409 1412721951.93
47.5592663766 1412721952.13
47.5363906881 1412721952.35
47.640182863 1412721952.5
47.8202704959 1412721952.67
47.8397958834 1412721952.79
47.9369477916 1412721952.97
47.973389165 1412721953.17
48.0157902045 1412721953.32
48.0641510184 1412721953.46
48.4663951536 1412721953.61
48.5250406024 1412721953.8
48.5791304275 1412721953.98
48.6205227138 1412721954.14
49.2298186554 1412721954.31
49.2715012581 1412721954.48
49.3178896797 1412721954.67
49.3353300522 1412721954.86
49.2798228814 1412721955.07
49.3389860725 1412721955.27
49.2004900335 1412721955.45
49.1583634874 1412721955.64
49.210862948 1412721955.86
48.9558279732 1412721956.0
48.9861196062 1412721956.19
49.0188116611 1412721956.36
49.0536872597 1412721956.48
49.0909031447 1412721956.62
49.1305294548 1412721956.74
49.1962264387 1412721956.89
50.1493941404 1412721957.01
50.8908022664 1412721957.12
50.1988408495 1412721957.23
50.2472212407 1412721957.37
50.2986689279 1412721957.52
50.3535075318 1412721957.67
50.4117651823 1412721957.83
50.4735897061 1412721957.99
50.5392510408 1412721958.13
51.3014320185 1412721958.35
50.7210282247 1412721958.51
50.7984726707 1412721958.69
50.6374750815 1412721958.82
51.2743902826 1412721958.98
51.2797166662 1412721959.09
51.4792741844 1412721959.22
52.2172203719 1412721959.35
52.2978343582 1412721959.5
52.0141124087 1412721959.64
52.033844527 1412721959.76
52.0551796825 1412721959.93
52.093262532 1412721960.08
52.0917998244 1412721960.22
52.1360744733 1412721960.43
52.1833453772 1412721960.58
52.2337097076 1412721960.73
52.2872871217 1412721960.85
52.3444176588 1412721960.98
52.4057829625 1412721961.11
52.1477662921 1412721961.26
52.1662483843 1412721961.4
52.1856170809 1412721961.55
52.2059602538 1412721961.72
52.2273459799 1412721961.92
52.2497573869 1412721962.1
52.2733793368 1412721962.29
52.2982512549 1412721962.51
52.3244877641 1412721962.7
52.3530142732 1412721962.86
52.3840696453 1412721963.02
52.4177103257 1412721963.19
52.454298397 1412721963.35
52.4939535256 1412721963.56
52.5370699085 1412721963.76
52.5836705307 1412721963.95
52.1531142492 1412721964.14
52.1819289757 1412721964.34
52.2083688462 1412721964.48
52.2324324828 1412721964.62
52.2543480535 1412721964.77
52.27399752 1412721964.93
52.2914737135 1412721965.08
52.3070650342 1412721965.21
52.3205256602 1412721965.37
52.3320902909 1412721965.57
52.3510272029 1412721965.78
52.3671584451 1412721965.94
52.3807292011 1412721966.12
52.382856133 1412721966.28
52.5560132357 1412721966.5
52.5704452993 1412721966.67
52.5836478371 1412721966.81
52.5955869797 1412721966.95
52.377073879 1412721967.11
52.4070975615 1412721967.26
52.4360338635 1412721967.46
52.4641023851 1412721967.69
52.491021286 1412721967.84
52.5165632291 1412721967.97
52.5407766415 1412721968.1
52.5636748031 1412721968.25
52.5865103657 1412721968.48
52.6086819757 1412721968.73
52.630037281 1412721968.89
52.6506948972 1412721969.06
52.670827466 1412721969.21
52.6904253668 1412721969.38
52.695915697 1412721969.55
52.7014701729 1412721969.72
52.7071050587 1412721969.87
52.7127128213 1412721970.03
52.718419234 1412721970.19
52.7242307283 1412721970.45
52.9728656213 1412721970.62
52.9984371743 1412721970.76
53.0058616454 1412721970.92
53.0133619781 1412721971.07
53.0209348519 1412721971.27
53.0285252984 1412721971.44
53.0362855811 1412721971.58
53.0440735368 1412721971.74
53.0519658507 1412721971.89
53.0598143546 1412721972.02
53.0679022565 1412721972.15
53.076093792 1412721972.28
52.8944946578 1412721972.45
53.0981175992 1412721972.61
52.9171008839 1412721972.72
52.930427064 1412721972.87
52.9432671833 1412721973.03
53.1447585563 1412721973.16
52.9642872981 1412721973.31
52.9795632893 1412721973.48
52.9935524539 1412721973.62
53.1956138994 1412721973.76
53.0130011459 1412721973.93
53.0248821617 1412721974.09
53.0357278095 1412721974.26
53.0455221169 1412721974.52
53.2434928949 1412721974.67
53.0608314414 1412721974.81
53.0689140752 1412721974.96
53.0761744599 1412721975.11
53.082552812 1412721975.28
53.0882339435 1412721975.42
53.0933012655 1412721975.59
53.2859822833 1412721975.8
53.0391436614 1412721975.95
52.9388849309 1412721976.12
52.9520653422 1412721976.32
53.0457625322 1412721976.5
53.059155319 1412721976.69
53.0709016584 1412721976.86
53.0810542182 1412721977.03
53.1735418703 1412721977.17
53.1883434349 1412721977.33
53.2076603227 1412721977.46
53.223389827 1412721977.66
53.2355910647 1412721977.85
53.2441318879 1412721978.01
53.2490526923 1412721978.18
53.2501292367 1412721978.39
53.2473670414 1412721978.57
53.240610314 1412721978.75
53.229603135 1412721978.91
53.2141654634 1412721979.09
