13.8020639671 1412731481.16
13.6784813772 1412731481.77
13.8470478187 1412731482.39
13.9834150584 1412731483.01
13.994579591 1412731483.62
13.9836769958 1412731484.19
13.9163986181 1412731484.76
13.9606473014 1412731485.34
13.8747535874 1412731485.88
13.8083115806 1412731486.45
13.499042992 1412731487.01
13.420467555 1412731487.56
13.4161757107 1412731488.16
13.2469995622 1412731488.75
13.1662957558 1412731489.27
13.2489479306 1412731489.81
13.1942947183 1412731490.34
13.1982432274 1412731490.88
12.8395643841 1412731491.44
12.7275058186 1412731492.01
12.5848320502 1412731492.57
12.4674056832 1412731493.11
12.3661071691 1412731493.67
12.2837644125 1412731494.22
12.2548833407 1412731494.74
12.2026924938 1412731495.29
12.2315485736 1412731495.83
12.1577922685 1412731496.39
12.1873148512 1412731496.97
12.0485077842 1412731497.53
11.99048777 1412731498.05
12.0508097287 1412731498.6
12.0746709194 1412731499.1
12.1633769646 1412731499.65
12.0849912603 1412731500.18
12.0641982457 1412731500.74
12.1808292091 1412731501.27
12.0966427398 1412731501.8
12.0368746567 1412731502.34
12.0214886848 1412731502.89
12.0461615261 1412731503.43
11.7080238495 1412731503.97
11.5169132191 1412731504.54
11.4296345591 1412731505.09
11.4282616572 1412731505.67
11.3696872545 1412731506.25
11.3272755128 1412731506.79
11.3563226609 1412731507.36
11.2705613043 1412731507.96
11.1904691184 1412731508.54
11.1226820499 1412731509.1
11.3359851989 1412731509.67
11.3115676247 1412731510.21
11.3068668052 1412731510.84
11.2665530891 1412731511.41
11.1755591173 1412731512.01
11.234915323 1412731512.57
11.2205790362 1412731513.19
11.2115705246 1412731513.79
11.2207036283 1412731514.36
11.1910020857 1412731514.99
11.260678351 1412731515.57
11.2053511969 1412731516.14
11.1786037954 1412731516.77
11.2269648224 1412731517.47
11.1738925179 1412731518.1
11.197362499 1412731518.77
11.156183486 1412731519.44
11.1037872095 1412731520.08
11.1112412406 1412731520.75
11.0896342683 1412731521.45
11.03812904 1412731522.11
11.1056706806 1412731522.78
11.0347091926 1412731523.45
11.0247294292 1412731524.11
10.9597576726 1412731524.75
10.9454189157 1412731525.39
10.9839871307 1412731526.03
10.9924235622 1412731526.74
10.9806486923 1412731527.36
11.0201400983 1412731528.02
10.9913479275 1412731528.63
11.0158434472 1412731529.29
11.0449074684 1412731529.89
10.9972609352 1412731530.51
10.9831296269 1412731531.15
10.9665525014 1412731531.8
10.9716680326 1412731532.46
10.9819015033 1412731533.1
10.973596352 1412731533.71
10.9607789759 1412731534.32
10.9742050676 1412731534.95
10.9845211067 1412731535.58
10.9883995662 1412731536.2
10.9400227216 1412731536.84
10.9544979336 1412731537.44
11.0130712402 1412731538.05
10.9988746731 1412731538.66
11.0150354478 1412731539.3
10.9834958829 1412731539.91
10.9561599098 1412731540.52
11.0038744042 1412731541.18
10.9704042112 1412731541.8
10.9385097032 1412731542.42
10.9605180411 1412731543.03
10.9208808089 1412731543.61
10.872507891 1412731544.24
10.855156575 1412731544.87
10.8330709954 1412731545.46
10.7885170441 1412731546.08
10.7721180751 1412731546.67
10.802418809 1412731547.29
10.7812574083 1412731547.95
10.8278921115 1412731548.61
10.7916071545 1412731549.18
10.7520293736 1412731549.78
10.7483721251 1412731550.43
10.6446846046 1412731551.05
10.6129520256 1412731551.65
10.6500802192 1412731552.24
10.6185616138 1412731552.87
10.6226425421 1412731553.46
10.612123693 1412731554.06
10.6138864543 1412731554.7
10.5721387777 1412731555.3
10.5472169381 1412731555.9
10.5512950369 1412731556.5
10.4766213046 1412731557.11
10.4537967465 1412731557.7
10.4235164993 1412731558.29
10.369268255 1412731558.89
10.3084301251 1412731559.48
10.2870421039 1412731560.05
10.3468839943 1412731560.66
10.3097408441 1412731561.29
10.2820647014 1412731561.91
10.2926571355 1412731562.53
10.2402486066 1412731563.1
10.2375340348 1412731563.71
10.1702825578 1412731564.32
10.1875478005 1412731564.93
10.1565370675 1412731565.5
10.1490838252 1412731566.11
10.1571659638 1412731566.71
10.1373783388 1412731567.3
10.1361301023 1412731567.94
10.1471798475 1412731568.54
10.0835154154 1412731569.15
10.1513132277 1412731569.72
10.1349181824 1412731570.33
10.1529828099 1412731570.94
10.1374562542 1412731571.51
10.1319995376 1412731572.14
10.1282606929 1412731572.93
10.1152062863 1412731573.7
10.1079053976 1412731574.49
10.1124498074 1412731575.19
10.0885575652 1412731575.95
9.98221471877 1412731576.7
9.98275862738 1412731577.38
9.97139597198 1412731578.11
10.0039047477 1412731578.89
10.0103841266 1412731579.66
10.0204426399 1412731580.38
9.99419415185 1412731581.17
9.99993944294 1412731581.84
9.93381049168 1412731582.61
9.9357578271 1412731583.37
9.94592720625 1412731584.13
9.9605029913 1412731584.87
9.96707404297 1412731585.58
9.97029148517 1412731586.35
9.98580462919 1412731587.11
9.99414984219 1412731587.87
9.97801593097 1412731588.65
9.99511877195 1412731589.46
9.97907931825 1412731590.25
10.0091553362 1412731591.04
9.98614185454 1412731591.78
9.99065434517 1412731592.57
9.99257988337 1412731593.32
9.98623030112 1412731594.06
9.97826867907 1412731594.82
9.98855780341 1412731595.59
9.98506755036 1412731596.35
9.94880325072 1412731597.14
9.98691563261 1412731597.91
9.95084763083 1412731598.63
9.98886031195 1412731599.39
9.94023313823 1412731600.15
9.95579012473 1412731600.91
9.97277762493 1412731601.68
9.95863707745 1412731602.47
9.97546013863 1412731603.25
9.96146387728 1412731604.09
9.96293382352 1412731604.7
9.93752499116 1412731605.32
9.93977730999 1412731605.95
9.95011236483 1412731606.57
9.95400738036 1412731607.18
