18.4847776607 1412744104.61
18.6627224779 1412744106.09
18.6925021307 1412744107.59
18.8690016237 1412744109.11
18.9737096525 1412744110.66
19.0787649497 1412744112.14
19.1712090692 1412744113.69
19.2112798033 1412744115.19
19.244586613 1412744116.68
19.1492020896 1412744118.13
19.0241581105 1412744119.56
18.9309596219 1412744121.08
18.7100914094 1412744122.56
18.5887722581 1412744124.04
18.5216918039 1412744125.52
18.3003438178 1412744127.01
18.1347639453 1412744128.48
17.8268076535 1412744129.95
17.6776003341 1412744131.37
17.4611274586 1412744132.84
17.3821130501 1412744134.28
17.2695453085 1412744135.76
17.0934280576 1412744137.21
17.2044431787 1412744138.62
16.9327197144 1412744140.04
16.8555916874 1412744141.48
16.7978647624 1412744142.91
16.7671623337 1412744144.3
16.8004568388 1412744145.73
16.8612345643 1412744147.2
16.9401877268 1412744148.61
16.9296935511 1412744149.98
16.668787484 1412744151.34
16.6255374868 1412744152.77
16.4809791944 1412744154.19
16.0481447981 1412744155.61
15.7338902504 1412744156.98
15.6962106023 1412744158.35
15.5460517782 1412744159.81
15.577060843 1412744161.15
15.3966546938 1412744162.52
15.2825919163 1412744163.93
15.098563954 1412744165.32
15.1085099062 1412744166.69
15.036495888 1412744168.06
14.9500527788 1412744169.43
14.8447402621 1412744170.8
14.8433091233 1412744172.14
14.7116907724 1412744173.46
14.7223521302 1412744174.81
14.6459565353 1412744176.18
14.6572543598 1412744177.6
14.6655373247 1412744178.95
14.6111418771 1412744180.33
14.4902211888 1412744181.67
14.497654327 1412744183.05
14.3413725232 1412744184.46
14.3119542518 1412744185.84
14.1506337418 1412744187.18
14.1007009099 1412744188.51
14.0715134116 1412744189.89
13.9019663468 1412744191.28
13.8369975816 1412744192.59
13.6927019935 1412744193.89
13.6112249962 1412744195.22
13.4523283707 1412744196.56
13.3209392315 1412744197.99
13.2080068403 1412744199.35
13.1330219034 1412744200.67
13.0202437765 1412744201.96
13.0217124816 1412744203.29
12.8656721689 1412744204.63
12.8790282727 1412744205.98
12.7141359713 1412744207.4
12.6347190781 1412744208.85
12.5800139175 1412744210.22
12.4642036917 1412744211.6
12.4278553894 1412744212.96
12.2732947511 1412744214.31
12.1846354713 1412744215.69
12.0900146916 1412744217.03
11.9101739447 1412744218.35
11.8879769425 1412744219.7
11.7282432482 1412744221.03
11.610802369 1412744222.4
11.5562485034 1412744223.73
11.4907682348 1412744225.05
11.4632090779 1412744226.38
11.4003350965 1412744227.72
11.3983622886 1412744229.04
11.3626533155 1412744230.39
11.2971157235 1412744231.7
11.2413810214 1412744233.07
11.1594017098 1412744234.43
11.077198701 1412744235.77
11.0189177951 1412744237.1
10.9566917283 1412744238.42
10.8853924625 1412744239.69
10.8316478829 1412744240.95
10.7600045795 1412744242.32
10.6729014142 1412744243.67
10.5485745441 1412744244.98
10.4735672894 1412744246.31
10.4271056041 1412744247.66
10.4581414888 1412744249.0
10.4325816054 1412744250.37
10.4573939193 1412744251.73
10.3555560555 1412744253.09
10.3871666492 1412744254.45
10.3838802748 1412744255.82
10.3283749237 1412744257.18
10.277547556 1412744258.51
10.2653950368 1412744259.89
10.2739573103 1412744261.25
10.2301362592 1412744262.6
10.172423117 1412744264.07
10.189617692 1412744265.46
10.1812051923 1412744266.84
10.0968246256 1412744268.23
10.0638983268 1412744269.59
10.0299855469 1412744271.0
9.96734403005 1412744272.39
10.0170222694 1412744273.78
10.0034387165 1412744275.13
9.96063564053 1412744276.51
9.88453673374 1412744277.89
9.92270136264 1412744279.28
9.91452363388 1412744280.67
9.8733226713 1412744282.03
9.90279842444 1412744283.36
9.87545497619 1412744284.72
9.86441044235 1412744286.09
9.88082885648 1412744287.48
9.83069218089 1412744288.86
9.80117419032 1412744290.19
9.76197961575 1412744291.56
9.79128666668 1412744292.97
9.84040049323 1412744294.28
9.80729960998 1412744295.65
9.71968440508 1412744297.01
9.77937224632 1412744298.37
9.76854152498 1412744299.75
9.70741461144 1412744301.16
9.69967312828 1412744302.49
9.64824999622 1412744303.85
9.67615085734 1412744305.21
9.66480066138 1412744306.63
9.65245689714 1412744307.96
9.62957056176 1412744309.36
9.52191477314 1412744310.74
9.53648547119 1412744312.13
9.49682193564 1412744313.52
9.50468412446 1412744314.89
9.47959773082 1412744316.28
9.48428746064 1412744317.64
9.52584362022 1412744319.01
9.49317237982 1412744320.38
9.5168439405 1412744321.73
9.45670516613 1412744323.09
9.44695966421 1412744324.42
9.40708034045 1412744325.8
9.39981713915 1412744327.16
9.36501519372 1412744328.5
9.34109426948 1412744329.88
9.31888889923 1412744331.25
9.32292739868 1412744332.61
9.27258991821 1412744334.0
9.23395791142 1412744335.38
9.22068886717 1412744336.73
9.23212721915 1412744338.09
9.25567430285 1412744339.43
9.23871389006 1412744340.75
9.2452090942 1412744342.1
9.23315683547 1412744343.47
9.21977253878 1412744344.85
9.23018234177 1412744346.24
9.21395240598 1412744347.6
9.20726590005 1412744349.0
9.21698301918 1412744350.31
9.21747424498 1412744351.62
9.1838986795 1412744353.01
9.1662241677 1412744354.39
9.12913948816 1412744355.72
9.12099139273 1412744357.09
9.11325193979 1412744358.45
9.08756642218 1412744359.8
9.08270233196 1412744361.2
9.071686036 1412744362.56
9.03045531532 1412744363.94
9.03357253106 1412744365.28
9.00583656347 1412744366.64
9.02898431825 1412744368.0
8.99145279916 1412744369.36
9.00363063704 1412744370.67
9.00232107362 1412744372.09
9.03188479189 1412744373.45
9.01853220978 1412744374.84
8.97974983129 1412744376.2
8.96391673077 1412744377.55
8.98361328519 1412744378.93
