25.6796139384 1412722225.43
24.115817399 1412722225.54
23.4455854724 1412722225.83
22.3326286502 1412722226.01
21.1191496989 1412722226.12
20.5987881275 1412722226.24
20.1147190115 1412722226.44
20.5044913297 1412722226.56
20.9420064596 1412722226.69
21.5231812605 1412722226.8
21.8562587218 1412722226.9
22.0524199934 1412722226.99
22.4237589928 1412722227.09
22.5489551124 1412722227.22
22.5930774223 1412722227.37
22.7510494261 1412722227.46
22.6677125268 1412722227.57
22.8030699959 1412722227.67
22.6197702881 1412722227.76
22.6111514808 1412722227.84
22.6543202009 1412722227.92
22.4663509539 1412722228.01
22.7105514859 1412722228.1
22.6742496084 1412722228.2
22.6465054058 1412722228.32
22.6118998764 1412722228.41
22.6769747117 1412722228.52
22.6241338474 1412722228.64
22.5652612667 1412722228.78
22.2707341171 1412722228.91
22.1830839524 1412722229.02
22.0277784089 1412722229.12
21.9594095204 1412722229.23
22.2395348328 1412722229.36
22.102455349 1412722229.45
21.991398568 1412722229.55
21.9560356204 1412722229.63
21.8175332485 1412722229.73
21.696011415 1412722229.83
21.2406245076 1412722229.91
20.8579989824 1412722230.0
20.7422774107 1412722230.09
20.5089319522 1412722230.25
20.3867876554 1412722230.38
20.1506562696 1412722230.52
19.7911595275 1412722230.64
19.5120810446 1412722230.71
19.2144957232 1412722230.8
18.8768512876 1412722230.9
18.4338808558 1412722231.01
18.3331172507 1412722231.1
18.1143614743 1412722231.2
17.9064914221 1412722231.31
17.8191051718 1412722231.42
17.3922134966 1412722231.54
17.1971702726 1412722231.63
17.0708785785 1412722231.74
16.8173273121 1412722231.83
16.6368699179 1412722231.94
16.5459353046 1412722232.05
16.5369167748 1412722232.14
16.4479705033 1412722232.25
16.187577943 1412722232.35
16.1138938641 1412722232.48
16.025805151 1412722232.63
15.9220201883 1412722232.74
15.8210389952 1412722232.84
15.5337961716 1412722232.97
15.448959337 1412722233.1
15.3746602002 1412722233.2
15.10864359 1412722233.3
15.0326274741 1412722233.46
14.9748283384 1412722233.57
14.6323636909 1412722233.67
14.5589652769 1412722233.8
14.4906100867 1412722233.98
14.4307950606 1412722234.1
14.2446025578 1412722234.2
14.1894828552 1412722234.31
14.0340507241 1412722234.41
13.8312984878 1412722234.49
13.7678501471 1412722234.59
13.7107834678 1412722234.7
13.5090537159 1412722234.79
13.1488416563 1412722234.89
13.0623012183 1412722234.99
13.0260647687 1412722235.08
12.9838215781 1412722235.16
12.7148268523 1412722235.26
12.4773044497 1412722235.41
12.4426963768 1412722235.5
12.3548923514 1412722235.63
12.3233999511 1412722235.73
12.348997384 1412722235.83
12.3191413446 1412722235.93
12.2898408168 1412722236.03
12.0643661458 1412722236.16
12.0498000524 1412722236.42
12.0348857426 1412722236.57
12.0108010667 1412722236.69
11.9798885357 1412722236.89
11.9574434369 1412722237.15
11.9383315165 1412722237.33
11.6281563834 1412722237.46
11.6135459295 1412722237.62
11.5950130224 1412722237.82
11.5798060814 1412722238.01
11.5652887496 1412722238.17
11.5469544446 1412722238.3
11.5737483071 1412722238.44
11.5622477038 1412722238.6
11.5443874123 1412722238.79
11.3718613541 1412722238.94
11.377500149 1412722239.05
11.3719959936 1412722239.16
11.3738746608 1412722239.28
11.3609696142 1412722239.38
11.3489012117 1412722239.51
11.3103104024 1412722239.62
11.3005284738 1412722239.73
11.2866273742 1412722239.84
11.2780688865 1412722239.96
11.2656427877 1412722240.07
11.2672931992 1412722240.19
11.2602285269 1412722240.3
11.2535046594 1412722240.45
11.2491402631 1412722240.56
11.2435036782 1412722240.68
11.2367663704 1412722240.8
11.2271102774 1412722240.9
11.0764517803 1412722241.07
10.8494554257 1412722241.28
10.8478348969 1412722241.47
10.8426239145 1412722241.65
10.8394620586 1412722241.86
10.8351438781 1412722242.24
10.8297774801 1412722242.48
10.8233441672 1412722242.66
10.8119505607 1412722242.87
10.8048931971 1412722243.03
10.796756881 1412722243.14
10.7881336929 1412722243.28
10.7780196245 1412722243.4
10.7723338854 1412722243.5
10.7596310393 1412722243.63
10.7457149439 1412722243.74
10.7303037229 1412722243.86
10.7108297512 1412722243.97
10.6931232613 1412722244.07
10.6600335829 1412722244.17
10.6992983736 1412722244.28
10.8340220582 1412722244.41
10.6671295134 1412722244.52
10.7224026326 1412722244.63
10.640039524 1412722244.74
10.5920833278 1412722244.86
10.5484053086 1412722244.97
10.510396514 1412722245.08
10.5476001603 1412722245.19
10.510236998 1412722245.35
10.4729453937 1412722245.47
10.3496927234 1412722245.6
10.3184951736 1412722245.74
10.3674492672 1412722245.86
10.3090668347 1412722245.98
10.2590243798 1412722246.09
10.2091255377 1412722246.21
10.1251985842 1412722246.34
10.1499857845 1412722246.47
10.2067339817 1412722246.57
10.0601606319 1412722246.67
10.1142707328 1412722246.8
10.1385307251 1412722246.93
10.1193046377 1412722247.05
10.1233087407 1412722247.19
10.1345253978 1412722247.32
10.1453114215 1412722247.43
10.1670688289 1412722247.55
10.100654707 1412722247.69
9.93990042672 1412722247.95
9.8749288375 1412722248.16
9.83396361861 1412722248.4
9.79822585648 1412722248.61
9.7672040673 1412722248.82
9.77355912773 1412722248.94
9.79870038813 1412722249.06
9.68793761493 1412722249.21
9.67119280193 1412722249.34
9.70885403811 1412722249.45
9.7239627145 1412722249.57
9.7421976306 1412722249.74
9.61229678172 1412722249.87
9.65142456759 1412722249.98
9.6691957255 1412722250.13
9.66722756909 1412722250.25
9.67838540589 1412722250.38
9.68858899011 1412722250.5
9.69780967484 1412722250.64
9.69082554869 1412722250.79
9.70119563568 1412722250.91
