16.0895698212 1412739482.14
15.9785865379 1412739483.16
15.5991995624 1412739484.22
15.5618503783 1412739485.19
15.5669495645 1412739486.18
15.5130609205 1412739487.21
15.4447722693 1412739488.15
15.1910654371 1412739489.06
14.9722913194 1412739490.01
14.7813184226 1412739490.95
14.6157828288 1412739491.87
14.65345891 1412739492.81
14.6940470115 1412739493.81
14.8745746124 1412739495.13
15.1395558651 1412739496.15
15.130430444 1412739497.13
15.1358757367 1412739498.06
15.4893496292 1412739498.97
14.9589729469 1412739499.9
14.4493734198 1412739500.82
14.3896571821 1412739501.74
14.3520164308 1412739502.69
14.1889344349 1412739503.62
13.9940436458 1412739504.56
13.9991077157 1412739505.48
13.9890319133 1412739506.41
13.9261686359 1412739507.36
13.8201142294 1412739508.36
13.7271049481 1412739509.33
13.6293588837 1412739510.27
13.5493850064 1412739511.21
13.4611443715 1412739512.2
13.325836578 1412739513.15
13.0834046068 1412739514.13
13.0363843292 1412739515.28
13.0574187917 1412739516.23
13.0806387945 1412739517.29
13.2010691797 1412739518.25
13.0763337372 1412739519.25
13.0740996114 1412739520.22
13.0080495211 1412739521.25
13.1099210243 1412739522.21
13.0966396424 1412739523.13
13.0831711229 1412739524.14
13.0691400205 1412739525.08
13.0814135229 1412739526.05
13.1578034304 1412739527.04
13.1433279925 1412739527.99
13.1626929693 1412739529.01
13.1351258786 1412739529.98
13.1300836856 1412739530.93
13.1560798359 1412739532.02
13.1151159911 1412739533.07
13.108318705 1412739534.08
13.0905523686 1412739535.07
13.107432189 1412739536.06
13.0865793491 1412739537.0
13.064129074 1412739538.05
13.0242720429 1412739539.01
12.9898848374 1412739540.01
12.9968712023 1412739540.96
12.9528163956 1412739541.94
12.9961909953 1412739542.88
12.9511542248 1412739543.83
12.9377111992 1412739544.81
12.8905633222 1412739545.77
12.8613759176 1412739546.74
12.7489213866 1412739547.7
12.7337616762 1412739548.71
12.6674958175 1412739549.66
12.6197756613 1412739550.61
12.5578328487 1412739551.59
12.4158527874 1412739552.51
12.3825521292 1412739553.45
12.2930755007 1412739554.4
12.2463755329 1412739555.38
12.2071924977 1412739556.32
12.1910674437 1412739557.24
12.1426749936 1412739558.21
12.0138588937 1412739559.11
11.9686347837 1412739560.05
11.8801456708 1412739560.99
11.8368996355 1412739561.96
11.7414757595 1412739562.86
11.5902184554 1412739563.79
11.5505475588 1412739564.75
11.5419884384 1412739565.69
11.5457261778 1412739566.65
11.4456441245 1412739567.58
11.4752747969 1412739568.56
11.5610231199 1412739569.47
11.6940358749 1412739570.45
11.7728166781 1412739571.37
11.8321429279 1412739572.27
11.9010777211 1412739573.27
11.9232893501 1412739574.24
11.9588903159 1412739575.23
12.0159841786 1412739576.19
11.966973598 1412739577.12
11.9698503264 1412739578.06
11.9621521471 1412739579.01
11.9813760435 1412739580.01
11.9702785089 1412739580.99
11.9525658089 1412739582.02
11.9599048592 1412739582.97
11.9609769543 1412739583.9
11.9217674039 1412739584.85
11.9292607047 1412739585.78
11.9315120978 1412739586.76
11.8914004092 1412739587.77
11.9100096924 1412739588.77
11.890391762 1412739589.82
11.8528075838 1412739590.88
11.858080601 1412739591.98
11.8392482807 1412739592.99
11.8691819936 1412739593.98
11.8486761752 1412739595.02
11.87080761 1412739596.02
11.8548798455 1412739596.99
11.8852756794 1412739597.95
11.8572419328 1412739598.95
11.7941239788 1412739599.97
11.7728947491 1412739600.95
11.7666235817 1412739601.92
11.7712365016 1412739602.92
11.7234975853 1412739603.88
11.7305897737 1412739604.9
11.6862271736 1412739605.85
11.682304523 1412739606.81
11.6882577661 1412739607.77
11.6732355184 1412739608.76
11.6762918194 1412739609.74
11.6078992711 1412739610.7
11.5850961457 1412739611.61
11.5420113336 1412739612.53
11.4927378422 1412739613.47
11.4980285985 1412739614.37
11.4952165593 1412739615.33
11.4965924133 1412739616.27
11.5111842456 1412739617.17
11.5129051215 1412739618.08
11.4870208401 1412739618.98
11.4811087291 1412739619.89
11.4738228127 1412739620.78
11.4649243669 1412739621.7
11.4415246201 1412739622.67
11.4411856593 1412739623.6
11.4374173475 1412739624.53
11.439534299 1412739625.46
11.5296064101 1412739626.45
11.5142761604 1412739627.35
11.5115484533 1412739628.27
11.5268486846 1412739629.21
11.4793237043 1412739630.16
11.4763202101 1412739631.08
11.4498130111 1412739631.99
11.4374508377 1412739632.91
11.4730356508 1412739633.88
11.4707665497 1412739634.8
11.4697873899 1412739635.69
11.4510989287 1412739636.59
11.450277575 1412739637.48
11.442973097 1412739638.39
11.4481066789 1412739639.27
11.435819739 1412739640.15
11.4482461659 1412739641.05
11.4346813774 1412739641.97
11.4127881787 1412739642.87
11.3893244891 1412739643.77
11.3870505544 1412739644.64
11.3791883192 1412739645.52
11.3685453374 1412739646.41
11.3394874921 1412739647.3
11.2904856232 1412739648.24
11.2579285212 1412739649.13
11.3008331325 1412739650.01
11.2782529815 1412739650.95
11.2333565659 1412739651.88
11.1675778832 1412739652.82
11.1187783095 1412739653.78
11.1304086331 1412739654.7
11.0691154838 1412739655.63
11.0169821404 1412739656.54
10.9586023631 1412739657.42
10.8942403361 1412739658.3
10.8970092995 1412739659.18
10.8326158763 1412739660.1
10.8154125805 1412739661.02
10.7274119419 1412739661.94
10.6702592368 1412739662.86
10.6170984538 1412739663.77
10.6242588831 1412739664.68
10.5946217471 1412739665.58
10.5773236167 1412739666.51
10.538147022 1412739667.42
10.4883963066 1412739668.33
10.5195607979 1412739669.25
10.5932679379 1412739670.18
10.6011915588 1412739671.11
10.6162909137 1412739672.01
