14.8180762704 1412758087.71
15.2290507215 1412758089.22
15.8458180855 1412758090.67
16.4414286826 1412758092.13
16.7780227417 1412758093.61
16.9817819128 1412758095.08
17.1600694374 1412758096.57
17.2644920773 1412758098.01
17.4523190913 1412758099.46
17.536622916 1412758100.91
17.4890348246 1412758102.32
17.3673116706 1412758103.78
17.2602054541 1412758105.2
17.0779718679 1412758106.55
16.8012332945 1412758107.93
16.5105405942 1412758109.31
16.2957420723 1412758110.67
16.042618684 1412758112.03
15.8329812378 1412758113.4
15.614538182 1412758114.75
15.6122704477 1412758116.09
15.4837621902 1412758117.42
15.2742431232 1412758118.8
15.3187075595 1412758120.16
15.1799807549 1412758121.47
15.0579187487 1412758122.78
15.0884242311 1412758124.15
15.1705855036 1412758125.47
15.1201176918 1412758126.8
14.8880709245 1412758128.1
14.6092645021 1412758129.46
14.417238703 1412758130.8
14.4129979557 1412758132.13
14.4182158166 1412758133.5
14.3867452852 1412758134.81
14.3994301886 1412758136.14
14.1399080579 1412758137.55
14.1013601952 1412758138.9
13.7877638012 1412758140.22
13.5039620877 1412758141.53
13.5396768351 1412758142.85
13.1597460563 1412758144.18
13.3487821821 1412758145.46
12.9566157836 1412758146.82
12.6347246963 1412758148.15
12.6978871633 1412758149.46
12.9658503574 1412758150.78
12.4473828746 1412758152.09
12.745704997 1412758153.4
12.3561229192 1412758154.73
11.8283829173 1412758156.05
11.9568231452 1412758157.35
11.5803257956 1412758158.72
11.6755587872 1412758160.03
11.3928335519 1412758161.32
11.4362245377 1412758162.62
11.241605766 1412758163.94
11.220023112 1412758165.25
10.9711558896 1412758166.54
10.9332132442 1412758167.83
10.8705588277 1412758169.14
10.7845942052 1412758170.45
10.7513542872 1412758171.75
10.7512487946 1412758173.08
10.6271557921 1412758174.38
10.5626870153 1412758175.7
10.5206222106 1412758176.98
10.485295012 1412758178.24
10.415021828 1412758179.51
10.412577102 1412758180.78
10.4404126125 1412758182.04
10.3348098308 1412758183.33
10.2781825082 1412758184.68
10.2173370867 1412758185.97
10.1824635416 1412758187.26
10.1131500598 1412758188.57
9.98667717792 1412758189.86
9.65189608407 1412758191.14
9.74951882032 1412758192.48
9.47712361708 1412758193.77
9.59242866049 1412758195.03
9.34968265637 1412758196.38
9.45029982484 1412758197.63
9.23107796373 1412758198.9
9.23362567223 1412758200.16
9.14683953553 1412758201.45
9.21460424933 1412758202.69
9.07655740179 1412758203.99
9.11041731573 1412758205.26
8.999581549 1412758206.54
8.98630288608 1412758207.78
8.89178287014 1412758209.04
8.84989585784 1412758210.33
8.82242556971 1412758211.59
8.78806325379 1412758212.87
8.72281186266 1412758214.1
8.70650541725 1412758215.38
8.66410096891 1412758216.66
8.66430823774 1412758217.93
8.60645145509 1412758219.18
8.54466031503 1412758220.45
8.52707229327 1412758221.72
8.4528936123 1412758222.97
8.41018942809 1412758224.22
8.41302876908 1412758225.46
8.37809827003 1412758226.7
8.3331908447 1412758227.92
8.28577793058 1412758229.19
8.26151227391 1412758230.43
8.19416616142 1412758231.66
8.17545145763 1412758232.93
8.1095490843 1412758234.21
8.10670594998 1412758235.43
8.05945859447 1412758236.66
8.01296287435 1412758237.95
7.96307724209 1412758239.23
8.03882093704 1412758240.51
8.0267728948 1412758241.78
8.01058827635 1412758243.03
7.94620815205 1412758244.3
7.931352418 1412758245.58
7.89584582268 1412758246.82
7.89307193116 1412758248.06
7.81557467291 1412758249.35
7.8539431227 1412758250.62
7.79986780767 1412758251.87
7.81299469303 1412758253.14
7.79551300423 1412758254.41
7.77301812792 1412758255.71
7.78536644767 1412758256.97
7.73421100858 1412758258.18
7.73090617132 1412758259.42
7.69582665019 1412758260.66
7.70375288893 1412758261.93
7.66470583992 1412758263.2
7.67816029088 1412758264.45
7.61220799245 1412758265.71
7.60703303667 1412758266.96
7.57263633753 1412758268.2
7.55962303739 1412758269.45
7.55557272824 1412758270.67
7.51957123021 1412758271.95
7.49551735056 1412758273.2
7.4638850378 1412758274.48
7.42693382427 1412758275.7
7.39572669557 1412758276.95
7.38125778351 1412758278.19
7.35206991652 1412758279.47
7.31642741262 1412758280.67
7.30845240838 1412758281.92
7.26804431163 1412758283.17
7.23202248536 1412758284.43
7.21363922449 1412758285.73
7.14442062867 1412758286.99
7.11479652428 1412758288.25
7.07968489837 1412758289.48
7.07404072013 1412758290.73
7.02254668556 1412758291.94
7.00133283184 1412758293.14
6.99035160073 1412758294.35
6.95823003869 1412758295.6
6.92038262062 1412758296.96
6.91533405106 1412758298.22
6.87322431828 1412758299.48
6.85599073195 1412758300.75
6.83873997743 1412758302.0
6.80749585071 1412758303.25
6.79667879486 1412758304.49
6.77491680544 1412758305.76
6.72755852722 1412758307.01
6.68919215157 1412758308.24
6.67357130933 1412758309.5
6.66299353598 1412758310.74
6.64434752971 1412758311.95
6.61201296473 1412758313.18
6.57389579215 1412758314.43
6.53674207421 1412758315.66
6.50564122705 1412758316.93
6.48958673297 1412758318.15
6.44139707053 1412758319.38
6.43268674765 1412758320.68
6.38288882693 1412758321.9
6.35108497857 1412758323.12
6.32216769361 1412758324.36
6.29368532232 1412758325.61
6.26553875855 1412758326.83
6.21639525077 1412758328.07
6.18938309512 1412758329.3
6.13553859962 1412758330.55
6.10126078375 1412758331.79
6.08768385062 1412758333.03
6.04633664662 1412758334.22
6.02669453373 1412758335.45
6.02941866185 1412758336.69
6.00188890773 1412758337.94
5.97614650215 1412758339.2
5.94803547529 1412758340.41
5.93206364834 1412758341.64
5.90155680222 1412758342.85
5.88729145453 1412758344.07
