25.4994011265 1412739032.55
25.7894901074 1412739033.58
25.9785952863 1412739034.58
25.9309990554 1412739035.72
25.9028584392 1412739036.78
25.8888597979 1412739037.94
25.8707143123 1412739039.03
25.5973360777 1412739040.2
25.375636965 1412739041.32
25.0414020081 1412739042.48
24.8842539498 1412739043.65
24.3816137441 1412739044.96
24.0852620882 1412739046.1
23.624849065 1412739047.3
23.220287079 1412739048.45
22.7913059846 1412739049.59
22.4893242944 1412739050.76
22.203968536 1412739051.91
21.9104392538 1412739053.06
21.7073429919 1412739054.18
21.4389998669 1412739055.33
21.4182149381 1412739056.47
21.1258913 1412739057.6
21.1070253075 1412739058.78
21.1430231867 1412739059.94
21.0273462333 1412739061.23
20.9754656396 1412739062.52
20.7531335126 1412739063.64
20.4789948107 1412739064.82
20.1939739436 1412739065.99
20.022050437 1412739067.15
19.9222668528 1412739068.32
19.7177872219 1412739069.49
19.4938947158 1412739070.6
19.4518679784 1412739071.8
19.2258037379 1412739072.9
18.9361825782 1412739074.04
18.7127613564 1412739075.18
18.5377175642 1412739076.33
18.4494436246 1412739077.45
18.2951703362 1412739078.6
18.1738778804 1412739079.76
18.0096768429 1412739080.98
17.8313489685 1412739082.19
17.6310190139 1412739083.32
17.465138376 1412739084.43
17.3825373674 1412739085.55
17.0750401645 1412739086.67
16.8685015659 1412739087.83
16.7813312739 1412739088.91
16.6832181809 1412739090.05
16.6309731473 1412739091.17
16.2220750795 1412739092.3
16.2027725899 1412739093.38
16.2193218622 1412739094.48
16.0432231402 1412739095.62
15.9225525127 1412739096.75
15.9824650979 1412739097.9
15.8436699123 1412739099.04
15.8053659716 1412739100.17
15.5983577725 1412739101.33
15.5836746183 1412739102.45
15.5560543997 1412739103.56
15.4696594865 1412739104.71
15.2775696837 1412739105.82
15.2365420619 1412739106.96
15.2086816301 1412739108.09
15.1521247071 1412739109.23
15.0995640095 1412739110.37
15.0512130398 1412739111.55
14.8660223856 1412739112.68
14.9008066251 1412739113.85
14.8234230114 1412739115.01
14.8788908359 1412739116.16
14.7763026211 1412739117.3
14.5266658059 1412739118.44
14.6033332577 1412739119.6
14.525944224 1412739120.79
14.5369696575 1412739121.95
14.5272641039 1412739123.13
14.5066900024 1412739124.28
14.4920157694 1412739125.44
14.4625734358 1412739126.59
14.4757833149 1412739127.79
14.4446486174 1412739128.99
14.3958402497 1412739130.17
14.3942777061 1412739131.38
14.2115066735 1412739132.63
14.1904044623 1412739133.91
14.0572421905 1412739135.17
14.0692176034 1412739136.37
14.1076429772 1412739137.58
14.0655010349 1412739138.82
14.087141262 1412739140.06
14.06708913 1412739141.26
14.0448799085 1412739142.48
14.0403818772 1412739143.71
14.0445271474 1412739144.99
14.063927358 1412739146.29
14.0726713083 1412739147.56
14.072836999 1412739148.91
14.0138025951 1412739150.41
14.0319273806 1412739151.85
13.9731684585 1412739153.34
14.0167366655 1412739154.85
14.0027568582 1412739156.28
13.9896486684 1412739157.73
13.9703700771 1412739159.18
13.9489942935 1412739160.61
13.9349312247 1412739162.03
13.883420596 1412739163.51
13.901473953 1412739164.92
13.9258099113 1412739166.39
13.9335875765 1412739167.89
13.8720153105 1412739169.31
13.8186509344 1412739170.75
13.833444331 1412739172.16
13.8400282214 1412739173.51
13.7961227673 1412739174.86
13.7076437563 1412739176.2
13.6983036261 1412739177.62
13.6888943314 1412739179.03
13.7201228708 1412739180.46
13.696158535 1412739181.82
13.6773030703 1412739183.2
13.7510090722 1412739184.66
13.7326153481 1412739186.01
13.7665415004 1412739187.42
13.7676430115 1412739188.68
13.8032250602 1412739189.91
13.8029969631 1412739191.14
13.7624173785 1412739192.34
13.7665231214 1412739193.54
13.7709269914 1412739194.71
13.7690609073 1412739195.85
13.7538761119 1412739196.97
13.7210085326 1412739198.15
13.6760409576 1412739199.65
13.6271734666 1412739201.19
13.6191320792 1412739202.74
13.6235675988 1412739204.2
13.5991197857 1412739205.72
13.5908522031 1412739207.18
13.58499939 1412739208.62
13.5906621291 1412739210.13
13.5852637656 1412739211.6
13.5777517053 1412739213.07
13.4430159406 1412739214.52
13.4746229699 1412739215.98
13.5724281444 1412739217.44
13.5045694348 1412739218.95
13.4905185095 1412739220.5
13.4775950051 1412739221.98
13.4709487797 1412739223.48
13.4903513937 1412739224.96
13.5050875131 1412739226.46
13.4670435589 1412739227.98
13.4735023559 1412739229.51
13.4890687248 1412739231.06
13.5570825834 1412739232.61
13.5527061632 1412739234.13
13.5481451131 1412739235.61
13.505208578 1412739237.1
13.5511164683 1412739238.59
13.5314636175 1412739240.1
13.5781028737 1412739241.57
13.5604113095 1412739243.04
13.5891797313 1412739244.51
13.5721090318 1412739245.99
13.6106061412 1412739247.46
13.5490989001 1412739248.99
13.576291532 1412739250.43
13.5685722783 1412739251.93
13.5340637799 1412739253.38
13.5466523415 1412739254.91
13.5476550203 1412739256.43
13.5466520846 1412739257.94
13.5575580534 1412739259.39
13.55686391 1412739260.9
13.5593061973 1412739262.34
13.6247906017 1412739263.91
13.6041505917 1412739265.44
13.6075146745 1412739266.94
13.6142173069 1412739268.44
13.5962364531 1412739270.01
13.6829392445 1412739271.51
13.6128531036 1412739273.12
13.5970326497 1412739274.62
13.5291819834 1412739276.14
13.5683196386 1412739277.68
13.5649560819 1412739279.19
13.5592062151 1412739280.71
13.5724738967 1412739282.2
13.5896761522 1412739283.71
13.6549739835 1412739285.22
13.6419627589 1412739286.74
13.6386400376 1412739288.25
13.6439637927 1412739289.79
13.6593339589 1412739291.31
13.6600989144 1412739292.82
