24.1056697157 1412725015.39
24.5143442951 1412725015.79
24.4876270476 1412725016.22
24.3566752651 1412725016.62
24.5234821143 1412725016.95
24.3288161005 1412725017.28
24.1254652916 1412725017.63
24.0729476768 1412725017.96
23.8536009376 1412725018.27
23.9642870586 1412725018.57
23.8463862334 1412725018.89
23.9571450405 1412725019.17
23.8303632279 1412725019.47
23.4201775487 1412725019.81
23.3235323651 1412725020.11
23.3656481351 1412725020.41
23.3233401489 1412725020.74
23.1914826531 1412725021.04
23.0835599666 1412725021.38
22.7531304367 1412725021.69
22.6717342554 1412725022.04
22.5248106127 1412725022.33
22.5330483097 1412725022.63
22.5323706574 1412725022.93
22.6508466995 1412725023.22
22.4876710008 1412725023.57
22.7403188161 1412725023.92
22.7115190132 1412725024.23
22.8395728859 1412725024.56
22.8934383372 1412725024.89
22.9733492446 1412725025.24
22.6563053057 1412725025.58
23.0531935514 1412725025.92
22.6803355791 1412725026.26
23.0050359289 1412725026.61
22.4885185778 1412725026.96
22.2776567595 1412725027.25
22.5777920814 1412725027.58
22.2006124123 1412725027.94
22.5726105221 1412725028.26
22.7616983812 1412725028.59
22.5326384357 1412725029.01
21.8959116858 1412725029.35
21.8792217067 1412725029.67
21.9170363078 1412725029.98
21.6812288264 1412725030.4
21.2895082505 1412725030.74
21.315632341 1412725031.08
20.817035729 1412725031.42
20.9954240327 1412725031.74
20.6563443233 1412725032.13
20.4801979259 1412725032.47
20.2981352779 1412725032.81
20.1520405541 1412725033.16
20.0804352933 1412725033.57
20.1728297013 1412725033.91
20.0951813636 1412725034.3
20.196659156 1412725034.63
20.3636196364 1412725035.08
20.3870180809 1412725035.5
20.458622675 1412725035.84
20.1900714479 1412725036.32
20.4142608964 1412725036.84
20.0788531166 1412725037.66
20.4458296333 1412725038.2
20.6914048594 1412725038.55
21.0024393756 1412725039.15
20.5629213983 1412725039.57
20.9651006312 1412725039.89
21.2107111327 1412725040.34
21.0398964939 1412725041.05
20.8413732651 1412725041.71
20.4037542072 1412725042.19
20.73742969 1412725042.64
20.9220238653 1412725043.13
21.1956135898 1412725043.65
21.0887331471 1412725044.13
21.0735952578 1412725044.45
21.0375751965 1412725044.91
21.0156531742 1412725045.33
20.8395302212 1412725045.69
20.9677573243 1412725046.06
21.0459969166 1412725046.39
20.9886586465 1412725046.73
21.0013584625 1412725047.05
20.8967825553 1412725047.38
20.82627799 1412725047.76
20.8232837534 1412725048.34
20.780320271 1412725048.82
20.9005337128 1412725049.36
20.9127990319 1412725049.9
20.7184811689 1412725050.35
20.8787212119 1412725050.72
20.8081772832 1412725051.03
20.7015902369 1412725051.38
20.7186999984 1412725051.71
20.6326507952 1412725052.17
20.6049025177 1412725052.55
20.5350306094 1412725052.87
20.8412599894 1412725053.24
20.6421575855 1412725053.63
20.63523615 1412725053.97
20.7345711719 1412725054.29
20.7040245405 1412725054.59
20.6638046014 1412725054.93
20.562792164 1412725055.24
20.5350684517 1412725055.58
20.4879127194 1412725055.87
20.4041615444 1412725056.26
20.7048347432 1412725056.65
20.6369311727 1412725057.03
20.6218923079 1412725057.45
20.5893945258 1412725057.89
20.4414552437 1412725058.24
20.67747899 1412725058.65
20.554903393 1412725059.0
20.7196180269 1412725059.41
20.6155761217 1412725059.83
20.9370832889 1412725060.23
20.8962379905 1412725060.57
20.7790459909 1412725060.89
20.6757057977 1412725061.25
20.5765189431 1412725061.6
20.5090900343 1412725062.25
20.5418786263 1412725062.83
20.4925871002 1412725063.58
20.4687271324 1412725064.09
20.5431749647 1412725064.72
20.3803752567 1412725065.45
20.3507038299 1412725066.17
20.1900068573 1412725066.84
20.2093046427 1412725067.48
20.1417107002 1412725068.0
20.0782559431 1412725068.51
20.1687601834 1412725068.94
20.1997717793 1412725069.41
20.1099864004 1412725069.85
19.9491744299 1412725070.44
20.0566473533 1412725070.99
19.7155470607 1412725071.56
19.5137786699 1412725072.13
19.5418382458 1412725072.82
19.5043920805 1412725073.57
19.4660428022 1412725074.14
19.328914012 1412725074.82
19.3397427569 1412725075.42
19.3338664919 1412725076.04
19.3047883466 1412725076.63
19.2271754969 1412725077.19
19.1771086735 1412725077.59
19.1478761396 1412725077.93
19.1410736388 1412725078.33
19.0747890998 1412725078.75
19.0376096856 1412725079.16
18.9439101843 1412725079.6
18.9585650936 1412725079.97
19.0009725915 1412725080.32
19.0299611489 1412725080.72
18.9893469928 1412725081.08
18.9885817647 1412725081.46
18.9164011305 1412725081.83
18.9945687172 1412725082.17
18.9895596478 1412725082.54
18.9556219762 1412725082.89
18.8451149932 1412725083.27
18.8031935964 1412725083.64
18.8999375223 1412725084.0
18.8286492157 1412725084.39
18.9999927229 1412725084.78
19.0313284583 1412725085.18
19.0342550561 1412725085.61
19.3210801962 1412725085.98
19.6415699303 1412725086.28
19.6406682243 1412725086.63
19.9331963037 1412725086.95
19.7775391659 1412725087.3
19.6719756276 1412725087.69
19.6872823428 1412725088.04
19.6082211148 1412725088.36
19.6737747808 1412725088.7
19.6276536319 1412725089.04
19.5364211429 1412725089.41
19.5033523758 1412725089.74
19.3731710764 1412725090.07
19.4587187744 1412725090.41
19.362528039 1412725090.77
19.2991218365 1412725091.1
19.2897559558 1412725091.47
19.3120298005 1412725091.83
19.2765139017 1412725092.17
19.2529385209 1412725092.59
19.1857556043 1412725092.94
19.092691703 1412725093.31
19.2332135455 1412725093.66
19.2533342419 1412725094.09
19.2194726779 1412725094.49
19.3026973503 1412725094.86
19.2645548046 1412725095.31
19.3163399416 1412725095.65
19.298302318 1412725095.98
