22.7858335449 1412741174.22
22.6395923548 1412741175.28
22.6555949224 1412741176.36
22.6055089259 1412741177.41
22.6149414651 1412741178.46
22.452450937 1412741179.53
22.64474528 1412741180.55
22.7297578772 1412741181.57
22.6891313334 1412741182.61
22.496373232 1412741183.66
22.4852108698 1412741184.72
22.6662414064 1412741185.87
22.7017153331 1412741186.91
22.7927943611 1412741188.0
22.7179885444 1412741189.04
22.6150920942 1412741190.07
22.6194192505 1412741191.17
22.4982121946 1412741192.25
22.5729555824 1412741193.33
22.5224870954 1412741194.4
22.3338841675 1412741195.44
22.090880987 1412741196.53
21.8653686272 1412741197.59
21.6467634379 1412741198.62
21.3916380309 1412741199.67
21.3564022924 1412741200.71
21.3378773701 1412741201.77
21.4087035579 1412741202.81
21.2795799485 1412741203.85
21.1698266602 1412741204.93
21.2990564698 1412741205.96
21.2549865346 1412741206.99
21.0196957878 1412741208.03
21.0214163425 1412741209.07
21.0652625621 1412741210.09
21.1405054831 1412741211.15
20.9089992897 1412741212.2
20.9927833095 1412741213.23
21.0615026596 1412741214.26
20.9836104905 1412741215.28
21.050974241 1412741216.3
21.037104019 1412741217.38
21.283594145 1412741218.42
21.1908152426 1412741219.48
21.0338132285 1412741220.53
21.1177728913 1412741221.59
21.0911431833 1412741222.66
21.0493155746 1412741223.75
20.9362025098 1412741224.82
20.9088407558 1412741225.87
20.9011443208 1412741226.91
20.9366930153 1412741228.0
21.0287852524 1412741229.03
21.0395925432 1412741230.07
21.171474812 1412741231.14
21.1411669334 1412741232.18
21.2379688571 1412741233.25
21.2322920472 1412741234.31
21.1608806036 1412741235.39
21.183844298 1412741236.49
21.1957022238 1412741237.6
21.0458077531 1412741238.72
20.9006542421 1412741239.84
20.8667380893 1412741240.9
20.7294122537 1412741241.99
20.6423803746 1412741243.09
20.3066834652 1412741244.18
20.4118601225 1412741245.3
20.3491722364 1412741246.43
20.1938938942 1412741247.48
20.3074157113 1412741248.57
20.2455122843 1412741249.68
20.3156432029 1412741250.81
20.3336842849 1412741251.92
20.3790235216 1412741253.02
20.284558943 1412741254.1
20.3154242184 1412741255.19
20.2395436583 1412741256.29
20.2979472082 1412741257.44
20.240485164 1412741258.56
20.1809565723 1412741259.68
20.13032458 1412741260.75
20.1947493905 1412741261.84
20.2073397904 1412741262.96
20.1947889366 1412741264.18
20.0898517439 1412741265.29
20.0704629645 1412741266.47
20.1287767636 1412741267.62
20.1034915359 1412741268.8
20.0956648772 1412741269.95
20.1126331235 1412741271.09
20.1596039573 1412741272.31
20.2300859437 1412741273.54
20.1834226562 1412741274.8
20.3579633274 1412741276.04
20.3322803216 1412741277.31
20.311160682 1412741278.54
20.3386528781 1412741279.78
20.3169857622 1412741281.05
20.3107556109 1412741282.29
20.3690483655 1412741283.53
20.462323858 1412741284.79
20.4292464397 1412741286.07
20.4233961642 1412741287.36
20.3643975126 1412741288.58
20.2811963954 1412741289.84
20.26161688 1412741291.13
20.333845165 1412741292.36
20.3007299257 1412741293.6
20.3669355164 1412741294.83
20.2935685103 1412741296.11
20.2953298358 1412741297.37
20.3487941635 1412741298.65
20.2836388084 1412741299.91
20.2632868065 1412741301.18
20.1812579889 1412741302.43
20.1525986966 1412741303.72
20.119973315 1412741304.97
20.1093666104 1412741306.27
20.0867960674 1412741307.61
19.9207872323 1412741308.96
19.9440207491 1412741310.28
19.9327650147 1412741311.63
19.9974003248 1412741312.94
19.9966046047 1412741314.25
20.0313057694 1412741315.54
19.9450226627 1412741316.87
19.9895393259 1412741318.02
19.9979198929 1412741319.25
19.8085836788 1412741320.39
19.8252254365 1412741321.59
19.7596790946 1412741322.74
19.752198624 1412741323.89
19.7074605956 1412741325.03
19.7114969684 1412741326.18
19.6924805809 1412741327.37
19.7423987611 1412741328.49
19.6164248961 1412741329.66
19.6426411753 1412741330.82
19.5146939687 1412741332.02
19.458137383 1412741333.2
19.4008799103 1412741334.35
19.36565612 1412741335.55
19.2737532781 1412741336.75
19.2674648222 1412741337.94
19.259351591 1412741339.14
19.2516888029 1412741340.35
19.2759040613 1412741341.56
19.3053277852 1412741342.81
19.3186691117 1412741344.0
19.2529575927 1412741345.18
19.2023831045 1412741346.38
19.1711613112 1412741347.58
19.0459605694 1412741348.76
19.075392848 1412741349.97
19.0699516224 1412741351.11
19.004483928 1412741352.28
18.9405414211 1412741353.46
18.8734937263 1412741354.67
18.8333745767 1412741355.89
18.7985796631 1412741357.13
18.7928390056 1412741358.35
18.8417436706 1412741359.56
18.83745292 1412741360.76
18.7788258958 1412741361.99
18.7830766318 1412741363.15
18.7863755815 1412741364.36
18.7549098565 1412741365.59
18.774526155 1412741366.85
18.7449131167 1412741368.1
18.730279567 1412741369.37
18.7509935339 1412741370.65
18.7709249285 1412741371.97
18.7929005945 1412741373.28
18.8144981981 1412741374.96
18.8115395748 1412741376.29
18.8470341376 1412741377.54
18.8177042475 1412741378.75
18.7682878845 1412741380.04
18.7854531181 1412741381.26
18.8071829088 1412741382.51
18.7343817629 1412741383.78
18.709708921 1412741385.04
18.7305726807 1412741386.29
18.737087366 1412741387.57
18.6992343198 1412741388.8
18.7062355314 1412741390.0
18.7186295536 1412741391.29
18.7626770789 1412741392.52
18.7577840724 1412741393.81
18.7773741565 1412741395.11
18.7429758276 1412741396.37
18.6887421281 1412741397.67
18.6267997089 1412741398.89
18.624790973 1412741400.22
18.6635266901 1412741401.54
18.6482314455 1412741402.79
18.6617612747 1412741404.05
18.6587181125 1412741405.29
18.642066023 1412741406.53
