16.0047598893 1412722511.26
16.6289892349 1412722511.38
16.7169399496 1412722511.48
16.7323507129 1412722511.58
17.2651734186 1412722511.68
17.7520286072 1412722511.8
17.8823802625 1412722511.91
18.4701124867 1412722512.02
18.6586321279 1412722512.15
18.4022878291 1412722512.3
18.4249651799 1412722512.42
18.6405019551 1412722512.56
18.3659285846 1412722512.69
18.3561642027 1412722512.84
18.2299608902 1412722512.97
18.1682254673 1412722513.1
18.2776451827 1412722513.23
18.2228298196 1412722513.38
18.2424245768 1412722513.53
18.2824320459 1412722513.66
18.2851731891 1412722513.79
18.4224562199 1412722513.92
18.7130666442 1412722514.06
18.6839510231 1412722514.25
18.8537592764 1412722514.39
18.8362185585 1412722514.52
18.8671303744 1412722514.64
18.8546496354 1412722514.78
18.5667822846 1412722514.93
18.5878472081 1412722515.07
18.591657907 1412722515.21
18.3943848948 1412722515.34
18.4105616569 1412722515.48
18.4231953928 1412722515.63
18.4294499982 1412722515.76
18.4363430197 1412722515.92
17.9736323527 1412722516.06
18.0586274722 1412722516.18
18.051734017 1412722516.32
18.0960233929 1412722516.51
18.0982979684 1412722516.62
18.0411211874 1412722516.76
18.0429573086 1412722516.91
18.0520724833 1412722517.05
17.9460730354 1412722517.19
17.978231914 1412722517.34
17.9524489404 1412722517.5
17.9842999641 1412722517.62
17.9738915467 1412722517.78
17.9747912628 1412722517.94
17.9794519489 1412722518.06
17.98014542 1412722518.18
17.9535635914 1412722518.39
17.9844423671 1412722518.52
17.8530552727 1412722518.64
17.8492239138 1412722518.75
17.8517132453 1412722518.86
17.8550456972 1412722518.96
17.8552508349 1412722519.08
17.8576086349 1412722519.21
17.8186316446 1412722519.36
17.8208911448 1412722519.54
17.8231266137 1412722519.66
17.8261526586 1412722519.77
17.8289689029 1412722519.88
17.831646471 1412722520.02
17.8308751696 1412722520.17
17.8334350846 1412722520.32
17.8326413416 1412722520.48
17.8351022961 1412722520.64
17.8343328161 1412722520.77
17.8335621452 1412722520.91
17.835874804 1412722521.24
17.8352378697 1412722521.5
17.8374157375 1412722521.73
17.8366653734 1412722521.93
17.8388445257 1412722522.1
17.8380930127 1412722522.25
17.6129549307 1412722522.37
17.5058922595 1412722522.49
17.5077942326 1412722522.76
17.5067947977 1412722522.89
17.5086815543 1412722523.0
17.5076306112 1412722523.13
17.5066462404 1412722523.27
17.5084883682 1412722523.4
17.5075857313 1412722523.56
17.5093185762 1412722523.77
17.5084062136 1412722523.9
17.5101636333 1412722524.04
17.5093465556 1412722524.22
17.5110280397 1412722524.37
17.5101922992 1412722524.5
17.5118660067 1412722524.69
17.5102376082 1412722524.85
17.5119587427 1412722525.0
17.5103369117 1412722525.11
17.5086810453 1412722525.25
17.5104913145 1412722525.39
17.5088506052 1412722525.51
17.51076137 1412722525.71
17.5091699575 1412722525.86
17.5111403309 1412722526.03
17.5094824622 1412722526.19
17.5115066835 1412722526.35
17.5099004521 1412722526.52
17.500883401 1412722526.67
17.4991414546 1412722526.84
17.5012693846 1412722526.99
17.4996013641 1412722527.15
17.5016761906 1412722527.3
17.5000124292 1412722527.44
17.5021827617 1412722527.57
17.5006017108 1412722527.7
17.5027362039 1412722527.85
17.4794210581 1412722528.0
17.4810346186 1412722528.14
17.4800551214 1412722528.27
17.4781000734 1412722528.42
17.4797489176 1412722528.58
17.4778379483 1412722528.73
17.4798579216 1412722528.88
17.4776508156 1412722529.02
17.1592790747 1412722529.17
17.4768498994 1412722529.34
17.1546908529 1412722529.48
17.1512696399 1412722529.63
17.1480947741 1412722529.77
17.4651739656 1412722529.88
16.8368727307 1412722530.06
17.1789185863 1412722530.2
17.1765862069 1412722530.34
17.1958215927 1412722530.47
17.1173420134 1412722530.63
17.1165694666 1412722530.79
17.1158390485 1412722530.94
17.1151969548 1412722531.07
16.7675587627 1412722531.19
17.1123500268 1412722531.33
16.7647822394 1412722531.5
17.1095354567 1412722531.64
16.7619435975 1412722531.8
17.1067246998 1412722531.95
16.7703480811 1412722532.1
17.115612353 1412722532.25
17.1150027887 1412722532.4
16.7675934055 1412722532.57
17.1129315987 1412722532.73
17.1123763612 1412722532.85
16.7649431875 1412722533.01
17.1234056402 1412722533.15
17.1230112757 1412722533.31
16.7750229945 1412722533.46
17.1207401569 1412722533.61
17.1202462339 1412722533.76
17.119672498 1412722533.92
16.7690478301 1412722534.07
17.1148919432 1412722534.22
17.1143829411 1412722534.36
16.76621966 1412722534.52
17.1120895201 1412722534.65
17.1115176746 1412722534.81
17.1109687524 1412722534.97
16.7626074811 1412722535.08
17.1085741766 1412722535.25
17.1080501842 1412722535.42
17.1155892579 1412722535.58
16.7668531323 1412722535.74
17.113161818 1412722535.89
17.1124766896 1412722536.05
17.1117880759 1412722536.21
16.7628688862 1412722536.35
17.1745154165 1412722536.5
17.1101398896 1412722536.63
17.1746031393 1412722536.8
17.1103862627 1412722536.96
16.8276797491 1412722537.08
16.8279423769 1412722537.24
16.8281110499 1412722537.47
16.8283307145 1412722537.63
16.8285832479 1412722537.77
16.8287604559 1412722537.91
16.828955246 1412722538.05
16.8291402449 1412722538.23
16.8293365174 1412722538.42
16.8295589635 1412722538.55
16.8297449191 1412722538.68
16.8299465446 1412722538.89
16.8301455511 1412722539.02
16.8293168046 1412722539.16
16.8285094597 1412722539.33
16.8276590109 1412722539.5
16.8267472963 1412722539.7
16.6500366697 1412722539.87
16.6484302015 1412722540.02
16.646834027 1412722540.22
16.5733125832 1412722540.43
16.5721324043 1412722540.57
16.5054589043 1412722540.81
16.5694509936 1412722540.98
