16.0118136691 1412740774.85
16.2339601148 1412740775.91
16.2839151388 1412740776.95
16.2123099441 1412740777.98
16.0111587911 1412740779.0
16.1093413423 1412740780.03
16.1322875603 1412740781.06
15.9122254885 1412740782.05
15.8000001836 1412740783.1
15.6972160321 1412740784.13
15.6949640431 1412740785.11
15.5101050576 1412740786.12
15.3732779822 1412740787.14
15.3750695395 1412740788.21
15.3544947698 1412740789.25
15.2797966614 1412740790.24
15.0964145912 1412740791.29
14.9696957665 1412740792.34
14.8906122964 1412740793.36
14.7108445385 1412740794.42
14.655697264 1412740795.44
14.5703290258 1412740796.48
14.4823417058 1412740797.51
14.3028022867 1412740798.51
14.2762461537 1412740799.54
14.1894803275 1412740800.61
14.1729722904 1412740801.65
14.1663099877 1412740802.68
14.0802236835 1412740803.67
14.0209252571 1412740804.73
13.9175998892 1412740805.72
13.813511452 1412740806.73
13.7232172197 1412740807.76
13.5555043304 1412740808.72
13.4322308024 1412740809.73
13.4738520672 1412740810.72
13.2174615618 1412740811.7
13.0983578115 1412740812.73
13.142639971 1412740813.7
13.3094418174 1412740814.67
13.1240806027 1412740815.68
13.1263048173 1412740816.65
13.1926356743 1412740817.65
13.0219053987 1412740818.68
12.9121220935 1412740819.69
12.923468789 1412740820.67
12.8753229185 1412740821.64
12.7932689271 1412740822.62
12.6759335311 1412740823.59
12.4894862116 1412740824.6
12.4341148391 1412740825.6
12.4300885449 1412740826.57
12.3417276761 1412740827.58
12.182787685 1412740828.56
12.0545282684 1412740829.52
11.9557098895 1412740830.49
11.7930637369 1412740831.5
11.7272717624 1412740832.44
11.677030359 1412740833.41
11.5144576475 1412740834.4
11.4531220981 1412740835.41
11.3122105818 1412740836.37
11.2378590827 1412740837.31
11.1458791021 1412740838.28
11.1616511868 1412740839.22
11.2081001191 1412740840.26
11.3283164066 1412740841.25
11.1816576182 1412740842.21
11.2966355062 1412740843.13
11.1155182642 1412740844.09
11.0788703976 1412740845.03
11.1984015745 1412740846.02
11.0484027064 1412740846.99
11.1002766756 1412740847.97
10.8946436766 1412740848.96
11.041755262 1412740849.91
11.1666973508 1412740850.9
10.9680078539 1412740851.9
10.8669669918 1412740852.89
10.9221950799 1412740853.88
10.8039770128 1412740854.83
10.9029757793 1412740855.79
10.817595593 1412740856.76
10.9127029151 1412740857.74
10.8600954825 1412740858.71
10.8776980971 1412740859.69
10.7682206825 1412740860.68
10.6864519393 1412740861.64
10.6122356025 1412740862.6
10.5290561244 1412740863.52
10.3999699011 1412740864.52
10.3450676062 1412740865.52
10.375493548 1412740866.47
10.2689408766 1412740867.48
10.3168965429 1412740868.48
10.1289962286 1412740869.45
10.1994970511 1412740870.4
9.94864790454 1412740871.36
9.93850768721 1412740872.31
9.81097545151 1412740873.28
9.74566134836 1412740874.25
9.73407899873 1412740875.25
9.71223099305 1412740876.2
9.51280376101 1412740877.13
9.42901856662 1412740878.12
9.33245712091 1412740879.1
9.29662574656 1412740880.1
9.24729100976 1412740881.13
9.13327064742 1412740882.12
9.0214220424 1412740883.15
8.95705707484 1412740884.17
8.85798246035 1412740885.22
8.80057152244 1412740886.26
8.75803731649 1412740887.28
8.77982650264 1412740888.3
8.68530473709 1412740889.32
8.64735421551 1412740890.37
8.57769155163 1412740891.39
8.57457622488 1412740892.42
8.49427542106 1412740893.4
8.48363536271 1412740894.39
8.40892964997 1412740895.43
8.32706535055 1412740896.49
8.35935891714 1412740897.54
8.32224005465 1412740898.55
8.33531572389 1412740899.6
8.32075782247 1412740900.65
8.30005590023 1412740901.67
8.23387217183 1412740902.69
8.18573382409 1412740903.72
8.08776312443 1412740904.76
8.00553535222 1412740905.82
8.02500895809 1412740906.92
8.07937100954 1412740908.02
8.06124635002 1412740909.15
8.08771802819 1412740910.19
8.17884390837 1412740911.19
8.12570197734 1412740912.17
8.17028044356 1412740913.14
8.17138959174 1412740914.16
8.16568735472 1412740915.23
8.14596737192 1412740916.26
8.09134126653 1412740917.3
8.05240053281 1412740918.34
8.04479430292 1412740919.37
8.00787843725 1412740920.45
7.99353408026 1412740921.55
7.97383320992 1412740922.59
7.998676017 1412740923.69
7.97683803008 1412740924.75
7.96574896584 1412740925.87
8.00395731968 1412740926.98
7.96618293906 1412740928.11
7.96780666805 1412740929.23
7.98235902791 1412740930.35
7.99597189404 1412740931.46
7.97268116046 1412740932.57
7.99429518422 1412740933.7
7.99951052798 1412740934.8
8.01391058273 1412740935.9
7.98963047388 1412740937.02
7.99465000552 1412740938.14
8.01377632917 1412740939.28
7.98294880492 1412740940.36
7.97482047583 1412740941.47
7.99029241809 1412740942.58
8.00617403803 1412740943.65
7.99772496885 1412740944.74
8.0150082474 1412740945.9
7.97842765579 1412740946.99
7.98448352121 1412740948.1
7.98906665943 1412740949.25
7.98089493127 1412740950.37
7.95474019577 1412740951.49
7.94300904714 1412740952.63
7.94877308798 1412740953.82
7.95582023771 1412740955.0
7.93596623353 1412740956.1
7.94083711765 1412740957.25
7.95827449495 1412740958.42
7.95484939981 1412740959.56
7.97722840558 1412740960.79
7.96717494875 1412740961.95
7.98536353534 1412740963.1
7.98737042448 1412740964.24
7.97485189133 1412740965.4
7.96297466807 1412740966.59
7.9412268273 1412740967.82
7.94641841111 1412740968.98
7.94580941556 1412740970.18
7.95830909281 1412740971.3
7.9475927955 1412740972.46
7.93561401837 1412740973.73
7.93920876413 1412740974.94
7.9567116153 1412740976.17
7.98795100212 1412740977.36
7.9834510349 1412740978.59
7.99219451898 1412740979.81
7.97533402494 1412740981.06
7.98677047336 1412740982.29
