13.0519548603 1412735972.71
13.0079472715 1412735973.67
13.1428507614 1412735974.64
13.0088729783 1412735975.59
13.0949950851 1412735976.57
12.9640297358 1412735977.61
12.9468688682 1412735978.56
12.9705610854 1412735979.54
13.1080007869 1412735980.49
12.9172209883 1412735981.47
12.7199689572 1412735982.42
12.6872824374 1412735983.39
12.5899220657 1412735984.36
12.7070182236 1412735985.32
12.6468434237 1412735986.23
12.6783957198 1412735987.18
12.7896325911 1412735988.17
12.8111040864 1412735989.11
12.8114975858 1412735990.09
12.8094056819 1412735991.05
12.8123700895 1412735992.04
12.8229772578 1412735993.03
12.7998744845 1412735993.97
12.781736817 1412735994.92
12.7378022366 1412735995.89
12.7089162323 1412735996.84
12.705211907 1412735997.74
12.6145428768 1412735998.74
12.5239862171 1412735999.69
12.4790920689 1412736000.66
12.4270851037 1412736001.64
12.3063371177 1412736002.56
12.2327471925 1412736003.54
12.1334679875 1412736004.57
12.1166521031 1412736005.54
12.0684954448 1412736006.53
11.9653804586 1412736007.46
12.0262832921 1412736008.39
12.145420008 1412736009.39
12.0882410301 1412736010.36
12.3082061367 1412736011.42
11.9935751754 1412736012.42
11.8930880462 1412736013.37
11.5408832568 1412736014.32
11.345378268 1412736015.27
11.2033281726 1412736016.24
10.0484720841 1412736017.2
10.6182354117 1412736018.15
10.1015289236 1412736019.11
9.54980498707 1412736020.09
9.59621557001 1412736021.06
9.39686488143 1412736022.06
9.41931520132 1412736023.09
9.27920464132 1412736024.06
9.2656418786 1412736024.99
9.18808020468 1412736025.95
9.19099131688 1412736026.94
9.14630404285 1412736027.87
9.13431483445 1412736028.8
9.14149551628 1412736029.76
9.15048705769 1412736030.75
9.16445184171 1412736031.75
9.21114938745 1412736032.74
9.20430709399 1412736033.71
9.23238890154 1412736034.69
9.22654461561 1412736035.64
9.23255045475 1412736036.61
9.24293080251 1412736037.56
9.23882079875 1412736038.51
9.23678480436 1412736039.48
9.25014336698 1412736040.45
9.28620837828 1412736041.42
9.2882864398 1412736042.3
9.25409608821 1412736043.24
9.29922061058 1412736044.19
9.29303257995 1412736045.17
9.29131357046 1412736046.18
9.28417235414 1412736047.15
9.31249740906 1412736048.1
9.36750638481 1412736049.07
9.43653459724 1412736050.05
9.38144743915 1412736051.0
9.43966003927 1412736051.96
9.43381764569 1412736052.88
9.42826328044 1412736053.87
9.43665238794 1412736054.83
9.42148091673 1412736055.75
9.43414475613 1412736056.67
9.42358186585 1412736057.6
9.42226766146 1412736058.56
9.47163799096 1412736059.5
9.5452395227 1412736060.45
9.53464925866 1412736061.41
9.51944573593 1412736062.33
9.50960061131 1412736063.26
9.51122203606 1412736064.17
9.49636157231 1412736065.09
9.45207122764 1412736066.05
9.43649463268 1412736066.99
9.37197012706 1412736067.95
9.37371364255 1412736068.96
9.34278648472 1412736069.92
9.35976039963 1412736070.9
9.38217063244 1412736071.86
9.35097651388 1412736072.83
9.37736748981 1412736073.79
9.36180116899 1412736074.75
9.34421377064 1412736075.69
9.33715627496 1412736076.66
9.32535073154 1412736077.62
9.29320503306 1412736078.59
9.29182554292 1412736079.53
9.3072028273 1412736080.52
9.32836421117 1412736081.52
9.30324912324 1412736082.44
9.28883260342 1412736083.4
9.26093177797 1412736084.37
9.23055972933 1412736085.32
9.22266239684 1412736086.33
9.21233891016 1412736087.28
9.25839434807 1412736088.22
9.2258242988 1412736089.23
9.18271588241 1412736090.18
9.15845001957 1412736091.18
9.20873897643 1412736092.2
9.17724218604 1412736093.17
9.17925120287 1412736094.19
9.18408241934 1412736095.17
9.16876471244 1412736096.14
9.14732311372 1412736097.18
9.10320369748 1412736098.18
9.10002409397 1412736099.16
9.14264998395 1412736100.13
9.12435877971 1412736101.15
9.12765922777 1412736102.14
9.10968943803 1412736103.14
9.12757816186 1412736104.14
9.0941387633 1412736105.14
9.07622586543 1412736106.15
9.0894838196 1412736107.15
9.05937137419 1412736108.16
9.05789303739 1412736109.16
9.03029387766 1412736110.18
9.09877967436 1412736111.2
9.05223858849 1412736112.17
9.03128316741 1412736113.18
9.02654913986 1412736114.2
9.01314909192 1412736115.26
9.01195587054 1412736116.26
8.99848635248 1412736117.29
9.0183652279 1412736118.26
8.98343633617 1412736119.27
8.96219253681 1412736120.29
8.97692125876 1412736121.32
9.0174129862 1412736122.33
8.99551800375 1412736123.3
8.97233442482 1412736124.34
9.02096608767 1412736125.34
8.9780780756 1412736126.41
8.95761406008 1412736127.41
9.00274660621 1412736128.45
8.95171516203 1412736129.5
8.92957605404 1412736130.48
8.94926587608 1412736131.53
8.91777428885 1412736132.55
8.93847805634 1412736133.6
8.90158866563 1412736134.64
8.92889610768 1412736135.65
8.92720650445 1412736136.68
8.96185991823 1412736137.73
8.92140492474 1412736138.77
8.93010796442 1412736139.81
8.91810514754 1412736140.86
8.8983878892 1412736141.92
8.88984847358 1412736142.93
8.87914613471 1412736143.94
8.90626607512 1412736144.95
8.89122496587 1412736146.02
8.9274024701 1412736147.08
8.95839159371 1412736148.13
8.94423738994 1412736149.2
8.93984942651 1412736150.26
8.95675585636 1412736151.3
8.95863571503 1412736152.35
8.94938015299 1412736153.45
8.93156016947 1412736154.51
8.92924862049 1412736155.55
8.95333124015 1412736156.67
8.93976250826 1412736157.73
8.94372866983 1412736158.79
8.92684013018 1412736159.86
8.94528308188 1412736160.91
8.95383076949 1412736161.97
8.93834441888 1412736163.06
8.92477570681 1412736164.12
8.95069676619 1412736165.16
8.94429467435 1412736166.23
8.92496907613 1412736167.32
8.93193490695 1412736168.38
8.94330763698 1412736169.48
