8.28782288512 1412748300.21
8.55059967578 1412748301.59
8.61593708992 1412748302.97
8.6275334083 1412748304.34
8.64823341716 1412748305.72
8.58214329454 1412748307.09
8.49674829069 1412748308.45
8.46542878166 1412748309.83
8.40534759611 1412748311.17
8.21544512476 1412748312.5
8.01568423697 1412748313.85
7.8939682789 1412748315.13
7.74810995052 1412748316.46
7.62802276036 1412748317.82
7.55938123106 1412748319.1
7.46511316133 1412748320.39
7.4041472129 1412748321.71
7.44731571188 1412748323.01
7.5345682722 1412748324.29
7.73026227645 1412748325.57
7.89064962596 1412748326.87
7.84756084384 1412748328.17
7.8811981839 1412748329.44
7.89107326563 1412748330.71
7.84922535981 1412748331.98
7.84439518122 1412748333.24
7.88728158913 1412748334.52
7.86776817549 1412748335.72
7.8989246173 1412748336.97
7.89930504582 1412748338.23
7.91383267333 1412748339.5
7.88580601538 1412748340.77
7.86139033552 1412748342.02
7.84368986297 1412748343.24
7.80579968817 1412748344.45
7.77353548135 1412748345.7
7.71749166743 1412748346.96
7.70895465827 1412748348.21
7.722358744 1412748349.48
7.74525363854 1412748350.73
7.78179708179 1412748351.97
7.80372746182 1412748353.23
7.68767830291 1412748354.44
7.76415578065 1412748355.66
7.64086117546 1412748356.88
7.48765756785 1412748358.07
7.26655108092 1412748359.32
7.4712913921 1412748360.53
7.26655736907 1412748361.77
6.94242624722 1412748362.94
7.24191251859 1412748364.15
6.86764996804 1412748365.37
7.21115675616 1412748366.58
6.84192467569 1412748367.78
7.19125896892 1412748368.95
6.84499168905 1412748370.18
6.49252592993 1412748371.4
6.72642900617 1412748372.62
7.1026672541 1412748373.8
7.21873940829 1412748375.04
7.27402042444 1412748376.24
7.29041824247 1412748377.44
7.18791951837 1412748378.67
7.04688931147 1412748379.85
7.0765487802 1412748381.06
7.03661635406 1412748382.27
6.00790368502 1412748383.52
5.83846863028 1412748384.81
5.51377156266 1412748386.03
6.16919310972 1412748387.19
5.4291365962 1412748388.43
6.05480551495 1412748389.66
5.40574892844 1412748390.91
6.06847580302 1412748392.1
5.42314509646 1412748393.34
6.02897054509 1412748394.54
5.44404505213 1412748395.75
5.98524039428 1412748396.96
5.48488837509 1412748398.18
4.90412967656 1412748399.38
5.19290392529 1412748400.55
5.61182626414 1412748401.8
5.2076342305 1412748403.1
5.56994156051 1412748404.28
5.20153152276 1412748405.51
4.75610904024 1412748406.68
5.06041873926 1412748407.84
5.40692214422 1412748409.08
5.05005790832 1412748410.3
4.71392163376 1412748411.53
4.95788989307 1412748412.73
5.26716563677 1412748413.93
4.93623678915 1412748415.11
4.61011615868 1412748416.31
4.84277774749 1412748417.52
4.5720397596 1412748418.7
4.79855062645 1412748419.86
5.02567472234 1412748421.04
4.73291575673 1412748422.22
4.48778531558 1412748423.42
4.69143243508 1412748424.6
4.45171013133 1412748425.77
4.59507059257 1412748426.96
4.38228813074 1412748428.16
4.47454365717 1412748429.34
4.27357586692 1412748430.52
4.39581127787 1412748431.71
4.22405082761 1412748432.89
4.32452064424 1412748434.07
4.14399078884 1412748435.24
4.22855220541 1412748436.4
4.07940382713 1412748437.58
4.16001530893 1412748438.76
4.01915675387 1412748439.9
4.06624767345 1412748441.1
4.14271982814 1412748442.28
4.00827379781 1412748443.42
3.87040023536 1412748444.6
3.92049123108 1412748445.78
3.98617953402 1412748446.94
3.87827395595 1412748448.08
3.94357612008 1412748449.25
3.85205118059 1412748450.44
3.74126036854 1412748451.61
3.79652232118 1412748452.81
3.69460460898 1412748453.97
3.74739161631 1412748455.14
3.63294271545 1412748456.33
3.66373640366 1412748457.5
3.57790913554 1412748458.67
3.60735468059 1412748459.83
3.53304322711 1412748461.0
3.56352186928 1412748462.18
3.58839170759 1412748463.38
3.52741331728 1412748464.55
3.44103773395 1412748465.68
3.47033696859 1412748466.83
3.39460921573 1412748468.0
3.42428059123 1412748469.15
3.35117454437 1412748470.27
3.37220833726 1412748471.45
3.31345135386 1412748472.62
3.32997030997 1412748473.77
3.28542424249 1412748474.94
3.29163971513 1412748476.09
3.31038471488 1412748477.24
3.2593979086 1412748478.39
3.26523221101 1412748479.56
3.27208355091 1412748480.7
3.23471814225 1412748481.86
3.23079509259 1412748483.04
3.19305898837 1412748484.22
3.15424254767 1412748485.36
3.09279442636 1412748486.5
3.04883083996 1412748487.69
3.00460355464 1412748488.82
3.00502895424 1412748489.97
2.9627397117 1412748491.12
2.96913428152 1412748492.27
2.91607389033 1412748493.4
2.88442260025 1412748494.58
2.87657117707 1412748495.7
2.8775943909 1412748496.86
2.8766772053 1412748497.98
2.87545914513 1412748499.13
2.88028498098 1412748500.26
2.88187635336 1412748501.41
2.87519267176 1412748502.55
2.85352529424 1412748503.68
2.8214244611 1412748504.81
2.79544794625 1412748505.96
2.77216912831 1412748507.11
2.76975737188 1412748508.24
2.74369412805 1412748509.37
2.7198635097 1412748510.53
2.689959143 1412748511.7
2.69117817132 1412748512.82
2.6930187087 1412748513.95
2.69291198292 1412748515.09
2.6833653505 1412748516.24
2.6543803029 1412748517.34
2.61711719955 1412748518.44
2.58912974653 1412748519.58
2.56140638516 1412748520.7
2.53615060725 1412748521.85
2.53019549562 1412748523.0
2.53550747602 1412748524.16
2.53329151825 1412748525.31
2.53213998431 1412748526.45
2.53157891135 1412748527.59
2.53273350208 1412748528.71
2.54222806677 1412748529.86
2.53874689209 1412748530.96
2.50566134256 1412748532.12
2.4765818877 1412748533.25
2.46119988008 1412748534.36
2.43948177945 1412748535.49
2.4203809415 1412748536.6
2.40305558746 1412748537.74
2.38734212622 1412748538.84
