13.2733921009 1412734658.25
12.4239168722 1412734659.29
12.5033748646 1412734660.3
12.6282187263 1412734661.31
13.0070667386 1412734662.29
13.195506848 1412734663.27
13.3916383876 1412734664.24
13.4409158119 1412734665.24
13.5884186124 1412734666.24
13.728343247 1412734667.24
13.7084810758 1412734668.24
13.6502553015 1412734669.2
13.7110767108 1412734670.18
13.6716947641 1412734671.15
13.6731392524 1412734672.12
13.6542076508 1412734673.07
13.6562419491 1412734674.03
13.7333351682 1412734674.99
13.8107680342 1412734675.95
13.8942921459 1412734676.92
14.0127128531 1412734677.88
14.1587419744 1412734678.87
14.2011582416 1412734679.82
14.2836171149 1412734680.8
14.3798200914 1412734681.81
14.4571870216 1412734682.77
14.5331634686 1412734683.75
14.5998644898 1412734684.8
14.5867696323 1412734685.81
14.6169932979 1412734686.8
14.7871920769 1412734687.79
14.851412662 1412734688.77
14.8515580525 1412734689.8
14.9821746655 1412734690.84
14.9600866305 1412734691.84
15.0047002743 1412734692.84
14.9649200953 1412734693.89
15.0011064149 1412734694.9
15.0043579493 1412734695.98
14.9554699916 1412734697.01
14.9283660278 1412734698.06
14.9242547011 1412734699.14
14.9038059733 1412734700.22
14.8583284695 1412734701.24
14.7714596049 1412734702.27
14.7984279652 1412734703.28
14.8038272528 1412734704.32
14.7644048521 1412734705.34
14.7464307709 1412734706.36
14.6845842954 1412734707.31
14.509131405 1412734708.28
14.4133658381 1412734709.27
14.24239949 1412734710.25
14.1796447476 1412734711.2
14.1580494094 1412734712.12
14.0261928864 1412734713.08
13.8465624279 1412734714.11
13.7033186548 1412734715.05
13.5357501055 1412734716.03
13.5303702174 1412734716.96
13.356598724 1412734717.89
13.3741231845 1412734718.81
13.2043855716 1412734719.78
13.2209399671 1412734720.68
12.9850183764 1412734721.62
13.0307780142 1412734722.57
12.7259965712 1412734723.54
12.7863197946 1412734724.48
12.5249325564 1412734725.44
12.6251520331 1412734726.4
12.3723021264 1412734727.36
12.4903712618 1412734728.27
12.1362302277 1412734729.19
12.276192107 1412734730.13
11.9736924709 1412734731.05
12.0897862659 1412734732.0
11.7733119394 1412734732.91
11.9725938898 1412734733.85
11.5712865441 1412734734.75
11.7950213528 1412734735.69
11.9645589027 1412734736.63
12.0460123071 1412734737.53
12.1849690139 1412734738.5
12.2526150808 1412734739.46
11.8188983495 1412734740.42
11.2188085676 1412734741.38
10.9454902394 1412734742.29
11.2567224001 1412734743.24
10.7710422372 1412734744.19
10.9914499766 1412734745.12
11.412562879 1412734746.05
10.8751779443 1412734746.94
11.1795664663 1412734747.85
10.7419096593 1412734748.78
10.9802929841 1412734749.7
11.1072540178 1412734750.63
10.7873412595 1412734751.56
10.8805223698 1412734752.49
10.9522414233 1412734753.38
10.9588264968 1412734754.29
10.9369556987 1412734755.2
10.8733373884 1412734756.18
10.7659700274 1412734757.13
10.6857377485 1412734758.04
10.6545600347 1412734758.94
10.5535384682 1412734759.85
10.4166452673 1412734760.79
10.3362556046 1412734761.7
10.2361936988 1412734762.64
10.2611361612 1412734763.53
10.1289474292 1412734764.45
10.0051193159 1412734765.34
10.010512166 1412734766.24
10.0145230049 1412734767.14
9.99908403123 1412734768.07
9.94168712807 1412734768.95
9.91480706146 1412734769.83
9.86927375199 1412734770.74
9.81664651446 1412734771.66
9.77437857549 1412734772.55
9.65774238889 1412734773.48
9.62499529449 1412734774.38
9.51741158748 1412734775.25
9.41445235115 1412734776.19
9.29697566634 1412734777.06
9.28915513221 1412734777.94
9.18367886724 1412734778.85
9.18759562103 1412734779.76
9.08432643454 1412734780.66
9.11145781428 1412734781.59
9.01978798669 1412734782.51
8.91370875749 1412734783.42
8.91103781853 1412734784.33
8.80057601421 1412734785.26
8.71009774808 1412734786.2
8.59409469804 1412734787.12
8.4916058168 1412734788.05
8.38070352908 1412734788.95
8.44566618719 1412734789.83
8.3189026488 1412734790.76
8.29140012818 1412734791.67
8.213119784 1412734792.56
8.11297530216 1412734793.45
8.01545534824 1412734794.33
7.94205332058 1412734795.23
7.83837930352 1412734796.11
7.70838199527 1412734797.01
7.61409353631 1412734797.91
7.51593219121 1412734798.81
7.42783006297 1412734799.71
7.33408931036 1412734800.62
7.27599170823 1412734801.54
7.21486393497 1412734802.42
7.17693699114 1412734803.35
7.15968387161 1412734804.28
7.13428300979 1412734805.24
7.10013893283 1412734806.16
7.03797506119 1412734807.07
6.97707497998 1412734807.96
6.9441487317 1412734808.87
6.91325221219 1412734809.77
6.86087168819 1412734810.69
6.83337960634 1412734811.6
6.79504368771 1412734812.43
6.76450679167 1412734813.3
6.75024887546 1412734814.14
6.7270030125 1412734814.98
6.68846495724 1412734815.82
6.67867812954 1412734816.7
6.66571960558 1412734817.52
6.61898963144 1412734818.38
6.62583682958 1412734819.24
6.5975338791 1412734820.13
6.56357636367 1412734820.92
6.55742203381 1412734821.79
6.55688283974 1412734822.67
6.54048568192 1412734823.57
6.50039740981 1412734824.44
6.46871016846 1412734825.29
6.45509114861 1412734826.12
6.4145536886 1412734826.99
6.40338440772 1412734827.88
6.41216176461 1412734828.74
6.40985907491 1412734829.63
6.38559903797 1412734830.48
6.37871315479 1412734831.39
6.36841118686 1412734832.32
6.35675787666 1412734833.19
6.33206632054 1412734834.09
6.30857747825 1412734834.96
6.29462100409 1412734835.8
6.29393103677 1412734836.65
6.26820009511 1412734837.57
6.24834098264 1412734838.44
6.2306844298 1412734839.31
6.21935111013 1412734840.17
6.21461299257 1412734841.1
6.19574660712 1412734841.98
6.17938953337 1412734842.98
6.16326682048 1412734844.03
