11.0695366027 1412728386.36
11.527042226 1412728386.95
11.765872009 1412728387.55
12.0046704853 1412728388.14
12.1823150304 1412728388.75
12.2116410038 1412728389.33
12.1635042563 1412728389.93
12.1364592412 1412728390.53
12.0265834101 1412728391.12
11.9679616067 1412728391.7
11.8164652948 1412728392.29
11.5597236443 1412728392.85
11.3016889708 1412728393.45
11.0523286937 1412728394.01
10.9368971213 1412728394.61
10.7424341624 1412728395.16
10.6884883048 1412728395.76
10.5335320083 1412728396.3
10.4210666014 1412728396.85
10.2488302912 1412728397.45
10.1421538185 1412728398.02
10.0213268041 1412728398.63
10.1323343719 1412728399.2
10.2292440157 1412728399.75
10.301749076 1412728400.29
10.3423613589 1412728400.8
10.431386625 1412728401.37
10.4420061554 1412728401.93
10.4475106751 1412728402.48
10.2830386611 1412728403.04
10.2655666259 1412728403.61
10.2529720607 1412728404.14
10.2539974048 1412728404.71
10.165283574 1412728405.3
10.1238297649 1412728405.86
10.0512715505 1412728406.41
9.9925675972 1412728406.97
9.94265212173 1412728407.52
9.91188987432 1412728408.07
9.80253006098 1412728408.65
9.80359441032 1412728409.23
9.77313207411 1412728409.78
9.68404721436 1412728410.33
9.62193193053 1412728410.89
9.58889563373 1412728411.46
9.52170336183 1412728412.0
9.46605237091 1412728412.56
9.40124767189 1412728413.13
9.29664774573 1412728413.71
9.2376260462 1412728414.28
9.17067981731 1412728414.88
9.14640908229 1412728415.47
9.14281218835 1412728416.06
9.13185769952 1412728416.64
9.1188602339 1412728417.21
9.01874270995 1412728417.79
8.98364025088 1412728418.38
9.03285337277 1412728418.97
8.94248497072 1412728419.54
8.92333458537 1412728420.1
8.92271186111 1412728420.67
8.82909680323 1412728421.21
8.84703098365 1412728421.76
8.83649307911 1412728422.35
8.75571978641 1412728422.92
8.72246627356 1412728423.5
8.60732927935 1412728424.09
8.52927887638 1412728424.66
8.58421578786 1412728425.27
8.56085384889 1412728425.85
8.53898650405 1412728426.41
8.53214036101 1412728426.97
8.49855139372 1412728427.56
8.4819134786 1412728428.11
8.47293119816 1412728428.67
8.45994401829 1412728429.24
8.4540654754 1412728429.78
8.42136585987 1412728430.33
8.47233072094 1412728430.91
8.48750997365 1412728431.47
8.5027124739 1412728432.02
8.49193901976 1412728432.58
8.47451552188 1412728433.13
8.43960933939 1412728433.68
8.42478001614 1412728434.27
8.38720295501 1412728434.82
8.36401882571 1412728435.38
8.34867822449 1412728435.96
8.22945710909 1412728436.5
8.12950982764 1412728437.04
8.06193947916 1412728437.56
8.04266478761 1412728438.14
8.03865676386 1412728438.72
7.99315836385 1412728439.25
7.99455133534 1412728439.82
7.95570725444 1412728440.37
7.93791341704 1412728440.92
7.80506239358 1412728441.45
7.62367117208 1412728442.0
7.41049212547 1412728442.58
6.90182582028 1412728443.13
6.94698299574 1412728443.73
7.21933720657 1412728444.29
7.27356227199 1412728444.84
7.25934122017 1412728445.39
7.27988323451 1412728445.98
7.21726903459 1412728446.57
7.21254429911 1412728447.15
7.14255015134 1412728447.71
7.13327781277 1412728448.27
7.11148153076 1412728448.85
7.06495629751 1412728449.43
7.05552552841 1412728450.03
7.04662732174 1412728450.58
7.0398789801 1412728451.11
7.0009603252 1412728451.66
6.99512283357 1412728452.23
6.96071035099 1412728452.73
6.95795121054 1412728453.28
6.95458311182 1412728453.83
6.94567513034 1412728454.41
6.94667189874 1412728455.0
6.91846780455 1412728455.61
6.89571377545 1412728456.15
6.84717288813 1412728456.7
6.84500286269 1412728457.26
6.83823126932 1412728457.82
6.83010117154 1412728458.41
6.7989097205 1412728458.98
6.86069547153 1412728459.51
6.84016966708 1412728460.07
6.82529591968 1412728460.63
6.80998572547 1412728461.19
6.78124791163 1412728461.74
6.75007246658 1412728462.32
6.72378924123 1412728462.88
6.69002818944 1412728463.44
6.6531895391 1412728463.97
6.61088965777 1412728464.56
6.54618233705 1412728465.14
6.48272916358 1412728465.69
6.41740619439 1412728466.25
6.32977602871 1412728466.82
6.24451666607 1412728467.37
6.14350392496 1412728467.95
6.03707323647 1412728468.55
5.91857776361 1412728469.09
5.82566921232 1412728469.65
5.7632931766 1412728470.21
5.77056927651 1412728470.74
5.83161197919 1412728471.29
5.96133467776 1412728471.85
5.80068402011 1412728472.39
5.91593910363 1412728472.97
5.76839530986 1412728473.54
5.87095520455 1412728474.09
5.73142672746 1412728474.63
5.79387924132 1412728475.19
5.87290724936 1412728475.71
5.93817096551 1412728476.27
6.03570653332 1412728476.84
6.10075545725 1412728477.39
6.14922439734 1412728477.93
6.18563207765 1412728478.43
6.21459551454 1412728478.99
6.23612540036 1412728479.56
6.24569063295 1412728480.1
6.25865449844 1412728480.64
6.2832234303 1412728481.16
6.29128304192 1412728481.73
6.29695150955 1412728482.27
6.30078970878 1412728482.82
6.32621839343 1412728483.38
6.32849000752 1412728483.98
6.32917741088 1412728484.6
6.32870719549 1412728485.23
6.32830905841 1412728485.81
6.32660833611 1412728486.38
6.32495244597 1412728486.9
6.3431147621 1412728487.49
6.34001535581 1412728488.03
6.33580192585 1412728488.59
6.33223158571 1412728489.16
6.32751200238 1412728489.77
6.32310013816 1412728490.33
6.31741101627 1412728490.88
6.31175399191 1412728491.44
6.30627781043 1412728491.98
6.30101274754 1412728492.48
6.29196751338 1412728493.02
6.28548124642 1412728493.57
6.27629108232 1412728494.12
6.2712722018 1412728494.65
6.2463589601 1412728495.21
6.2408474558 1412728495.76
6.2543718998 1412728496.31
6.2666462428 1412728496.87
6.25568441778 1412728497.41
6.25012268495 1412728497.94
6.24280492782 1412728498.46
