25.7680236142 1412721876.28
25.9127757454 1412721876.4
26.0866982056 1412721876.5
26.3368131763 1412721876.61
26.3105211113 1412721876.71
26.4244444185 1412721876.8
26.5609895444 1412721876.89
26.6001826037 1412721876.98
26.3375129395 1412721877.07
26.2764335395 1412721877.18
26.3548683839 1412721877.27
26.4640252678 1412721877.44
26.3718102321 1412721877.55
26.3177270503 1412721877.66
26.1138840462 1412721877.75
26.0755304992 1412721877.87
26.2121766785 1412721877.96
25.8353790729 1412721878.04
25.5498219484 1412721878.12
25.5242948522 1412721878.2
25.6573807775 1412721878.3
25.6370779124 1412721878.38
25.3604062359 1412721878.46
25.3985990782 1412721878.55
25.3876100493 1412721878.63
25.4164682061 1412721878.71
25.2100986875 1412721878.79
25.1141537037 1412721878.87
24.9761233299 1412721878.96
24.667954947 1412721879.06
24.4936988724 1412721879.16
24.1990766936 1412721879.26
24.1539722494 1412721879.4
24.0342349601 1412721879.5
23.8562584155 1412721879.6
23.7149099493 1412721879.69
23.4683693427 1412721879.78
23.2675603614 1412721879.87
23.2986753325 1412721879.96
23.4185953873 1412721880.06
23.4308482259 1412721880.16
23.2781223232 1412721880.25
23.1987105084 1412721880.33
23.0678031046 1412721880.41
22.9864532198 1412721880.5
22.9866548015 1412721880.58
22.953675779 1412721880.67
22.8375962374 1412721880.76
22.8072328794 1412721880.85
22.8499291298 1412721880.96
23.0519969707 1412721881.08
22.7371041167 1412721881.21
22.7108317926 1412721881.37
22.6060181459 1412721881.48
22.4283260782 1412721881.61
22.1824332387 1412721881.69
22.0310876799 1412721881.78
21.9392671664 1412721881.87
22.0097139623 1412721881.96
22.0576481257 1412721882.06
22.1302401643 1412721882.15
22.0992057948 1412721882.25
22.2623061585 1412721882.35
22.2678802823 1412721882.46
22.4956540708 1412721882.57
22.5339512693 1412721882.68
22.5128601131 1412721882.76
22.6608247189 1412721882.85
22.657454506 1412721882.94
22.7354690215 1412721883.02
22.7320910643 1412721883.12
22.9988239088 1412721883.22
23.0003205564 1412721883.37
23.0299321291 1412721883.46
23.0519077548 1412721883.55
23.2895848735 1412721883.65
23.1522628774 1412721883.74
23.4343060811 1412721883.83
23.2808895732 1412721883.93
23.4492873291 1412721884.03
23.3399320898 1412721884.13
23.6367061591 1412721884.23
23.5805716793 1412721884.35
23.833028609 1412721884.44
23.7544767136 1412721884.53
24.0494446398 1412721884.64
24.1456371095 1412721884.76
24.4113734776 1412721884.87
24.5174170855 1412721884.95
24.8317093649 1412721885.04
24.8505328746 1412721885.13
25.0805748042 1412721885.24
25.1302032524 1412721885.36
25.3629293266 1412721885.45
25.6179234945 1412721885.55
25.8397145845 1412721885.66
25.9968499074 1412721885.75
26.3275566498 1412721885.84
26.6088963316 1412721885.93
26.9512041726 1412721886.01
27.3754851039 1412721886.12
27.5583024056 1412721886.21
28.0951431722 1412721886.33
28.4898349926 1412721886.44
28.898765253 1412721886.55
29.4556200354 1412721886.66
29.9370926463 1412721886.75
30.3580544236 1412721886.85
30.8389449564 1412721886.95
31.2168051933 1412721887.04
31.3853816909 1412721887.15
31.6131575007 1412721887.27
32.0251725347 1412721887.4
32.386200217 1412721887.51
32.7224578563 1412721887.61
33.1048400804 1412721887.74
32.9650780452 1412721887.85
33.4553810622 1412721887.96
33.2282224379 1412721888.07
33.3522868174 1412721888.19
33.9249006689 1412721888.31
33.6640402723 1412721888.45
34.1862031809 1412721888.58
34.1223065413 1412721888.73
34.3243490353 1412721888.85
34.364938003 1412721888.98
34.306460859 1412721889.1
34.3029572676 1412721889.24
34.8153574581 1412721889.48
34.9330064711 1412721889.62
34.8025096377 1412721889.79
34.335707783 1412721889.91
33.8679993664 1412721890.05
34.0110002271 1412721890.18
34.2476860852 1412721890.33
33.8258721979 1412721890.48
33.2200295053 1412721890.61
32.9179429002 1412721890.75
33.0213905446 1412721890.95
33.075184069 1412721891.08
34.2497028168 1412721891.24
34.7640889868 1412721891.39
35.3059765547 1412721891.55
35.0357354291 1412721891.67
36.1052355884 1412721891.81
36.1457648298 1412721891.97
35.1324500379 1412721892.11
35.6820792711 1412721892.25
35.8529415536 1412721892.38
35.8657278351 1412721892.53
35.992041755 1412721892.66
35.8531503701 1412721892.8
36.0470433405 1412721892.94
35.563998599 1412721893.07
35.4162783029 1412721893.21
35.4026073794 1412721893.42
36.110140913 1412721893.58
35.1491801722 1412721893.73
36.0675350111 1412721893.86
36.1091220105 1412721894.01
37.0259066909 1412721894.16
37.0265469725 1412721894.3
36.9331135392 1412721894.49
37.2452153982 1412721894.64
37.3893057244 1412721894.79
37.545544887 1412721894.94
37.6930397255 1412721895.07
37.8316334835 1412721895.24
37.9616644299 1412721895.43
37.8126253156 1412721895.6
38.6702373559 1412721895.75
37.7920846806 1412721895.89
37.8352247515 1412721896.04
38.575040947 1412721896.17
38.2004091112 1412721896.34
38.3167048472 1412721896.5
38.4417116742 1412721896.67
38.5589467195 1412721896.84
38.6686258202 1412721897.0
37.7038822567 1412721897.21
38.1752064066 1412721897.4
38.1808643798 1412721897.54
38.1820183184 1412721897.69
37.9397892687 1412721897.87
37.9413791492 1412721898.02
37.9386395042 1412721898.17
37.9314975796 1412721898.34
37.9193741875 1412721898.5
37.9023704817 1412721898.64
37.8802632991 1412721898.8
38.3649781588 1412721898.94
38.8306237185 1412721899.09
38.821649571 1412721899.28
38.8117866204 1412721899.48
38.8011078362 1412721899.62
38.7894288981 1412721899.8
38.7766933514 1412721899.96
38.7628110427 1412721900.15
38.747557817 1412721900.32
38.7310378453 1412721900.47
