23.8186374159 1412726558.21
24.1153065673 1412726558.92
24.5282482634 1412726559.54
25.0841187161 1412726560.42
25.7725680582 1412726561.3
26.3829259501 1412726562.28
26.9629922757 1412726562.92
27.4259241863 1412726563.5
27.7147105433 1412726564.13
27.4294103201 1412726564.79
27.0656380461 1412726565.53
27.0744442916 1412726566.41
27.0025102909 1412726567.29
22.7090338465 1412726567.97
23.7838344497 1412726568.86
23.9756234398 1412726569.63
24.4323650284 1412726570.29
24.6145914402 1412726571.28
24.8662270975 1412726572.09
25.5168990558 1412726573.0
25.8706517516 1412726573.73
25.9587153519 1412726574.55
25.9882268505 1412726575.54
26.0444379752 1412726576.4
25.8084574101 1412726577.23
25.8495162116 1412726578.12
25.8357627495 1412726578.91
25.5633667466 1412726579.6
25.60486715 1412726580.46
25.3992243742 1412726581.11
25.8219067991 1412726581.79
25.6111364201 1412726582.49
25.5705268156 1412726583.37
25.6347819441 1412726584.05
25.7714631753 1412726584.91
25.7332320134 1412726585.82
25.3751510977 1412726586.71
25.3508101394 1412726587.6
25.4467505218 1412726588.4
25.3128126498 1412726589.06
25.4337030551 1412726589.96
25.5063347881 1412726590.9
25.5055367766 1412726591.76
25.5807317578 1412726592.57
25.3291542786 1412726593.4
25.4492652974 1412726594.35
25.4881501359 1412726595.29
25.4203039059 1412726596.31
25.4771640988 1412726597.16
25.7149751319 1412726598.11
25.6519237556 1412726599.09
25.8233333484 1412726600.02
25.6940815411 1412726600.94
25.7547086905 1412726601.89
25.5414192285 1412726602.79
25.5600674823 1412726603.71
25.5238855802 1412726604.5
25.5257698849 1412726605.22
25.5449400479 1412726606.05
25.5196121478 1412726607.07
25.5271785627 1412726607.94
25.5197578695 1412726608.96
25.573380674 1412726609.73
25.6358395475 1412726610.46
25.5687325958 1412726611.11
25.6009655435 1412726611.76
25.6202412835 1412726612.58
25.5761204676 1412726613.21
25.5299850805 1412726613.93
25.5418493438 1412726614.83
25.5731973098 1412726615.67
25.5922703442 1412726616.39
25.5373299717 1412726617.26
25.583443209 1412726618.02
25.5729538383 1412726618.94
25.530033037 1412726619.7
25.5506478962 1412726620.68
25.5635586106 1412726621.68
25.5407977568 1412726622.46
25.5536288103 1412726623.38
25.5514814696 1412726624.25
25.5558590747 1412726625.21
25.5574573897 1412726626.1
25.5569602837 1412726627.11
25.5725757831 1412726627.76
25.579909302 1412726628.58
25.5962500458 1412726629.54
25.5945524191 1412726630.23
25.5928226474 1412726631.04
25.590851047 1412726631.91
25.5908264546 1412726632.67
25.4970933511 1412726633.36
25.4838327883 1412726634.37
25.4786194803 1412726635.31
25.4769642154 1412726636.35
25.4741629423 1412726637.26
25.489380367 1412726638.02
25.4662722008 1412726638.68
25.4901041525 1412726639.33
25.4625295205 1412726640.0
25.4823758541 1412726640.73
25.4582407265 1412726641.42
25.4523166692 1412726642.31
25.4433744434 1412726643.26
25.425741922 1412726644.0
25.4313304601 1412726644.74
25.4408418658 1412726645.59
25.4435509364 1412726646.39
25.4439166576 1412726647.2
25.449683258 1412726647.97
25.4545411226 1412726648.73
25.40643488 1412726649.36
25.3997733515 1412726649.95
25.3951498996 1412726650.57
25.3914649729 1412726651.18
25.3810721329 1412726651.83
25.389852114 1412726652.48
25.3943784953 1412726653.14
25.3889439566 1412726653.76
25.3934327075 1412726654.39
25.3957525968 1412726655.17
25.3929815295 1412726655.86
25.0755615482 1412726656.58
25.0950655427 1412726657.6
25.1213856684 1412726658.54
25.1246711649 1412726659.5
25.1287974966 1412726660.49
25.1031716782 1412726661.41
25.1031144006 1412726662.3
25.0601207393 1412726663.37
25.0282994614 1412726664.35
24.9938942305 1412726665.28
25.0124084421 1412726666.15
25.0125966058 1412726666.98
24.7551402052 1412726667.81
24.7653640328 1412726668.57
24.7651846777 1412726669.34
24.7657242345 1412726670.32
25.0171230909 1412726671.27
24.9341024711 1412726672.08
24.9419436943 1412726673.02
24.9355862187 1412726673.66
24.8498371136 1412726674.29
24.8621917322 1412726675.03
24.8468259638 1412726675.77
24.8364034908 1412726676.5
24.8521025808 1412726677.11
24.8584641541 1412726677.89
24.9110410853 1412726678.72
24.6496355425 1412726679.51
24.6522932768 1412726680.39
24.6714233516 1412726681.35
24.7570916354 1412726682.31
24.6377886712 1412726683.27
24.6782404965 1412726684.23
24.7004416508 1412726684.97
24.760623132 1412726685.75
24.7525361504 1412726686.55
24.7424835786 1412726687.29
24.6099799429 1412726688.13
24.6843353921 1412726689.01
24.6856159959 1412726689.84
24.7215578165 1412726690.85
24.7086931386 1412726691.79
24.6957520208 1412726692.67
24.5445126546 1412726693.44
24.5858383624 1412726694.21
24.5921812237 1412726694.93
24.7050449128 1412726695.63
24.5627275072 1412726696.32
24.5460167949 1412726697.25
24.4916018627 1412726698.01
24.4577117516 1412726698.9
24.4908784893 1412726699.81
24.4610785461 1412726700.8
24.5191838716 1412726701.73
24.443372169 1412726702.52
24.4221777111 1412726703.32
24.3403733956 1412726704.09
24.1970974122 1412726704.79
24.2199827481 1412726705.52
24.0968738796 1412726706.19
24.0782254537 1412726707.01
24.1009167305 1412726707.87
23.9752690265 1412726708.72
23.6999991793 1412726709.59
23.5676223345 1412726710.52
23.3658483491 1412726711.41
23.3723861787 1412726712.23
23.1151614548 1412726712.91
23.4280084372 1412726713.59
23.5931867614 1412726714.28
23.7707429217 1412726714.94
23.8211690453 1412726715.53
23.7271894336 1412726716.17
23.846527453 1412726716.79
23.7056081507 1412726717.41
23.7122767451 1412726718.03
23.6394716806 1412726718.66
23.7743343215 1412726719.29
