10.7871108826 1412721701.92
10.6277110135 1412721702.03
10.5657416648 1412721702.13
10.5848329009 1412721702.23
10.658669512 1412721702.35
10.6924177948 1412721702.43
10.7568010126 1412721702.52
10.6852836966 1412721702.61
10.6750142629 1412721702.71
10.5763947044 1412721702.81
10.6420335305 1412721702.9
10.6329936794 1412721703.02
10.6788063156 1412721703.13
10.7057491693 1412721703.21
10.7183080255 1412721703.34
10.7546882143 1412721703.43
10.7773487802 1412721703.52
10.9023692102 1412721703.62
10.8734381142 1412721703.73
10.9474650196 1412721703.82
11.0274790752 1412721703.91
10.880967467 1412721703.98
10.9734900773 1412721704.08
11.0526219578 1412721704.16
11.1579980351 1412721704.24
11.2448691466 1412721704.33
11.1555622889 1412721704.42
11.1420459367 1412721704.52
11.4228521563 1412721704.61
11.367834109 1412721704.71
11.3649357002 1412721704.8
11.5687168031 1412721704.89
11.5776662093 1412721704.99
11.6441322431 1412721705.08
11.7243944373 1412721705.19
11.8141701011 1412721705.3
11.9117654545 1412721705.43
12.0005864024 1412721705.53
11.8043627533 1412721705.62
11.7390330208 1412721705.72
11.7397817288 1412721705.79
11.8384968345 1412721705.89
11.864888731 1412721705.99
11.8664389187 1412721706.08
11.9453805249 1412721706.19
11.869506585 1412721706.28
11.8050438362 1412721706.39
11.8698109889 1412721706.52
11.7771354291 1412721706.63
11.7589371711 1412721706.74
11.782774052 1412721706.83
11.731561339 1412721706.91
11.6869109995 1412721707.0
11.6867670865 1412721707.08
11.7411404225 1412721707.16
11.6995209921 1412721707.24
11.6586928734 1412721707.36
11.6896854258 1412721707.47
11.5924879075 1412721707.57
11.6442200556 1412721707.68
11.6024267923 1412721707.79
11.5617276571 1412721707.89
11.360223161 1412721707.98
11.3180176221 1412721708.08
11.1525563298 1412721708.17
10.9938099946 1412721708.28
11.0057356318 1412721708.37
11.0172868252 1412721708.47
10.9587193411 1412721708.57
10.934563794 1412721708.66
10.9768194969 1412721708.77
10.9894228407 1412721708.88
10.7758908983 1412721708.97
10.7364332989 1412721709.06
10.7167613329 1412721709.15
10.6931665018 1412721709.25
10.6681818095 1412721709.38
10.6990227151 1412721709.49
10.6622532555 1412721709.59
10.6375618925 1412721709.69
10.6134274811 1412721709.79
10.5697441218 1412721709.89
10.5471404734 1412721709.99
10.6888383624 1412721710.1
10.6609044376 1412721710.21
10.6404670683 1412721710.32
10.6205028362 1412721710.43
10.5571941244 1412721710.54
10.5212997531 1412721710.65
10.3783019577 1412721710.76
10.3901865985 1412721710.89
10.3890048166 1412721711.02
10.6096693052 1412721711.13
10.624310816 1412721711.24
10.6388840634 1412721711.37
10.6533549119 1412721711.49
10.635641571 1412721711.6
10.6466649472 1412721711.7
10.6575749082 1412721711.81
10.6684748122 1412721711.91
10.6365270815 1412721712.02
10.7122682873 1412721712.13
10.7378806308 1412721712.26
10.7263136013 1412721712.34
10.6159278726 1412721712.45
10.5995693931 1412721712.55
10.7237675437 1412721712.64
10.6163333433 1412721712.75
10.6001559218 1412721712.85
10.6046487793 1412721712.94
10.5808637159 1412721713.08
10.5857786525 1412721713.21
10.5906788313 1412721713.38
10.5954248195 1412721713.48
10.6001823502 1412721713.6
10.6049637444 1412721713.72
10.6096145113 1412721713.86
10.7328987776 1412721713.99
10.6060391363 1412721714.11
10.6105654167 1412721714.23
10.6150215853 1412721714.36
10.520494283 1412721714.48
10.5265255256 1412721714.62
10.3238489763 1412721714.72
10.3289654595 1412721714.83
10.3340779714 1412721714.95
10.3973680376 1412721715.05
10.3326464983 1412721715.15
10.3376379037 1412721715.26
10.3399583201 1412721715.38
10.3421360452 1412721715.48
10.3468491128 1412721715.6
10.3917614324 1412721715.7
10.3088015464 1412721715.83
10.3112168495 1412721715.95
10.3161340995 1412721716.07
10.3184258212 1412721716.17
10.3205823127 1412721716.31
10.3253005633 1412721716.41
10.3272792885 1412721716.51
10.3293003252 1412721716.64
10.3337075666 1412721716.76
10.3356240325 1412721716.85
10.3398304251 1412721716.98
10.3416076072 1412721717.1
10.3433717708 1412721717.21
10.3473273172 1412721717.36
10.3435105841 1412721717.45
10.3397294883 1412721717.55
10.2748860811 1412721717.65
10.2798556488 1412721717.75
10.2847369316 1412721717.84
10.2869362074 1412721717.93
10.2889931514 1412721718.03
10.2935910525 1412721718.13
10.295656397 1412721718.29
10.300052419 1412721718.42
10.3020175849 1412721718.52
10.2783478447 1412721718.62
10.3067707033 1412721718.71
10.2775888614 1412721718.83
10.2804242429 1412721718.93
10.3087361459 1412721719.03
10.2797876859 1412721719.12
10.282560625 1412721719.21
10.2838625236 1412721719.47
10.2851411571 1412721719.63
10.286147155 1412721719.75
10.2873674781 1412721719.86
10.2899298712 1412721719.97
10.2910761133 1412721720.08
10.2232416661 1412721720.2
10.2890679085 1412721720.37
10.2915613414 1412721720.62
10.3291739152 1412721720.78
10.156359161 1412721720.87
10.2229244395 1412721721.01
10.1550931137 1412721721.14
10.2216565082 1412721721.34
10.2239753107 1412721721.51
10.2262830849 1412721721.66
10.1568682839 1412721721.79
10.2233886481 1412721721.96
10.2255921374 1412721722.12
10.2277997546 1412721722.26
10.1584858187 1412721722.41
10.2250387792 1412721722.54
10.2271901236 1412721722.7
10.2244082644 1412721722.85
10.2215237474 1412721722.96
10.2237119047 1412721723.06
10.2209077672 1412721723.19
10.2231112714 1412721723.42
10.2203426357 1412721723.59
10.2225085551 1412721723.77
10.2198288073 1412721723.91
10.22804817 1412721724.05
10.2285379772 1412721724.17
10.1613074808 1412721724.3
10.2247822553 1412721724.49
