12.5236394789 1412722454.75
12.9517991573 1412722454.87
13.1072013317 1412722455.03
13.0557782061 1412722455.17
13.3183527366 1412722455.28
13.5446984064 1412722455.43
13.9214097923 1412722455.56
14.04946936 1412722455.72
14.2760284711 1412722455.85
14.4566386686 1412722455.98
14.7853631457 1412722456.12
15.044892364 1412722456.25
15.2246188201 1412722456.38
15.3460280015 1412722456.5
15.3793559053 1412722456.62
15.4152649346 1412722456.81
15.7892940646 1412722456.94
15.8040318648 1412722457.07
15.9379033878 1412722457.22
15.7525242462 1412722457.34
15.6010194686 1412722457.48
15.6933148395 1412722457.61
15.718994922 1412722457.73
15.8911924563 1412722457.84
15.8442624554 1412722457.96
15.8944301616 1412722458.09
15.9172843474 1412722458.22
16.0311365965 1412722458.35
16.0058589386 1412722458.47
16.0186788071 1412722458.64
15.9505356821 1412722458.78
16.0241145268 1412722459.01
15.9175186901 1412722459.23
15.675955095 1412722459.44
15.5694399234 1412722459.6
15.5052390169 1412722459.76
15.4422062618 1412722459.89
15.3568171901 1412722460.0
15.1926181428 1412722460.15
15.1214522365 1412722460.28
14.9711570139 1412722460.43
14.9548574748 1412722460.55
14.9297096682 1412722460.66
14.7885288634 1412722460.78
14.7175978526 1412722460.89
14.5771435382 1412722461.01
14.4303570864 1412722461.14
14.3429036603 1412722461.28
14.3284185746 1412722461.42
14.3117445745 1412722461.54
14.3312709724 1412722461.7
14.1338488526 1412722461.84
14.1099287255 1412722461.97
13.9740693187 1412722462.12
13.798787892 1412722462.28
13.6080150744 1412722462.39
13.5472834672 1412722462.52
13.4211072251 1412722462.65
13.2724037489 1412722462.79
13.156350064 1412722462.92
13.0409676126 1412722463.03
12.9859920787 1412722463.18
12.7838429371 1412722463.29
12.7693612822 1412722463.41
12.672020388 1412722463.53
12.6333964632 1412722463.67
12.4500360621 1412722463.79
12.3785543251 1412722463.91
12.3407961203 1412722464.14
12.1573915096 1412722464.25
12.0664612283 1412722464.38
12.1366464529 1412722464.51
11.9858269522 1412722464.64
11.9033291223 1412722464.77
11.6824499343 1412722464.89
11.6909954252 1412722465.03
11.5563482701 1412722465.14
11.2908044179 1412722465.25
11.1625945042 1412722465.37
11.1329614595 1412722465.5
11.0476948409 1412722465.61
10.9928848035 1412722465.79
10.9249800258 1412722465.93
10.9089922247 1412722466.05
10.7718786539 1412722466.16
10.7525242115 1412722466.28
10.6939912714 1412722466.4
10.6391951246 1412722466.52
10.6666072524 1412722466.64
10.4959782856 1412722466.76
10.6472672375 1412722466.86
10.5824748589 1412722467.0
10.5354174041 1412722467.12
10.5264643044 1412722467.21
10.4292409067 1412722467.31
10.514275233 1412722467.41
10.4739438947 1412722467.5
10.4912853893 1412722467.61
10.4375468993 1412722467.72
10.4010227622 1412722467.88
10.3793638253 1412722467.99
10.5107446864 1412722468.09
10.4619039927 1412722468.19
10.4302836035 1412722468.29
10.2842413663 1412722468.4
10.2626834338 1412722468.5
10.2364057132 1412722468.67
10.2889046862 1412722468.79
10.2848520225 1412722468.91
10.2624306322 1412722469.03
10.2788901394 1412722469.17
10.279207191 1412722469.31
10.1878613225 1412722469.47
10.1868851959 1412722469.66
10.172287273 1412722469.79
10.1821460113 1412722469.9
10.2118071084 1412722470.0
10.1998292028 1412722470.11
10.1893188024 1412722470.24
10.1772525771 1412722470.35
10.166321543 1412722470.46
10.06070545 1412722470.6
10.0500675097 1412722470.76
10.0692735154 1412722470.89
10.0636172633 1412722471.01
10.0593401002 1412722471.14
10.0518153567 1412722471.26
10.163287103 1412722471.41
10.1607015185 1412722471.53
10.1593419916 1412722471.67
10.1537249443 1412722471.81
10.1595115694 1412722471.94
10.1602816698 1412722472.07
10.1605095015 1412722472.23
10.1629953792 1412722472.34
10.1665391732 1412722472.47
10.1705519489 1412722472.59
10.1744096951 1412722472.68
10.1798798936 1412722472.82
10.1960814562 1412722472.95
10.2008405807 1412722473.07
10.2063387385 1412722473.17
10.1994637719 1412722473.33
10.2069698401 1412722473.48
10.2122639438 1412722473.6
10.0628386375 1412722473.74
10.0482437142 1412722473.85
10.0325875376 1412722473.98
10.0134401968 1412722474.09
10.0018153961 1412722474.18
10.1408333133 1412722474.31
10.1603976966 1412722474.48
10.1353482317 1412722474.6
10.1088842171 1412722474.7
10.0811080695 1412722474.82
10.0516757143 1412722474.94
10.030228914 1412722475.04
9.99806624075 1412722475.16
10.0643014864 1412722475.27
10.0334410145 1412722475.38
9.99257243774 1412722475.48
9.95215238554 1412722475.63
9.90697308009 1412722475.74
9.85985095838 1412722475.86
10.0227162483 1412722475.97
9.96103830891 1412722476.07
9.9187209168 1412722476.18
9.94787926092 1412722476.29
9.93546825162 1412722476.39
9.85711628037 1412722476.5
9.80291157999 1412722476.64
9.82360819601 1412722476.76
9.76296833809 1412722476.92
9.69078436647 1412722477.06
9.58551955778 1412722477.2
9.52027719335 1412722477.34
9.49905894666 1412722477.46
9.43275038003 1412722477.56
9.44383243378 1412722477.69
9.45927825284 1412722477.8
9.400991806 1412722477.92
9.41207225169 1412722478.02
9.49110874085 1412722478.16
9.42454757344 1412722478.28
9.40632479937 1412722478.4
9.38661640204 1412722478.53
9.48271379822 1412722478.64
9.42056117888 1412722478.76
9.35938964174 1412722478.88
9.43057859295 1412722478.99
9.52395059073 1412722479.11
9.53301286495 1412722479.25
9.41690546904 1412722479.38
9.55658081915 1412722479.48
9.50492668911 1412722479.59
9.49436786259 1412722479.72
9.52924995835 1412722479.82
9.52065626209 1412722479.94
9.45257941986 1412722480.05
9.44071585899 1412722480.17
