23.4879637524 1412722980.51
22.9995418484 1412722980.8
22.3261750589 1412722981.11
21.7493565957 1412722981.45
21.07359297 1412722981.75
20.7901649781 1412722982.03
20.6332673826 1412722982.34
20.8402460781 1412722982.62
20.6133690559 1412722982.9
20.6739407084 1412722983.19
20.8899370966 1412722983.46
20.8221928355 1412722983.76
20.9728917905 1412722984.05
21.0948504944 1412722984.33
21.1327190206 1412722984.6
21.2215922654 1412722984.92
21.0083245442 1412722985.21
21.2124134508 1412722985.47
21.459355313 1412722985.75
21.4911512922 1412722986.06
21.5400839304 1412722986.35
21.4556004317 1412722986.64
21.5297353491 1412722986.94
21.4904887428 1412722987.23
21.5551883445 1412722987.53
21.4764162488 1412722987.83
21.5155763586 1412722988.11
21.4473053237 1412722988.37
21.3705571038 1412722988.65
21.5562046216 1412722988.95
21.5426703516 1412722989.24
21.56280747 1412722989.56
21.5309499992 1412722989.86
21.5385862924 1412722990.17
21.5921770024 1412722990.74
21.5589092385 1412722991.22
21.4250613674 1412722991.5
21.4092585235 1412722991.81
21.2125808168 1412722992.14
21.2488178837 1412722992.42
21.2241366215 1412722992.67
21.3361276906 1412722992.95
21.4572497867 1412722993.24
21.3983060677 1412722993.51
21.3953575152 1412722993.79
21.3725602975 1412722994.11
21.3271622928 1412722994.39
21.376274662 1412722994.71
21.3888464805 1412722995.03
21.2301808557 1412722995.42
21.2734001629 1412722995.78
21.2068740988 1412722996.07
21.2523477649 1412722996.38
21.2477677953 1412722996.8
21.2706639892 1412722997.15
21.3140880204 1412722997.48
21.1529351673 1412722997.78
21.2320007203 1412722998.08
21.178480638 1412722998.4
21.1082423811 1412722998.72
21.1634837585 1412722999.06
21.2261178056 1412722999.39
21.1603569245 1412722999.69
21.1418891529 1412723000.01
21.1977257053 1412723000.32
21.1296239191 1412723000.62
21.1670586542 1412723000.93
21.0914010266 1412723001.18
21.1734743328 1412723001.46
21.1843871885 1412723001.77
21.055757488 1412723002.08
21.0757912854 1412723002.39
21.1565316607 1412723002.72
21.0731578972 1412723003.03
21.1533217725 1412723003.31
21.1212032082 1412723003.6
21.1639104424 1412723003.9
21.1296989091 1412723004.22
21.1581780421 1412723004.54
21.193544375 1412723004.84
21.1440204492 1412723005.16
21.1039427394 1412723005.46
20.9920117109 1412723005.81
20.9570307483 1412723006.25
21.0445667972 1412723006.56
21.0051051258 1412723006.87
20.9411688223 1412723007.17
20.9811083195 1412723007.48
20.9199016593 1412723007.8
20.8676342534 1412723008.13
20.9562382375 1412723008.46
20.9008169269 1412723008.79
20.7356461156 1412723009.09
20.6626943487 1412723009.37
20.6971857398 1412723009.67
20.6932761577 1412723009.93
20.8869975867 1412723010.24
20.7791547455 1412723010.56
20.6970011152 1412723010.85
20.6361207618 1412723011.16
20.6355299783 1412723011.48
20.5875651138 1412723011.79
20.5001373236 1412723012.08
20.695558092 1412723012.36
20.6294220998 1412723012.66
20.5404905792 1412723013.0
20.5746030337 1412723013.3
20.8578738791 1412723013.61
20.7351611304 1412723013.94
20.7386547546 1412723014.27
20.8316967891 1412723014.58
20.7952256366 1412723014.89
20.7615033023 1412723015.19
20.8195653185 1412723015.51
20.7136795869 1412723015.81
20.56534843 1412723016.1
20.7793577253 1412723016.45
20.6969160749 1412723016.73
20.6496486326 1412723017.03
20.6726719317 1412723017.32
20.4394796446 1412723017.63
20.5952349056 1412723017.93
20.6767048773 1412723018.25
20.5922652173 1412723018.55
20.6621322744 1412723018.86
20.6138636918 1412723019.17
20.5411128834 1412723019.47
20.6540882433 1412723019.8
20.5722600931 1412723020.13
20.5645759485 1412723020.5
20.5135592573 1412723020.85
20.4437530595 1412723021.21
20.3454056805 1412723021.57
20.2028562896 1412723022.13
20.1938325532 1412723022.66
20.1611083797 1412723023.03
20.0040335524 1412723023.38
19.9843026316 1412723023.76
19.9257545422 1412723024.14
19.8479361356 1412723024.51
19.6527700436 1412723024.89
19.6096223768 1412723025.26
19.5593301376 1412723025.63
19.4362478912 1412723026.0
19.3988948884 1412723026.38
19.3710367066 1412723026.73
19.2580827208 1412723027.09
19.2439092546 1412723027.46
19.2225750009 1412723027.83
19.0951303596 1412723028.19
19.0522295961 1412723028.52
19.0571096334 1412723028.91
19.0180396894 1412723029.26
18.9931589547 1412723029.61
18.9414414401 1412723029.98
18.6823882482 1412723030.34
18.6713994199 1412723030.72
18.6100980602 1412723031.07
18.5878180148 1412723031.44
18.4934475053 1412723031.84
18.3003840054 1412723032.24
18.2694745736 1412723032.6
18.2333930168 1412723032.96
18.1846785602 1412723033.34
18.1626368758 1412723033.72
18.0572029118 1412723034.05
18.1616458449 1412723034.47
18.1072998055 1412723034.87
17.9778001034 1412723035.29
17.9213209325 1412723035.71
17.9196448046 1412723036.08
17.9039194429 1412723036.47
17.6753699278 1412723036.86
17.6571206099 1412723037.22
17.6057214202 1412723037.57
17.4644476871 1412723037.93
17.3698399648 1412723038.24
17.3528569066 1412723038.61
17.3105379921 1412723038.97
17.288605304 1412723039.33
17.0227646099 1412723039.72
17.026359492 1412723040.11
17.0315715652 1412723040.54
16.9792684106 1412723040.88
16.9542375769 1412723041.25
16.902955571 1412723041.61
16.883573249 1412723041.99
16.8759567807 1412723042.38
16.8729166874 1412723042.72
16.7897183347 1412723043.05
16.7992266726 1412723043.44
16.7784907864 1412723043.82
16.7203790194 1412723044.24
16.5977675131 1412723044.61
16.5843008252 1412723044.98
16.6869223635 1412723045.33
16.6562140547 1412723045.69
16.653626641 1412723046.07
16.4858556444 1412723046.44
16.4744869513 1412723046.81
