13.2002008137 1412738638.67
12.9299820176 1412738639.74
12.5663744101 1412738640.86
12.1133402711 1412738641.9
11.6664491205 1412738642.93
11.2310820429 1412738643.95
10.7590951488 1412738644.97
10.6418461407 1412738645.99
10.3741868365 1412738646.95
10.2164998777 1412738647.94
10.1656110629 1412738648.92
10.1205324934 1412738649.85
10.3335543587 1412738651.18
10.386219267 1412738652.25
10.5812200989 1412738653.2
10.6895026975 1412738654.17
10.7697166246 1412738655.13
10.9009513564 1412738656.03
10.9887993335 1412738656.99
11.0792896165 1412738657.91
11.2081515932 1412738658.95
11.3325619476 1412738659.93
11.238668651 1412738660.89
11.3690536918 1412738661.84
11.3651431979 1412738662.78
11.3809118228 1412738663.74
11.2293902783 1412738664.7
11.1466809918 1412738665.64
10.9941802734 1412738666.55
11.005752572 1412738667.45
10.9563872185 1412738668.44
10.8330714923 1412738669.37
10.7756674868 1412738670.28
10.8630445365 1412738671.2
10.7112633712 1412738672.13
10.6076817514 1412738673.03
10.5063662654 1412738673.97
10.4088220309 1412738674.89
10.4263551217 1412738675.82
10.2854790039 1412738676.76
10.1778100936 1412738677.72
10.2306342503 1412738678.66
10.063531463 1412738679.58
9.94656129975 1412738680.51
9.80580682959 1412738681.44
9.70653474369 1412738682.37
9.69784914029 1412738683.27
9.59784803237 1412738684.18
9.60407880823 1412738685.14
9.65118519912 1412738686.12
9.59230028639 1412738687.03
9.56581297932 1412738687.94
9.49868912128 1412738688.84
9.41940814858 1412738689.75
9.42690024489 1412738690.64
9.49910510291 1412738691.62
9.45081962151 1412738692.56
9.476918124 1412738693.5
9.44221623182 1412738694.46
9.40379128683 1412738695.4
9.35954436357 1412738696.31
9.34009133571 1412738697.22
9.30591547536 1412738698.17
9.4558417004 1412738699.05
9.41145715501 1412738699.95
9.40054941628 1412738700.86
9.45422205486 1412738701.81
9.45354324313 1412738702.74
9.35137582263 1412738703.69
9.40815317421 1412738704.61
9.46576564411 1412738705.55
9.47259034884 1412738706.46
9.35880491612 1412738707.37
9.33822172426 1412738708.31
9.19936131637 1412738709.24
9.15125785927 1412738710.13
9.06091042436 1412738711.03
9.04738645892 1412738711.96
8.94106226316 1412738712.91
8.98234471099 1412738713.8
8.94318428457 1412738714.74
8.94187603051 1412738715.65
8.891814488 1412738716.57
8.89709756987 1412738717.48
8.88068443184 1412738718.42
8.82003092638 1412738719.34
8.72770563798 1412738720.22
8.67608132994 1412738721.13
8.63047799256 1412738722.03
8.51593320027 1412738722.95
8.46325957105 1412738723.86
8.45002742516 1412738724.82
8.40355086939 1412738725.77
8.34901930616 1412738726.68
8.27796601967 1412738727.62
8.20919007955 1412738728.52
8.19168375322 1412738729.41
8.08981791048 1412738730.31
8.02354971763 1412738731.24
8.05460106846 1412738732.17
7.97685956418 1412738733.07
7.9706626863 1412738733.96
7.9098390717 1412738734.85
7.96778941987 1412738735.73
7.97854040945 1412738736.64
7.98141100588 1412738737.57
7.92187190661 1412738738.53
7.88756618464 1412738739.42
7.88003370242 1412738740.34
7.80235030777 1412738741.2
7.7658137851 1412738742.11
7.6653474347 1412738742.99
7.70958487446 1412738743.89
7.76438646989 1412738744.78
7.69137112667 1412738745.67
7.71744860325 1412738746.65
7.63302079874 1412738747.5
7.51978652166 1412738748.39
7.60541478349 1412738749.33
7.50967090645 1412738750.2
7.55811534756 1412738751.15
7.61057446609 1412738752.11
7.57324762063 1412738753.0
7.48120621042 1412738753.9
7.53261348108 1412738754.79
7.41368611405 1412738755.65
7.44789948752 1412738756.55
7.48120287811 1412738757.46
7.47823243797 1412738758.36
7.46513643276 1412738759.27
7.43141028617 1412738760.18
7.38567827897 1412738761.08
7.34649975129 1412738762.02
7.3247757922 1412738762.9
7.33286844764 1412738763.8
7.25910448066 1412738764.75
7.29113731894 1412738765.67
7.23247973725 1412738766.59
7.23732384649 1412738767.49
7.18013948417 1412738768.47
7.16043708582 1412738769.35
7.0741868263 1412738770.24
7.03789753946 1412738771.13
6.98485173039 1412738772.01
6.9921499262 1412738772.92
6.9317671998 1412738773.8
6.9831215367 1412738774.69
6.92056123073 1412738775.59
6.93604924533 1412738776.47
6.8942604423 1412738777.35
6.91537664863 1412738778.25
6.84852606386 1412738779.15
6.91743518322 1412738780.05
6.85613382093 1412738780.96
6.86983236465 1412738781.86
6.79017462273 1412738782.75
6.80701492129 1412738783.61
6.74449265822 1412738784.5
6.76122841427 1412738785.38
6.67661608131 1412738786.25
6.70618095918 1412738787.15
6.64377060772 1412738788.02
6.66659340993 1412738788.92
6.63738744462 1412738789.83
6.68128760436 1412738790.73
6.62795372762 1412738791.65
6.58730259007 1412738792.54
6.55233945612 1412738793.41
6.57338062445 1412738794.29
6.53802363799 1412738795.21
6.57224722286 1412738796.13
6.50030237722 1412738797.02
6.51798641622 1412738797.91
6.4830810371 1412738798.83
6.51568768453 1412738799.82
6.4803451644 1412738800.76
6.50626252179 1412738801.64
6.44266835981 1412738802.55
6.42986682094 1412738803.44
6.35338131999 1412738804.34
6.41750181663 1412738805.27
6.35223426682 1412738806.17
6.39071861717 1412738807.06
6.32786284839 1412738807.96
6.32098156006 1412738808.88
6.26609565694 1412738809.77
6.29346728013 1412738810.67
6.23648554216 1412738811.56
6.27347826332 1412738812.43
6.21962309657 1412738813.32
6.2395115398 1412738814.23
6.18236171151 1412738815.12
6.18197992428 1412738816.01
6.12489107724 1412738816.94
6.1592580862 1412738817.84
6.10563888338 1412738818.76
6.14380621764 1412738819.66
6.10051642587 1412738820.54
6.13449520651 1412738821.46
6.06518223837 1412738822.39
