20.128993677 1412722098.53
19.9841084002 1412722098.66
19.9027659931 1412722098.78
19.7637390826 1412722098.9
19.7712611207 1412722099.03
19.7535360021 1412722099.16
19.5144956335 1412722099.31
19.6842031684 1412722099.43
19.8058277438 1412722099.55
19.8260598576 1412722099.67
19.8437650656 1412722099.78
19.7946480309 1412722099.89
20.1798468532 1412722100.01
19.2651275392 1412722100.14
19.1011109105 1412722100.38
18.9501562823 1412722100.49
18.6470841665 1412722100.63
18.7945957535 1412722100.76
18.6343366398 1412722100.87
18.5517533539 1412722100.98
18.4128440205 1412722101.1
18.4693680271 1412722101.26
18.4076957132 1412722101.38
18.7100159662 1412722101.54
18.3535081184 1412722101.67
18.2835939301 1412722101.8
18.2706062813 1412722101.93
18.2900116761 1412722102.05
18.3411211859 1412722102.16
18.1447385894 1412722102.32
17.9804375983 1412722102.44
18.0988387843 1412722102.55
18.0849132152 1412722102.66
18.0266010202 1412722102.75
17.8242573312 1412722102.85
17.7171078814 1412722102.93
17.7980411237 1412722103.02
17.7118394787 1412722103.13
17.7126436487 1412722103.23
17.782954783 1412722103.33
17.3838019049 1412722103.42
17.4616314674 1412722103.51
17.5617586092 1412722103.63
17.8409555838 1412722103.74
17.8929292506 1412722103.85
17.9034726267 1412722103.96
17.9798923971 1412722104.07
18.013203761 1412722104.17
18.0030309815 1412722104.27
18.1257356524 1412722104.39
18.0955688685 1412722104.52
18.1972139756 1412722104.61
18.1671921065 1412722104.71
18.2035469427 1412722104.81
18.0797853105 1412722104.92
18.0981136424 1412722105.08
17.9655288207 1412722105.26
18.1148019483 1412722105.37
18.1468620829 1412722105.49
18.1033949765 1412722105.59
18.1872288015 1412722105.71
18.1992686136 1412722105.82
18.1949451095 1412722105.94
18.2540978381 1412722106.06
18.2420890211 1412722106.28
18.3743656055 1412722106.47
18.3839173581 1412722106.61
18.4858203381 1412722106.73
18.5052671369 1412722106.87
18.5069003972 1412722106.98
18.5898079848 1412722107.11
18.5277438723 1412722107.24
18.7465932916 1412722107.39
18.7968788651 1412722107.58
18.869972563 1412722107.72
18.9524182579 1412722107.84
18.7516193847 1412722107.97
18.6214482337 1412722108.16
18.74544037 1412722108.41
18.6460835826 1412722108.54
18.8256020071 1412722108.69
18.8940193024 1412722108.82
18.9740926171 1412722108.94
18.7488690706 1412722109.07
18.8033083067 1412722109.26
18.9485227483 1412722109.38
19.0187018656 1412722109.53
19.2462957545 1412722109.7
19.0367841375 1412722109.84
19.257356068 1412722109.97
19.3553434081 1412722110.11
19.1708670996 1412722110.26
19.1271016368 1412722110.43
19.2941097876 1412722110.57
19.3190493034 1412722110.69
19.0503696999 1412722110.81
18.9362899237 1412722110.96
18.5442851749 1412722111.13
18.4655868487 1412722111.29
18.6323492312 1412722111.48
18.729965875 1412722111.63
18.2635625752 1412722111.75
18.3416590138 1412722111.89
18.4155611352 1412722112.04
17.954252434 1412722112.19
17.7775771771 1412722112.37
17.7162163334 1412722112.51
17.7138084679 1412722112.66
18.1169660229 1412722112.86
17.8174964218 1412722113.09
18.1712908139 1412722113.28
17.9368559758 1412722113.47
17.8818573906 1412722113.65
18.0278866168 1412722113.84
17.6423391258 1412722114.02
17.4555598333 1412722114.2
17.8539800006 1412722114.45
17.7938219657 1412722114.64
17.7310052452 1412722114.83
18.4050649967 1412722115.01
18.4964252914 1412722115.17
18.4413333706 1412722115.34
18.3839504004 1412722115.49
19.6214177836 1412722115.67
19.5904932679 1412722115.86
19.5577328551 1412722116.04
20.3931380035 1412722116.19
19.9328807779 1412722116.4
19.9081334828 1412722116.57
18.9877649741 1412722116.74
18.9574923105 1412722116.92
18.926624623 1412722117.07
18.895528307 1412722117.26
18.5683237865 1412722117.42
18.6959655393 1412722117.6
18.6569948214 1412722117.77
18.6173682198 1412722117.95
18.5771187611 1412722118.13
18.5363599833 1412722118.36
18.4948685568 1412722118.52
20.1072384756 1412722118.71
19.3282122425 1412722118.89
19.3121679713 1412722119.05
19.296218827 1412722119.21
19.2803729869 1412722119.45
19.274569596 1412722119.62
19.2585226978 1412722119.8
19.2425828845 1412722119.98
18.9051139456 1412722120.15
19.2203444628 1412722120.43
18.8822191318 1412722120.6
18.8698829718 1412722120.79
18.8630747396 1412722120.96
18.8511509837 1412722121.12
18.8391995815 1412722121.28
18.2580946996 1412722121.46
18.2293368069 1412722121.63
18.2003770879 1412722121.81
18.1710680473 1412722121.98
18.1415569838 1412722122.13
18.1116521641 1412722122.4
18.0815160498 1412722122.6
18.0510913153 1412722122.78
18.0203611362 1412722122.97
17.9893265762 1412722123.13
17.957956055 1412722123.3
17.9263128115 1412722123.48
17.90528364 1412722123.66
17.8837303429 1412722123.82
17.8618201462 1412722123.99
17.8395338712 1412722124.19
17.8168075399 1412722124.41
17.790743488 1412722124.59
18.2809114534 1412722124.75
17.924103051 1412722124.92
17.8792182594 1412722125.11
18.3593330456 1412722125.3
19.6903203211 1412722125.5
19.6553624369 1412722125.67
19.6199462087 1412722125.84
19.5840159131 1412722126.01
19.5476080999 1412722126.19
19.510654843 1412722126.41
19.4732745379 1412722126.58
19.4297841743 1412722126.77
20.406773153 1412722126.94
20.3959461729 1412722127.11
20.3850550004 1412722127.3
20.37401082 1412722127.48
20.3628648002 1412722127.65
20.3515608899 1412722127.82
20.3401384874 1412722127.99
20.3286327488 1412722128.18
20.3169493491 1412722128.41
20.3051047946 1412722128.59
20.293089223 1412722128.79
20.2810130331 1412722128.96
20.268719486 1412722129.13
20.2562844073 1412722129.31
20.2436981754 1412722129.54
