20.1151757149 1412751990.3
20.195565957 1412751991.91
20.438095628 1412751993.45
20.5996948364 1412751995.01
20.8047327281 1412751996.53
20.9602070567 1412751998.12
20.7419327003 1412751999.68
20.8810677532 1412752001.26
20.9093062646 1412752002.81
20.9335299463 1412752004.4
20.9800868619 1412752006.05
20.8488056074 1412752007.66
20.6825731882 1412752009.23
20.3615422055 1412752010.78
20.0809084043 1412752012.28
20.0008253017 1412752013.83
19.8950184867 1412752015.39
19.6816133967 1412752016.86
19.7245338002 1412752018.36
19.5730312126 1412752019.91
19.4468251726 1412752021.39
19.3469046104 1412752022.9
19.1876595469 1412752024.42
19.1782695903 1412752025.91
19.1385940608 1412752027.43
19.2244969973 1412752028.97
19.2975225671 1412752030.47
19.3753775274 1412752032.02
18.7400374945 1412752033.51
17.5316255699 1412752035.01
18.0307497306 1412752036.54
17.0847483581 1412752038.09
17.3297127674 1412752039.67
17.4681829753 1412752041.29
17.4209312625 1412752042.84
17.1218502963 1412752044.41
16.971184087 1412752046.0
17.9245295002 1412752047.54
17.3288121788 1412752049.16
16.6771330073 1412752050.74
16.2891007014 1412752052.29
16.4393489797 1412752053.84
16.0444806245 1412752055.36
16.3216964644 1412752056.87
15.8818154586 1412752058.38
16.0614885323 1412752059.95
16.094753018 1412752061.5
16.0144259132 1412752063.0
15.9021720007 1412752064.47
15.7998438534 1412752065.97
15.545824527 1412752067.5
15.4366944961 1412752069.02
15.2528520534 1412752070.58
15.0657882154 1412752072.0
15.0922288658 1412752073.45
14.8279100253 1412752074.87
14.7696926285 1412752076.34
14.5626786208 1412752077.8
14.550031796 1412752079.22
14.2913125804 1412752080.68
14.4282173479 1412752082.1
14.1112984065 1412752083.45
14.2465320801 1412752084.89
14.0272555998 1412752086.3
14.0862560836 1412752087.71
14.3012337244 1412752089.14
13.9292150415 1412752090.56
13.7095209885 1412752091.96
13.8035411968 1412752093.39
13.6165851054 1412752094.84
13.5186719091 1412752096.26
13.4237508814 1412752097.67
13.4333167628 1412752099.08
13.4288330524 1412752100.45
13.3715635061 1412752101.86
13.3267655779 1412752103.25
13.367850545 1412752104.71
13.2186926658 1412752106.13
13.2888064875 1412752107.59
13.155572231 1412752108.97
13.1291210123 1412752110.37
13.09235412 1412752111.85
13.0819615312 1412752113.26
12.9647818041 1412752114.6
12.9079388454 1412752115.95
12.9203432641 1412752117.36
12.7976716022 1412752118.74
12.8470821466 1412752120.08
12.732687617 1412752121.46
12.7692307915 1412752122.8
12.6213102069 1412752124.13
12.6610680644 1412752125.52
12.5561918634 1412752126.92
12.5938203955 1412752128.3
12.7148718067 1412752129.66
12.5403410845 1412752131.02
12.5355495592 1412752132.37
12.4472433353 1412752133.74
12.4027778496 1412752135.06
12.3420220541 1412752136.39
12.3302197801 1412752137.75
12.240340699 1412752139.09
12.2224494768 1412752140.45
12.2750816618 1412752141.81
12.2699310849 1412752143.2
12.2432325174 1412752144.59
12.2311296535 1412752145.98
12.2394047165 1412752147.35
12.2214209875 1412752148.72
12.1808995708 1412752150.1
12.1596366824 1412752151.53
12.1053080008 1412752152.97
12.0536159327 1412752154.38
12.0359485565 1412752155.81
11.953831681 1412752157.28
11.9222279316 1412752158.65
11.8185563048 1412752160.1
11.7498927764 1412752161.53
11.6805702964 1412752162.95
11.5764096625 1412752164.39
11.5516183892 1412752165.84
11.4562493198 1412752167.28
11.4272859242 1412752168.68
11.4492235134 1412752170.1
11.4106543316 1412752171.51
11.3053731267 1412752172.93
11.1837149783 1412752174.39
11.1134283144 1412752175.83
11.0463055719 1412752177.25
11.0415280055 1412752178.69
10.9939951625 1412752180.03
10.9099953969 1412752181.48
10.8693200149 1412752182.89
10.8227452208 1412752184.29
10.8219101657 1412752185.66
10.7655202617 1412752187.02
10.7007817185 1412752188.4
10.6910399715 1412752189.78
10.6674711826 1412752191.15
10.6280717623 1412752192.47
10.5985649918 1412752193.84
10.5538812926 1412752195.2
10.5263011436 1412752196.55
10.526943796 1412752197.93
10.4979205361 1412752199.27
10.4425956505 1412752200.62
10.4244387 1412752201.98
10.4029192176 1412752203.34
10.376558944 1412752204.68
10.2993866331 1412752206.03
10.3389216113 1412752207.37
10.2608696269 1412752208.71
10.2775412932 1412752210.04
10.2737370315 1412752211.34
10.2474149356 1412752212.71
10.1892870041 1412752214.08
10.199036957 1412752215.39
10.1289964746 1412752216.71
10.1054198002 1412752218.04
10.0531803354 1412752219.34
10.0541284866 1412752220.66
10.1162754893 1412752221.97
10.1054960146 1412752223.31
10.022006795 1412752224.64
9.99977904759 1412752225.93
9.93571161411 1412752227.17
9.95358658799 1412752228.55
9.87771064028 1412752229.87
9.87028646421 1412752231.23
9.79466083897 1412752232.61
9.79774283212 1412752233.95
9.78023246156 1412752235.28
9.73632754722 1412752236.58
9.68966645844 1412752237.86
9.70774211658 1412752239.16
9.65952679464 1412752240.5
9.67028332086 1412752241.81
9.65501481253 1412752243.13
9.62669789135 1412752244.46
9.57833754624 1412752245.82
9.523450584 1412752247.1
9.52954252574 1412752248.46
9.43553595691 1412752249.79
9.4116642828 1412752251.11
9.36992269847 1412752252.46
9.30843860788 1412752253.81
9.28686371685 1412752255.08
9.22128303979 1412752256.41
9.23554041354 1412752257.74
9.17546926382 1412752259.05
9.13797017577 1412752260.35
9.13431199203 1412752261.68
9.07760890528 1412752263.02
9.05192531021 1412752264.33
9.00962202085 1412752265.68
8.97752738636 1412752267.02
8.94544374813 1412752268.35
8.91482178645 1412752269.74
8.857613306 1412752271.05
8.85225154107 1412752272.39
