30.219289934 1412750141.29
29.2078656496 1412750142.89
29.4761959536 1412750144.48
28.909012156 1412750145.94
28.8995972732 1412750147.42
28.8784630775 1412750148.94
29.2595488755 1412750150.45
29.4866210377 1412750152.01
28.8051713744 1412750153.65
28.8657244239 1412750155.24
28.7702520996 1412750156.82
28.5776838525 1412750158.41
28.4538418581 1412750159.92
28.0969262786 1412750161.44
27.8750861885 1412750163.02
27.6466651882 1412750164.8
27.2093550053 1412750166.32
27.1723848881 1412750167.86
26.6822986877 1412750169.36
26.2859169155 1412750170.9
25.9569688838 1412750172.4
25.2453952705 1412750173.96
25.1533487605 1412750175.55
25.2116630584 1412750177.02
24.8316734521 1412750178.52
24.7129311821 1412750180.05
24.7051197875 1412750181.51
24.6493157791 1412750183.06
24.64715155 1412750184.59
24.390944697 1412750186.17
24.2732095759 1412750187.76
24.1240259218 1412750189.35
23.8541300996 1412750190.96
23.7949655618 1412750192.57
23.6509541628 1412750194.21
23.3628846315 1412750195.87
23.3291221133 1412750197.57
23.0244556248 1412750199.27
22.9382384691 1412750200.95
23.0456419932 1412750202.7
22.8951059818 1412750204.44
22.881588699 1412750206.18
22.8056956349 1412750207.89
22.9732687007 1412750209.67
22.8824409455 1412750211.49
22.845553193 1412750213.39
22.9754274002 1412750215.22
22.9974133572 1412750217.02
23.1007154958 1412750218.91
23.265920049 1412750220.76
23.2920463005 1412750222.57
23.4190839217 1412750224.42
23.2639700068 1412750226.33
23.139198571 1412750228.24
23.1467607013 1412750230.08
22.9732944227 1412750231.91
22.7220568943 1412750233.76
22.5362529795 1412750235.67
22.5153058003 1412750237.52
22.3311480934 1412750239.36
22.2808567364 1412750241.21
22.2471083799 1412750243.03
22.1794899656 1412750244.96
22.2460596091 1412750246.89
22.1381273371 1412750248.75
22.0953716747 1412750250.67
22.0685256022 1412750252.59
22.1337949676 1412750254.46
22.0318772547 1412750256.38
21.8773096041 1412750258.3
21.83162995 1412750260.25
21.7498457647 1412750262.23
21.8306051172 1412750264.18
21.7903512007 1412750266.14
21.8799368305 1412750268.06
21.9511433299 1412750269.95
21.8285983682 1412750271.81
21.8190920058 1412750273.76
21.6857383027 1412750275.76
21.6474876554 1412750277.69
21.6915604624 1412750279.67
21.6188640463 1412750281.54
21.5080134641 1412750283.52
21.3948896698 1412750285.35
21.6316271996 1412750287.39
21.5250592728 1412750289.36
21.5482725895 1412750291.4
21.4755894541 1412750293.36
21.3864237051 1412750295.31
21.4306554681 1412750297.32
21.3759246022 1412750299.21
21.3962338166 1412750301.1
21.4527053304 1412750303.06
21.3828674929 1412750305.02
21.4284663192 1412750307.07
21.3530410692 1412750308.99
21.3335931128 1412750311.0
21.4671841011 1412750313.05
21.439329058 1412750315.2
21.3904705516 1412750317.4
21.478509231 1412750319.43
21.4238908287 1412750321.48
21.4625082576 1412750323.48
21.4853603844 1412750325.48
21.4119573276 1412750327.61
21.5010392813 1412750329.69
21.5480387903 1412750331.66
21.6044674271 1412750333.76
21.6957278454 1412750335.8
21.7226000364 1412750337.79
21.6638870704 1412750339.75
21.6461977639 1412750341.65
21.6474171789 1412750343.68
21.5989529357 1412750345.7
21.6537213326 1412750347.76
21.623538776 1412750349.78
21.7407386311 1412750351.76
21.7271504478 1412750353.75
21.8520367479 1412750355.83
21.8143060066 1412750357.8
21.8538461526 1412750359.86
22.0174477205 1412750361.93
22.0192415667 1412750364.02
22.1475230041 1412750366.11
22.2121747334 1412750368.38
22.1821528126 1412750370.68
22.1283577783 1412750373.02
22.1863434888 1412750375.32
22.171433145 1412750377.73
22.1024585765 1412750380.02
22.1013838001 1412750382.35
22.2423001395 1412750384.69
22.2073742434 1412750386.96
22.1787805502 1412750389.19
22.170656825 1412750391.57
22.3085310411 1412750393.86
22.293870284 1412750396.17
22.3484109451 1412750398.49
22.4402009357 1412750400.83
22.5127499609 1412750403.18
22.5402878607 1412750405.53
22.4387210153 1412750407.87
22.357494396 1412750410.23
22.3481900313 1412750412.59
22.3186849141 1412750414.92
22.2602248229 1412750417.21
22.2174576224 1412750419.55
22.16012847 1412750421.93
22.1522440889 1412750424.32
22.1353690087 1412750426.68
22.1067433423 1412750429.02
22.0543235867 1412750431.41
22.081990456 1412750433.83
22.0850210691 1412750436.19
22.0338128731 1412750438.69
22.0564450334 1412750441.15
22.054254173 1412750443.71
22.0988791965 1412750446.19
22.1364564842 1412750448.76
22.1054681371 1412750451.3
22.0920414744 1412750454.06
22.1827307127 1412750456.8
22.2048338894 1412750459.58
22.1175691578 1412750462.33
22.1560070988 1412750464.97
22.1937348138 1412750467.58
22.1795733458 1412750470.15
22.2217983315 1412750472.67
22.1529038527 1412750475.23
22.146175942 1412750477.77
22.1102484024 1412750480.34
22.1483432909 1412750482.91
22.1627359877 1412750485.52
22.1548013934 1412750487.98
22.2015342918 1412750490.43
22.2415300399 1412750492.91
22.264646915 1412750495.53
22.336493409 1412750498.08
22.4250920528 1412750500.6
22.3902279232 1412750503.0
22.3920632198 1412750505.39
22.3903864987 1412750507.76
22.4108552387 1412750510.07
22.4903015773 1412750512.4
22.6072161728 1412750514.56
22.6731967932 1412750516.84
22.6166961437 1412750519.03
22.6704717068 1412750521.29
22.7585481779 1412750523.47
22.8329372818 1412750525.65
22.8745826716 1412750527.8
22.9033959461 1412750529.87
22.950087494 1412750531.87
23.0098864071 1412750533.9
23.1293406903 1412750535.94
23.1567211125 1412750537.89
23.1705334948 1412750540.03
23.1563808811 1412750542.15
23.2787348381 1412750543.98
23.3142119976 1412750545.66
