23.7504408466 1412737970.24
23.855156239 1412737971.26
23.9686153157 1412737972.41
23.8765793808 1412737973.59
23.5175715657 1412737974.61
23.1252594563 1412737975.59
23.028311125 1412737976.62
22.7139403798 1412737977.62
22.4894170527 1412737978.72
22.4185383568 1412737979.73
22.2961929383 1412737980.81
22.2714258321 1412737981.9
22.277869792 1412737982.98
22.0537887833 1412737984.01
22.0435348506 1412737985.05
21.9359947422 1412737986.05
21.8318798104 1412737987.11
21.6257208726 1412737988.16
21.6616008524 1412737989.2
21.5997863111 1412737990.25
21.5465713521 1412737991.26
21.58716523 1412737992.34
21.6429949265 1412737993.41
21.677916344 1412737994.48
21.6750397789 1412737995.59
21.7607486292 1412737996.59
21.7688444919 1412737997.65
21.7822840383 1412737998.71
21.9126782608 1412737999.79
21.9810793908 1412738000.92
22.0718990665 1412738001.99
22.156793293 1412738003.09
22.1818498977 1412738004.18
22.3136241602 1412738005.26
22.1501661284 1412738006.4
21.8694403141 1412738007.51
21.5042101717 1412738008.54
21.2381190776 1412738009.59
21.3484202153 1412738010.71
21.3981942032 1412738011.79
21.2295087908 1412738012.91
21.1304470781 1412738014.04
21.0222911428 1412738015.12
20.8515528781 1412738016.18
20.8441276157 1412738017.21
20.7596593152 1412738018.34
20.6473538225 1412738019.45
20.5049212097 1412738020.56
20.4850826408 1412738021.68
20.4187247655 1412738022.76
20.3674278881 1412738023.86
20.2403751576 1412738024.99
20.167480693 1412738026.11
20.0362883848 1412738027.24
19.9959872022 1412738028.36
19.8998519357 1412738029.48
19.8437506144 1412738030.6
19.7974434233 1412738031.75
19.6231395063 1412738032.82
19.5569589972 1412738034.01
19.5167780651 1412738035.17
19.4846199041 1412738036.34
19.3081937036 1412738037.49
19.1623853887 1412738038.63
19.0666301157 1412738039.78
18.7701898841 1412738040.92
18.6640103769 1412738042.11
18.5984340077 1412738043.32
18.5662280374 1412738044.52
18.4377133183 1412738045.71
18.35282728 1412738046.96
18.2516640395 1412738048.14
18.0773205229 1412738049.35
18.0547118814 1412738050.57
18.0305642297 1412738051.77
18.0389975076 1412738052.96
18.0170090906 1412738054.14
18.0014439898 1412738055.33
17.9794572629 1412738056.5
18.0238224464 1412738057.69
18.0026419129 1412738058.86
18.0036546744 1412738060.04
18.0104619228 1412738061.26
17.9792451582 1412738062.6
17.934316299 1412738063.86
17.9233527207 1412738065.13
17.9358172157 1412738066.41
17.9147727704 1412738067.65
17.9460067155 1412738068.9
17.9429805125 1412738070.16
17.9359733969 1412738071.38
17.9298339303 1412738072.59
17.9517688009 1412738073.84
17.994086382 1412738075.07
18.0119933864 1412738076.34
17.9885700196 1412738077.65
18.0005074204 1412738078.94
18.0244049883 1412738080.19
17.9852156465 1412738081.47
17.9934291033 1412738082.76
17.9698641647 1412738084.08
18.0120425072 1412738085.29
18.0114933782 1412738086.59
17.9969104208 1412738087.93
17.9925743192 1412738089.22
17.98960641 1412738090.47
17.9886126207 1412738091.73
18.0279759412 1412738093.04
18.0722035866 1412738094.34
18.1367219024 1412738095.59
18.1155917923 1412738096.88
18.1464643759 1412738098.18
18.1381979229 1412738099.42
18.1370075523 1412738100.63
18.1154486162 1412738101.92
18.1962934627 1412738103.23
18.1867942345 1412738104.53
18.1362440025 1412738105.82
18.078884606 1412738107.12
18.1369390115 1412738108.38
18.0994153105 1412738109.7
18.1580245822 1412738110.94
18.1684546339 1412738112.19
18.1559215539 1412738113.45
18.1059651453 1412738114.74
18.1290101211 1412738116.03
18.1291898472 1412738117.34
18.1138081094 1412738118.61
18.0842494136 1412738119.93
18.07436996 1412738121.22
18.0411498104 1412738122.59
18.0880412217 1412738123.89
18.0854374013 1412738125.21
18.0716637769 1412738126.5
18.0801722451 1412738127.82
18.0699082256 1412738129.12
18.0680575742 1412738130.39
18.0899770631 1412738131.73
18.099819938 1412738133.0
18.0960103464 1412738134.29
18.0957567544 1412738135.62
18.0500990717 1412738136.88
18.0699797034 1412738138.19
18.0631907414 1412738139.42
18.0636663374 1412738140.73
18.0570870381 1412738141.98
18.0490234713 1412738143.25
18.0407509409 1412738144.53
18.0171042028 1412738145.8
18.0202709313 1412738147.14
18.0093678732 1412738148.43
18.0355692189 1412738149.68
17.9931130387 1412738150.96
18.0306852506 1412738152.28
18.0051100239 1412738153.54
18.0171757085 1412738154.81
18.0121825734 1412738156.05
18.0130120031 1412738157.32
18.0356047493 1412738158.58
17.9950407942 1412738159.8
17.9967349506 1412738161.07
17.9769558921 1412738162.3
17.95459118 1412738163.53
17.9750420202 1412738164.79
18.0024000746 1412738166.07
18.037295212 1412738167.33
18.0522297653 1412738168.58
18.0222855122 1412738169.82
18.0160500409 1412738171.05
18.0154343352 1412738172.27
17.9605169556 1412738173.5
18.0402656568 1412738174.74
18.005555064 1412738176.0
18.0528054356 1412738177.28
18.0228436373 1412738178.53
18.0615662674 1412738179.78
18.0756893113 1412738181.06
18.0381568979 1412738182.29
18.0589677446 1412738183.53
18.0480529495 1412738184.75
18.039707057 1412738185.99
18.0403249714 1412738187.23
18.0409591911 1412738188.45
18.0401612192 1412738189.7
18.0615206729 1412738190.89
18.063408895 1412738192.07
18.0312736419 1412738193.32
18.0274780146 1412738194.55
18.0081439677 1412738195.8
18.0086143583 1412738197.01
18.0089249614 1412738198.25
18.0141356053 1412738199.5
18.0115522608 1412738200.74
18.0145140993 1412738201.95
18.0074522227 1412738203.2
18.0044205903 1412738204.46
18.0133611078 1412738205.67
18.0127153815 1412738206.93
18.0127616701 1412738208.2
18.0138730856 1412738209.42
