29.2466549046 1412735565.73
28.9400037806 1412735566.87
29.1229649649 1412735567.95
29.2616582052 1412735569.07
29.4214321381 1412735570.2
29.3003164695 1412735571.35
29.2950372134 1412735572.4
29.5222994042 1412735573.49
29.4061742599 1412735574.54
29.4905825364 1412735575.58
29.5878695502 1412735576.61
29.5098331703 1412735577.64
29.3680212546 1412735578.68
29.1867816193 1412735579.72
29.1695748012 1412735580.78
29.2608475319 1412735581.8
28.9644000352 1412735582.8
29.0391310146 1412735583.88
28.6096752387 1412735584.98
28.7387096724 1412735586.04
28.64205262 1412735587.11
28.7497801409 1412735588.18
28.6402033547 1412735589.22
28.68805522 1412735590.22
28.6139399565 1412735591.25
28.6036794458 1412735592.27
28.5464295112 1412735593.32
28.4303573492 1412735594.4
28.456622596 1412735595.44
28.1623992512 1412735596.5
27.677190538 1412735597.6
27.4049460754 1412735598.61
26.9177421227 1412735599.66
26.7324852416 1412735600.68
26.3677597541 1412735601.73
26.0171420834 1412735602.82
25.7264519076 1412735603.85
25.4246534487 1412735604.95
25.2636521235 1412735605.98
24.9456338681 1412735607.01
24.8321263702 1412735608.03
24.7513449279 1412735609.05
24.3975606696 1412735610.02
24.1317971617 1412735611.06
24.1015410007 1412735612.09
23.9969163798 1412735613.08
23.7163756228 1412735614.11
23.5429308309 1412735615.08
23.4878593709 1412735616.1
23.214718366 1412735617.12
23.235066095 1412735618.12
22.9624935581 1412735619.07
22.9378473125 1412735620.03
22.6619581981 1412735620.95
22.3709230734 1412735621.91
22.277621011 1412735622.86
22.106968015 1412735623.79
21.9044982317 1412735624.76
21.7641876616 1412735625.72
21.6195077029 1412735626.67
21.5519468646 1412735627.64
21.495302037 1412735628.6
21.4076248285 1412735629.57
21.3181437339 1412735630.55
21.0701323232 1412735631.5
20.9503820523 1412735632.52
20.7898295797 1412735633.48
20.6451921003 1412735634.43
20.3689928331 1412735635.46
20.2827450132 1412735636.41
20.0035715783 1412735637.33
19.969224069 1412735638.28
19.7024562329 1412735639.24
19.4571604561 1412735640.18
19.3522006086 1412735641.09
19.1183836117 1412735642.05
19.0703080585 1412735643.01
18.8469900017 1412735643.92
18.6830063007 1412735644.86
18.6792751618 1412735645.83
18.6832114931 1412735646.78
18.755135374 1412735647.73
18.6347945864 1412735648.67
18.5379841687 1412735649.64
18.2072850793 1412735650.59
18.2690975636 1412735651.57
18.1859945944 1412735652.59
18.2028601895 1412735653.58
18.1680026932 1412735654.55
18.1146034595 1412735655.59
18.1713212167 1412735656.61
17.989069308 1412735657.6
17.8044106153 1412735658.59
17.6732061447 1412735659.55
17.6143728554 1412735660.54
17.4655561379 1412735661.52
17.3848911127 1412735662.49
17.1998308631 1412735663.57
17.108671507 1412735664.57
16.9530553435 1412735665.6
16.8912757771 1412735666.55
16.793087079 1412735667.55
16.7621511656 1412735668.57
16.5048250314 1412735669.64
16.4780651144 1412735670.67
16.3008219122 1412735671.69
16.2151012389 1412735672.73
16.1047479123 1412735673.71
15.9976126417 1412735674.7
15.8958433521 1412735675.69
15.8001072038 1412735676.68
15.6480463473 1412735677.67
15.5926340071 1412735678.68
15.4908984462 1412735679.68
15.4847461586 1412735680.69
15.2951590165 1412735681.78
15.3016969062 1412735682.84
15.3078461305 1412735683.85
15.1289347549 1412735684.97
15.1307964227 1412735685.99
14.954377291 1412735687.07
15.0434929965 1412735688.1
15.0802930603 1412735689.1
15.1147379158 1412735690.16
15.0202459459 1412735691.15
15.0517007871 1412735692.13
14.9043548302 1412735693.11
14.7732013703 1412735694.11
14.7503140812 1412735695.11
14.5669087569 1412735696.06
14.5821374846 1412735697.1
14.385580311 1412735698.16
14.2200757177 1412735699.21
14.3351677996 1412735700.25
14.321738953 1412735701.24
14.210248934 1412735702.27
14.0722287849 1412735703.3
14.0829721306 1412735704.34
13.9582971046 1412735705.32
13.9810085888 1412735706.27
13.8092977174 1412735707.29
13.8093943718 1412735708.29
13.6806339849 1412735709.26
13.6986906414 1412735710.3
13.5299051442 1412735711.31
13.5874625429 1412735712.3
13.6355170241 1412735713.28
13.4587389293 1412735714.25
13.5413471559 1412735715.24
13.4634712053 1412735716.25
13.4997631586 1412735717.26
13.3573783158 1412735718.26
13.3908742672 1412735719.27
13.272736871 1412735720.29
13.0823446401 1412735721.32
13.162970659 1412735722.33
13.0090691569 1412735723.31
13.0717178701 1412735724.34
13.1427338845 1412735725.36
12.9348555655 1412735726.36
12.8210250381 1412735727.37
12.8538700422 1412735728.38
12.7219918934 1412735729.32
12.7262114044 1412735730.33
12.6348951792 1412735731.35
12.5085017192 1412735732.35
12.5324039792 1412735733.37
12.4373475723 1412735734.36
12.4944807937 1412735735.36
12.3877619563 1412735736.36
12.4193512043 1412735737.32
12.2636087587 1412735738.27
12.2814940445 1412735739.26
12.1663413411 1412735740.28
12.2023691833 1412735741.3
12.0827838751 1412735742.26
12.1245890078 1412735743.29
11.9857547619 1412735744.32
11.9483597604 1412735745.37
12.1065958755 1412735746.37
11.9281800013 1412735747.42
11.8477490819 1412735748.48
11.8050248326 1412735749.55
11.7396144176 1412735750.57
11.7435530576 1412735751.56
11.642846278 1412735752.58
11.639223841 1412735753.57
11.6121541314 1412735754.56
11.6266475821 1412735755.59
11.4850924916 1412735756.61
11.5220452995 1412735757.61
11.4059213738 1412735758.62
11.2915228609 1412735759.65
11.3261084623 1412735760.65
11.2288923146 1412735761.7
11.245945077 1412735762.75
11.1646127601 1412735763.84
11.1459543554 1412735764.85
11.080655686 1412735765.96
11.0460147889 1412735767.38
