24.6604400353 1412721779.77
24.5229649997 1412721779.89
24.9509762183 1412721780.0
25.0791173316 1412721780.1
25.1079395651 1412721780.19
25.1332835597 1412721780.28
25.148431198 1412721780.37
24.7543509349 1412721780.49
25.0514272473 1412721780.59
25.0305747283 1412721780.68
25.087624527 1412721780.81
24.8696914901 1412721780.95
24.5442752122 1412721781.06
24.3499168473 1412721781.15
23.9624123691 1412721781.25
23.8774114457 1412721781.38
23.4738633877 1412721781.48
23.4420945267 1412721781.57
23.0568724451 1412721781.68
22.9557475713 1412721781.76
23.0267069945 1412721781.84
22.8059767809 1412721781.92
23.0491489284 1412721782.02
22.7755228318 1412721782.12
22.5564698286 1412721782.2
22.4971019409 1412721782.28
22.5457549471 1412721782.36
22.6309660711 1412721782.45
22.5748618818 1412721782.54
22.3931080823 1412721782.65
22.3420246462 1412721782.74
22.4138735371 1412721782.81
21.9596857589 1412721782.9
21.9058498815 1412721783.0
21.9410972984 1412721783.09
21.8002746806 1412721783.18
21.7391222418 1412721783.27
21.6765188301 1412721783.38
21.6349030833 1412721783.47
21.4479473685 1412721783.55
21.3906985257 1412721783.64
21.5245896787 1412721783.73
21.3653879301 1412721783.81
21.3010722166 1412721783.94
21.2360729527 1412721784.04
20.7430798702 1412721784.12
20.7313129992 1412721784.21
20.6235632382 1412721784.3
19.9060028504 1412721784.37
19.6788995277 1412721784.46
19.3560457969 1412721784.54
19.2551470727 1412721784.61
18.9728002072 1412721784.7
18.8647722172 1412721784.79
18.4373719547 1412721784.87
18.3245393438 1412721784.95
17.7161062498 1412721785.03
17.7104393352 1412721785.14
17.1447038769 1412721785.22
17.0061149675 1412721785.34
16.7595588587 1412721785.43
16.5222955316 1412721785.54
16.3725029626 1412721785.65
16.2633087374 1412721785.75
15.8095578696 1412721785.86
15.2966584207 1412721785.96
14.8275674458 1412721786.05
14.5865981663 1412721786.14
14.2450610515 1412721786.26
13.8889163232 1412721786.35
13.5757542468 1412721786.49
13.3262511936 1412721786.63
13.2575937329 1412721786.76
12.7025674433 1412721786.92
12.5686644813 1412721787.02
12.4577479618 1412721787.11
12.3705094203 1412721787.21
12.1343077963 1412721787.31
11.9561587577 1412721787.41
11.8227319793 1412721787.51
11.6736926163 1412721787.59
11.6186967 1412721787.68
11.8151964025 1412721787.78
11.9075913103 1412721787.88
12.2894043582 1412721788.0
12.5100309397 1412721788.13
12.6974662905 1412721788.28
12.7651396217 1412721788.41
13.3551491465 1412721788.53
13.5392445543 1412721788.65
13.7641536024 1412721788.78
13.9166643973 1412721788.9
13.9721193095 1412721789.01
13.9660245612 1412721789.1
14.0950330534 1412721789.2
14.1367555588 1412721789.34
14.2728108793 1412721789.46
14.5282058884 1412721789.56
14.6051103881 1412721789.68
14.720245966 1412721789.8
14.8401979975 1412721789.94
15.0212548212 1412721790.05
15.1274393463 1412721790.18
15.2362882438 1412721790.41
15.2449720325 1412721790.56
15.4096775055 1412721790.69
15.4417825469 1412721790.85
15.4293676968 1412721791.01
15.5164353795 1412721791.15
15.6132382702 1412721791.3
15.643288719 1412721791.46
15.5621446861 1412721791.68
15.6395217864 1412721791.82
15.647120962 1412721791.96
15.868595068 1412721792.12
15.9354756072 1412721792.24
16.0097552812 1412721792.35
16.0713317404 1412721792.45
16.301158654 1412721792.55
16.382303658 1412721792.66
16.3913105836 1412721792.77
16.4657030224 1412721792.87
16.9138620998 1412721792.97
17.117484348 1412721793.09
17.1751934796 1412721793.18
17.235309222 1412721793.3
17.2409075502 1412721793.43
17.4155701606 1412721793.55
17.4904168631 1412721793.66
17.55485602 1412721793.77
17.6177182398 1412721793.86
17.6726101151 1412721793.95
17.7594825837 1412721794.05
17.9664231037 1412721794.15
18.0357869438 1412721794.26
18.090024111 1412721794.37
18.1413373385 1412721794.47
18.1961250717 1412721794.58
18.0933311193 1412721794.67
17.8773130004 1412721794.78
17.9287933938 1412721794.89
18.124967409 1412721794.99
18.1752190536 1412721795.12
18.2309257127 1412721795.22
17.9676478583 1412721795.35
18.0220237498 1412721795.44
18.0851116416 1412721795.54
18.1337052314 1412721795.64
18.1764382152 1412721795.78
18.208198741 1412721795.91
18.4172931063 1412721796.02
18.0893518618 1412721796.13
18.1268397793 1412721796.24
18.1631508993 1412721796.35
18.1984156206 1412721796.48
18.4349103314 1412721796.6
18.4730398219 1412721796.72
18.5154773614 1412721796.87
18.5492847301 1412721796.99
18.583443711 1412721797.1
18.6177383704 1412721797.22
18.6522770526 1412721797.37
17.956269204 1412721797.49
17.9933377396 1412721797.65
18.029651765 1412721797.78
18.0739348372 1412721797.93
18.1106786582 1412721798.03
18.1222393362 1412721798.13
18.1617229797 1412721798.22
18.2084104856 1412721798.33
17.9600086116 1412721798.45
18.0082321094 1412721798.55
17.8019449689 1412721798.64
17.8404105212 1412721798.75
17.8794588335 1412721798.86
17.9190922274 1412721798.98
17.9594159722 1412721799.09
18.0003833606 1412721799.2
18.0421061989 1412721799.32
18.0845688827 1412721799.43
18.4020035679 1412721799.53
18.0980917069 1412721799.63
18.1241101246 1412721799.75
18.1224529999 1412721799.87
18.142688627 1412721800.03
18.1628833318 1412721800.14
18.1658640313 1412721800.24
18.1843396435 1412721800.34
17.7859648077 1412721800.45
17.8132238266 1412721800.61
17.8406924031 1412721800.71
17.8680447487 1412721800.81
17.8953702169 1412721800.96
17.922835649 1412721801.06
17.9504205086 1412721801.17
17.9779893355 1412721801.29
17.8029123248 1412721801.41
17.8207685172 1412721801.51
17.8389578333 1412721801.61
17.8574058482 1412721801.71
