24.8588669528 1412743260.82
24.3336008031 1412743261.8
24.1778345555 1412743262.79
23.7731286738 1412743263.79
23.7325940648 1412743264.79
23.4727934988 1412743265.74
23.1874344838 1412743266.71
22.9719295151 1412743267.69
22.7016402738 1412743268.63
22.5756154545 1412743269.53
22.3410509534 1412743270.47
22.1115263454 1412743271.39
22.1530991348 1412743272.3
22.0273950494 1412743273.21
21.9265058854 1412743274.17
21.8453841453 1412743275.11
21.8909299703 1412743276.03
21.829304032 1412743276.94
22.0385125671 1412743277.8
21.8353938667 1412743278.69
21.9295129665 1412743279.58
21.9480670809 1412743280.48
21.7781336738 1412743281.37
21.7316847039 1412743282.27
21.7897954114 1412743283.16
21.9112750551 1412743284.02
21.1836533844 1412743284.94
20.5023100786 1412743285.84
20.1042395375 1412743286.77
19.858063694 1412743287.66
19.8967769802 1412743288.58
19.8702930217 1412743289.47
19.8652888244 1412743290.33
19.9312322133 1412743291.24
19.9387403826 1412743292.13
19.9038807629 1412743293.0
19.7584667692 1412743293.9
19.7512857302 1412743294.81
19.6609792567 1412743295.7
19.7594233525 1412743296.62
19.7572194149 1412743297.5
19.6418584922 1412743298.41
19.6776216834 1412743299.27
19.7209213164 1412743300.16
19.5396755864 1412743301.05
19.4371974716 1412743301.94
19.3480534537 1412743302.83
19.3296880393 1412743303.75
19.1395629726 1412743304.65
19.1775551732 1412743305.55
19.1587094484 1412743306.48
19.1387033167 1412743307.38
19.0465404671 1412743308.31
19.046179364 1412743309.23
18.9674253197 1412743310.12
18.9355700949 1412743311.02
18.9656427586 1412743311.91
18.8745456934 1412743312.84
18.9923316519 1412743313.79
19.013162986 1412743314.72
19.0756169085 1412743315.65
19.0882276752 1412743316.59
18.9334271776 1412743317.55
18.9490940193 1412743318.46
18.890446547 1412743319.4
18.8427451638 1412743320.34
18.8324401959 1412743321.29
18.6950096694 1412743322.22
18.5382926308 1412743323.13
18.3324196449 1412743324.05
18.245705807 1412743324.96
18.2381995673 1412743325.9
18.2827509276 1412743326.86
18.2151393362 1412743327.82
18.0715679407 1412743328.68
18.0755551842 1412743329.6
18.0412438401 1412743330.53
17.9609655086 1412743331.51
18.0353692577 1412743332.45
18.0585748599 1412743333.39
17.9892809349 1412743334.35
17.8877437341 1412743335.29
17.9324871064 1412743336.24
17.8553258179 1412743337.15
17.8592982423 1412743338.11
17.8359049706 1412743339.03
17.8734454201 1412743339.97
17.7788800246 1412743340.93
17.8467413295 1412743341.84
17.83464439 1412743342.81
17.885450746 1412743343.72
17.7782228632 1412743344.65
17.8799034084 1412743345.6
17.9046236362 1412743346.59
17.928518709 1412743347.57
17.9452879732 1412743348.5
17.9891797795 1412743349.41
18.0459562015 1412743350.39
18.1432052424 1412743351.33
18.1561416253 1412743352.3
18.0851329006 1412743353.27
18.1967346288 1412743354.34
18.4151225125 1412743355.43
18.4480034461 1412743356.44
18.4118417989 1412743357.49
18.6104002233 1412743358.49
18.6281483312 1412743359.47
18.738675959 1412743360.48
18.7798786824 1412743361.45
18.8275144492 1412743362.44
18.6603861545 1412743363.42
18.6348269822 1412743364.42
18.6357944722 1412743365.42
18.6450562489 1412743366.43
18.6757072765 1412743367.43
18.5138210825 1412743368.45
18.4593646642 1412743369.45
18.4169141522 1412743370.52
18.4949922396 1412743371.53
18.4369131443 1412743372.57
18.2977176399 1412743373.64
18.265878159 1412743374.73
18.3456487882 1412743375.8
18.3247690423 1412743376.9
18.1337410492 1412743377.96
17.8672858117 1412743379.01
17.8350081197 1412743380.08
17.8982589623 1412743381.14
17.7548331626 1412743382.19
17.7859683594 1412743383.23
17.6261621077 1412743384.3
17.5580133391 1412743385.42
17.6269191898 1412743386.52
17.6241992917 1412743387.7
17.5483866201 1412743388.85
17.6263513271 1412743389.91
17.5717467965 1412743390.95
17.5411658132 1412743391.98
17.5745247957 1412743393.04
17.5016556841 1412743394.11
17.5211891773 1412743395.26
17.4892681122 1412743396.35
17.6175017641 1412743397.46
17.5206776744 1412743398.75
17.5019026963 1412743400.0
17.5481163069 1412743401.3
17.2148112162 1412743402.56
17.3368261905 1412743403.82
17.3174475022 1412743405.09
17.4132295593 1412743406.36
17.4329386858 1412743407.63
17.6841783206 1412743408.88
17.6405442139 1412743410.14
17.7001707662 1412743411.34
17.8177161259 1412743412.54
17.9154162293 1412743413.78
18.1624230273 1412743415.0
18.1555802818 1412743416.24
18.0812116384 1412743417.43
18.003998255 1412743418.66
18.0192851592 1412743419.88
17.969332922 1412743421.09
18.0570329824 1412743422.35
18.1302797164 1412743423.59
18.056284373 1412743424.79
18.088208686 1412743425.98
18.0808498998 1412743427.2
18.0165226437 1412743428.41
17.795078007 1412743429.66
17.6662450611 1412743430.92
17.5525875558 1412743432.15
17.6605029895 1412743433.37
17.6875241307 1412743434.66
17.6391295885 1412743435.87
17.5470654012 1412743437.13
17.4484526704 1412743438.38
17.5441990433 1412743439.61
17.6848175373 1412743440.89
17.6668060054 1412743442.15
17.73277048 1412743443.36
17.8304363833 1412743444.61
17.7935656772 1412743445.84
17.7511400568 1412743447.1
17.716248403 1412743448.36
17.8034887924 1412743449.62
17.7819594001 1412743450.88
17.7527750834 1412743452.14
17.9650104433 1412743453.37
17.8306614125 1412743454.64
17.8402124813 1412743455.88
17.8917913286 1412743457.24
17.9542745256 1412743458.54
17.9125139643 1412743459.83
17.9744209204 1412743461.13
17.9331729095 1412743462.37
17.9670634566 1412743463.64
17.9997743387 1412743464.96
18.0028117911 1412743466.24
18.0336388016 1412743467.5
18.0012001082 1412743468.79
