23.4151411987 1412727649.72
23.4664221598 1412727650.4
23.7352208424 1412727651.07
23.7116079969 1412727651.68
23.0646440499 1412727652.3
22.6482562447 1412727652.95
22.1804338004 1412727653.61
21.8893403968 1412727654.25
21.7600522879 1412727654.9
21.641835266 1412727655.53
21.3405796006 1412727656.17
21.0119084335 1412727656.81
20.6380919931 1412727657.44
20.3879351467 1412727658.1
20.2265406651 1412727658.79
19.9520738013 1412727659.41
19.5900205892 1412727660.08
19.2308546849 1412727660.7
19.0948426214 1412727661.37
18.6485568448 1412727661.99
18.2406082234 1412727662.64
17.8958192571 1412727663.27
17.5215167644 1412727663.9
17.0366982351 1412727664.55
16.730519536 1412727665.18
16.3901863204 1412727665.8
16.1885282354 1412727666.39
15.9481616987 1412727667.03
15.7577826802 1412727667.65
15.490509248 1412727668.28
15.1393298087 1412727668.9
14.8844272684 1412727669.5
14.5671548115 1412727670.14
14.4804645688 1412727670.72
14.2628562098 1412727671.33
14.1277889668 1412727671.95
13.9540796245 1412727672.56
13.791013941 1412727673.19
13.6779343722 1412727673.78
13.6746339763 1412727674.36
13.7360953979 1412727674.97
13.532399543 1412727675.58
13.3527941646 1412727676.21
13.0659826511 1412727676.83
16.4842205898 1412727677.45
15.9205018471 1412727678.1
14.3327899186 1412727678.74
14.6397670226 1412727679.39
14.9829412055 1412727680.03
14.9629072947 1412727680.68
15.0908286927 1412727681.36
15.0124685125 1412727682.03
14.785525416 1412727682.68
14.8323407368 1412727683.36
14.8677396564 1412727684.05
14.758215749 1412727684.75
14.7857455851 1412727685.44
14.6121510441 1412727686.13
14.6384468825 1412727686.83
14.5722600268 1412727687.53
14.3048515792 1412727688.22
14.3126407703 1412727688.94
14.3412751648 1412727689.66
14.2901390484 1412727690.36
14.2901260244 1412727691.1
14.2652284274 1412727691.96
14.3095606228 1412727692.74
14.2456426732 1412727693.55
14.1275742761 1412727694.3
14.0844491969 1412727695.03
13.7904017734 1412727695.73
13.8859936296 1412727696.49
13.9045221925 1412727697.24
13.945006134 1412727698.03
13.9305148382 1412727698.82
13.9196491983 1412727699.56
13.847607047 1412727700.26
14.0300231137 1412727700.94
14.0214528948 1412727701.64
14.0502435585 1412727702.35
13.8961152417 1412727703.1
13.9487001751 1412727703.82
13.8807597467 1412727704.57
13.9417947924 1412727705.34
14.001809214 1412727706.05
14.0172895302 1412727706.81
13.9388276011 1412727707.56
13.8754828598 1412727708.3
13.8485795076 1412727709.05
13.9707832102 1412727709.77
13.9184225949 1412727710.48
13.8755033665 1412727711.22
13.8606500482 1412727711.96
13.8695198178 1412727712.73
13.9151591334 1412727713.53
13.8697213922 1412727714.27
13.9029501679 1412727715.02
13.8826260591 1412727715.81
13.9022765992 1412727716.59
13.8344774455 1412727717.4
13.7229705583 1412727718.19
13.7188359346 1412727718.96
13.7684650792 1412727719.73
13.7758498092 1412727720.5
13.7630792086 1412727721.27
13.7469483431 1412727722.05
13.7592030684 1412727722.83
13.7715112939 1412727723.57
13.6468098147 1412727724.33
13.5209651981 1412727725.1
13.4708358375 1412727725.9
13.3849800967 1412727726.72
13.3371236984 1412727727.52
13.2904082781 1412727728.32
13.3860175256 1412727729.13
13.1837881494 1412727729.92
13.2730438074 1412727730.7
13.0765503733 1412727731.48
13.0572755645 1412727732.23
13.0873768659 1412727733.04
12.9880265787 1412727733.82
12.9696418886 1412727734.61
13.000693209 1412727735.43
12.9041012097 1412727736.22
12.8325159399 1412727737.02
12.7144276705 1412727737.81
12.9128054603 1412727738.57
12.9155066379 1412727739.39
12.8454364821 1412727740.16
12.6841791305 1412727740.96
12.6510909189 1412727741.76
12.5464427556 1412727742.58
12.5735811908 1412727743.38
12.5866016381 1412727744.19
12.5857802143 1412727744.99
12.7712291678 1412727745.84
12.8311226642 1412727746.66
12.7813692182 1412727747.52
12.8714486944 1412727748.31
12.8380900954 1412727749.15
12.9298409688 1412727749.98
12.8569986315 1412727750.8
12.8947435593 1412727751.63
12.7553087911 1412727752.46
12.7745564972 1412727753.33
12.6804891092 1412727754.17
12.6703876572 1412727755.01
12.6366181968 1412727755.85
12.7449323877 1412727756.72
12.7170410847 1412727757.58
12.7521125797 1412727758.39
12.7439752732 1412727759.25
12.7792883062 1412727760.09
12.6583127331 1412727760.9
12.5082347308 1412727761.77
12.482133968 1412727762.68
12.7015021694 1412727763.51
12.7085081159 1412727764.38
12.8509783224 1412727765.25
12.868383923 1412727766.11
12.8327885817 1412727766.96
12.8170720114 1412727767.84
12.8703622665 1412727768.71
12.8544299507 1412727769.59
12.743278654 1412727770.42
12.7458254654 1412727771.26
12.8567173875 1412727772.09
12.8693200252 1412727772.94
12.9772070332 1412727773.85
12.979985507 1412727774.73
13.0757864649 1412727775.59
13.0386536192 1412727776.47
13.0442352348 1412727777.38
13.0552573714 1412727778.26
13.0616029325 1412727779.15
13.0674776662 1412727779.99
13.0400668798 1412727780.92
13.0720176587 1412727781.78
12.8893020494 1412727782.65
12.8818002955 1412727783.53
12.8198581624 1412727784.43
12.8160295904 1412727785.29
12.7926908504 1412727786.16
12.7855358987 1412727787.04
12.7783336312 1412727787.86
12.7710485473 1412727788.71
12.7488082665 1412727789.58
13.0024569003 1412727790.45
13.0273919856 1412727791.3
13.0151425787 1412727792.21
12.9575371947 1412727793.08
13.1354740947 1412727793.99
12.9277171075 1412727794.85
12.933945911 1412727795.72
12.8713320962 1412727796.61
12.86125155 1412727797.58
12.8574642518 1412727798.56
12.6892626781 1412727799.52
12.7209657453 1412727800.41
12.7120726006 1412727801.31
