23.8796141745 1412724501.85
23.423578113 1412724502.12
22.291724136 1412724502.41
21.28876313 1412724502.72
20.4011016671 1412724503.01
19.5957112055 1412724503.29
19.4657168021 1412724503.59
19.0715245548 1412724503.83
18.3969433003 1412724504.08
18.370445863 1412724504.33
18.0882758816 1412724504.59
18.1741837965 1412724504.83
18.4778662067 1412724505.1
18.7155970407 1412724505.36
19.3099822286 1412724505.61
19.2876474837 1412724505.87
19.2450040284 1412724506.13
19.0524836959 1412724506.4
19.0031991322 1412724506.67
18.8221628645 1412724506.92
18.8084002426 1412724507.17
18.9326301171 1412724507.47
18.6807736569 1412724507.75
18.4234391052 1412724508.03
18.1555493126 1412724508.29
17.893886624 1412724508.55
17.6021652756 1412724508.81
17.2471938638 1412724509.09
16.9894541012 1412724509.37
17.0588836671 1412724509.68
16.8359382277 1412724509.95
16.5576937492 1412724510.19
16.3569998332 1412724510.44
16.1399822447 1412724510.7
16.0128188932 1412724510.94
15.8629402037 1412724511.17
15.9223137685 1412724511.43
16.043730385 1412724511.74
16.3296679571 1412724511.97
16.6362180249 1412724512.23
16.8320559244 1412724512.52
17.2938342859 1412724512.81
17.3031324961 1412724513.1
17.2664697357 1412724513.37
17.2142981682 1412724513.68
17.1261435539 1412724513.98
17.0179069038 1412724514.34
16.9897331571 1412724514.81
16.3888881627 1412724515.19
15.9880148016 1412724515.54
16.2529274952 1412724515.88
16.4299560016 1412724516.24
16.1318258614 1412724516.58
15.963560815 1412724516.89
15.6522016884 1412724517.22
15.2703535556 1412724517.55
15.0625070252 1412724517.88
14.7129380932 1412724518.23
14.6323567295 1412724518.61
14.4580553904 1412724518.93
14.4245023299 1412724519.31
14.4090094761 1412724519.62
14.2369090808 1412724519.97
14.1582260306 1412724520.26
14.1099058359 1412724520.59
14.1209339858 1412724520.91
14.1405806935 1412724521.21
14.1108458353 1412724521.52
14.3744691701 1412724521.82
14.2120091855 1412724522.11
14.6290776395 1412724522.44
14.6493249849 1412724522.75
14.7511927145 1412724523.04
15.0909272837 1412724523.36
15.0737670987 1412724523.67
15.1631753617 1412724524.01
15.274330682 1412724524.3
15.3129303323 1412724524.61
15.4589760975 1412724524.92
15.4638696641 1412724525.22
15.6128448345 1412724525.56
15.6392589999 1412724525.87
15.598786764 1412724526.23
15.5333970237 1412724526.55
15.3751646671 1412724526.89
15.3409420619 1412724527.27
15.2462561699 1412724527.58
15.0913685077 1412724527.94
15.2645576611 1412724528.28
15.0658366786 1412724528.63
15.0017348882 1412724528.95
14.9152451646 1412724529.43
14.8854145582 1412724529.87
14.7983145778 1412724530.22
14.8213055793 1412724530.55
14.7134998324 1412724530.89
14.5784939067 1412724531.25
14.5636877309 1412724531.63
14.5584899892 1412724531.96
14.531330698 1412724532.32
14.3850551033 1412724532.64
14.4361006676 1412724532.97
14.3792763156 1412724533.28
14.2997520385 1412724533.62
14.3041626408 1412724534.08
14.3068522013 1412724534.46
14.2426176331 1412724534.79
14.1792320394 1412724535.15
14.1725449589 1412724535.51
14.151022821 1412724535.87
14.0692420835 1412724536.22
13.9544113765 1412724536.58
13.9732036089 1412724536.92
13.9087660998 1412724537.23
13.9689815353 1412724537.6
13.9179795566 1412724537.93
13.8862135132 1412724538.27
13.9310550983 1412724538.63
13.9555508874 1412724538.96
13.9754685935 1412724539.26
13.9955790127 1412724539.6
14.0070873238 1412724539.96
13.9455241413 1412724540.32
13.972662023 1412724540.76
13.9386496844 1412724541.16
13.9088212021 1412724541.55
13.8885550231 1412724541.89
13.8867827708 1412724542.29
97.2955232872 1412724542.68
97.5312210349 1412724543.03
97.7199217996 1412724543.4
97.9510396059 1412724543.75
98.1375247304 1412724544.11
98.349127011 1412724544.5
98.4052956567 1412724544.93
98.4081347332 1412724545.29
98.6138210888 1412724545.73
98.7380057169 1412724546.1
98.6413185037 1412724546.51
98.4615944595 1412724546.93
98.5859100516 1412724547.31
98.3132663974 1412724547.72
98.4872722923 1412724548.16
98.3735813614 1412724548.61
98.4577676159 1412724549.05
97.8553886297 1412724549.51
97.6895136539 1412724549.97
97.6807908337 1412724550.41
97.7351898511 1412724550.84
97.1430116587 1412724551.3
97.0438170652 1412724551.78
96.8121949923 1412724552.27
96.7819940512 1412724552.74
96.4852679221 1412724553.18
96.2335285353 1412724553.68
96.1370917056 1412724554.16
95.9722520431 1412724554.65
95.7506328684 1412724555.13
95.6930471024 1412724555.79
95.5657816617 1412724556.36
95.3750244846 1412724556.89
95.2872812605 1412724557.4
95.1892352135 1412724557.91
95.2103734725 1412724558.41
95.2302476943 1412724558.89
95.3269990802 1412724559.46
95.1748755688 1412724559.98
95.2484245438 1412724560.49
95.2821609743 1412724561.04
95.2096207199 1412724561.56
95.2177822191 1412724562.05
95.1467444119 1412724562.57
95.0340874781 1412724563.09
95.0860834006 1412724563.59
95.0509611083 1412724564.06
95.1702051146 1412724564.58
95.1164183245 1412724565.05
95.2233889658 1412724565.54
94.3564749764 1412724566.07
94.438358671 1412724566.54
94.3827171774 1412724567.04
94.4079192617 1412724567.5
94.3606357838 1412724568.01
94.4300695071 1412724568.48
94.3867209141 1412724568.96
94.3797660431 1412724569.51
94.3435246303 1412724570.05
94.3868196135 1412724570.52
94.3718387388 1412724571.14
94.3816599425 1412724571.75
94.4140080802 1412724572.38
94.3481632259 1412724572.95
94.3822425035 1412724573.53
94.3779058193 1412724574.08
94.4087609749 1412724574.6
94.4046981464 1412724575.17
94.4325265995 1412724575.74
94.4238600565 1412724576.27
94.4515524039 1412724576.86
94.4475383999 1412724577.45
