27.9624007893 1412736555.58
28.12755657 1412736556.57
28.1107796245 1412736557.57
27.9440885619 1412736558.56
27.7861371302 1412736559.69
27.5394552796 1412736560.71
26.9070622341 1412736561.7
26.3172939488 1412736562.67
26.0562387202 1412736563.66
25.8298510943 1412736564.6
24.760780042 1412736565.66
24.6069170945 1412736566.61
23.9077837101 1412736567.61
25.5752563936 1412736568.65
25.3593857922 1412736569.66
24.8202643731 1412736570.67
24.5098091535 1412736571.63
24.080039895 1412736572.6
20.7191113581 1412736573.59
20.6323971379 1412736574.63
20.0218726264 1412736575.58
19.5497864287 1412736576.52
19.9723422718 1412736577.45
18.6939345205 1412736578.43
19.1438468223 1412736579.5
17.2223318152 1412736580.46
16.8749622635 1412736581.4
16.2391489228 1412736582.31
15.7430364909 1412736583.29
15.5592211577 1412736584.24
14.9936722482 1412736585.19
14.5390412758 1412736586.18
14.1213640681 1412736587.2
13.7775230355 1412736588.16
13.4849837504 1412736589.18
13.2242028663 1412736590.16
13.2013415665 1412736591.11
13.0254323747 1412736592.1
12.8771327881 1412736593.05
12.5498786042 1412736594.06
12.3676973501 1412736595.07
12.1810604684 1412736596.06
12.1420093051 1412736597.04
11.8707447812 1412736598.06
11.6662089757 1412736599.03
11.5800767466 1412736600.0
11.2919839312 1412736600.93
11.0204873033 1412736601.92
10.9820656291 1412736602.88
10.7310467914 1412736603.83
10.7233702322 1412736604.79
10.4355936783 1412736605.73
10.4368736595 1412736606.73
10.2044639334 1412736607.71
10.2078974065 1412736608.68
10.2743687664 1412736609.64
10.0297369525 1412736610.62
10.0989015702 1412736611.61
9.79935519126 1412736612.58
9.84179837551 1412736613.55
9.95988662157 1412736614.54
9.70610721772 1412736615.5
9.71763655868 1412736616.49
9.51440646283 1412736617.47
9.65593907347 1412736618.48
9.33764978523 1412736619.44
9.35309515621 1412736620.39
9.1463266732 1412736621.36
9.21843007235 1412736622.35
8.98351089849 1412736623.34
9.07063055583 1412736624.31
8.87953015208 1412736625.29
8.86128177065 1412736626.3
8.70231992891 1412736627.29
8.69301345649 1412736628.24
8.5538324964 1412736629.24
8.56186431329 1412736630.21
8.33864906726 1412736631.14
8.05889046304 1412736632.08
8.06797536817 1412736633.04
8.08872917884 1412736634.0
8.1534107914 1412736634.95
7.96004877883 1412736635.91
7.96138379244 1412736636.87
7.79572521982 1412736637.83
7.81019374282 1412736638.8
7.69369279989 1412736639.74
7.69215045264 1412736640.72
7.56678280798 1412736641.66
7.55941070365 1412736642.65
7.5320398923 1412736643.66
7.48415106987 1412736644.61
7.47026191023 1412736645.62
7.45888600699 1412736646.6
7.45657671443 1412736647.59
7.44854722503 1412736648.58
7.47001169304 1412736649.59
7.50292979768 1412736650.62
7.39773870641 1412736651.65
7.45191103069 1412736652.67
7.36191472991 1412736653.69
7.38634085678 1412736654.73
7.25493356469 1412736655.75
7.23219006154 1412736656.84
7.15916555175 1412736657.93
7.06836009187 1412736658.96
6.95201699808 1412736659.96
6.84717269417 1412736661.0
6.85162200019 1412736662.0
6.78268682602 1412736663.03
6.70560628721 1412736664.05
6.64604480971 1412736665.07
6.64093793378 1412736666.07
6.59388431528 1412736667.08
6.54165231477 1412736668.14
6.39821363552 1412736669.14
6.40249992762 1412736670.12
6.29099747734 1412736671.15
6.28213943191 1412736672.17
6.26605733038 1412736673.25
6.26214811444 1412736674.29
6.20884332952 1412736675.33
6.18782617606 1412736676.35
6.1656474702 1412736677.44
6.13562143246 1412736678.48
6.11004783647 1412736679.55
6.08023311657 1412736680.58
6.0992508919 1412736681.65
6.04353621777 1412736682.74
6.0613188858 1412736683.74
6.0172827398 1412736684.68
5.96344159662 1412736685.63
5.90264783322 1412736686.6
5.82173735726 1412736687.55
5.77101120632 1412736688.5
5.70565512631 1412736689.51
5.68584902008 1412736690.49
5.7046010046 1412736691.44
5.68297670711 1412736692.4
5.6821416512 1412736693.32
5.67140236586 1412736694.28
5.6638002781 1412736695.22
5.66395702457 1412736696.18
5.61292202445 1412736697.16
5.56865826937 1412736698.13
5.55505914643 1412736699.09
5.51558382512 1412736700.07
5.51498121629 1412736701.04
5.47286347795 1412736702.05
5.46757603112 1412736703.01
5.41702170843 1412736703.97
5.42018369413 1412736704.95
5.38420238352 1412736705.93
5.38300513155 1412736706.85
5.35634966558 1412736707.81
5.35504575827 1412736708.77
5.33258767591 1412736709.73
5.27754949495 1412736710.66
5.27816148461 1412736711.65
5.26566625379 1412736712.59
5.28699681496 1412736713.6
5.27548959161 1412736714.54
5.29716257755 1412736715.48
5.26454233945 1412736716.44
5.22499178983 1412736717.38
5.25733689062 1412736718.32
5.26595509484 1412736719.3
5.26579944527 1412736720.27
5.25891190527 1412736721.23
5.28082098251 1412736722.24
5.22932420203 1412736723.22
5.17384304733 1412736724.23
5.18907016822 1412736725.17
5.16301122725 1412736726.11
5.14344484504 1412736727.07
5.10964961276 1412736728.02
5.11065624857 1412736728.95
5.11367836904 1412736729.93
5.12511060933 1412736730.94
5.13425821459 1412736731.93
5.104583245 1412736732.9
5.10113045851 1412736733.88
5.09428253122 1412736734.84
5.04822109975 1412736735.83
5.02020261616 1412736736.83
5.02935034844 1412736737.78
5.0055343144 1412736738.75
4.97690729948 1412736739.78
4.99784620471 1412736740.76
5.0107008619 1412736741.7
4.97805568024 1412736742.67
4.99210734384 1412736743.62
4.94290192777 1412736744.63
4.95291272657 1412736745.65
4.92365186376 1412736746.7
4.93691838547 1412736747.7
4.90825987833 1412736748.68
4.93720436374 1412736749.69
4.89204209149 1412736750.7
4.9195431528 1412736751.68
