10.8000194632 1412738210.59
11.3628128477 1412738211.62
11.7473054209 1412738212.66
11.8327326557 1412738213.76
11.9477851737 1412738214.82
12.1428888986 1412738215.9
12.1952490474 1412738216.94
12.1588567979 1412738217.91
12.2091313989 1412738218.91
12.2287753184 1412738219.88
12.2610498088 1412738220.89
12.2292911396 1412738221.91
12.3116526111 1412738222.86
12.4154450116 1412738223.84
12.6947555272 1412738224.85
12.8464279774 1412738225.81
12.9050332419 1412738226.78
12.929983309 1412738227.76
13.0550241285 1412738228.79
12.9571662419 1412738229.78
13.0275697425 1412738230.8
12.9408705839 1412738231.8
12.8923349171 1412738232.79
12.8568851389 1412738233.77
12.8015376919 1412738234.79
12.7093573281 1412738235.77
12.651915429 1412738236.78
12.6573215156 1412738237.78
12.5600033043 1412738238.78
12.5216200219 1412738239.75
12.5887842842 1412738240.75
12.5617281126 1412738241.71
12.5775425218 1412738242.69
12.5396453392 1412738243.69
12.5181539481 1412738244.73
12.5161733988 1412738245.71
12.5009194899 1412738246.74
12.5307110926 1412738247.76
12.4581581422 1412738248.76
12.4093355757 1412738249.74
12.4521830688 1412738250.74
12.5155849177 1412738251.77
12.5638354045 1412738252.79
12.3997369369 1412738253.82
12.5755151685 1412738254.88
11.4019428281 1412738255.86
11.3706706923 1412738256.83
11.3260377148 1412738257.78
11.3269817465 1412738258.82
11.2439821081 1412738259.8
11.2485490184 1412738260.82
11.2192022209 1412738261.83
11.2010494602 1412738262.84
11.1596625825 1412738263.81
11.107382094 1412738264.89
11.0014683355 1412738265.95
10.9547565364 1412738267.01
10.8713426928 1412738268.07
10.7604535459 1412738269.1
10.7827259416 1412738270.14
10.7712806258 1412738271.21
10.7423551922 1412738272.23
10.7680153036 1412738273.28
10.803221391 1412738274.33
10.7657092198 1412738275.31
10.7659170126 1412738276.38
10.7809287255 1412738277.43
10.8569598525 1412738278.47
10.7850551756 1412738279.56
10.7739284087 1412738280.58
10.681098124 1412738281.55
10.687549004 1412738282.54
10.594931752 1412738283.59
10.5600352251 1412738284.61
10.5194479733 1412738285.63
10.4818589307 1412738286.64
10.4440040826 1412738287.65
10.3894465442 1412738288.67
10.3179567175 1412738289.7
10.3029644679 1412738290.78
10.2598981794 1412738291.83
10.2096418812 1412738292.85
10.1677590469 1412738293.9
10.1052285354 1412738294.99
10.0377806326 1412738296.05
9.97630466257 1412738297.11
9.92754807158 1412738298.12
9.87582104984 1412738299.19
9.81863213906 1412738300.23
9.73957717113 1412738301.23
9.73780624409 1412738302.24
9.7631852657 1412738303.32
9.74473883143 1412738304.32
9.70156428107 1412738305.34
9.6923259674 1412738306.34
9.70217669101 1412738307.41
9.679105715 1412738308.47
9.68398653591 1412738309.46
9.65798159694 1412738310.51
9.62762621229 1412738311.53
9.67109156529 1412738312.52
9.638094491 1412738313.58
9.67299901945 1412738314.59
9.61166268425 1412738315.55
9.67329550489 1412738316.53
9.62011892183 1412738317.55
9.6608761734 1412738318.56
9.61341824283 1412738319.57
9.64852724166 1412738320.54
9.61458511994 1412738321.53
9.6951797533 1412738322.56
9.64769394954 1412738323.54
9.65020279788 1412738324.55
9.70454057406 1412738325.54
9.62641251925 1412738326.55
9.66022190851 1412738327.53
9.64650047379 1412738328.58
9.60657761684 1412738329.61
9.59807939864 1412738330.66
9.55004236594 1412738331.68
9.56031445964 1412738332.71
9.50685436997 1412738333.76
9.4694407509 1412738334.78
9.46201487742 1412738335.82
9.41850558686 1412738336.85
9.3904167 1412738337.87
9.37910939434 1412738338.85
9.37915916206 1412738339.85
9.4386371013 1412738340.85
9.36341555233 1412738341.87
9.33014444541 1412738342.87
9.349496791 1412738343.87
9.31319313302 1412738344.88
9.29669830231 1412738345.91
9.31371295566 1412738346.99
9.22905859811 1412738348.0
9.28799910409 1412738349.06
9.23052824307 1412738350.1
9.21033189504 1412738351.14
9.26831312937 1412738352.18
9.19363079633 1412738353.18
9.20376079714 1412738354.22
9.22775916462 1412738355.24
9.1529429399 1412738356.27
9.12506895492 1412738357.28
9.13776866318 1412738358.26
9.18638177946 1412738359.29
9.11726115304 1412738360.34
9.10216318047 1412738361.37
9.0996680122 1412738362.38
9.07735785953 1412738363.4
9.08948465695 1412738364.41
9.09251746981 1412738365.45
9.05585931489 1412738366.48
9.03713869453 1412738367.51
9.05242719048 1412738368.55
8.99425781123 1412738369.58
9.02699843779 1412738370.6
9.04549068219 1412738371.63
9.01354509993 1412738372.67
9.03930260732 1412738373.68
9.03831910891 1412738374.7
8.98139533306 1412738375.72
9.00202968227 1412738376.71
8.97783527467 1412738377.75
9.01709586592 1412738378.78
9.01715422596 1412738379.81
8.97639729135 1412738380.81
9.01009055612 1412738381.84
9.01301763882 1412738382.89
8.93331023771 1412738383.87
8.9085828636 1412738384.85
8.89774873218 1412738385.89
8.87218497483 1412738386.91
8.83452457496 1412738387.92
8.82552787556 1412738388.95
8.79895849525 1412738389.95
8.81854689906 1412738390.9
8.84867442827 1412738391.89
8.84130583812 1412738392.89
8.79187624454 1412738393.96
8.80362026747 1412738394.93
8.77561628469 1412738395.94
8.75307684761 1412738396.97
8.70422315478 1412738397.97
8.73282080845 1412738398.95
8.73081666083 1412738399.95
8.7496281571 1412738400.99
8.71637716349 1412738401.99
8.71052966182 1412738403.0
8.71501824802 1412738404.1
8.71449801142 1412738405.2
8.72080587367 1412738406.24
8.73251509652 1412738407.23
8.67129814412 1412738408.23
8.66891419902 1412738409.25
8.67312613107 1412738410.29
8.68382707416 1412738411.33
8.67110943294 1412738412.31
8.68519012299 1412738413.31
