17.6962810868 1412744651.81
17.541512913 1412744653.21
17.5429081857 1412744654.65
17.5687545429 1412744656.07
17.6468591577 1412744657.42
17.7764918618 1412744658.79
17.9507593838 1412744660.15
18.0653325181 1412744661.55
18.1812407348 1412744662.94
18.103726062 1412744664.31
18.1901960881 1412744665.7
18.1481674743 1412744667.06
17.9125509144 1412744668.43
17.8102713214 1412744669.78
17.6209516718 1412744671.17
17.203499236 1412744672.53
17.0129661374 1412744673.91
16.7089428206 1412744675.32
16.3627085288 1412744676.69
16.2271409465 1412744678.04
16.125837387 1412744679.36
16.0144627937 1412744680.68
15.875475819 1412744682.05
15.777942084 1412744683.4
15.7637894774 1412744684.75
15.6458579605 1412744686.08
15.7035631491 1412744687.43
15.5038240802 1412744688.78
15.2847907044 1412744690.11
15.186171287 1412744691.49
15.1139999043 1412744692.82
15.0988942543 1412744694.24
14.7304631556 1412744695.55
14.9282505303 1412744696.89
15.1175271167 1412744698.21
15.4028553701 1412744699.53
15.5415406011 1412744700.88
15.630814678 1412744702.21
15.5201985118 1412744703.61
15.4766093125 1412744705.06
15.419479119 1412744706.36
15.4543184399 1412744707.67
15.3132332892 1412744709.02
15.1757865205 1412744710.38
15.1089531213 1412744711.71
15.0303778393 1412744712.97
15.0000986063 1412744714.28
14.965308615 1412744715.56
14.9104147787 1412744716.86
14.9298525653 1412744718.15
14.8964321411 1412744719.46
14.7637534462 1412744720.74
14.6700507669 1412744722.06
14.5642329518 1412744723.35
14.3703618557 1412744724.61
14.2869257713 1412744725.89
14.2093380148 1412744727.2
14.1307122259 1412744728.5
14.03875101 1412744729.76
13.9095368117 1412744731.1
13.8420473679 1412744732.42
13.7258444096 1412744733.72
13.6089265213 1412744734.99
13.4831892725 1412744736.3
13.4284905363 1412744737.57
13.3698694503 1412744738.84
13.3046198228 1412744740.14
13.3400134641 1412744741.45
13.285964953 1412744742.7
13.2262509729 1412744743.95
13.0869768076 1412744745.25
12.9756503093 1412744746.57
12.8253712025 1412744747.84
12.7180559105 1412744749.14
12.6828027106 1412744750.43
12.6758413703 1412744751.71
12.8396001174 1412744753.02
12.6592889059 1412744754.31
12.6795074256 1412744755.61
12.9144711154 1412744756.87
12.6532429201 1412744758.16
12.8061403759 1412744759.46
12.6029422526 1412744760.75
12.3824955563 1412744761.99
12.510074713 1412744763.29
12.3100328624 1412744764.59
12.3949321115 1412744765.84
12.3581707358 1412744767.11
12.4410004968 1412744768.39
12.2850971147 1412744769.69
12.4573860785 1412744770.94
12.3161582551 1412744772.24
12.495392971 1412744773.5
12.2866544578 1412744774.76
12.1902408799 1412744776.06
12.2716265381 1412744777.3
12.1301817287 1412744778.56
12.2271341642 1412744779.8
12.1488852413 1412744781.06
12.2177504384 1412744782.35
12.0815332985 1412744783.65
11.9771845401 1412744784.88
12.0254444721 1412744786.18
12.0869453004 1412744787.43
11.9393003301 1412744788.72
12.1449317684 1412744789.96
11.9526502613 1412744791.18
11.8668587591 1412744792.44
11.9144255254 1412744793.7
11.7955483378 1412744794.99
11.7720849738 1412744796.25
11.7988025345 1412744797.52
11.6988977062 1412744798.79
11.7550746409 1412744800.03
11.7462319955 1412744801.29
11.6392789188 1412744802.58
11.58014263 1412744803.83
11.4512787826 1412744805.1
11.5488121741 1412744806.33
11.3891951709 1412744807.61
11.5320346145 1412744808.9
11.4072053821 1412744810.14
11.255026047 1412744811.37
11.2979759703 1412744812.6
11.3434236225 1412744813.82
11.2200963908 1412744815.07
11.2425320525 1412744816.33
11.1579103032 1412744817.56
11.1028068383 1412744818.78
10.9651999395 1412744820.01
10.9771694693 1412744821.21
11.0449233556 1412744822.42
11.0623620998 1412744823.63
11.0142420614 1412744824.88
10.9081166018 1412744826.08
10.9301607465 1412744827.35
10.9588369571 1412744828.57
10.8662230282 1412744829.82
10.7416548107 1412744831.01
10.639769075 1412744832.25
10.6756698506 1412744833.48
10.57458719 1412744834.68
10.6220416655 1412744835.92
10.582429228 1412744837.13
10.6446905553 1412744838.36
10.5384385251 1412744839.59
10.597321088 1412744840.77
10.5583064116 1412744841.96
10.4229505606 1412744843.19
10.4610644319 1412744844.45
10.3851533804 1412744845.7
10.4355797325 1412744846.96
10.4635659411 1412744848.22
10.388929482 1412744849.43
10.2819116365 1412744850.64
10.3567907194 1412744851.83
10.2304298267 1412744853.0
10.3106983241 1412744854.21
10.2018426176 1412744855.45
10.2544417891 1412744856.68
10.157529765 1412744857.88
10.2269604523 1412744859.13
10.132193524 1412744860.35
10.0166711377 1412744861.61
10.0613804428 1412744862.83
9.94439185022 1412744864.05
9.86439922233 1412744865.29
9.8714097741 1412744866.54
9.76535475636 1412744867.81
9.80893114944 1412744869.07
9.84030254621 1412744870.33
9.73824538977 1412744871.59
9.65443762138 1412744872.84
9.68575687557 1412744874.1
9.5980473396 1412744875.38
9.62258089872 1412744876.6
9.55541485625 1412744877.89
9.56706926553 1412744879.13
9.49699166481 1412744880.41
9.42332007527 1412744881.65
9.34565216101 1412744882.94
9.37031095218 1412744884.17
9.28689469139 1412744885.44
9.30599463163 1412744886.68
9.29399512776 1412744887.92
9.24145851241 1412744889.18
9.17266367299 1412744890.48
9.17204069654 1412744891.73
9.1005032763 1412744893.03
9.09143777055 1412744894.28
9.0128183344 1412744895.51
9.01526281836 1412744896.78
9.01403718389 1412744898.07
8.96939328315 1412744899.31
8.95572948723 1412744900.59
8.88120196553 1412744901.85
8.89035936797 1412744903.09
8.83650820909 1412744904.34
8.79284888464 1412744905.6
8.78521999141 1412744906.91
