3.83850004768 1412721900.65
4.33142656556 1412721900.74
4.90091100164 1412721900.83
5.35417724535 1412721900.92
5.68883598407 1412721901.01
6.01765981241 1412721901.1
6.37526948834 1412721901.2
6.77404589134 1412721901.33
7.07536637108 1412721901.43
7.37106851464 1412721901.52
7.65001237046 1412721901.62
7.87856793166 1412721901.76
7.77162767377 1412721901.88
8.13808657733 1412721902.01
8.29049954972 1412721902.12
8.57493249637 1412721902.22
8.7041417108 1412721902.32
9.14093115595 1412721902.43
9.21195056217 1412721902.52
9.55718353004 1412721902.61
9.45339892872 1412721902.69
9.44655683438 1412721902.78
9.55810769304 1412721902.86
9.64528551603 1412721902.95
9.58499842418 1412721903.04
9.51113033622 1412721903.15
9.47102385062 1412721903.3
9.4668341208 1412721903.44
9.39483699973 1412721903.52
9.40701725739 1412721903.61
9.35206427762 1412721903.71
9.24355762426 1412721903.79
9.19667160721 1412721903.87
9.19785878663 1412721903.96
9.13383117849 1412721904.07
8.85656565886 1412721904.17
8.82483663602 1412721904.26
8.7182764725 1412721904.36
8.66124545381 1412721904.46
8.57986847678 1412721904.57
8.50706018989 1412721904.66
8.62403465401 1412721904.74
8.39178782559 1412721904.82
8.32242869098 1412721904.89
8.3588796402 1412721904.98
8.19142226518 1412721905.04
8.31268716079 1412721905.13
8.22040559227 1412721905.28
8.24487472169 1412721905.4
8.18526771401 1412721905.5
8.25840210758 1412721905.61
8.19763996698 1412721905.7
8.34066428093 1412721905.81
8.20325635355 1412721905.9
8.26918925615 1412721905.98
8.24629877847 1412721906.07
8.16973715495 1412721906.14
8.35875386433 1412721906.23
8.27508380692 1412721906.32
8.21933107209 1412721906.41
8.47620174142 1412721906.5
8.34202931551 1412721906.58
8.2267087819 1412721906.66
8.30185912249 1412721906.75
8.25803284737 1412721906.83
8.21023488468 1412721906.93
8.22041466409 1412721907.02
8.17291246025 1412721907.1
8.12811049322 1412721907.19
8.08098017568 1412721907.29
8.09653480797 1412721907.38
8.07480781525 1412721907.46
8.02511902693 1412721907.55
8.07483867483 1412721907.65
8.11158636824 1412721907.75
8.06288002435 1412721907.83
8.01827621246 1412721907.92
7.99182966128 1412721908.0
7.90800517464 1412721908.08
7.86246800864 1412721908.17
7.87155307962 1412721908.27
7.83746420753 1412721908.38
7.79764295725 1412721908.48
7.75650446515 1412721908.57
7.80486108888 1412721908.66
7.81183374977 1412721908.76
7.77538327981 1412721908.87
7.74270860548 1412721908.98
7.77571721659 1412721909.07
7.73928930127 1412721909.17
7.70320108747 1412721909.28
7.73391342434 1412721909.38
7.51237929208 1412721909.48
7.47532023492 1412721909.58
7.44340900617 1412721909.66
7.4117992458 1412721909.75
7.3804586394 1412721909.84
7.30652232054 1412721909.92
7.2165679866 1412721910.01
7.19733226074 1412721910.09
7.16591844751 1412721910.18
7.17253817823 1412721910.27
7.14237480534 1412721910.38
7.06212086293 1412721910.46
7.03431737042 1412721910.55
7.00674290196 1412721910.63
6.99608204372 1412721910.73
6.96765510228 1412721910.8
6.93949673876 1412721910.92
6.8141185245 1412721910.99
6.81129213286 1412721911.07
6.78511339332 1412721911.15
6.66183321269 1412721911.36
6.6444318614 1412721911.54
6.62312412201 1412721911.65
6.59577355761 1412721911.77
6.56881657291 1412721911.9
6.54230217963 1412721912.04
6.51617193291 1412721912.12
6.41063125865 1412721912.21
6.38626660347 1412721912.31
6.33462995638 1412721912.42
6.31158687853 1412721912.52
6.28883863124 1412721912.61
6.27524557526 1412721912.7
6.25331985862 1412721912.8
6.2298870006 1412721912.91
6.21173185599 1412721913.0
6.18837667898 1412721913.1
6.16780029687 1412721913.17
6.15800633962 1412721913.29
6.05496496897 1412721913.4
6.0337350316 1412721913.48
6.01879988903 1412721913.57
6.08311503332 1412721913.66
5.94452814273 1412721913.77
6.03058073333 1412721913.89
5.90312851329 1412721913.97
5.9838695425 1412721914.05
5.96241318163 1412721914.14
5.92289782447 1412721914.24
6.01326744632 1412721914.37
5.88741943952 1412721914.47
5.97681266875 1412721914.56
5.95579594694 1412721914.66
5.83373508456 1412721914.74
5.92053983473 1412721914.83
5.81652595751 1412721914.91
5.79963842339 1412721914.99
5.78286742928 1412721915.09
5.79087304436 1412721915.2
5.77440861818 1412721915.3
5.76232269785 1412721915.39
5.74562461187 1412721915.48
5.72906917018 1412721915.56
5.73041458488 1412721915.66
5.71377312033 1412721915.74
5.71830922435 1412721915.84
5.70242407499 1412721915.93
5.72358738253 1412721916.04
5.74411279397 1412721916.12
5.72916790845 1412721916.21
5.71436937517 1412721916.34
5.70140837117 1412721916.44
5.68673991651 1412721916.54
5.68690592257 1412721916.63
5.67287237085 1412721916.73
5.65889517271 1412721916.83
5.64509200525 1412721916.92
5.63141611789 1412721917.02
5.61786706459 1412721917.11
5.56874597238 1412721917.24
5.55229393104 1412721917.33
5.53981655518 1412721917.4
5.56624990459 1412721917.48
5.55725782515 1412721917.56
5.54588567151 1412721917.67
5.53459241698 1412721917.74
5.52335979792 1412721917.83
5.5136853811 1412721917.91
5.50253427887 1412721918.0
5.47985732965 1412721918.1
5.46902623034 1412721918.18
5.45816228826 1412721918.26
5.44748276174 1412721918.39
5.42111063414 1412721918.48
5.40414703842 1412721918.56
5.38926468538 1412721918.65
5.37891046511 1412721918.72
5.36868354654 1412721918.8
5.35849218261 1412721918.9
5.3484385158 1412721918.98
5.33845008849 1412721919.09
5.32845658669 1412721919.19
5.31865802151 1412721919.28
5.28397780203 1412721919.39
5.27360513611 1412721919.48
5.26330610072 1412721919.57
5.25309079704 1412721919.67
5.24301161234 1412721919.77
