24.3728218851 1412722833.84
23.6271598799 1412722834.0
23.2762931901 1412722834.11
23.152656861 1412722834.24
22.7761623595 1412722834.39
22.8216491079 1412722834.53
23.0417237218 1412722834.69
23.1480370028 1412722834.81
23.0319226053 1412722834.95
22.5339479009 1412722835.1
22.4865834574 1412722835.28
22.4845906777 1412722835.42
22.1886139352 1412722835.6
22.0896242362 1412722835.74
21.8912280605 1412722835.87
21.886995909 1412722836.0
21.7391611706 1412722836.14
21.178154088 1412722836.33
21.3008281722 1412722836.51
21.181174968 1412722836.62
21.1844427438 1412722836.74
21.2274821597 1412722836.88
21.1164403518 1412722837.0
20.9744874358 1412722837.12
20.8848367323 1412722837.28
20.933876709 1412722837.42
21.1487103362 1412722837.58
21.0158305066 1412722837.73
20.8910616622 1412722837.86
20.5474162919 1412722837.99
20.4481193545 1412722838.12
20.4019287263 1412722838.33
20.3332964715 1412722838.55
20.1453442757 1412722838.72
20.109031928 1412722838.86
19.9112827979 1412722839.01
19.7356085863 1412722839.16
19.7248001501 1412722839.32
19.4668953836 1412722839.46
19.4109135318 1412722839.6
19.4270542982 1412722839.72
19.0912478695 1412722839.85
19.3501707344 1412722840.02
18.8862726303 1412722840.17
18.6748417624 1412722840.31
18.5263328383 1412722840.43
18.7974337727 1412722840.57
18.7066814317 1412722840.71
18.0268456754 1412722840.84
18.0826122281 1412722840.97
18.3417170318 1412722841.1
18.1410804866 1412722841.23
17.8728991638 1412722841.39
17.8409686473 1412722841.53
17.8650731055 1412722841.64
17.8326329415 1412722841.77
17.8529333319 1412722841.89
18.0953480156 1412722842.01
18.204744002 1412722842.14
18.2689670643 1412722842.29
18.5409953856 1412722842.4
18.1890287796 1412722842.49
17.9470000059 1412722842.61
17.7112069653 1412722842.75
17.5092572533 1412722842.89
17.6034161487 1412722843.01
17.5927181656 1412722843.14
17.6315269259 1412722843.28
17.5356019318 1412722843.4
17.3559741859 1412722843.53
17.0774782674 1412722843.69
16.9613120879 1412722843.81
16.9894059795 1412722843.93
17.0506041572 1412722844.03
16.9577305877 1412722844.17
17.074347671 1412722844.31
17.19076472 1412722844.41
17.3128073741 1412722844.56
17.5810563576 1412722844.68
17.4454984664 1412722844.83
17.2948232899 1412722844.95
17.2286019243 1412722845.11
17.1368966721 1412722845.3
16.986521434 1412722845.51
17.1016576345 1412722845.63
16.9918760228 1412722845.75
16.9549922578 1412722845.86
16.8312038561 1412722845.98
16.6946609581 1412722846.12
17.0498888586 1412722846.23
16.728045671 1412722846.34
16.9627090746 1412722846.46
17.0629668894 1412722846.59
17.0140778253 1412722846.71
16.7119775531 1412722846.83
16.8283942318 1412722847.02
16.5170215714 1412722847.15
16.7151085632 1412722847.27
16.925701321 1412722847.4
16.7718532057 1412722847.51
16.8719993712 1412722847.64
16.8724968318 1412722847.8
16.7985590234 1412722847.92
16.7552622992 1412722848.01
16.8754258499 1412722848.17
16.8239889284 1412722848.3
16.7878757534 1412722848.39
16.6373258142 1412722848.51
16.8110399335 1412722848.62
16.9430264084 1412722848.71
17.0109781272 1412722848.8
17.0243812632 1412722848.9
16.9372506387 1412722848.99
17.0830022815 1412722849.07
16.9636081702 1412722849.15
17.0662322614 1412722849.23
16.9710244904 1412722849.32
17.2734343216 1412722849.45
17.1917185935 1412722849.64
17.1935127436 1412722849.78
17.197654489 1412722849.9
17.3062085051 1412722849.99
17.1642138316 1412722850.09
17.2536502471 1412722850.17
17.1738563675 1412722850.27
17.2651857596 1412722850.36
17.4621147899 1412722850.45
17.4640275932 1412722850.57
17.5425378593 1412722850.67
17.2326290166 1412722850.83
17.1640431492 1412722850.93
17.1980191995 1412722851.03
17.1458755779 1412722851.14
17.1673525829 1412722851.23
17.280028225 1412722851.34
17.3184019476 1412722851.44
17.2589514725 1412722851.54
17.3234893715 1412722851.64
17.288457471 1412722851.74
17.3565841016 1412722851.91
17.4488147934 1412722852.04
17.4618200688 1412722852.17
17.4540110233 1412722852.3
17.4332601431 1412722852.42
17.489432884 1412722852.53
17.670804208 1412722852.61
17.6430696058 1412722852.73
17.6791956986 1412722852.82
17.6577885718 1412722852.91
17.6266978907 1412722853.02
17.6269279109 1412722853.13
17.6963253501 1412722853.25
17.6750551818 1412722853.35
17.6562612786 1412722853.45
17.6393423181 1412722853.56
17.8753489114 1412722853.66
17.6473519455 1412722853.76
17.9874231745 1412722853.86
18.2424289211 1412722853.97
18.246833738 1412722854.08
18.1653104058 1412722854.19
18.1805370438 1412722854.28
18.1686565123 1412722854.39
18.1547187917 1412722854.49
18.0679252652 1412722854.59
18.1505700308 1412722854.68
18.0626480681 1412722854.76
18.1996896972 1412722854.85
18.0412538322 1412722854.95
18.1802156361 1412722855.05
18.0761778872 1412722855.14
18.363071728 1412722855.24
18.5330817119 1412722855.34
18.7121863696 1412722855.47
18.5854412304 1412722855.63
18.7016177845 1412722855.75
18.5931885947 1412722855.87
18.5901440989 1412722855.99
18.6540056913 1412722856.07
18.623113251 1412722856.15
18.6281387612 1412722856.27
18.6562326142 1412722856.38
18.669717885 1412722856.48
18.6528931766 1412722856.59
18.6548819235 1412722856.69
19.1330925354 1412722856.79
19.0645707611 1412722856.92
19.0487964261 1412722857.02
19.1405063125 1412722857.13
19.1402964485 1412722857.24
19.1429676064 1412722857.35
19.1899802745 1412722857.5
19.2822531174 1412722857.61
19.2529986202 1412722857.72
19.3011374539 1412722857.84
19.3693674667 1412722857.93
19.5355824037 1412722858.03
19.6481723767 1412722858.11
19.606392165 1412722858.24
19.7194401618 1412722858.33
