18.4966336064 1412749857.29
18.51883095 1412749858.75
18.7195174725 1412749860.15
18.631113111 1412749861.64
18.6052968046 1412749863.04
18.6159937191 1412749864.44
18.5002880578 1412749865.84
18.5218169009 1412749867.23
18.6796959011 1412749868.62
18.7211903309 1412749869.99
18.747997946 1412749871.38
18.6891383179 1412749872.7
18.526687783 1412749874.05
18.5198526202 1412749875.4
18.2927573405 1412749876.78
18.2417788796 1412749878.1
18.0118410129 1412749879.62
17.7623453453 1412749880.97
17.4902734974 1412749882.39
17.3010642409 1412749883.74
17.0506573118 1412749885.1
16.7586567095 1412749886.47
16.4252336269 1412749887.85
16.2635956977 1412749889.19
16.0555024989 1412749890.59
15.8876372667 1412749891.97
15.7933032356 1412749893.33
15.6253702895 1412749894.74
15.5473397651 1412749896.1
15.5221856209 1412749897.5
15.5338635291 1412749898.86
15.5681253418 1412749900.24
15.5045326421 1412749901.65
15.4326385382 1412749903.07
15.3346829148 1412749904.46
15.2752469957 1412749905.9
15.1731935128 1412749907.33
15.0506216715 1412749908.81
14.8219132411 1412749910.27
14.6637764363 1412749911.71
14.5579642895 1412749913.13
14.4395955211 1412749914.6
14.3666548676 1412749916.03
14.2829485939 1412749917.5
14.1605554686 1412749918.98
14.038773629 1412749920.51
13.9716184845 1412749921.92
13.9067913309 1412749923.3
13.9574831962 1412749924.65
13.8814757062 1412749925.99
13.951858812 1412749927.33
13.9132892173 1412749928.72
13.9339248077 1412749930.14
13.9402241461 1412749931.47
13.9603152245 1412749932.8
13.8566593608 1412749934.13
13.7829021751 1412749935.44
13.7739326584 1412749936.78
13.7443309001 1412749938.15
13.6702159519 1412749939.57
13.622058825 1412749940.91
13.5308918062 1412749942.29
13.477347758 1412749943.62
13.4429789361 1412749945.0
13.3953224798 1412749946.36
13.3195583372 1412749947.72
13.2971378773 1412749949.13
13.2919199216 1412749950.51
13.3281196203 1412749951.93
13.3491156693 1412749953.28
13.4330052237 1412749954.65
13.2585224899 1412749956.01
13.3249041316 1412749957.41
13.2141149407 1412749958.77
13.3146210197 1412749960.17
13.3906802905 1412749961.55
13.4559976043 1412749962.94
13.5495126946 1412749964.29
13.5526620236 1412749965.72
13.5945313606 1412749967.13
13.5711224837 1412749968.55
13.5975618597 1412749969.98
13.6146089721 1412749971.37
13.6285067989 1412749972.78
13.6215972011 1412749974.22
13.6239550447 1412749975.63
13.6279414648 1412749977.04
13.6310113774 1412749978.48
13.6126695308 1412749979.91
13.5782506051 1412749981.34
13.5819921258 1412749982.73
13.576975687 1412749984.16
13.5563508329 1412749985.6
13.549139287 1412749986.98
13.5504569107 1412749988.39
13.5452863178 1412749989.77
13.5239777084 1412749991.16
13.4849878652 1412749992.48
13.4758711158 1412749993.87
13.4648128225 1412749995.23
13.4664172157 1412749996.64
13.4620182047 1412749998.04
13.4568583511 1412749999.47
13.4633345711 1412750000.82
13.4524705785 1412750002.25
13.4012150876 1412750003.64
13.3876456365 1412750005.11
13.4061992473 1412750006.51
13.3650111994 1412750007.91
13.380931421 1412750009.32
13.3565063726 1412750010.74
13.3515594302 1412750012.19
13.3352332829 1412750013.65
13.3188664824 1412750015.1
13.2723302353 1412750016.54
13.2563330242 1412750017.93
13.2310099561 1412750019.41
13.2265819121 1412750020.83
13.1775014392 1412750022.25
13.1552172502 1412750023.68
13.1857052039 1412750025.1
13.1624560453 1412750026.56
13.153004498 1412750027.94
13.126721601 1412750029.38
13.0750359112 1412750030.83
13.0092661119 1412750032.23
12.963741855 1412750033.66
12.8964524865 1412750035.07
12.8205706217 1412750036.51
12.7968721603 1412750037.9
12.7088262984 1412750039.32
12.6449219634 1412750040.71
12.5718420252 1412750042.16
12.4796030056 1412750043.55
12.4287767878 1412750044.92
12.3658029078 1412750046.33
12.2981679667 1412750047.74
12.2355119122 1412750049.16
12.1551801168 1412750050.55
12.0533127186 1412750051.98
11.9133594349 1412750053.4
11.8588775074 1412750054.85
11.8011872885 1412750056.32
11.7365561641 1412750057.84
11.5756535663 1412750059.25
11.4952191157 1412750060.7
11.4392008778 1412750062.19
11.4108966714 1412750063.61
11.3770124317 1412750065.09
11.3120760099 1412750066.52
11.3236911511 1412750067.96
11.3702991 1412750069.4
11.4059093026 1412750070.82
11.4808074751 1412750072.23
11.5564008575 1412750073.62
11.5826846574 1412750075.04
11.5883421936 1412750076.53
11.6476621832 1412750077.97
11.6574783559 1412750079.41
11.6975370863 1412750080.87
11.7009662747 1412750082.39
11.6862952827 1412750083.89
11.6291486581 1412750085.34
11.6417371343 1412750086.77
11.6772593182 1412750088.28
11.7031579695 1412750089.75
11.6768250053 1412750091.29
11.69856488 1412750092.76
11.6665801524 1412750094.26
11.6585226225 1412750095.71
11.6807351753 1412750097.19
11.6546699097 1412750098.67
11.6337225452 1412750100.13
11.6441006021 1412750101.57
11.6245808572 1412750103.03
11.6468965202 1412750104.48
11.640968399 1412750105.99
11.6124104635 1412750107.44
11.6422459796 1412750108.92
11.6097374079 1412750110.39
11.6390151154 1412750111.89
11.60448945 1412750113.35
11.6339354595 1412750114.83
11.5725257027 1412750116.31
11.5498840233 1412750117.76
11.5506918117 1412750119.25
11.5399450619 1412750120.68
11.5521104962 1412750122.15
11.5715471188 1412750123.64
11.5565494771 1412750125.1
11.540973402 1412750126.61
11.5634697462 1412750128.06
11.5473741157 1412750129.52
11.5342670535 1412750130.96
11.5183350952 1412750132.43
11.5344830562 1412750133.86
11.5200999443 1412750135.29
11.4819560295 1412750136.74
11.5025570494 1412750138.18
11.5152040125 1412750139.61
