20.1416544389 1412721625.22
20.2736536893 1412721625.35
20.4849222067 1412721625.43
20.0149005566 1412721625.51
20.3111591978 1412721625.6
20.1868886437 1412721625.69
19.8995936956 1412721625.79
20.0012430864 1412721625.87
19.7181147486 1412721625.96
19.3063006435 1412721626.04
19.4940878849 1412721626.14
19.1374660712 1412721626.22
18.8993614431 1412721626.32
18.6037083422 1412721626.41
18.6679557877 1412721626.5
18.709101439 1412721626.59
18.5237310036 1412721626.68
18.3019554058 1412721626.76
17.9138112692 1412721626.85
17.9491717236 1412721626.94
17.9652039389 1412721627.04
17.9833835064 1412721627.12
17.7448036491 1412721627.21
17.8056938192 1412721627.31
17.6784086834 1412721627.41
17.7600419606 1412721627.49
17.7911296208 1412721627.56
17.6193703892 1412721627.66
17.6824557261 1412721627.75
17.6231223476 1412721627.83
17.5785186903 1412721627.92
17.5443202217 1412721628.01
17.55717997 1412721628.1
17.4986027166 1412721628.18
17.5157055926 1412721628.29
17.577825856 1412721628.39
17.5905957699 1412721628.48
17.6103508777 1412721628.55
17.5386564932 1412721628.64
17.5291585787 1412721628.73
17.5320502646 1412721628.83
17.5464447822 1412721628.91
17.5618801288 1412721629.01
17.433191439 1412721629.12
17.5298808649 1412721629.22
17.2839007479 1412721629.33
17.2973344293 1412721629.42
17.3384876622 1412721629.51
17.3237662338 1412721629.6
17.3751827895 1412721629.69
17.3646541083 1412721629.78
17.3712265468 1412721629.87
17.3369001109 1412721629.98
17.2665635352 1412721630.09
17.2734278832 1412721630.2
17.2797408944 1412721630.32
17.1781742652 1412721630.42
17.1879572717 1412721630.51
17.3232462646 1412721630.61
17.2669396187 1412721630.7
17.2121282425 1412721630.81
17.2216442169 1412721630.91
17.1691448007 1412721631.0
17.0777390713 1412721631.1
17.0882867396 1412721631.2
17.0883859513 1412721631.32
17.0988756561 1412721631.42
17.0606999004 1412721631.52
17.0683635734 1412721631.62
17.0233108697 1412721631.72
17.0203483363 1412721631.84
17.0297702161 1412721631.94
17.0385968005 1412721632.03
17.046731379 1412721632.14
17.0110124895 1412721632.26
17.0225551576 1412721632.4
17.0333269055 1412721632.51
16.9749542963 1412721632.61
16.9848070077 1412721632.72
16.9293641492 1412721632.83
16.9415666331 1412721632.95
16.9463735085 1412721633.06
16.9571645121 1412721633.18
16.9672895377 1412721633.32
16.7862619997 1412721633.45
16.8451327507 1412721633.57
16.7834892566 1412721633.7
16.8230021961 1412721633.82
16.7612824559 1412721633.94
16.8012647984 1412721634.07
16.7742754168 1412721634.18
16.746956554 1412721634.32
16.7193427537 1412721634.45
16.6913801967 1412721634.58
16.6629574062 1412721634.71
16.6435125124 1412721634.82
16.8569387686 1412721634.92
16.8660510766 1412721635.03
16.8384635791 1412721635.13
16.8477854079 1412721635.24
16.7012053537 1412721635.35
16.8178211188 1412721635.45
16.678162491 1412721635.58
16.7950204494 1412721635.67
16.668526938 1412721635.8
16.7723179686 1412721635.91
16.5398727407 1412721636.04
16.6486224835 1412721636.14
16.6360947966 1412721636.27
16.6166238365 1412721636.41
16.5966885637 1412721636.53
16.5767043797 1412721636.63
16.5563107921 1412721636.73
16.535579672 1412721636.85
16.514467067 1412721636.97
16.5813974918 1412721637.08
16.5643392332 1412721637.18
16.5417158534 1412721637.33
16.5246261333 1412721637.44
16.7379029879 1412721637.54
16.5588219674 1412721637.7
16.5406001469 1412721637.81
16.7119728774 1412721637.93
16.5325452783 1412721638.04
16.5145755383 1412721638.15
16.6864219696 1412721638.33
16.4674070512 1412721638.46
16.451031939 1412721638.56
16.4343472647 1412721638.7
16.5744733926 1412721638.83
16.4983219635 1412721638.94
16.4717296199 1412721639.05
16.4663072772 1412721639.16
16.4401148747 1412721639.29
16.4135671326 1412721639.4
16.3864412711 1412721639.51
16.3589669231 1412721639.66
16.3309608201 1412721639.79
16.3238599191 1412721639.9
16.4554646059 1412721639.99
16.4199736925 1412721640.1
16.3840057719 1412721640.2
16.2713660191 1412721640.32
16.2383445003 1412721640.44
16.2716869934 1412721640.57
16.2422256419 1412721640.69
16.2802930153 1412721640.8
16.2467532865 1412721640.91
16.2129407704 1412721641.02
16.2932591957 1412721641.17
16.2650417925 1412721641.3
16.2365625261 1412721641.42
16.2074728611 1412721641.53
16.1780160032 1412721641.63
16.0485494237 1412721641.74
16.1602785625 1412721641.84
16.1422420242 1412721641.95
16.1239117617 1412721642.06
16.1052301667 1412721642.22
16.2201631848 1412721642.34
16.1953632174 1412721642.44
16.1701367333 1412721642.53
16.1445948138 1412721642.62
16.1497743218 1412721642.74
16.1326865965 1412721642.85
16.107714909 1412721642.97
15.9730152915 1412721643.1
15.9560546504 1412721643.25
15.9337430339 1412721643.36
15.9109749496 1412721643.46
15.8878777602 1412721643.61
16.1891640688 1412721643.72
15.8603770718 1412721643.83
15.8406588099 1412721643.93
15.8174751077 1412721644.02
15.7937485446 1412721644.12
15.7696656583 1412721644.28
15.7451668017 1412721644.4
15.7730952875 1412721644.49
15.7508730496 1412721644.6
16.0144937281 1412721644.69
15.7527223238 1412721644.8
15.8003071192 1412721644.9
15.7760309422 1412721644.99
15.7537216553 1412721645.1
15.9079981768 1412721645.19
15.7478190189 1412721645.29
15.7008992617 1412721645.41
15.6758347478 1412721645.55
15.6730331953 1412721645.64
15.8947169115 1412721645.76
16.1790456263 1412721645.85
16.138238935 1412721645.95
16.0967277835 1412721646.04
16.0554848533 1412721646.14
16.0528240271 1412721646.27
16.037467258 1412721646.39
15.9956273325 1412721646.53
15.9531387246 1412721646.64
15.9100363214 1412721646.75
