19.294358712 1412726071.64
18.9307525586 1412726071.97
19.037724074 1412726072.29
18.6898041498 1412726072.61
18.585462481 1412726072.92
18.2107746734 1412726073.26
18.0375508873 1412726073.58
17.837774694 1412726073.9
17.684132165 1412726074.19
17.246170822 1412726074.49
17.0479913054 1412726074.8
16.8711330008 1412726075.1
16.9646027705 1412726075.41
16.9481731739 1412726075.71
16.8714345882 1412726076.04
16.6870216762 1412726076.36
16.5244078919 1412726076.66
16.2347266323 1412726076.98
16.0203216705 1412726077.29
15.7605981157 1412726077.61
15.4917160636 1412726077.95
15.3124129095 1412726078.26
14.8811213546 1412726078.55
14.6331586482 1412726078.85
14.4897779643 1412726079.18
14.2736283894 1412726079.49
14.2103339928 1412726079.8
14.0707990994 1412726080.09
13.9521428577 1412726080.39
13.8503567393 1412726080.67
13.6133278201 1412726080.96
13.6267468521 1412726081.25
13.5426262686 1412726081.55
13.2738240276 1412726081.84
13.096409705 1412726082.12
12.9369610152 1412726082.4
12.7831786146 1412726082.67
12.6596625017 1412726082.97
12.6089771982 1412726083.25
12.6115118844 1412726083.55
12.6852746818 1412726083.83
12.786456779 1412726084.12
12.8899632418 1412726084.4
13.0034549698 1412726084.7
13.1075168576 1412726084.99
13.2704620618 1412726085.27
13.4052965953 1412726085.58
13.2083123207 1412726085.89
13.3972692704 1412726086.21
13.270167215 1412726086.56
13.0737575158 1412726086.86
13.2865341554 1412726087.12
13.3131065948 1412726087.35
13.0443179036 1412726087.59
12.9166222718 1412726087.83
13.1820437776 1412726088.08
13.0122225092 1412726088.33
12.9017827924 1412726088.57
13.0824623909 1412726088.82
12.9231997831 1412726089.05
13.0841780918 1412726089.31
12.8908956844 1412726089.56
12.9357729832 1412726089.82
12.8510812319 1412726090.08
13.0058493208 1412726090.33
12.9657006051 1412726090.59
12.7786359648 1412726090.84
12.9822477891 1412726091.16
12.8273858253 1412726091.42
12.9395050152 1412726091.69
12.887316368 1412726091.94
12.9538272531 1412726092.24
12.7548282022 1412726092.51
12.6081855488 1412726092.79
12.784139105 1412726093.07
12.7713959092 1412726093.34
12.6920238904 1412726093.61
12.7757126202 1412726093.88
12.6696746874 1412726094.14
12.7233675634 1412726094.4
12.8272776201 1412726094.66
12.6833952228 1412726094.92
12.8653225369 1412726095.19
12.5692181275 1412726095.58
12.5252978073 1412726096.0
12.7031674532 1412726096.58
12.5631000339 1412726097.01
12.7490376997 1412726097.4
12.632157813 1412726097.76
12.6128434371 1412726098.03
12.6910323974 1412726098.31
12.5800506772 1412726098.58
12.7499467977 1412726099.06
12.6187938762 1412726099.43
12.7349657616 1412726099.84
12.6840283425 1412726100.36
12.7298177033 1412726100.71
12.6292782331 1412726100.99
12.6874646747 1412726101.39
12.5947328633 1412726101.93
12.6333600674 1412726102.39
12.5934910917 1412726102.82
12.6253614185 1412726103.23
12.6657871599 1412726103.67
12.7474841764 1412726104.03
12.673867659 1412726104.44
12.7473448638 1412726104.77
12.8622125291 1412726105.12
12.7961699097 1412726105.48
12.7620122263 1412726105.88
12.7099119004 1412726106.35
12.7021608187 1412726106.74
12.8320040333 1412726107.15
12.8987078211 1412726107.56
12.8453366822 1412726107.93
12.8794758002 1412726108.21
12.9552559271 1412726108.5
13.0656679964 1412726108.82
13.0089694362 1412726109.09
13.0232347096 1412726109.41
13.1054487703 1412726109.82
13.2264977311 1412726110.2
13.2378411813 1412726110.58
13.2038556141 1412726111.0
13.1630104022 1412726111.41
13.2750782435 1412726111.84
13.3637324546 1412726112.15
13.3332280038 1412726112.42
13.4203043237 1412726112.69
13.5291902152 1412726112.98
13.489056274 1412726113.36
13.5907524212 1412726113.63
13.7075682579 1412726113.93
13.8124388551 1412726114.22
13.772877529 1412726114.58
13.8713569562 1412726114.9
13.9545343927 1412726115.21
14.0585416716 1412726115.5
14.0320033953 1412726115.78
14.0128867357 1412726116.06
13.9693435083 1412726116.37
13.9330954055 1412726116.66
14.0139945525 1412726116.92
13.9800132666 1412726117.22
13.9551140802 1412726117.53
14.0033255435 1412726117.92
13.9707833545 1412726118.27
14.0420289089 1412726118.55
13.8772278117 1412726118.81
13.8524125003 1412726119.1
13.8250636323 1412726119.4
13.7873532137 1412726119.67
13.7587225636 1412726119.96
13.7315941497 1412726120.26
13.7819863876 1412726120.54
13.7531864833 1412726120.83
13.8024371926 1412726121.17
13.7744969866 1412726121.44
13.7913582412 1412726121.77
13.8368591838 1412726122.07
13.7910763588 1412726122.37
13.834912784 1412726122.65
13.8932297274 1412726123.09
13.8599382127 1412726123.49
13.9168589725 1412726123.9
13.8845141014 1412726124.29
13.9405524677 1412726124.71
13.9086525053 1412726125.12
13.9634798129 1412726125.52
13.9319491362 1412726125.98
13.9876591285 1412726126.38
13.9568334137 1412726126.78
13.9267765362 1412726127.14
13.9470054615 1412726127.48
13.9883284268 1412726127.83
13.9743872677 1412726128.16
13.9515758491 1412726128.49
13.9998214354 1412726128.87
13.9358829529 1412726129.22
13.9834746321 1412726129.6
14.0281339252 1412726129.98
14.0946778256 1412726130.34
14.0751358061 1412726130.63
14.1342015915 1412726130.94
14.1102994695 1412726131.29
14.0990679228 1412726131.6
14.1692474686 1412726131.9
14.1456037197 1412726132.2
14.2077796412 1412726132.51
14.1951414784 1412726132.79
14.1803282027 1412726133.11
14.1096035005 1412726133.41
14.1102974009 1412726133.7
14.0961773592 1412726134.01
14.0811443278 1412726134.32
13.8891335108 1412726134.64
13.8539633915 1412726134.94
13.8788743264 1412726135.23
13.9065907991 1412726135.55
13.9560821871 1412726135.97
