18.9154436417 1412752274.11
18.54400725 1412752275.67
18.5798374713 1412752277.28
18.6396544382 1412752278.92
18.5656671955 1412752280.48
18.554622598 1412752282.11
18.4810745671 1412752283.79
18.493809833 1412752285.36
18.4989911727 1412752287.0
18.5766733489 1412752288.72
18.7104374214 1412752290.32
18.8399130183 1412752291.93
18.8846747084 1412752293.5
18.9699413669 1412752295.14
18.9007743361 1412752296.72
18.9440254185 1412752298.41
18.915067731 1412752299.93
18.7027868044 1412752301.57
18.7779817226 1412752303.21
18.8391292297 1412752304.85
18.839263173 1412752306.48
18.7034625973 1412752308.18
18.6634490391 1412752309.84
18.6423126032 1412752311.46
18.6804827705 1412752313.06
18.7250849128 1412752314.65
18.7376467641 1412752316.3
18.7792364466 1412752317.84
18.7383672139 1412752319.43
18.8387825276 1412752321.0
18.7166341992 1412752322.59
18.8689947143 1412752324.14
18.8170258197 1412752325.67
18.8670351019 1412752327.24
18.6672763215 1412752328.78
18.6289502672 1412752330.32
18.5992416231 1412752331.95
18.4866906387 1412752333.52
18.5462097872 1412752335.05
18.4545359024 1412752336.61
18.4468163998 1412752338.17
18.4338520775 1412752339.71
18.2394063944 1412752341.32
18.3294124407 1412752343.04
18.1315922446 1412752344.59
18.1074166329 1412752346.17
18.1121358469 1412752347.74
17.9694634411 1412752349.35
18.0470392276 1412752350.9
18.1785995719 1412752352.45
18.299833975 1412752354.0
18.1511203119 1412752355.61
18.2438087241 1412752357.21
18.1785470411 1412752358.78
18.1834610374 1412752360.37
18.1693567433 1412752361.94
18.1073312248 1412752363.52
18.0984015084 1412752365.14
17.9915302331 1412752366.75
17.9025580232 1412752368.35
17.9056899257 1412752370.02
18.0004484549 1412752371.68
18.0412129361 1412752373.25
18.0272750828 1412752374.79
18.0715429821 1412752376.45
18.1510704355 1412752378.04
18.0757753514 1412752379.61
18.107468045 1412752381.2
18.0841251519 1412752382.78
18.1171971553 1412752384.32
18.0578706919 1412752385.85
18.0992689877 1412752387.4
18.0176405578 1412752388.99
18.0418936284 1412752390.56
18.0800109296 1412752392.12
18.0300370564 1412752393.68
18.0822196081 1412752395.26
18.0613879788 1412752396.86
18.0684597072 1412752398.43
18.0232905315 1412752400.05
18.0761876879 1412752401.69
18.1126663182 1412752403.29
18.1526915293 1412752404.85
18.1084798231 1412752406.44
18.1545937805 1412752408.01
18.1090028215 1412752409.62
18.1577166022 1412752411.19
17.9981333426 1412752412.8
18.0248895892 1412752414.34
17.9583957391 1412752415.89
17.9269801543 1412752417.44
17.9101130797 1412752418.98
17.8527391158 1412752420.54
17.8483739981 1412752422.14
17.8106950663 1412752423.74
17.7523053163 1412752425.3
17.7511920836 1412752426.86
17.7513117442 1412752428.45
17.7846318066 1412752430.05
17.7514660415 1412752431.62
17.8006826246 1412752433.23
17.8342762948 1412752434.77
17.7853973559 1412752436.34
17.729686116 1412752437.92
17.6177362211 1412752439.5
17.6307775505 1412752441.14
17.5914200323 1412752442.69
17.5031492484 1412752444.48
17.4844871174 1412752446.1
17.4477049767 1412752447.71
17.3933484242 1412752449.33
17.4056426366 1412752450.95
17.4355767957 1412752452.52
17.424275663 1412752454.14
17.4244040468 1412752455.67
17.473664533 1412752457.26
17.4534994931 1412752458.87
17.4190571788 1412752460.5
17.4152519915 1412752462.14
17.4155827673 1412752463.76
17.4375977187 1412752465.36
17.3734415349 1412752466.95
17.3463648365 1412752468.49
17.3739180755 1412752470.07
17.3617380137 1412752471.62
17.3457724689 1412752473.24
17.3351496123 1412752474.82
17.3982338646 1412752476.43
17.3730790255 1412752478.07
17.3243105303 1412752479.65
17.2995869598 1412752481.27
17.3023853203 1412752482.86
17.2730009245 1412752484.48
17.285277897 1412752486.15
17.3520272598 1412752487.76
17.2927717766 1412752489.33
17.2684290219 1412752490.93
17.2813179115 1412752492.56
17.2955560317 1412752494.22
17.2750387433 1412752495.8
17.2788710516 1412752497.39
17.2797185492 1412752498.98
17.2865430578 1412752500.58
17.2858562171 1412752502.19
17.295092104 1412752503.86
17.3336751509 1412752505.44
17.3452315457 1412752507.04
17.3621822443 1412752508.58
17.3856130458 1412752510.17
17.3519861027 1412752511.77
17.3807168846 1412752513.39
17.3579115147 1412752515.01
17.3627106351 1412752516.61
17.338413563 1412752518.22
17.3886046148 1412752519.85
17.3893925291 1412752521.48
17.4232990154 1412752523.05
17.3793723954 1412752524.66
17.4021552671 1412752526.27
17.3587488256 1412752527.87
17.3826434476 1412752529.48
17.365778615 1412752531.18
17.4240449543 1412752532.95
17.3934707209 1412752534.57
17.3989608597 1412752536.22
17.3684579859 1412752537.84
17.3469048331 1412752539.49
17.315060539 1412752541.08
17.3006820285 1412752542.7
17.3204859658 1412752544.34
17.2958593622 1412752545.96
17.2930988449 1412752547.6
17.2740726339 1412752549.21
17.2498528661 1412752550.81
17.2401164463 1412752552.39
17.207225682 1412752553.98
17.1936844563 1412752555.56
17.1790041449 1412752557.19
17.1830343639 1412752558.78
17.1729227046 1412752560.46
17.1619795935 1412752562.05
17.1063801473 1412752563.64
17.0944705139 1412752565.28
17.0964264697 1412752566.92
17.1021072478 1412752568.6
17.094629952 1412752570.23
17.0429156921 1412752571.87
17.0339598523 1412752573.47
17.0161006371 1412752575.08
17.0094558808 1412752576.73
17.0007906036 1412752578.35
16.9913162862 1412752579.98
16.983394332 1412752581.58
16.9555329317 1412752583.2
16.9614022397 1412752584.85
16.9346515566 1412752586.48
16.9471623939 1412752588.15
16.9387173252 1412752589.78
16.9145880601 1412752591.38
16.8844465156 1412752593.0
