27.4415741504 1412755802.07
26.7555958547 1412755803.49
26.4626581688 1412755804.95
26.5839207847 1412755806.37
27.0038120121 1412755807.77
27.5051092951 1412755809.08
27.9185980629 1412755810.48
28.2179275006 1412755811.81
28.3940135152 1412755813.16
28.5246568915 1412755814.53
28.4376066249 1412755815.89
27.8284518651 1412755817.22
27.1231596349 1412755818.58
26.3006046561 1412755819.89
25.506177478 1412755821.2
25.4925396868 1412755822.51
25.3269215006 1412755823.86
25.3174690879 1412755825.23
25.1800686359 1412755826.61
25.1317959772 1412755828.05
25.0740878239 1412755829.48
25.0781181655 1412755830.94
24.9327156525 1412755832.46
24.8451669228 1412755834.02
24.6360483001 1412755835.57
24.3689881601 1412755837.14
23.9954529566 1412755838.7
23.6874218898 1412755840.27
23.4465865356 1412755841.81
22.9926540267 1412755843.35
22.4748934881 1412755844.91
22.0577655797 1412755846.52
21.610968794 1412755848.09
20.9833214555 1412755849.66
19.8902767071 1412755851.29
24.684080874 1412755852.87
24.3261012109 1412755854.45
23.7930031612 1412755856.01
23.4517306555 1412755857.59
23.307526666 1412755859.16
23.2574678266 1412755860.79
23.1007707742 1412755862.43
23.0384229516 1412755864.14
23.0178213957 1412755865.8
22.9981568742 1412755867.55
23.1149639238 1412755869.31
22.8448296825 1412755871.1
22.7511502554 1412755872.95
22.7752638535 1412755874.84
22.6023952841 1412755876.71
22.5960606092 1412755878.63
22.4854290965 1412755880.61
22.4207978043 1412755882.63
22.5581710736 1412755884.74
22.580750494 1412755886.73
22.2281091447 1412755888.72
22.3216948455 1412755890.77
22.3675612355 1412755892.82
22.3378570311 1412755894.98
22.2093663391 1412755897.04
22.2671032474 1412755899.06
22.2812422726 1412755901.1
22.3067163699 1412755903.12
22.4150806875 1412755905.16
22.4358907556 1412755907.19
22.504496218 1412755909.16
22.6299973405 1412755911.12
22.7525507309 1412755913.04
22.659024595 1412755914.97
22.7689517484 1412755916.88
22.644596328 1412755918.82
22.7013943715 1412755920.69
22.745667485 1412755922.66
22.9339030095 1412755924.53
22.8391778877 1412755926.44
22.7871057097 1412755928.3
22.9091346082 1412755930.22
22.9225211831 1412755932.09
22.9334318103 1412755934.0
22.9431662777 1412755935.93
23.0064750838 1412755937.9
23.0084742492 1412755939.86
22.8397795929 1412755941.82
22.9331919651 1412755943.71
22.9868533992 1412755945.57
22.9440603313 1412755947.45
22.8679328594 1412755949.36
22.7900239489 1412755951.25
22.9177449242 1412755953.15
22.9601608624 1412755954.99
22.9810536222 1412755957.06
22.9666272107 1412755958.89
22.9727206062 1412755960.8
23.0313367298 1412755962.69
23.0523737401 1412755964.58
23.0800143417 1412755966.45
23.0207539516 1412755968.36
23.1271389451 1412755970.21
22.9927803404 1412755972.04
22.9228413609 1412755973.96
22.8306568034 1412755975.82
22.8340029396 1412755977.74
23.0213849764 1412755979.66
23.0923443384 1412755981.61
23.0998715478 1412755983.54
23.1199276712 1412755985.53
23.1664935691 1412755987.55
23.1977740895 1412755989.5
23.1190481764 1412755991.45
23.2347153332 1412755993.38
22.9983891678 1412755995.38
22.9386012627 1412755997.36
22.9530646508 1412755999.35
23.00640486 1412756001.36
22.9715495336 1412756003.41
22.9744999381 1412756005.44
22.9231526999 1412756007.51
22.963295586 1412756009.48
22.9163435745 1412756011.54
22.969729841 1412756013.53
22.7802780041 1412756015.54
22.5268034621 1412756017.56
22.5305960376 1412756019.6
22.6082528127 1412756021.63
22.5801618945 1412756023.64
22.6270527215 1412756025.63
22.6409350154 1412756027.67
22.6541824598 1412756029.74
22.6416219004 1412756031.85
22.6914264748 1412756033.94
22.6174998274 1412756035.94
22.686355461 1412756037.99
22.7566002145 1412756040.01
22.7667079798 1412756042.11
22.7950222433 1412756044.1
22.8217520397 1412756046.08
22.796806271 1412756048.16
22.8793230903 1412756050.22
22.8993415237 1412756052.27
22.9252209909 1412756054.3
22.9282551026 1412756056.32
23.0017582024 1412756058.33
22.7723846491 1412756060.37
22.7657864195 1412756062.37
22.8205345228 1412756064.35
22.8299962059 1412756066.39
22.6982206693 1412756068.45
22.710432806 1412756070.53
22.7224555157 1412756072.59
22.7342607519 1412756074.65
22.7214301013 1412756076.7
22.7560399165 1412756078.74
22.7639512123 1412756080.85
22.6794243954 1412756082.88
22.7031154806 1412756084.92
22.6834727524 1412756087.0
22.6945315809 1412756089.01
22.6862087056 1412756091.07
22.6683713887 1412756093.16
22.8390894526 1412756095.24
22.5302453653 1412756097.39
22.5479314431 1412756099.52
22.5230910536 1412756101.63
22.5339508102 1412756103.77
22.5448816132 1412756105.84
22.5543942308 1412756107.88
22.559700296 1412756109.91
22.6005480429 1412756111.97
22.5789850266 1412756114.01
22.5213628295 1412756116.13
22.5571685404 1412756118.24
22.5638352584 1412756120.35
22.5513153043 1412756122.54
22.5596123701 1412756124.7
22.5897038275 1412756126.89
22.5989743596 1412756129.03
22.6072706795 1412756131.2
22.6160343503 1412756133.42
22.6282780753 1412756135.53
22.6385840534 1412756137.67
22.643847527 1412756139.78
22.6449594904 1412756141.93
22.6533501781 1412756144.1
22.6617096536 1412756146.26
22.6698838387 1412756148.39
22.6768066893 1412756150.57
22.6832537305 1412756152.76
22.6108621517 1412756154.92
22.6035897018 1412756157.1
22.6165212778 1412756159.27
22.6311407096 1412756161.46
22.5548471736 1412756163.54
22.5787569598 1412756165.65
22.6242260884 1412756167.74
22.6321649013 1412756169.83
22.6249622078 1412756171.91
22.630046976 1412756174.08
22.6654347802 1412756176.23
22.6698849986 1412756178.32
22.4946567324 1412756180.43
