3.89563645194 1412723361.46
3.77207112141 1412723361.74
3.67809281162 1412723362.02
3.74630388326 1412723362.3
3.63238476631 1412723362.6
3.76178870254 1412723362.87
3.8801826609 1412723363.14
4.15759946082 1412723363.41
4.39302156668 1412723363.65
4.6816877288 1412723363.92
4.84589176513 1412723364.17
5.03188504246 1412723364.46
5.22826266341 1412723364.73
5.55367898985 1412723364.99
5.6897672125 1412723365.24
5.99850361154 1412723365.48
6.21664479267 1412723365.74
6.37828562417 1412723366.0
6.50809795526 1412723366.24
6.69705572606 1412723366.48
6.90490973132 1412723366.73
7.06059340406 1412723366.97
7.15795608279 1412723367.22
7.17496653814 1412723367.47
7.21410266445 1412723367.77
7.39685712012 1412723368.04
7.40897276688 1412723368.29
7.45173480939 1412723368.56
7.45001962841 1412723368.81
7.4229256661 1412723369.06
7.45553129914 1412723369.34
7.48880683313 1412723369.59
7.5172548716 1412723369.85
7.50899680803 1412723370.09
7.44838696682 1412723370.34
7.46518956109 1412723370.58
7.40078737168 1412723370.83
7.44863243096 1412723371.09
7.41691043504 1412723371.33
7.32809516479 1412723371.57
7.25697070745 1412723371.83
7.16254072017 1412723372.08
7.09998396417 1412723372.34
7.10842838602 1412723372.61
7.03300606149 1412723372.86
7.0411397139 1412723373.11
7.04422819567 1412723373.37
7.09570278752 1412723373.62
7.09140266526 1412723373.86
7.06521494334 1412723374.13
7.03890460286 1412723374.37
7.00685955847 1412723374.66
7.04135293002 1412723374.91
7.02860899766 1412723375.15
6.96803002161 1412723375.4
6.89162269695 1412723375.66
6.85324098219 1412723375.9
6.8616201913 1412723376.13
6.80860820544 1412723376.39
6.86588786223 1412723376.62
6.77654377133 1412723376.87
6.7619562516 1412723377.12
6.70268794474 1412723377.38
6.70871158567 1412723377.62
6.64262979251 1412723377.9
6.59161419622 1412723378.15
6.59211248385 1412723378.4
6.60371375336 1412723378.65
6.56421331608 1412723378.89
6.54805403668 1412723379.14
6.56776744948 1412723379.39
6.52346179755 1412723379.61
6.5163223921 1412723379.87
6.51442186938 1412723380.1
6.49115555419 1412723380.33
6.48062107101 1412723380.55
6.49141497836 1412723380.79
6.45524968207 1412723381.03
6.38599121982 1412723381.27
6.35126097106 1412723381.51
6.31673590944 1412723381.76
6.27956481408 1412723382.04
6.11743053223 1412723382.32
6.08881607998 1412723382.56
6.09154662535 1412723382.81
6.05609835078 1412723383.05
6.03355594902 1412723383.29
5.97762080614 1412723383.55
5.92605198748 1412723383.81
5.89213148053 1412723384.07
5.87527646931 1412723384.32
5.81052428327 1412723384.58
5.77836697654 1412723384.8
5.75354647592 1412723385.06
5.72196048427 1412723385.29
5.70325575206 1412723385.54
5.66744208351 1412723385.79
5.64725812439 1412723386.03
5.62962096009 1412723386.26
5.59077103711 1412723386.48
5.57344751409 1412723386.74
5.53217816824 1412723386.98
5.4433143673 1412723387.23
5.40276718698 1412723387.46
5.35677348032 1412723387.7
5.33287055125 1412723387.92
5.30629306913 1412723388.17
5.28469908616 1412723388.43
5.26366826373 1412723388.72
5.25438029711 1412723388.97
5.2385058882 1412723389.22
5.21546445629 1412723389.48
5.20253486319 1412723389.76
5.17765667135 1412723390.01
5.16613621958 1412723390.25
5.14984266124 1412723390.49
5.16072769426 1412723390.73
5.14612440405 1412723390.99
5.13731063272 1412723391.21
5.13567178498 1412723391.46
5.1343114768 1412723391.71
5.12935109992 1412723392.0
5.11662369857 1412723392.26
5.09091063866 1412723392.55
5.07337061893 1412723392.83
4.91802049162 1412723393.12
4.94361983864 1412723393.38
4.94564559742 1412723393.61
4.93884773046 1412723393.87
4.93906290525 1412723394.11
4.94843052399 1412723394.36
4.92487427316 1412723394.6
4.87184142972 1412723394.84
4.87496841135 1412723395.1
4.87462985546 1412723395.39
4.8781433718 1412723395.66
4.88183137816 1412723395.91
4.82320182981 1412723396.17
4.81118155837 1412723396.4
4.81554407725 1412723396.65
4.81786228199 1412723396.89
4.82747797366 1412723397.12
4.83216333661 1412723397.37
4.81546288601 1412723397.62
4.81537671035 1412723397.88
4.80830214516 1412723398.11
4.79117258595 1412723398.38
4.79558250449 1412723398.61
4.81899213036 1412723398.84
4.81525061468 1412723399.09
4.81942797445 1412723399.33
4.82466819739 1412723399.58
4.82912234223 1412723399.82
4.78547231944 1412723400.08
4.73001742497 1412723400.36
4.70343223309 1412723400.61
4.70634089171 1412723400.86
4.70407634594 1412723401.11
4.69230496268 1412723401.35
4.73522859631 1412723401.58
4.73927178895 1412723401.83
4.71183182501 1412723402.09
4.7169691604 1412723402.35
4.7211245078 1412723402.6
4.74261270323 1412723402.84
4.75229058682 1412723403.08
4.74243980738 1412723403.34
4.74660381308 1412723403.6
4.76103986436 1412723403.86
4.75507462118 1412723404.11
4.74606729293 1412723404.36
4.73926022749 1412723404.62
4.73188908468 1412723404.88
4.72466857754 1412723405.12
4.70734666806 1412723405.44
4.70025895608 1412723405.75
4.67858011174 1412723406.06
4.67131119698 1412723406.36
4.6717872392 1412723406.66
4.6647556061 1412723406.94
4.65794917931 1412723407.2
4.61818281457 1412723407.45
4.62221265889 1412723407.7
4.64644561363 1412723407.95
4.65077940557 1412723408.21
4.65510853675 1412723408.46
4.62037811861 1412723408.74
4.61127743342 1412723409.02
4.60211054106 1412723409.28
4.63381190774 1412723409.55
4.63177127406 1412723409.81
4.5919890154 1412723410.06
4.59707029959 1412723410.32
4.60218171811 1412723410.57
4.61884791687 1412723410.84
4.63188008147 1412723411.09
4.62941510871 1412723411.34
4.60203588047 1412723411.61
4.60374440338 1412723411.87
4.60790471258 1412723412.12
