7.69760285777 1412731736.99
7.51751188125 1412731737.64
7.41442289413 1412731738.29
7.26775598831 1412731738.95
7.24846703086 1412731739.57
7.2662937459 1412731740.16
7.21855166536 1412731740.79
7.57078188737 1412731741.37
7.89054794618 1412731741.96
8.19672717928 1412731742.52
8.5051137721 1412731743.09
8.72214065353 1412731743.66
9.06307467477 1412731744.24
9.32750687544 1412731744.8
9.42766009136 1412731745.38
9.52906187665 1412731745.93
9.51438855506 1412731746.51
9.62869587184 1412731747.07
9.67177968875 1412731747.64
9.66891161943 1412731748.19
9.65764186307 1412731748.76
9.68937432459 1412731749.32
9.69744546531 1412731749.91
9.69140275394 1412731750.45
9.70702314201 1412731751.02
9.69239897563 1412731751.58
9.66967209558 1412731752.14
9.60073709711 1412731752.69
9.57942446602 1412731753.25
9.50341895643 1412731753.78
9.46514792829 1412731754.35
9.39773218728 1412731754.93
9.36451190571 1412731755.58
9.28302651431 1412731756.14
9.24733637516 1412731756.7
9.22277463838 1412731757.26
9.14450938608 1412731757.84
9.06665490643 1412731758.4
9.05733662919 1412731758.94
9.03827431507 1412731759.52
8.98864026452 1412731760.02
9.01550267606 1412731760.54
8.93158321153 1412731761.07
8.91309589223 1412731761.59
8.92664992153 1412731762.12
8.87475728817 1412731762.66
8.82378366918 1412731763.18
8.7297539462 1412731763.69
8.63920011718 1412731764.24
8.52714572846 1412731764.78
8.3609939737 1412731765.31
8.20267634147 1412731765.83
8.09443105269 1412731766.4
7.99354011288 1412731766.95
7.88506873541 1412731767.49
7.78016220196 1412731768.0
7.65205013827 1412731768.51
7.48235330756 1412731769.05
7.27570144403 1412731769.58
7.18241931474 1412731770.1
7.08294181882 1412731770.62
7.08456957024 1412731771.18
7.10229091289 1412731771.68
6.94563558019 1412731772.21
6.896653918 1412731772.76
6.76302189994 1412731773.3
6.67139161184 1412731773.84
6.6676373338 1412731774.38
6.52019672187 1412731774.92
6.52778081596 1412731775.43
6.42646844398 1412731775.95
6.43938785985 1412731776.48
6.33214392353 1412731776.98
6.37342741341 1412731777.49
6.25980683791 1412731778.02
6.2962060675 1412731778.55
6.20546598893 1412731779.08
6.21752788789 1412731779.63
6.13610626696 1412731780.17
6.15225041948 1412731780.7
6.0651206933 1412731781.21
6.08078634504 1412731781.72
5.99784366505 1412731782.22
5.9296874304 1412731782.74
5.92472796978 1412731783.27
6.00139251109 1412731783.79
5.91390219677 1412731784.3
5.80298452272 1412731784.8
5.81230774449 1412731785.33
5.74830243907 1412731785.86
5.75220279745 1412731786.41
5.68216517854 1412731786.93
5.69098895617 1412731787.45
5.62461575674 1412731787.97
5.6217573092 1412731788.47
5.57643521185 1412731789.03
5.57211175667 1412731789.58
5.50334852819 1412731790.07
5.52845183699 1412731790.6
5.56023069911 1412731791.12
5.46329141401 1412731791.62
5.50621526997 1412731792.14
5.41116150595 1412731792.66
5.4553419557 1412731793.18
5.37350793724 1412731793.69
5.40118042068 1412731794.22
5.31866603296 1412731794.75
5.30939597267 1412731795.28
5.22370049136 1412731795.8
5.26263106034 1412731796.3
5.19393822821 1412731796.84
5.22469034938 1412731797.36
5.15255375804 1412731797.89
5.17103102357 1412731798.43
5.12437488806 1412731798.94
5.07962626428 1412731799.44
5.07720245729 1412731799.97
5.01973872585 1412731800.48
5.02746043674 1412731800.99
4.969166885 1412731801.52
4.92553004261 1412731802.06
4.92085485298 1412731802.55
4.92859286178 1412731803.05
4.87549315725 1412731803.56
4.87335387557 1412731804.05
4.816662686 1412731804.56
4.81521530315 1412731805.08
4.75744738545 1412731805.58
4.76276209006 1412731806.1
4.79558487812 1412731806.61
4.74639071911 1412731807.12
4.69708908638 1412731807.62
4.69883348602 1412731808.14
4.64826686718 1412731808.62
4.65002198609 1412731809.12
4.59921848597 1412731809.61
4.57583178957 1412731810.13
4.56127864996 1412731810.65
4.55887049657 1412731811.19
4.50047728246 1412731811.7
4.47421166224 1412731812.22
4.43010324783 1412731812.73
4.42327081095 1412731813.25
4.40458054786 1412731813.74
4.38957327515 1412731814.24
4.35620531082 1412731814.74
4.33318685304 1412731815.27
4.32057553618 1412731815.77
4.30894844198 1412731816.28
4.28941906553 1412731816.82
4.28597290813 1412731817.33
4.25090674097 1412731817.81
4.23145394625 1412731818.32
4.20936570507 1412731818.82
4.21450355146 1412731819.32
4.18254333348 1412731819.85
4.17790003874 1412731820.35
4.15364084733 1412731820.89
4.12643003028 1412731821.4
4.11010488241 1412731821.9
4.10485441955 1412731822.4
4.1135662414 1412731822.91
4.0787786071 1412731823.44
4.07674998525 1412731823.93
4.04836945025 1412731824.42
4.00954548255 1412731824.92
3.99954967815 1412731825.42
3.98745066239 1412731825.89
3.99775153749 1412731826.41
3.98150500162 1412731826.89
3.98157053765 1412731827.39
3.9556622042 1412731827.9
3.93483722392 1412731828.4
3.89934676539 1412731828.89
3.87931317719 1412731829.4
3.86320167593 1412731829.91
3.85455022242 1412731830.39
3.8337582698 1412731830.88
3.82480319162 1412731831.39
3.80449354408 1412731831.91
3.79594091237 1412731832.41
3.77620782179 1412731832.92
3.76762508597 1412731833.45
3.74837755266 1412731833.96
3.75885650624 1412731834.45
3.75087271145 1412731834.95
3.73290995879 1412731835.44
3.72915825176 1412731835.94
3.72087566968 1412731836.43
3.71043506052 1412731836.93
3.70185030417 1412731837.44
3.67879568662 1412731837.94
3.67078474783 1412731838.45
3.65413870811 1412731838.94
3.65961137632 1412731839.4
3.64497276818 1412731839.91
3.63751348038 1412731840.43
3.62007341814 1412731840.91
3.6300538242 1412731841.4
3.62324357698 1412731841.87
