18.6457163268 1412729105.13
18.5460342433 1412729105.8
18.4698019331 1412729106.49
18.3436228411 1412729107.18
18.132245556 1412729107.8
18.0550146238 1412729108.4
17.9442931123 1412729109.05
17.7420722104 1412729109.69
17.5110637368 1412729110.3
17.3376200552 1412729110.99
16.9625320679 1412729111.62
16.8037227901 1412729112.22
16.6601055884 1412729112.83
16.5303801154 1412729113.42
16.4770736014 1412729114.03
16.3442986647 1412729114.61
16.2435632136 1412729115.23
16.2477567279 1412729115.85
16.0716223051 1412729116.45
16.0839261402 1412729117.09
16.0158503622 1412729117.69
15.9442519844 1412729118.32
15.9951423164 1412729118.94
15.8156127837 1412729119.59
15.814773893 1412729120.22
15.7511700792 1412729120.85
15.7001804059 1412729121.46
15.6359704976 1412729122.11
15.5838831215 1412729122.77
15.5453812434 1412729123.43
15.4704790361 1412729124.06
15.4193764902 1412729124.67
15.3078621774 1412729125.3
15.2112591583 1412729125.92
15.1176701026 1412729126.52
15.0753652399 1412729127.11
14.9748748047 1412729127.74
14.9350416361 1412729128.37
14.8647416451 1412729129.0
14.8227481913 1412729129.6
14.8222121317 1412729130.2
14.8311325499 1412729130.81
14.7632308188 1412729131.38
14.8229666779 1412729131.99
14.840301532 1412729132.6
14.8341299048 1412729133.27
14.8020205167 1412729133.89
14.7709524207 1412729134.54
14.7845342933 1412729135.17
14.7274214082 1412729135.81
14.7260338524 1412729136.41
14.6071915619 1412729137.01
14.5669795302 1412729137.62
14.552908478 1412729138.21
14.4798543427 1412729138.81
14.3196860415 1412729139.41
14.3627360075 1412729140.01
14.2816904157 1412729140.6
14.2183377625 1412729141.23
14.2079477446 1412729141.86
14.1403784726 1412729142.48
14.1325884946 1412729143.1
14.1584967234 1412729143.71
14.1249954701 1412729144.36
14.0739658377 1412729144.96
14.0331446395 1412729145.59
13.9975674726 1412729146.22
13.9641127635 1412729146.85
13.9496007367 1412729147.51
13.9425263546 1412729148.13
13.8748961342 1412729148.75
13.8133999746 1412729149.38
13.7563871242 1412729150.03
13.6919894259 1412729150.66
13.6696152176 1412729151.29
13.6288722372 1412729151.92
13.6298027515 1412729152.56
13.588582689 1412729153.2
13.6086781712 1412729153.85
13.5893011243 1412729154.54
13.5328256445 1412729155.17
13.5262362132 1412729155.82
13.5079592433 1412729156.47
13.5074911417 1412729157.12
13.4691662685 1412729157.72
13.4803339843 1412729158.38
13.4330782757 1412729159.05
13.4457635652 1412729159.7
13.3415049398 1412729160.33
13.3391474004 1412729160.96
13.3595453591 1412729161.61
13.3080467901 1412729162.26
13.3178770065 1412729162.88
13.2932244575 1412729163.47
13.3087926394 1412729164.09
13.2841438805 1412729164.74
13.2590049648 1412729165.35
13.2156617187 1412729165.99
13.1775322082 1412729166.64
13.1229751469 1412729167.26
13.1033635003 1412729167.91
13.0303946032 1412729168.55
12.9958010308 1412729169.22
13.0206986953 1412729169.91
13.0033266097 1412729170.54
12.9765674368 1412729171.2
12.997971422 1412729171.83
12.9143224908 1412729172.47
12.9294737088 1412729173.13
12.8996515419 1412729173.77
12.8837716392 1412729174.45
12.9030178078 1412729175.13
12.9258284033 1412729175.8
12.9265478346 1412729176.5
12.9066144999 1412729177.17
12.8912969012 1412729177.88
12.8186768998 1412729178.58
12.7643672941 1412729179.28
12.7502218215 1412729180.0
12.7032173185 1412729180.65
12.7008883381 1412729181.29
12.6251389546 1412729181.95
12.6134634013 1412729182.6
12.6403869003 1412729183.28
12.6159438123 1412729183.91
12.5567970539 1412729184.57
12.5213078135 1412729185.21
12.5057322369 1412729185.87
12.498254815 1412729186.53
12.4379729271 1412729187.18
12.340697726 1412729187.82
12.3141452082 1412729188.49
12.3017647107 1412729189.17
12.2747450812 1412729189.84
12.2109041653 1412729190.5
12.2468162133 1412729191.16
12.1609625618 1412729191.79
12.1078727719 1412729192.45
12.0449819886 1412729193.13
12.0358282025 1412729193.79
12.0275584672 1412729194.49
12.0602972552 1412729195.15
11.9980559555 1412729195.79
12.0192361477 1412729196.49
11.9552604161 1412729197.14
11.9897971038 1412729197.81
11.9001804714 1412729198.46
11.9172716538 1412729199.12
11.9362164116 1412729199.81
11.8032038413 1412729200.54
11.7895098853 1412729201.26
11.7715081536 1412729201.88
11.7071068598 1412729202.57
11.6884956319 1412729203.22
11.678011478 1412729203.85
11.6343079065 1412729204.51
11.6405433566 1412729205.2
11.6407919589 1412729205.91
11.632005073 1412729206.61
11.646759837 1412729207.26
11.6667494146 1412729207.96
11.6818366426 1412729208.64
11.6382353251 1412729209.32
11.6177967484 1412729210.0
11.6173878671 1412729210.67
11.6390033382 1412729211.35
11.6425600144 1412729212.05
11.6221882659 1412729212.73
11.5970730408 1412729213.44
11.5990630133 1412729214.1
11.6104259217 1412729214.8
11.5786620424 1412729215.48
11.5709086374 1412729216.16
11.5600526456 1412729216.83
11.5591771667 1412729217.48
11.5581916985 1412729218.12
11.5571370017 1412729218.8
11.5357709821 1412729219.52
11.5262942752 1412729220.17
11.5306840745 1412729220.85
11.5318109358 1412729221.53
11.4355120623 1412729222.21
11.4153680751 1412729222.91
11.4107659968 1412729223.6
11.3913366136 1412729224.3
11.3169325826 1412729225.0
11.3184111764 1412729225.7
11.3348985464 1412729226.39
11.3398532091 1412729227.04
11.3280755751 1412729227.72
11.3548840163 1412729228.38
11.3258026398 1412729229.06
11.3191427661 1412729229.74
11.3126059693 1412729230.41
11.3061986871 1412729231.07
11.2847088297 1412729231.72
11.2782438261 1412729232.41
11.3012937028 1412729233.08
11.3066637885 1412729233.78
11.3099566644 1412729234.48
