14.6302134558 1412753292.99
14.6197530879 1412753294.41
14.6932867593 1412753295.82
14.755773638 1412753297.18
14.796595709 1412753298.59
14.8821721768 1412753299.99
15.0414868858 1412753301.35
15.1240836181 1412753302.74
15.0958424882 1412753304.11
15.0716518478 1412753305.44
15.0290201349 1412753306.76
15.0429146649 1412753308.09
14.9212539907 1412753309.46
14.8047336925 1412753310.8
14.7213472855 1412753312.14
14.6849020078 1412753313.49
14.6188198945 1412753314.83
14.5662191571 1412753316.2
14.5342365639 1412753317.59
14.5716608622 1412753318.95
14.7433504679 1412753320.33
14.8075950306 1412753321.72
14.9036409814 1412753323.1
14.9199511075 1412753324.52
14.863934945 1412753325.89
14.8492501546 1412753327.3
14.9266985364 1412753328.69
14.9430129945 1412753330.09
15.0943224998 1412753331.49
15.2094695769 1412753332.87
15.4745754614 1412753334.27
15.2214907549 1412753335.65
15.0152998954 1412753337.07
15.0658274571 1412753338.48
14.9244081444 1412753339.88
14.8040992159 1412753341.33
14.6302052354 1412753342.66
14.3814550554 1412753344.1
14.284481871 1412753345.51
14.1058121075 1412753346.88
13.9693364549 1412753348.25
13.8443878925 1412753349.62
13.785428937 1412753351.01
13.421206505 1412753352.39
13.41599509 1412753353.81
13.7240561162 1412753355.25
13.9079392445 1412753356.63
14.0729242324 1412753358.03
13.6585984737 1412753359.44
13.7835736637 1412753360.85
13.901881546 1412753362.24
13.6497335456 1412753363.64
13.7317741778 1412753364.99
13.74072519 1412753366.37
13.7596485519 1412753367.81
13.5873238764 1412753369.21
13.6424137331 1412753370.61
13.4750287237 1412753372.05
13.5304359146 1412753373.46
13.5522116341 1412753374.87
13.5641726408 1412753376.21
13.5841517073 1412753377.61
13.5680936397 1412753379.0
13.5722117588 1412753380.41
13.4404001574 1412753381.82
13.4449211449 1412753383.24
13.3125899354 1412753384.65
13.3680768378 1412753386.05
13.3984675533 1412753387.44
13.2641985444 1412753388.87
13.3513690138 1412753390.25
13.132025389 1412753391.64
13.2363403523 1412753393.03
13.3133619619 1412753394.45
13.1669321916 1412753395.84
13.2809704053 1412753397.27
13.3284578686 1412753398.67
13.2820464366 1412753400.1
13.2546231047 1412753401.51
13.2106467972 1412753402.88
13.1656738845 1412753404.29
13.1131455291 1412753405.63
13.0843950988 1412753407.03
13.0610202286 1412753408.4
13.0149109771 1412753409.77
12.9309602246 1412753411.1
12.9225270309 1412753412.47
12.8572179018 1412753413.85
12.833378986 1412753415.27
12.8009071388 1412753416.66
12.7454703627 1412753417.96
12.6549924324 1412753419.32
12.5741847473 1412753420.67
12.5240107397 1412753422.03
12.4691702936 1412753423.44
12.4039131864 1412753424.84
12.3395568567 1412753426.21
12.3157610069 1412753427.59
12.2921295277 1412753429.04
12.1810825097 1412753430.49
12.1884716373 1412753431.86
12.1883036142 1412753433.22
12.1524489502 1412753434.57
12.1417074226 1412753435.91
12.131436184 1412753437.25
12.1169230605 1412753438.6
12.0947039338 1412753440.12
12.0952031616 1412753441.48
12.0015257356 1412753442.9
11.9378188024 1412753444.26
11.8321164562 1412753445.58
11.7166292461 1412753446.96
11.7195832427 1412753448.34
11.7054742638 1412753449.66
11.7053229186 1412753451.02
11.6005833371 1412753452.33
11.5979191223 1412753453.66
11.5389343807 1412753454.97
11.4911500618 1412753456.3
11.4772304017 1412753457.59
11.4295383445 1412753458.92
11.4132673614 1412753460.25
11.4065604888 1412753461.59
11.376921273 1412753462.88
11.2929648382 1412753464.21
11.2968205532 1412753465.52
11.2516857623 1412753466.85
11.2173609274 1412753468.2
11.1609958644 1412753469.52
11.1604507556 1412753470.82
11.1304809714 1412753472.13
11.0895989697 1412753473.44
11.0477078933 1412753474.74
10.9810187164 1412753476.06
10.9404755231 1412753477.37
10.8853113134 1412753478.71
10.8202669316 1412753480.0
10.7810676723 1412753481.32
10.728076998 1412753482.69
10.6856973709 1412753484.01
10.6653064053 1412753485.34
10.6252239533 1412753486.65
10.6011191832 1412753488.06
10.6011038688 1412753489.47
10.5370099452 1412753490.87
10.5177119936 1412753492.24
10.4529453287 1412753493.59
10.3525786447 1412753494.89
10.3054538718 1412753496.25
10.2181586488 1412753497.55
10.0826483595 1412753498.87
9.95105720195 1412753500.19
9.83396163506 1412753501.49
9.69800745159 1412753502.84
9.54940835432 1412753504.14
9.37871051492 1412753505.4
9.18794484207 1412753506.71
9.01999637699 1412753508.06
8.89575257014 1412753509.39
8.78072001013 1412753510.74
8.66801244697 1412753512.06
8.60867149624 1412753513.41
8.54222426351 1412753514.74
8.49935459793 1412753516.08
8.43691973654 1412753517.42
8.42793387556 1412753518.82
8.39191724719 1412753520.16
8.43135190674 1412753521.56
8.44141003537 1412753522.96
8.2988743374 1412753524.36
8.19042747174 1412753525.82
8.04687222854 1412753527.22
7.98762983126 1412753528.62
7.86642841254 1412753529.99
7.78893318088 1412753531.37
7.74341248083 1412753532.73
7.7266620397 1412753534.08
7.63442872248 1412753535.44
7.58358457534 1412753536.78
7.53891942329 1412753538.12
7.51389596866 1412753539.44
7.49709863307 1412753540.8
7.47575661447 1412753542.15
7.43055431264 1412753543.49
7.37916329267 1412753544.83
7.35633612708 1412753546.14
7.32992346372 1412753547.51
7.28380641453 1412753548.81
7.23053238929 1412753550.14
7.18060557129 1412753551.43
7.14816959864 1412753552.75
7.13848130564 1412753554.13
7.04075134098 1412753555.46
6.96657627985 1412753556.78
6.91686678301 1412753558.13
6.87905407247 1412753559.46
6.79859952169 1412753560.79
6.69154787236 1412753562.11
6.63477710224 1412753563.43
6.55334925158 1412753564.74
