18.4843413598 1412724377.78
17.8040697127 1412724378.06
17.1226675892 1412724378.31
16.88228856 1412724378.56
16.6810897023 1412724378.85
16.4301676455 1412724379.12
16.1446459361 1412724379.41
15.8126968236 1412724379.73
15.5017684508 1412724380.02
15.2080707017 1412724380.31
14.974657396 1412724380.63
14.6569825303 1412724380.91
14.4497791625 1412724381.18
14.4985708059 1412724381.49
14.4215438533 1412724381.78
14.3311585092 1412724382.03
14.2268851351 1412724382.33
14.1807453171 1412724382.67
14.1218523403 1412724382.92
13.8492666864 1412724383.22
13.6642700597 1412724383.55
13.6767475692 1412724383.87
13.5515469871 1412724384.16
13.5335760697 1412724384.45
13.5160347603 1412724384.74
13.6030690946 1412724385.01
13.4575462782 1412724385.29
13.4385700476 1412724385.61
13.4934071351 1412724385.93
13.4342492584 1412724386.23
13.3969694407 1412724386.57
13.2237624311 1412724387.0
13.1964733865 1412724387.29
13.2485485881 1412724387.63
13.2466324298 1412724387.96
13.2469293467 1412724388.28
13.25286054 1412724388.61
13.2292855131 1412724389.03
13.0408036269 1412724389.46
13.0202147341 1412724389.79
12.9827776145 1412724390.08
12.9265437117 1412724390.46
12.8802362783 1412724390.82
12.8499062591 1412724391.12
12.7662169032 1412724391.48
12.7797845537 1412724391.91
12.7484070595 1412724392.29
12.7715573258 1412724392.61
12.8442679773 1412724392.92
12.6787897038 1412724393.28
12.7404433424 1412724393.61
12.7615936015 1412724393.91
12.7959355256 1412724394.26
12.8113136673 1412724394.57
12.8454950848 1412724394.92
12.7409729126 1412724395.19
12.7705921836 1412724395.5
12.7919454159 1412724395.84
12.745290091 1412724396.16
12.8567141479 1412724396.55
12.8023015327 1412724396.98
12.7002984371 1412724397.39
12.6824747357 1412724397.71
12.5516668941 1412724398.01
12.6735470138 1412724398.32
12.7083009289 1412724398.61
12.6147721531 1412724398.91
12.6592095376 1412724399.26
12.5246508361 1412724399.71
12.5116303109 1412724400.09
12.4492994569 1412724400.41
12.5295146412 1412724400.73
12.550702361 1412724401.05
12.5625935379 1412724401.41
12.4942794588 1412724401.74
12.4418561993 1412724402.06
12.3504280379 1412724402.38
12.3698718003 1412724402.71
12.4992660069 1412724403.0
12.5962637973 1412724403.33
12.4548642601 1412724403.66
12.4863892775 1412724403.97
12.4595137898 1412724404.25
12.3792569605 1412724404.59
12.327499244 1412724404.92
12.2747490628 1412724405.24
12.2578174321 1412724405.58
12.2843309865 1412724405.93
12.3323983267 1412724406.21
12.3121532674 1412724406.52
12.1196133179 1412724406.87
11.9892088947 1412724407.2
11.9993632673 1412724407.52
12.0232725049 1412724407.84
12.0044969137 1412724408.14
11.8367204173 1412724408.48
11.7467981746 1412724408.86
11.813389688 1412724409.19
11.7587130753 1412724409.53
11.731129296 1412724409.85
11.5119027488 1412724410.17
11.4705712161 1412724410.5
11.4657147634 1412724410.83
11.4680614604 1412724411.16
11.6226719773 1412724411.52
11.6022946627 1412724411.9
11.4697073548 1412724412.24
11.4831128735 1412724412.57
11.4629013028 1412724412.91
11.4668320158 1412724413.25
11.3744568878 1412724413.58
11.3448254179 1412724413.93
11.3654269045 1412724414.31
11.3743839831 1412724414.65
11.3180657261 1412724414.96
11.3452784137 1412724415.28
11.2902616199 1412724415.63
11.2404534338 1412724415.97
11.2691679064 1412724416.32
11.2871143158 1412724416.7
11.2654456482 1412724417.03
11.2602468652 1412724417.34
11.1119741944 1412724417.71
11.1142110031 1412724418.06
11.0424466557 1412724418.39
11.046840114 1412724418.69
11.1464960642 1412724419.03
11.1159470416 1412724419.39
11.1302418712 1412724419.72
11.0627206126 1412724420.2
10.8977391238 1412724420.57
10.9153041009 1412724420.91
10.9330042327 1412724421.2
10.9993643536 1412724421.6
11.0359477114 1412724421.92
11.0402840991 1412724422.3
11.0447013616 1412724422.61
11.0492166669 1412724422.97
11.017809467 1412724423.26
11.0391878639 1412724423.57
11.0443951666 1412724423.91
10.9902427276 1412724424.33
11.0135841764 1412724424.68
11.0784746463 1412724424.98
11.0947423216 1412724425.3
11.3316916124 1412724425.62
11.3133976078 1412724425.96
11.2951927222 1412724426.26
11.4192544331 1412724426.61
11.4348396814 1412724426.94
11.5365493315 1412724427.24
11.5511387036 1412724427.55
11.4203799651 1412724427.91
11.4322692181 1412724428.23
11.4453523654 1412724428.57
11.4586177848 1412724428.91
11.4717932344 1412724429.28
11.5849103768 1412724429.61
11.6373052866 1412724429.93
11.5249581126 1412724430.29
11.3950250631 1412724430.62
11.5113775174 1412724430.94
11.5356788896 1412724431.29
11.5602685104 1412724431.67
11.5021098043 1412724432.05
11.5207964939 1412724432.4
11.6772549228 1412724432.76
11.6877208195 1412724433.12
11.795946047 1412724433.55
11.8158513676 1412724433.93
11.9385245365 1412724434.28
11.7960089603 1412724434.67
11.9176400207 1412724435.07
11.9446901472 1412724435.45
11.9708187958 1412724435.8
12.1047036661 1412724436.14
12.1307320231 1412724436.49
12.1569531206 1412724437.02
12.2114506788 1412724437.43
12.2375580519 1412724437.82
12.2639653543 1412724438.22
12.1463447044 1412724438.58
12.0610678739 1412724438.98
12.1781965212 1412724439.28
12.0889204474 1412724439.66
12.1145000344 1412724440.0
12.1403331527 1412724440.37
11.9801670661 1412724440.72
12.0017183449 1412724441.09
11.9430179572 1412724441.48
11.9018723761 1412724441.83
11.7078114439 1412724442.15
11.7190780089 1412724442.47
11.8849532635 1412724442.8
11.7218365963 1412724443.13
11.7345598536 1412724443.53
11.9300463012 1412724443.88
11.7587361069 1412724444.25
11.7505668179 1412724444.63
11.9011374382 1412724444.97
