36.5993411535 1412722074.19
33.5201373037 1412722074.36
30.8453735785 1412722074.49
27.3119271145 1412722074.65
24.8278789582 1412722074.78
23.0117921067 1412722074.92
21.7556503647 1412722075.05
20.297461946 1412722075.15
19.3147882629 1412722075.26
18.5325753547 1412722075.37
18.4579252295 1412722075.48
17.8035054366 1412722075.58
17.885458126 1412722075.68
18.1457591997 1412722075.78
17.7857990406 1412722075.89
17.4553812827 1412722076.0
17.0339956631 1412722076.11
17.2067399955 1412722076.21
17.7585158559 1412722076.33
16.7179755795 1412722076.44
17.1525444701 1412722076.55
16.4201801448 1412722076.65
16.5122296314 1412722076.83
15.7538968119 1412722076.92
15.887062283 1412722077.02
14.9507684189 1412722077.12
14.2071907213 1412722077.22
14.3807525246 1412722077.4
14.518694578 1412722077.54
14.1251806626 1412722077.63
13.4961965926 1412722077.74
13.4789251227 1412722077.89
13.6646693259 1412722078.05
13.1145130771 1412722078.2
13.2481506584 1412722078.37
12.8372225026 1412722078.46
12.294687336 1412722078.57
11.7495081698 1412722078.69
11.8228531264 1412722078.82
11.7777734596 1412722078.95
11.4664732439 1412722079.26
11.4163937173 1412722079.45
11.1716627071 1412722079.65
10.9379324286 1412722079.82
10.7740150251 1412722079.97
10.586529272 1412722080.11
10.3494335713 1412722080.26
10.2416990513 1412722080.45
10.1463653113 1412722080.62
10.1045773389 1412722080.76
9.96493691 1412722080.87
9.60816690645 1412722080.97
9.42800270366 1412722081.07
9.43238748965 1412722081.15
9.34865905297 1412722081.23
9.36135134232 1412722081.33
9.18748647769 1412722081.42
9.01188028615 1412722081.53
8.90733081629 1412722081.62
8.9209510173 1412722081.71
8.84559761165 1412722081.8
8.82339466483 1412722081.91
8.51887166007 1412722082.0
8.22021200874 1412722082.08
8.21913337146 1412722082.18
8.24618267285 1412722082.3
8.23095224514 1412722082.42
8.13852136729 1412722082.53
7.9999618421 1412722082.69
8.01202771739 1412722082.84
7.80615174427 1412722082.97
7.50937086125 1412722083.08
7.55878983228 1412722083.19
7.53657929175 1412722083.31
7.36366674415 1412722083.45
7.28159728006 1412722083.57
7.2336414856 1412722083.69
7.17064988931 1412722083.84
7.06031801776 1412722084.01
7.07885309266 1412722084.19
7.0407080986 1412722084.32
7.03666809281 1412722084.45
7.03261463121 1412722084.58
6.98837964512 1412722084.72
6.98405844649 1412722084.84
6.90611761912 1412722084.95
6.93028159951 1412722085.05
6.85322556005 1412722085.15
6.75982860519 1412722085.26
6.64985558149 1412722085.36
6.5287690712 1412722085.47
6.50589773546 1412722085.58
6.53771578757 1412722085.68
6.53301142231 1412722085.79
6.44689233607 1412722085.87
6.43741197746 1412722085.98
6.41047789975 1412722086.08
6.40073782906 1412722086.18
6.27495840564 1412722086.3
6.22621340465 1412722086.42
6.20818583823 1412722086.52
6.14851336034 1412722086.62
5.98266580051 1412722086.74
5.91379845557 1412722086.84
5.89249013265 1412722086.94
5.87322380075 1412722087.03
5.86321772929 1412722087.12
5.85471475049 1412722087.22
5.83515988921 1412722087.34
5.82632749493 1412722087.45
5.67905543378 1412722087.56
5.70892487447 1412722087.67
5.67528795835 1412722087.77
5.62219613565 1412722087.88
5.59715748128 1412722087.98
5.60410180298 1412722088.08
5.54859724413 1412722088.18
5.51294748111 1412722088.29
5.50124514604 1412722088.43
5.49983382956 1412722088.54
5.47790896482 1412722088.64
5.47653385372 1412722088.72
5.45502307967 1412722088.87
5.44298801485 1412722089.03
5.36379496835 1412722089.13
5.27109242261 1412722089.22
5.20975462129 1412722089.33
5.19365384877 1412722089.43
5.1878073841 1412722089.53
5.17526952241 1412722089.66
5.16387066849 1412722089.81
5.15165616364 1412722089.96
5.14951223129 1412722090.07
5.13425798657 1412722090.18
5.13216430436 1412722090.31
5.03019945616 1412722090.45
5.0210409329 1412722090.55
5.01816478318 1412722090.66
5.01310023926 1412722090.76
5.01119745077 1412722090.87
4.99717978944 1412722090.98
4.95861477607 1412722091.11
4.96936463891 1412722091.21
4.95568924323 1412722091.33
4.95472061153 1412722091.49
4.94130257955 1412722091.61
4.94040418055 1412722091.72
4.92719922042 1412722091.83
4.88698682244 1412722091.95
4.87201688697 1412722092.05
4.8711830527 1412722092.14
4.87080084198 1412722092.26
4.85744709516 1412722092.43
4.86819860869 1412722092.6
4.85488919919 1412722092.72
4.8546485769 1412722092.84
4.73197510551 1412722092.96
4.63911677506 1412722093.07
4.6252478212 1412722093.19
4.61158713408 1412722093.3
4.6121641212 1412722093.47
4.61034543619 1412722093.62
4.59773107342 1412722093.72
4.60432144849 1412722093.84
4.59089622227 1412722093.94
4.57846608778 1412722094.04
4.56244358005 1412722094.16
4.56430403093 1412722094.35
4.51957663196 1412722094.47
4.5087455239 1412722094.59
4.49485608529 1412722094.7
4.49921431844 1412722094.8
4.4855145274 1412722094.91
4.48983401527 1412722095.02
4.47629638918 1412722095.12
4.49439253264 1412722095.25
4.49550900811 1412722095.38
4.4968861312 1412722095.5
4.53156285141 1412722095.58
4.53435617433 1412722095.68
4.4497861174 1412722095.79
4.35452557751 1412722095.91
4.29204145863 1412722095.98
4.29635340485 1412722096.1
4.28650612542 1412722096.25
4.29107200472 1412722096.45
4.29564965168 1412722096.57
4.30047668537 1412722096.68
4.305336671 1412722096.82
4.31021452849 1412722096.98
4.2556033038 1412722097.09
4.24596217987 1412722097.21
4.25133280145 1412722097.32
4.22708774417 1412722097.42
4.21777381906 1412722097.54
4.20181993275 1412722097.67
4.20727031642 1412722097.79
4.21277068244 1412722097.89
4.21140209238 1412722098.04
4.19997874478 1412722098.25
