24.1513938461 1412722129.74
24.2578955933 1412722129.85
24.4236832655 1412722129.96
24.3774936134 1412722130.07
24.3606174516 1412722130.2
24.721216336 1412722130.34
24.7219008341 1412722130.46
24.5528181833 1412722130.56
24.6558437587 1412722130.7
24.6283842863 1412722130.84
24.5859199374 1412722130.95
24.4155120945 1412722131.1
24.4408731636 1412722131.25
24.5669191444 1412722131.39
24.386013979 1412722131.5
24.2707371021 1412722131.61
24.2797073781 1412722131.73
24.2014197667 1412722131.83
24.0759558383 1412722131.96
23.9275751987 1412722132.1
23.9933530699 1412722132.2
23.873146601 1412722132.34
23.6335102864 1412722132.46
23.5730361371 1412722132.68
23.3914221734 1412722132.84
23.5605185203 1412722132.95
23.543688038 1412722133.09
23.320798472 1412722133.23
23.2758927833 1412722133.4
23.4177926613 1412722133.54
23.3671989195 1412722133.66
23.2942581425 1412722133.77
23.3808165531 1412722133.89
23.446162108 1412722134.0
23.369014115 1412722134.12
23.2891041174 1412722134.25
23.1108010872 1412722134.41
23.219186039 1412722134.52
23.1448607991 1412722134.62
23.0132955549 1412722134.75
22.9560949265 1412722134.85
22.9994659991 1412722134.95
22.933940674 1412722135.06
22.7436926138 1412722135.18
22.7972300671 1412722135.29
22.7139063351 1412722135.44
22.3177971822 1412722135.56
22.2247436227 1412722135.68
21.9551070795 1412722135.8
21.8926197911 1412722135.9
21.6036542342 1412722135.99
21.6004765826 1412722136.09
21.5276204788 1412722136.19
21.4547516321 1412722136.3
21.3694776858 1412722136.43
21.2759644025 1412722136.53
21.2074257921 1412722136.65
20.95379339 1412722136.76
20.934978837 1412722136.85
20.9378784873 1412722136.95
20.8694517595 1412722137.06
20.8520166925 1412722137.16
20.4738680304 1412722137.28
20.4866752633 1412722137.39
20.4263851059 1412722137.51
20.4279001805 1412722137.62
20.4362928203 1412722137.72
20.4666306635 1412722137.83
20.4409717714 1412722137.95
20.4150143542 1412722138.15
20.3886713058 1412722138.27
20.3620875754 1412722138.41
20.2391258547 1412722138.52
20.1579719152 1412722138.63
20.1626704872 1412722138.88
20.0624627138 1412722139.06
20.0281014546 1412722139.2
19.9935123664 1412722139.36
19.9411872726 1412722139.5
19.8693680726 1412722139.74
19.8288483123 1412722139.86
19.7882456184 1412722139.96
19.6111872357 1412722140.08
19.5336010243 1412722140.2
19.548950132 1412722140.35
19.6173089318 1412722140.48
19.5001590463 1412722140.62
19.5638687642 1412722140.72
19.5405181784 1412722140.83
19.4456368973 1412722140.94
19.510265189 1412722141.04
19.5581815754 1412722141.29
19.5905544405 1412722141.47
19.547819899 1412722141.62
19.547286163 1412722141.77
19.5484932424 1412722141.91
19.5432478449 1412722142.08
19.5619268251 1412722142.23
19.6326997325 1412722142.43
19.6179807595 1412722142.59
19.6174211745 1412722142.78
19.6289922078 1412722142.92
19.6263030698 1412722143.05
19.6371862616 1412722143.23
19.6346955961 1412722143.36
19.6546527817 1412722143.5
19.6145644911 1412722143.65
19.6138050376 1412722143.8
19.6113606853 1412722143.94
19.6816106731 1412722144.07
19.631700107 1412722144.2
19.5207252347 1412722144.43
19.6455652429 1412722144.57
19.6990548177 1412722144.71
19.7083662588 1412722144.84
19.7010061493 1412722144.98
19.5417613847 1412722145.12
19.5363309098 1412722145.25
19.5471617346 1412722145.38
19.6028345703 1412722145.53
19.5968998127 1412722145.67
19.4028004298 1412722145.79
19.3540304261 1412722145.99
19.4153369139 1412722146.19
19.4086343401 1412722146.3
19.3980158063 1412722146.42
19.0818601766 1412722146.51
19.0836373422 1412722146.62
19.0801989986 1412722146.77
19.1801662077 1412722146.9
19.0026452618 1412722146.99
19.0183252232 1412722147.1
18.8712881887 1412722147.21
18.9467192599 1412722147.34
18.9365194273 1412722147.44
18.7660160468 1412722147.54
18.6030356647 1412722147.69
18.6151414114 1412722147.85
18.5736181139 1412722147.95
18.5935911158 1412722148.04
18.5954958628 1412722148.16
18.4763756104 1412722148.42
18.5293432383 1412722148.52
18.3393770348 1412722148.63
18.3328903558 1412722148.74
18.3252662234 1412722148.87
18.3190192415 1412722148.98
18.3154991211 1412722149.1
18.312749799 1412722149.22
17.9871684099 1412722149.33
18.016962997 1412722149.45
18.0873837441 1412722149.56
18.080440418 1412722149.69
18.1194683787 1412722149.81
18.1081925923 1412722149.92
18.300181352 1412722150.03
18.0804456602 1412722150.15
18.3216860722 1412722150.29
18.323551072 1412722150.43
18.3719793733 1412722150.54
18.3781443753 1412722150.64
18.2629982058 1412722150.74
18.248157498 1412722150.85
18.2632150146 1412722150.96
18.2477875599 1412722151.07
18.3343548077 1412722151.17
18.3195697094 1412722151.35
18.2932427487 1412722151.47
18.2298564007 1412722151.58
18.2229845099 1412722151.68
18.2173911484 1412722151.8
18.2044651714 1412722151.92
18.21532498 1412722152.04
18.2034651594 1412722152.27
18.1561425906 1412722152.44
18.1449073052 1412722152.58
18.079344228 1412722152.71
18.0759439963 1412722152.84
17.9919781285 1412722152.98
17.9832168416 1412722153.12
18.0111938432 1412722153.24
18.0010111183 1412722153.37
17.9907066434 1412722153.51
17.98510093 1412722153.64
17.9723986434 1412722153.78
17.8931593875 1412722153.92
17.8923160704 1412722154.05
17.8843991264 1412722154.17
17.8763565193 1412722154.33
17.8496076908 1412722154.46
17.7524135159 1412722154.59
17.758514164 1412722154.69
17.7498800184 1412722154.83
17.7411110014 1412722154.95
17.7547482469 1412722155.08
17.7473058222 1412722155.22
18.0118861518 1412722155.32
17.7128385108 1412722155.45
18.0049287491 1412722155.59
17.7056498181 1412722155.73
