29.3653979635 1412724696.27
29.6344821997 1412724696.58
29.6190580111 1412724696.86
29.7541270448 1412724697.15
29.9327098454 1412724697.61
30.0429637843 1412724697.95
29.9972884287 1412724698.25
29.8511217504 1412724698.55
29.8605905392 1412724698.85
29.9195975896 1412724699.17
30.0006108616 1412724699.5
29.9310723221 1412724699.82
29.8755415581 1412724700.1
29.6363330615 1412724700.4
29.4843346443 1412724700.69
29.4069092799 1412724701.02
29.2930064793 1412724701.34
29.1700934298 1412724701.66
29.1461282122 1412724701.96
29.3446787008 1412724702.28
29.3438972577 1412724702.57
29.6234205438 1412724702.87
29.3905745132 1412724703.19
29.6759927076 1412724703.51
29.698852853 1412724703.8
29.759879401 1412724704.11
29.7189169235 1412724704.46
29.5780450865 1412724704.76
29.7427803367 1412724705.07
29.7156718392 1412724705.41
114.204041955 1412724705.74
26.6358317634 1412724706.07
26.7049568215 1412724706.4
26.4320857568 1412724706.73
26.3549382217 1412724707.13
26.3304439597 1412724707.47
25.9678956203 1412724707.8
26.0084261821 1412724708.18
25.8601727617 1412724708.66
25.7620892238 1412724708.97
25.7359176686 1412724709.34
25.8348054635 1412724709.74
25.7730104098 1412724710.14
25.5523100806 1412724710.54
25.5918699341 1412724710.89
25.3355835512 1412724711.23
25.4509084099 1412724711.55
25.4782208 1412724711.94
25.5043108639 1412724712.35
25.6454762003 1412724712.7
25.6157300196 1412724713.05
25.7241845309 1412724713.4
25.7877943889 1412724713.76
25.8479590719 1412724714.07
25.8613902968 1412724714.41
25.8901623829 1412724714.75
25.9695090484 1412724715.1
26.0730355193 1412724715.48
26.0228678185 1412724715.88
25.8642474577 1412724716.22
25.8695227616 1412724716.56
25.9165450322 1412724716.94
25.9046914247 1412724717.28
25.9136191732 1412724717.74
26.0273737233 1412724718.24
26.1121631172 1412724718.69
26.1439117735 1412724719.09
26.1558383644 1412724719.45
26.2834231811 1412724719.81
26.321669447 1412724720.3
26.3811250305 1412724720.76
26.423356518 1412724721.13
26.4972592182 1412724721.5
26.478588258 1412724721.85
26.2249838044 1412724722.25
26.2128285518 1412724722.66
26.248749319 1412724723.13
26.3436472369 1412724723.53
26.4017698904 1412724723.92
26.4962638163 1412724724.26
26.638016898 1412724724.65
26.6614019948 1412724725.18
26.6718718892 1412724725.64
133.518342069 1412724725.98
134.296354185 1412724726.33
26.0876735699 1412724726.8
26.0779510845 1412724727.28
26.1909335453 1412724727.73
26.273981547 1412724728.19
26.3568871382 1412724728.75
25.7845029337 1412724729.24
25.8435657019 1412724729.71
25.8772194347 1412724730.15
25.8796940812 1412724730.58
25.9124851243 1412724731.01
25.8781565317 1412724731.45
25.8924985599 1412724731.94
25.9749727095 1412724732.38
26.0229828034 1412724732.97
26.0469494111 1412724733.66
26.1281324244 1412724734.36
26.0781830982 1412724735.03
26.1560666978 1412724735.65
25.7513127315 1412724736.26
25.8230818805 1412724736.92
25.9021705886 1412724737.6
25.9745389287 1412724738.21
26.0470899268 1412724738.87
25.777043589 1412724739.54
25.8060134979 1412724740.22
25.8592491859 1412724740.91
25.9579670398 1412724741.59
26.0582264208 1412724742.36
26.1192673713 1412724742.99
26.2775757856 1412724743.68
26.3444213069 1412724744.38
26.0661919231 1412724745.03
26.1605293416 1412724745.76
26.0812462772 1412724746.42
26.1490280404 1412724747.09
26.2078675392 1412724747.67
26.1897045531 1412724748.13
26.1594984387 1412724748.84
26.2123880639 1412724749.34
26.2724456611 1412724749.86
26.3878871326 1412724750.33
26.4448487515 1412724750.84
26.7213666283 1412724751.28
26.7898676004 1412724751.75
26.5605454491 1412724752.22
26.6155355027 1412724752.68
26.6997399716 1412724753.14
26.6933034995 1412724753.64
26.7505023825 1412724754.09
26.8348110595 1412724754.58
27.0518701711 1412724755.03
27.1789553928 1412724755.47
27.2328897976 1412724755.93
27.2855991737 1412724756.38
27.2533726264 1412724756.85
27.3162858003 1412724757.28
27.3788354526 1412724757.75
27.4424968971 1412724758.21
27.5074664193 1412724758.63
27.1582131559 1412724759.06
27.3055058088 1412724759.53
27.3373312404 1412724759.96
27.3693056705 1412724760.37
27.4296994027 1412724761.02
27.4839041472 1412724761.52
27.5330547142 1412724761.96
27.5743039495 1412724762.4
27.6344251679 1412724762.88
27.6937330738 1412724763.32
27.7323594673 1412724763.8
27.9339522218 1412724764.24
27.9748728925 1412724764.7
27.8086557652 1412724765.11
27.9966516419 1412724765.55
28.0392315038 1412724766.01
28.0935912296 1412724766.45
28.1496008003 1412724766.86
27.8341608193 1412724767.33
27.6591139171 1412724767.75
27.5973743613 1412724768.19
27.6568730486 1412724768.64
27.4491344235 1412724769.07
27.3793449028 1412724769.55
27.6502995191 1412724770.14
27.7265054143 1412724770.63
27.8040088488 1412724771.09
27.8828863807 1412724771.55
27.9633495495 1412724771.99
28.0807370831 1412724772.43
28.1643672978 1412724772.87
28.1050770169 1412724773.29
28.1644543901 1412724773.71
28.3609734033 1412724774.13
27.387219812 1412724774.58
27.4853650318 1412724775.0
27.5849230754 1412724775.44
27.6873466006 1412724775.84
27.9997096562 1412724776.26
27.6601710945 1412724776.71
28.4428238533 1412724777.13
28.8148644417 1412724777.57
28.871389528 1412724777.98
28.9926315264 1412724778.41
29.0047002654 1412724778.83
29.0635900458 1412724779.26
28.3459518299 1412724779.69
28.502677195 1412724780.15
28.5889774385 1412724780.58
28.8460226361 1412724781.06
29.1008251952 1412724781.49
29.2046693085 1412724781.92
29.3134865844 1412724782.36
28.7900971462 1412724782.79
28.5293696353 1412724783.24
28.6215296694 1412724783.69
