24.2685094831 1412741795.11
24.4687740929 1412741796.16
24.6097661444 1412741797.24
24.9258507075 1412741798.32
25.1741835175 1412741799.38
25.2251660445 1412741800.39
25.0112861702 1412741801.42
24.6983233961 1412741802.49
24.5003640288 1412741803.53
24.0156244618 1412741804.53
23.4854539815 1412741805.58
22.9725621693 1412741806.59
22.4375703813 1412741807.6
21.9314179975 1412741808.65
21.6764267634 1412741809.71
21.2730602133 1412741810.7
20.9913510712 1412741811.71
20.6182552774 1412741812.7
20.4026678381 1412741813.72
20.1369033952 1412741814.74
20.0339033594 1412741815.78
19.8513101468 1412741816.8
19.6971144658 1412741817.86
19.5694224545 1412741818.92
19.4025497459 1412741819.96
19.1459873127 1412741820.99
18.8378341151 1412741821.94
18.8230610915 1412741822.93
18.94429657 1412741823.93
18.5807675712 1412741824.97
18.6243670585 1412741826.0
18.3761917311 1412741827.04
18.0912009134 1412741828.05
18.2542745366 1412741829.11
17.7800953069 1412741830.18
17.4701717982 1412741831.17
17.2768148317 1412741832.15
17.1722079647 1412741833.15
16.9374242122 1412741834.19
16.8790854671 1412741835.2
16.9293871959 1412741836.24
16.8059683639 1412741837.25
16.8077789373 1412741838.27
16.6502042326 1412741839.29
16.7031386716 1412741840.3
16.1537439725 1412741841.34
16.4139798199 1412741842.33
15.3970050817 1412741843.38
13.8610683826 1412741844.41
13.9679186954 1412741845.46
13.3898138453 1412741846.46
13.3832029353 1412741847.41
13.0988422562 1412741848.44
12.9884090027 1412741849.46
12.7237624847 1412741850.46
12.7911955737 1412741851.46
12.5888697466 1412741852.45
12.5209290843 1412741853.48
12.3520653981 1412741854.46
12.3330554254 1412741855.46
12.1613608932 1412741856.44
12.0719191989 1412741857.42
11.9585726076 1412741858.4
11.7917686666 1412741859.35
11.7047081895 1412741860.35
11.6480763241 1412741861.36
11.5386622283 1412741862.31
11.4654564429 1412741863.3
11.2904582985 1412741864.29
11.2632440817 1412741865.27
11.1374289182 1412741866.21
11.1210223104 1412741867.21
10.9536253521 1412741868.19
10.9184750659 1412741869.21
10.8950584449 1412741870.22
10.8017910483 1412741871.2
10.702655681 1412741872.19
10.6943174602 1412741873.23
10.7280343711 1412741874.21
10.6006887353 1412741875.23
10.6330721736 1412741876.23
10.7143901886 1412741877.17
10.5329732839 1412741878.15
10.3926719231 1412741879.16
10.2784393189 1412741880.11
10.2801625399 1412741881.07
10.2833844539 1412741882.02
10.173049361 1412741883.0
10.1380391619 1412741884.05
10.1076966714 1412741885.15
10.1619289094 1412741886.1
10.0144059491 1412741887.11
10.0429927587 1412741888.1
10.1192080252 1412741889.1
10.1730346618 1412741890.15
10.2260646748 1412741891.15
10.3243487776 1412741892.14
10.2811710718 1412741893.14
10.3107237025 1412741894.11
10.3401410748 1412741895.13
10.3029554424 1412741896.1
10.3370944819 1412741897.06
10.2601312642 1412741898.07
10.3278736051 1412741899.08
10.3550866173 1412741900.07
10.3783941345 1412741901.07
10.4475517521 1412741902.08
10.4678616644 1412741903.09
10.3874333441 1412741904.08
10.4217777192 1412741905.09
10.33487691 1412741906.14
10.2798118724 1412741907.13
10.3255153426 1412741908.1
10.2863853315 1412741909.11
10.2952586095 1412741910.13
10.3639488602 1412741911.1
10.3968821164 1412741912.15
10.4573854578 1412741913.13
10.3232069781 1412741914.15
10.2840370161 1412741915.2
10.3272739704 1412741916.2
10.4049554608 1412741917.25
10.3544095335 1412741918.28
10.3192995649 1412741919.29
10.3472338247 1412741920.33
10.3103199406 1412741921.37
10.2256818811 1412741922.43
10.2966445678 1412741923.48
10.2205584182 1412741924.53
10.2703684309 1412741925.59
10.3453211796 1412741926.61
10.296672504 1412741927.65
10.266073753 1412741928.69
10.2631337289 1412741929.78
10.2524695662 1412741930.82
10.2703529194 1412741931.86
10.2331897883 1412741932.89
10.1842663569 1412741933.88
10.1931542228 1412741934.83
10.1727275358 1412741935.84
10.2098532524 1412741936.86
10.2376575351 1412741937.84
10.3122583448 1412741938.82
10.2565360226 1412741939.82
10.2550724331 1412741940.79
10.3287116479 1412741941.79
10.3434991867 1412741942.78
10.3635742921 1412741943.74
10.3186654342 1412741944.73
10.3448515451 1412741945.66
10.368766032 1412741946.58
10.3980712462 1412741947.58
10.4465822746 1412741948.59
10.3818746133 1412741949.57
10.4361262141 1412741950.57
10.3718592345 1412741951.51
10.412844699 1412741952.47
10.344500843 1412741953.41
10.379347864 1412741954.36
10.3756210061 1412741955.29
10.3388706888 1412741956.22
10.326275972 1412741957.18
10.2662088325 1412741958.12
10.3062877955 1412741959.07
10.3370173511 1412741960.0
10.3741837476 1412741960.92
10.3767586566 1412741961.85
10.3996479437 1412741962.82
10.4353087412 1412741963.76
10.4338530039 1412741964.72
10.4634321891 1412741965.64
10.4136901532 1412741966.55
10.4023712976 1412741967.52
10.3686378488 1412741968.44
10.3695380534 1412741969.39
10.3710548354 1412741970.35
10.3546095142 1412741971.3
10.3181085122 1412741972.23
10.3030691168 1412741973.2
10.2713653947 1412741974.14
10.2412572301 1412741975.13
10.2113409979 1412741976.08
10.1959418335 1412741977.02
10.1996237133 1412741978.01
10.2183314521 1412741978.98
10.2280568252 1412741979.99
10.214732496 1412741980.95
10.2508397482 1412741981.92
10.2685936646 1412741982.89
10.3104137646 1412741983.85
10.2075305264 1412741984.83
10.2471816614 1412741985.79
10.2734793682 1412741986.75
10.2672911423 1412741987.71
10.3021930668 1412741988.68
10.2406884745 1412741989.67
10.2779419585 1412741990.66
10.2168592828 1412741991.64
10.2490617667 1412741992.6
10.2116794927 1412741993.54
