20.8735747598 1412747962.2
20.9083346724 1412747963.6
20.7765996681 1412747965.05
20.5881856305 1412747966.47
20.3544578508 1412747967.92
20.2792850407 1412747969.42
20.1925997871 1412747970.96
20.2000592373 1412747972.47
20.2593615984 1412747973.91
20.3076082715 1412747975.4
20.2551539614 1412747976.91
20.2611017545 1412747978.23
20.2452251028 1412747979.63
20.2944903507 1412747981.0
20.1583412536 1412747982.39
19.7988172867 1412747983.89
19.3971725502 1412747985.34
18.9991140122 1412747986.78
18.7375723117 1412747988.22
18.293624084 1412747989.63
17.9747528145 1412747991.05
18.2515549926 1412747992.54
18.5236111434 1412747994.0
19.057726401 1412747995.49
18.6490802785 1412747996.99
19.6789355838 1412747998.64
16.9143042947 1412748000.49
20.3031278872 1412748002.1
16.4060112451 1412748003.66
16.1172145824 1412748005.32
15.7258008217 1412748006.99
18.1763401727 1412748008.52
15.8408762379 1412748010.21
16.9597488138 1412748011.9
17.2450705758 1412748013.44
17.4914473646 1412748015.15
16.988597504 1412748016.86
17.2602951946 1412748018.53
17.4136674139 1412748020.16
16.9683542516 1412748021.83
17.1720896133 1412748023.48
17.417215777 1412748025.14
17.0662101375 1412748026.84
16.7669946397 1412748028.53
16.9938526432 1412748030.23
16.6282492491 1412748031.95
16.8231336485 1412748033.6
16.5961648188 1412748035.26
16.8047987325 1412748036.89
16.6147408434 1412748038.51
16.8138068432 1412748040.23
16.6234360991 1412748041.86
16.7719915568 1412748043.52
16.5523095479 1412748045.16
16.5080999786 1412748046.8
16.6188229298 1412748048.46
16.7380176299 1412748050.1
16.8577741657 1412748051.73
16.7393051168 1412748053.34
16.8174512854 1412748054.93
16.716322951 1412748056.59
16.6713573449 1412748058.14
16.5488923671 1412748059.79
16.5420470784 1412748061.41
16.470874241 1412748063.03
16.4719815962 1412748064.65
16.4283436377 1412748066.32
16.5668350307 1412748067.92
16.6308281692 1412748069.51
16.5323445433 1412748071.12
16.4104870908 1412748072.76
16.4670264961 1412748074.37
16.5193696962 1412748075.94
16.4831260959 1412748077.56
16.4077806373 1412748079.22
16.3608095285 1412748080.8
16.2879914218 1412748082.42
16.3198240417 1412748083.99
16.2607834817 1412748085.64
16.1530954993 1412748087.3
16.1821684122 1412748088.95
16.0478876908 1412748090.61
15.9986634482 1412748092.22
16.1335999486 1412748093.83
15.9925479171 1412748095.46
15.8758713424 1412748097.14
15.8433709236 1412748098.77
15.9682926127 1412748100.44
15.8793475996 1412748102.07
15.7922889316 1412748103.68
15.8012028153 1412748105.33
15.8228533342 1412748106.99
15.8429477937 1412748108.65
15.7483767312 1412748110.28
15.5842254456 1412748111.93
15.6499281158 1412748113.58
15.4778555164 1412748115.18
15.4503336313 1412748116.83
15.3685220412 1412748118.48
15.4757911881 1412748120.2
15.6020879088 1412748121.91
15.7027440035 1412748123.6
15.8320744893 1412748125.28
15.9723761376 1412748126.96
16.0001375383 1412748128.74
16.1910329137 1412748130.45
16.0460634537 1412748132.25
15.9909608284 1412748134.0
16.0675420312 1412748135.76
16.0384527909 1412748137.53
16.0452478327 1412748139.23
15.9696671261 1412748140.9
15.9696664766 1412748142.58
16.0705211746 1412748144.24
15.9969726817 1412748145.92
15.9648201712 1412748147.7
15.9993304199 1412748149.43
15.9935036316 1412748151.14
16.0475717816 1412748152.89
16.0099860473 1412748154.6
16.1467307295 1412748156.24
16.1768502454 1412748157.98
16.2516637055 1412748159.71
16.1713089946 1412748161.46
16.100357552 1412748163.19
16.0485551369 1412748164.95
16.0165915606 1412748166.75
16.0654503165 1412748168.48
15.9431937063 1412748170.14
15.7310810488 1412748171.88
15.7368712618 1412748173.64
15.5482338224 1412748175.34
15.6154152499 1412748177.13
15.4815846193 1412748178.89
15.5399160815 1412748180.62
15.6142829933 1412748182.38
15.6785380076 1412748184.17
15.6141740011 1412748185.87
15.6562880405 1412748187.65
15.7003986464 1412748189.43
15.8642461352 1412748191.2
15.9709427137 1412748193.05
16.0045251227 1412748194.79
15.9454323112 1412748196.62
15.9788394105 1412748198.41
15.8422160783 1412748200.16
15.6343400567 1412748201.9
15.4758813536 1412748203.66
15.4295592597 1412748205.48
15.4718633924 1412748207.27
15.4380190091 1412748209.05
15.428976123 1412748210.81
15.5665895542 1412748212.57
15.7780524665 1412748214.35
15.8150014298 1412748216.14
15.983369972 1412748217.94
16.202432749 1412748219.72
15.9780117343 1412748221.53
16.055473566 1412748223.4
15.9141732869 1412748225.35
15.5630844563 1412748227.16
15.5256212468 1412748228.96
15.5600461506 1412748230.88
15.612152815 1412748232.67
15.6792866303 1412748234.48
15.6701847295 1412748236.27
15.6857476273 1412748238.08
15.7732968473 1412748239.83
15.7656237323 1412748241.67
15.7045162647 1412748243.49
15.6697877281 1412748245.26
15.6509313545 1412748247.12
15.6783888894 1412748248.89
15.5067099826 1412748250.74
15.5477818411 1412748252.47
15.5740980238 1412748254.29
15.7959780339 1412748256.1
15.7547743547 1412748257.97
15.4995340086 1412748259.75
15.5625426147 1412748261.65
15.3916092607 1412748263.49
15.4318353277 1412748265.36
15.5025875366 1412748267.2
15.4768949984 1412748269.04
15.4996159257 1412748270.82
15.4762721682 1412748272.66
15.5187527628 1412748274.53
15.4999924989 1412748276.4
15.4694985778 1412748278.22
15.4969474174 1412748280.06
15.4295217476 1412748281.91
15.3908810641 1412748283.79
15.3639417902 1412748285.62
15.3468676938 1412748287.45
15.2531187706 1412748289.3
15.3397539591 1412748291.22
15.2528780583 1412748293.1
15.0583703385 1412748294.96
15.1207415058 1412748296.84
15.1812224519 1412748298.69
