16.3580437712 1412721646.93
16.3466584737 1412721647.0
16.5184537221 1412721647.08
16.6102230697 1412721647.17
16.6152541019 1412721647.25
16.7017304435 1412721647.35
16.7082563444 1412721647.48
16.7855008425 1412721647.56
16.9336015666 1412721647.66
16.8018802122 1412721647.74
16.8827439524 1412721647.82
17.0778713417 1412721647.92
17.1767866864 1412721648.02
17.5549110791 1412721648.11
17.6428780079 1412721648.2
17.7789608336 1412721648.29
17.6182932714 1412721648.39
17.7744021809 1412721648.49
17.8732457826 1412721648.58
17.9197105633 1412721648.66
17.9302854586 1412721648.74
17.9150849268 1412721648.81
17.8092579033 1412721648.9
17.7927239131 1412721648.98
17.8387509742 1412721649.07
17.8264343428 1412721649.21
17.8393747831 1412721649.32
17.7668645325 1412721649.4
17.7541348893 1412721649.48
17.9655699036 1412721649.56
17.9519477388 1412721649.65
18.0279132615 1412721649.74
18.0195331702 1412721649.82
18.0280034668 1412721649.89
17.9835215821 1412721650.01
17.9559486181 1412721650.1
17.9325756493 1412721650.2
17.9086349163 1412721650.36
17.9258278525 1412721650.45
17.8592021423 1412721650.56
17.6092236716 1412721650.64
17.5825801752 1412721650.72
17.5564430772 1412721650.81
17.5496835529 1412721650.91
17.5269657512 1412721650.99
17.4876063881 1412721651.09
17.4648363256 1412721651.17
17.4352435829 1412721651.27
17.4276992925 1412721651.44
17.4233161449 1412721651.57
17.4385655435 1412721651.68
17.4581248246 1412721651.83
17.4823749358 1412721651.95
17.5183292668 1412721652.05
17.5641220569 1412721652.12
17.688215481 1412721652.21
17.7525797204 1412721652.3
17.8291038406 1412721652.41
17.9495765534 1412721652.49
18.0349310389 1412721652.58
18.1230316501 1412721652.67
18.2098654992 1412721652.76
18.5547881788 1412721652.86
18.6231599561 1412721652.95
18.8859929594 1412721653.03
18.909997634 1412721653.14
19.0041546421 1412721653.22
19.2128571596 1412721653.31
19.3259782392 1412721653.38
19.2058411316 1412721653.48
19.3436082033 1412721653.58
19.4149702681 1412721653.66
19.4042792458 1412721653.75
19.3904627663 1412721653.84
19.5999095025 1412721653.92
19.4655165041 1412721654.0
19.8794614415 1412721654.08
19.8418179338 1412721654.18
19.5794024217 1412721654.31
18.6501645386 1412721654.43
18.0097910113 1412721654.53
17.3579230878 1412721654.62
16.3236361096 1412721654.74
15.9739886011 1412721654.88
15.8090939084 1412721654.98
15.0529788858 1412721655.1
14.6885590935 1412721655.22
14.5254357172 1412721655.32
14.3981135363 1412721655.47
13.7147859926 1412721655.57
13.6361184369 1412721655.7
13.5489291976 1412721655.81
13.46872693 1412721655.92
13.3878320897 1412721656.04
13.3104143695 1412721656.15
13.2433515301 1412721656.26
12.9372080944 1412721656.4
12.89810319 1412721656.53
12.8983952511 1412721656.64
12.8344298217 1412721656.75
12.7982005843 1412721656.89
12.7897407776 1412721657.0
12.7395526199 1412721657.11
12.6776636321 1412721657.3
12.2997872947 1412721657.44
12.248458812 1412721657.57
12.2002841835 1412721657.73
12.1543248018 1412721657.89
12.1458587373 1412721658.0
12.1009076531 1412721658.11
12.0642156528 1412721658.26
11.9951274987 1412721658.41
11.9450590385 1412721658.63
11.7037245914 1412721658.82
11.6692573372 1412721659.0
11.6604231214 1412721659.14
11.3441631041 1412721659.33
11.3195057076 1412721659.48
11.2876872883 1412721659.62
11.2652708412 1412721659.76
11.2756310095 1412721659.88
11.256414766 1412721660.02
11.2240896057 1412721660.15
11.2041446057 1412721660.34
11.1840470468 1412721660.51
11.1910002797 1412721660.67
11.169552964 1412721660.8
11.1398050945 1412721660.93
11.1208509977 1412721661.08
11.1084593004 1412721661.2
11.0913360791 1412721661.35
11.0743602066 1412721661.48
11.0581068547 1412721661.61
11.0309042866 1412721661.77
11.0173560209 1412721661.95
11.0060034719 1412721662.14
11.0005621691 1412721662.31
10.9877578753 1412721662.48
10.9775594414 1412721662.64
10.9657123973 1412721662.86
10.9357357533 1412721663.0
10.9268904755 1412721663.14
10.9183292893 1412721663.28
10.5174955108 1412721663.39
10.5119859318 1412721663.52
10.503652755 1412721663.66
10.4957531465 1412721663.78
10.488124255 1412721663.94
10.4807722895 1412721664.08
10.4737490169 1412721664.22
10.4725955533 1412721664.44
10.4737302389 1412721664.54
10.4665775976 1412721664.65
10.7291440882 1412721664.77
10.7359988388 1412721664.88
10.7284670186 1412721664.98
10.721351682 1412721665.1
10.714534976 1412721665.24
10.7079525029 1412721665.35
10.7016871611 1412721665.48
75.1884048577 1412721665.59
75.3864476126 1412721665.69
75.5883538586 1412721665.85
75.8095610146 1412721665.99
75.9365538559 1412721666.14
76.012469947 1412721666.29
76.1399166539 1412721666.42
76.1176010032 1412721666.53
76.1193485816 1412721666.65
76.0409005253 1412721666.78
76.036423381 1412721666.92
75.9434522792 1412721667.06
75.9555723199 1412721667.21
75.93240768 1412721667.34
75.9257765822 1412721667.45
75.937182563 1412721667.55
75.9220690134 1412721667.71
75.9564340484 1412721667.8
75.935513796 1412721667.9
75.9677057688 1412721668.04
76.0130260956 1412721668.17
76.0309151981 1412721668.32
76.0209824358 1412721668.45
76.0450218204 1412721668.55
76.0221890533 1412721668.68
76.0449800881 1412721668.8
76.0512717724 1412721668.93
76.0563517988 1412721669.06
76.0614649005 1412721669.19
76.0629944699 1412721669.31
76.0652740346 1412721669.41
76.0926306902 1412721669.53
9.98863711477 1412721669.63
9.9960993873 1412721669.73
10.003286925 1412721669.83
76.0892527688 1412721669.95
76.1129797175 1412721670.07
76.1210613561 1412721670.18
9.99275088838 1412721670.29
9.99964815821 1412721670.41
