22.8622619594 1412728236.3
23.8487200885 1412728236.91
24.4203091864 1412728237.65
24.8922950854 1412728238.33
25.1960988144 1412728238.99
22.6750722526 1412728239.67
21.9615663863 1412728240.34
21.9503518027 1412728241.19
21.8581050716 1412728242.01
21.6084987649 1412728242.75
21.3570605147 1412728243.49
21.2651343072 1412728244.54
21.1815020756 1412728245.51
21.1394303214 1412728246.37
21.1701353678 1412728247.3
21.0471179692 1412728248.27
20.6170719008 1412728249.26
20.5477464569 1412728250.28
20.6552394071 1412728251.44
20.3295679323 1412728252.58
20.3221792733 1412728253.73
20.0149825637 1412728254.71
19.8139817177 1412728255.49
19.6623156789 1412728256.24
19.5059886313 1412728257.02
19.0871987614 1412728257.68
18.9770979162 1412728258.39
18.5579144699 1412728259.06
18.2165400804 1412728259.74
17.8231374456 1412728260.47
17.4046308411 1412728261.17
17.4505609577 1412728261.82
17.0422392614 1412728262.49
16.6677851527 1412728263.1
16.5536747411 1412728263.76
15.9497874685 1412728264.43
15.6815014481 1412728265.09
15.5332502328 1412728265.83
15.2360849651 1412728266.5
15.0338894614 1412728267.24
14.6700818937 1412728267.94
14.7302388476 1412728268.66
14.3128852881 1412728269.32
14.2414005176 1412728269.95
14.6311000536 1412728270.59
14.9370789245 1412728271.23
14.984785754 1412728271.85
15.0816678832 1412728272.5
15.0300512368 1412728273.11
14.8382542334 1412728273.72
14.6055848597 1412728274.36
14.4605730308 1412728274.98
14.2816711565 1412728275.64
14.3116499881 1412728276.27
14.2520665322 1412728276.88
14.2053475227 1412728277.53
14.0874715751 1412728278.24
13.98730784 1412728278.88
13.8210160407 1412728279.54
13.6334508562 1412728280.19
13.4596743635 1412728280.9
13.0408833011 1412728281.54
12.75095143 1412728282.21
14.2812834906 1412728282.89
13.684571903 1412728283.6
14.464610429 1412728284.28
14.1327386808 1412728284.93
13.9610778829 1412728285.65
14.3010647715 1412728286.33
14.159821757 1412728287.01
14.0573260224 1412728287.68
14.2625445202 1412728288.4
14.2102083315 1412728289.09
14.0924509789 1412728289.76
14.0422648639 1412728290.44
14.0231583881 1412728291.1
14.0215142058 1412728291.77
13.9405375978 1412728292.41
13.950109046 1412728293.05
14.0682050671 1412728293.77
14.1168141308 1412728294.43
14.2054626764 1412728295.1
14.3046501861 1412728295.79
14.3574582633 1412728296.48
14.3588556998 1412728297.15
14.343138668 1412728297.83
14.346852703 1412728298.5
14.3129207032 1412728299.21
14.2757343715 1412728299.91
14.3247877334 1412728300.58
14.3528947125 1412728301.28
14.3731567714 1412728301.96
14.3941283356 1412728302.63
14.3855360435 1412728303.36
14.4156049699 1412728304.07
14.3948130415 1412728304.76
14.3499208918 1412728305.45
14.2631304621 1412728306.13
14.3440604375 1412728306.79
14.2888339735 1412728307.44
14.3757700406 1412728308.09
14.4073022927 1412728308.78
14.4305012316 1412728309.47
14.4847381107 1412728310.16
14.5215490059 1412728310.82
14.5385442818 1412728311.51
14.5839771759 1412728312.21
14.5649738862 1412728312.87
14.6311463601 1412728313.55
14.6646908155 1412728314.26
14.6804473737 1412728314.95
14.7259672563 1412728315.64
14.7798740896 1412728316.3
14.8185106354 1412728317.0
14.8182478007 1412728317.72
14.8455901559 1412728318.42
14.8534453942 1412728319.13
14.9060421546 1412728319.81
14.91336247 1412728320.52
14.9116452962 1412728321.19
14.90917764 1412728321.94
14.9280661295 1412728322.6
14.995906057 1412728323.34
15.0614945685 1412728324.06
57.9177807769 1412728324.8
15.2537375062 1412728325.54
15.2864241434 1412728326.27
15.3226654312 1412728327.03
59.7237055266 1412728327.82
14.9811993212 1412728328.59
14.9748340694 1412728329.36
14.9880769987 1412728330.14
14.9450949036 1412728330.91
15.0084182286 1412728331.69
15.0182674958 1412728332.53
15.0325651425 1412728333.35
15.0646117322 1412728334.12
15.0901030698 1412728334.9
15.1574076598 1412728335.73
15.2899107047 1412728336.51
15.3486930844 1412728337.33
15.3371838681 1412728338.11
15.3117857184 1412728338.91
15.3221152957 1412728339.73
15.3264559755 1412728340.47
15.348559652 1412728341.24
15.2958797592 1412728342.12
15.2898139916 1412728342.95
15.3519962879 1412728343.76
15.4040127075 1412728344.55
15.4823056414 1412728345.35
15.4803986227 1412728346.17
15.3476308141 1412728346.98
15.3968147373 1412728347.81
15.376733473 1412728348.64
15.4360507488 1412728349.48
15.5469588213 1412728350.29
15.6336171537 1412728351.1
15.6344213144 1412728351.87
15.7139618465 1412728352.68
15.7512985856 1412728353.46
15.7204432675 1412728354.22
15.6887844283 1412728355.0
15.6932324438 1412728355.79
15.6902638045 1412728356.56
15.6105212377 1412728357.37
15.6128119859 1412728358.22
15.6461806179 1412728359.07
15.6049906087 1412728359.88
15.5981690606 1412728360.72
15.5209369131 1412728361.51
15.5676108966 1412728362.34
15.5890257104 1412728363.2
15.5976369103 1412728363.99
15.5968266485 1412728364.81
15.5909044338 1412728365.66
15.584659054 1412728366.48
15.6366039924 1412728367.29
15.6416669764 1412728368.12
15.6382678379 1412728368.95
15.6372188419 1412728369.8
15.7090209172 1412728370.61
15.7276734722 1412728371.46
15.6909109901 1412728372.23
15.7049907919 1412728373.01
15.7287051785 1412728373.85
15.7256889588 1412728374.66
15.7387750182 1412728375.5
15.7391829759 1412728376.32
15.7484649982 1412728377.15
15.7487347359 1412728377.96
15.7573462466 1412728378.76
15.6852468128 1412728379.6
15.6797898589 1412728380.43
15.701780896 1412728381.27
15.7088577147 1412728382.24
15.7166739572 1412728383.07
15.6877803191 1412728384.02
15.6860794237 1412728384.82
15.6891497329 1412728385.68
