19.8521535358 1412723244.45
20.1932647772 1412723244.8
19.9455070515 1412723245.1
19.5938163471 1412723245.38
19.0111400333 1412723245.66
18.4443638702 1412723245.96
17.8528587819 1412723246.25
17.1377528447 1412723246.52
16.5674991262 1412723246.81
15.9224319423 1412723247.09
15.4329154647 1412723247.36
15.4340581379 1412723247.62
15.3202660144 1412723248.01
15.6753697214 1412723248.36
15.8674512186 1412723248.75
16.1036510456 1412723249.09
16.3629986217 1412723249.56
16.0271324641 1412723249.95
16.1079408185 1412723250.27
15.7233958864 1412723250.62
16.1526726759 1412723250.96
15.8578886315 1412723251.36
15.7806332895 1412723251.68
15.9401608736 1412723251.94
15.8102855979 1412723252.21
15.845307476 1412723252.49
15.792870359 1412723252.77
15.6970249906 1412723253.03
15.5744180934 1412723253.3
15.5634964202 1412723253.61
15.4816073766 1412723253.94
15.446852989 1412723254.23
15.3356408503 1412723254.53
15.1678289235 1412723254.82
15.0878074398 1412723255.08
14.9938438156 1412723255.35
14.8483778482 1412723255.62
14.792772267 1412723255.89
14.6803299222 1412723256.16
14.6594637504 1412723256.42
14.7322697535 1412723256.69
14.3259729272 1412723256.99
14.2959722165 1412723257.28
13.8057518135 1412723257.56
13.8357543974 1412723257.87
13.9316349097 1412723258.18
13.7808352025 1412723258.46
13.8734340457 1412723258.72
13.4203658786 1412723258.98
13.6199319106 1412723259.24
13.8556159759 1412723259.5
13.5008721633 1412723259.78
13.6740900735 1412723260.04
13.3229761841 1412723260.32
13.3773321618 1412723260.62
13.0365709438 1412723260.92
13.1660517426 1412723261.18
12.8373692965 1412723261.41
12.8445184994 1412723261.7
12.9847083913 1412723261.97
12.9969126347 1412723262.26
12.6684348622 1412723262.52
12.8767061767 1412723262.8
12.616306765 1412723263.11
12.7839988566 1412723263.35
12.6072559016 1412723263.63
12.6961276699 1412723263.91
12.5957441425 1412723264.2
12.7445096208 1412723264.5
12.4508576182 1412723264.86
12.2626951433 1412723265.17
12.3337971406 1412723265.51
12.1808480597 1412723265.84
12.1347613572 1412723266.18
12.2372234279 1412723266.47
12.1334894181 1412723266.76
12.0770786504 1412723267.07
12.2087805859 1412723267.33
11.9901100134 1412723267.68
11.8397639488 1412723267.98
11.9642273972 1412723268.27
11.8652662842 1412723268.61
11.9859769469 1412723269.0
11.8979116453 1412723269.35
12.012696043 1412723269.65
12.1110053548 1412723270.03
12.0295717089 1412723270.41
11.9421870008 1412723270.73
12.0605450858 1412723271.03
12.1345960149 1412723271.32
12.0280172588 1412723271.65
12.0974846146 1412723271.94
12.1660315562 1412723272.25
12.1863284413 1412723272.53
12.1738938402 1412723272.84
12.220121388 1412723273.2
12.2062996705 1412723273.52
12.2704654121 1412723273.83
12.2725384479 1412723274.16
12.2320095126 1412723274.46
12.2617647757 1412723274.85
12.3048418576 1412723275.14
12.299166939 1412723275.44
12.3386995646 1412723275.93
12.372747884 1412723276.4
12.4091201135 1412723276.73
12.4344880479 1412723277.09
12.4541096403 1412723277.41
12.4708286503 1412723277.72
12.4394303311 1412723278.02
12.40463556 1412723278.35
12.4133316401 1412723278.76
12.4016883586 1412723279.07
12.4103268795 1412723279.43
12.4072074534 1412723279.74
12.4225133271 1412723280.04
12.424155594 1412723280.32
12.4303123549 1412723280.63
12.4486550767 1412723280.92
12.4608993455 1412723281.21
12.4703517295 1412723281.5
12.4819509118 1412723281.86
12.4793063325 1412723282.24
12.49099575 1412723282.65
12.4987847389 1412723282.97
12.4942472268 1412723283.26
12.4870855038 1412723283.68
12.4946557401 1412723284.11
12.5036387833 1412723284.51
12.4325324958 1412723284.91
12.4358236838 1412723285.34
12.4372285957 1412723285.73
12.4459237524 1412723286.15
12.4447514485 1412723286.65
12.4394686653 1412723287.06
12.4442409033 1412723287.45
12.441455637 1412723287.79
12.444502168 1412723288.14
12.405430884 1412723288.52
12.2457898763 1412723288.85
12.1775212219 1412723289.14
12.1829019748 1412723289.44
12.1836512774 1412723289.74
12.1841908667 1412723290.04
12.1841776921 1412723290.33
12.1840055494 1412723290.61
12.1832582856 1412723290.91
12.1793355645 1412723291.2
12.1755487833 1412723291.48
12.1697945821 1412723291.76
12.1650283756 1412723292.05
12.1596773413 1412723292.33
12.1373469862 1412723292.66
12.1329576961 1412723293.07
12.1285495137 1412723293.42
12.1419951555 1412723293.7
12.1380745725 1412723294.0
12.1346672528 1412723294.32
12.1327743745 1412723294.62
12.1188957107 1412723294.92
12.0010625281 1412723295.22
11.8987330082 1412723295.51
11.9197022658 1412723295.83
11.9364036517 1412723296.16
11.9579943799 1412723296.53
11.9751199133 1412723296.87
12.0188231554 1412723297.18
12.0179068146 1412723297.54
12.0274795824 1412723297.84
12.0021353819 1412723298.21
12.0024746887 1412723298.61
12.0355590427 1412723298.92
12.0385223772 1412723299.22
12.0385397389 1412723299.55
12.0195618994 1412723299.91
12.018852309 1412723300.28
12.0125993616 1412723300.64
12.0180713186 1412723300.95
12.0160042666 1412723301.24
12.0127761977 1412723301.51
12.0107100304 1412723301.81
12.0073087759 1412723302.11
12.0052829552 1412723302.39
12.002878256 1412723302.7
12.0007249901 1412723302.99
11.9984806856 1412723303.28
11.9947628728 1412723303.56
11.9925199209 1412723303.85
11.9886334001 1412723304.16
11.9913593967 1412723304.49
12.0114865725 1412723304.78
12.0129164782 1412723305.06
12.0157301282 1412723305.34
12.015155127 1412723305.63
12.0163001217 1412723305.92
12.0186078465 1412723306.2
12.0175042922 1412723306.49
12.0195779444 1412723306.76
11.9611488285 1412723307.03
11.971454656 1412723307.31
