9.34411874315 1412724445.33
9.9033023842 1412724445.65
10.1973871016 1412724445.93
10.3092028248 1412724446.26
10.3619255861 1412724446.6
10.1151538719 1412724446.9
10.0691153498 1412724447.18
10.1211819306 1412724447.49
10.2516018591 1412724447.84
10.3764263716 1412724448.23
10.5068330895 1412724448.54
10.5186642255 1412724448.84
10.5584923505 1412724449.12
10.4718834497 1412724449.4
10.2601889596 1412724449.67
10.1298862144 1412724449.94
10.0147454287 1412724450.21
10.0286161678 1412724450.44
9.84906171955 1412724450.73
9.82522053106 1412724451.0
9.60630495183 1412724451.28
9.47655265788 1412724451.56
9.39649753059 1412724451.84
9.34882254408 1412724452.12
9.25368338964 1412724452.41
9.43232976864 1412724452.69
9.65804493911 1412724452.94
9.82568087572 1412724453.24
9.97168590094 1412724453.48
10.0716213472 1412724453.8
10.1414661668 1412724454.05
10.2600805714 1412724454.29
10.3900159706 1412724454.56
10.4618674664 1412724454.81
10.4620967468 1412724455.08
10.4990322032 1412724455.33
10.5093914012 1412724455.6
10.4353688972 1412724455.86
10.328121117 1412724456.13
10.3702441308 1412724456.36
10.3130494447 1412724456.64
10.2167745321 1412724457.03
10.2032736939 1412724457.33
10.1201649135 1412724457.61
10.1349417005 1412724458.0
10.1775043862 1412724458.33
10.2715203057 1412724458.67
10.2629550824 1412724458.99
10.3659798867 1412724459.35
10.4379889177 1412724459.65
10.5277610339 1412724459.94
10.6312115988 1412724460.28
10.7432522958 1412724460.58
10.8118906287 1412724460.87
10.9093821167 1412724461.12
10.9933524837 1412724461.38
10.7567826272 1412724461.67
10.0309995697 1412724462.0
8.83388440881 1412724462.28
9.17698150073 1412724462.54
8.81357405304 1412724462.82
9.15067175891 1412724463.07
8.57339574284 1412724463.35
8.66674347423 1412724463.74
8.38295835576 1412724464.09
8.58581275411 1412724464.36
8.29801426609 1412724464.62
8.51589007499 1412724464.88
8.20549262509 1412724465.17
8.23530298784 1412724465.45
8.11283445042 1412724465.73
8.1457340921 1412724466.01
8.12089467435 1412724466.3
8.06341365241 1412724466.57
8.0052862514 1412724466.85
8.0077646703 1412724467.11
8.01667252728 1412724467.38
8.03726955373 1412724467.78
7.99658951708 1412724468.17
8.01664121657 1412724468.51
8.02766165483 1412724468.9
7.99035472005 1412724469.26
7.99986736233 1412724469.63
8.0042150992 1412724469.94
7.98354452974 1412724470.25
8.00590485663 1412724470.51
7.95043810332 1412724470.81
7.92896399642 1412724471.09
7.93284150257 1412724471.32
7.91256892769 1412724471.56
7.92453966924 1412724471.83
7.86701764785 1412724472.13
7.85017562634 1412724472.37
7.80413644996 1412724472.64
7.77977235506 1412724472.89
7.76157802753 1412724473.15
7.74455817225 1412724473.42
7.74621152617 1412724473.69
7.74070456397 1412724473.92
7.72159133084 1412724474.16
7.73052028558 1412724474.41
7.71502452354 1412724474.67
7.71278151574 1412724474.94
7.70791818337 1412724475.18
7.68332883121 1412724475.44
7.67838467762 1412724475.7
7.66057927847 1412724475.96
7.65732474243 1412724476.18
7.63987577281 1412724476.45
7.62376103286 1412724476.74
7.63450134956 1412724476.98
7.63028795354 1412724477.25
7.62825152039 1412724477.47
7.62001300574 1412724477.73
7.60901814494 1412724478.0
7.60216901246 1412724478.27
7.66155391431 1412724478.51
7.58877004427 1412724478.78
7.62113333352 1412724479.04
7.55209110596 1412724479.31
7.56161872495 1412724479.61
7.50619584192 1412724479.89
7.51692720035 1412724480.14
7.55136197052 1412724480.37
7.50786780689 1412724480.62
7.42613746575 1412724480.89
7.46233778347 1412724481.17
7.4426472191 1412724481.45
7.40277054503 1412724481.71
7.40860344942 1412724481.95
7.34023715731 1412724482.23
7.29985131407 1412724482.49
7.2784582575 1412724482.75
7.2251268784 1412724483.03
7.1947992813 1412724483.27
7.1815470837 1412724483.55
7.15651026497 1412724483.83
7.16868629445 1412724484.08
7.08052068787 1412724484.36
7.01292028931 1412724484.64
6.98321098332 1412724484.91
6.95935022968 1412724485.18
6.93433201691 1412724485.45
6.88484480943 1412724485.74
6.84354000798 1412724485.99
6.81119299995 1412724486.24
6.78042956149 1412724486.5
6.74055274679 1412724486.77
6.67486715377 1412724487.04
6.61572670131 1412724487.28
6.57794587385 1412724487.52
6.58183714113 1412724487.79
6.59247908271 1412724488.07
6.6426585802 1412724488.4
6.66703840124 1412724488.76
6.63131782175 1412724489.06
6.65454482741 1412724489.33
6.66383329604 1412724489.62
6.63369713695 1412724489.9
6.61254715483 1412724490.2
6.62679193163 1412724490.46
6.60460213776 1412724490.74
6.5899349271 1412724491.03
6.58863738177 1412724491.3
6.57280702635 1412724491.58
6.57072513205 1412724491.87
6.55610369596 1412724492.14
6.52182365176 1412724492.41
6.52547647773 1412724492.7
6.51893825678 1412724493.01
6.52849914492 1412724493.27
6.5470189208 1412724493.55
6.51392933644 1412724493.85
6.5504585967 1412724494.1
6.55552937713 1412724494.35
6.57492315024 1412724494.62
6.55477827979 1412724494.95
6.57082785611 1412724495.25
6.54255924839 1412724495.51
6.53478783791 1412724495.77
6.54339964022 1412724496.05
6.53244278404 1412724496.34
6.5319369912 1412724496.64
6.47184617864 1412724496.9
6.50421986239 1412724497.21
6.42975706997 1412724497.52
6.41420468207 1412724497.81
6.38698862384 1412724498.07
6.36565115945 1412724498.36
6.35820401055 1412724498.62
6.33373890043 1412724498.9
6.3695109653 1412724499.19
6.34552237722 1412724499.48
6.3413931891 1412724499.79
6.3085803402 1412724500.09
6.29951246016 1412724500.37
6.28650106323 1412724500.63
6.28201365744 1412724500.87
6.27395343921 1412724501.18
6.26030884298 1412724501.48
