20.5226272561 1412725928.0
20.4869342159 1412725928.32
20.7377241602 1412725928.64
20.9331803994 1412725929.18
21.3080121875 1412725929.84
21.8226073196 1412725930.62
22.039499932 1412725931.26
22.2331769163 1412725931.84
22.2026302082 1412725932.23
22.5249826561 1412725932.64
22.8583131535 1412725933.01
23.006131129 1412725933.3
23.0501889475 1412725933.58
23.0857706481 1412725933.86
23.1425315854 1412725934.13
23.2962154591 1412725934.41
23.1618797989 1412725934.92
23.2018149411 1412725935.44
23.048780829 1412725935.93
22.9154660384 1412725936.26
22.6368168906 1412725936.6
22.596506769 1412725936.99
22.5129030726 1412725937.52
22.5157921211 1412725938.05
22.460718153 1412725938.56
22.2151265928 1412725939.08
22.2256162134 1412725939.65
21.7875840254 1412725940.21
21.5693790392 1412725940.73
21.4398214228 1412725941.28
21.2621402695 1412725941.82
21.1409817118 1412725942.38
20.9643615451 1412725942.8
20.8972880366 1412725943.21
20.7416354559 1412725943.7
20.5180026257 1412725944.17
20.3622287794 1412725944.66
20.3863402573 1412725945.09
20.2819417966 1412725945.42
20.2446907038 1412725945.74
20.2580003122 1412725946.03
20.1951763897 1412725946.51
20.145711123 1412725946.82
19.9909672554 1412725947.12
19.963213834 1412725947.44
19.9913881899 1412725947.76
19.9632403092 1412725948.06
20.1384786544 1412725948.5
20.2545229814 1412725948.85
20.1116865652 1412725949.17
20.1182413526 1412725949.48
20.1231109943 1412725949.78
20.2838220715 1412725950.08
20.2546438829 1412725950.45
20.2336444461 1412725950.85
20.2287320478 1412725951.16
20.1738704604 1412725951.49
20.1181262156 1412725951.81
20.1960059111 1412725952.14
19.8319112089 1412725952.59
19.7583669773 1412725952.93
19.6966406156 1412725953.26
19.6952487055 1412725953.61
19.501455014 1412725953.95
19.5000630335 1412725954.28
19.4585224129 1412725954.78
19.3922510415 1412725955.1
19.1033867248 1412725955.46
19.0899012027 1412725955.82
18.961155695 1412725956.19
18.7677590125 1412725956.71
18.7606863661 1412725957.08
18.7424731171 1412725957.43
18.7438497622 1412725957.81
18.5066215317 1412725958.15
18.5132875179 1412725958.49
18.550809469 1412725958.98
18.5160762255 1412725959.37
18.5039175827 1412725959.74
18.4665999455 1412725960.11
18.3597082217 1412725960.47
18.3311332466 1412725960.85
18.2750016635 1412725961.21
18.2758687348 1412725961.69
18.2676702362 1412725962.04
18.1987787385 1412725962.39
18.1492001289 1412725962.74
18.137966113 1412725963.08
18.1044816749 1412725963.47
17.8659329019 1412725963.92
17.8666395745 1412725964.3
17.8665754513 1412725964.69
18.1785581989 1412725965.09
18.0248970991 1412725965.59
17.8547255617 1412725966.0
17.8511399039 1412725966.35
17.8389385173 1412725966.71
17.8295455727 1412725967.07
17.8231587435 1412725967.45
17.6092418809 1412725967.82
17.5965168865 1412725968.19
17.5829144846 1412725968.55
17.4572782113 1412725968.9
17.4359695122 1412725969.28
17.4339685091 1412725969.68
17.4157866866 1412725970.05
17.402120593 1412725970.43
17.3930645414 1412725970.82
17.3662982246 1412725971.18
17.1640183765 1412725971.55
17.1591354261 1412725971.95
17.1536109899 1412725972.31
17.1451875503 1412725972.7
16.9174355036 1412725973.07
16.8639505087 1412725973.48
16.8612443714 1412725973.85
16.8629199346 1412725974.23
16.8525542298 1412725974.61
16.840845503 1412725975.04
16.6825529864 1412725975.42
16.6767308859 1412725975.81
16.6681404289 1412725976.23
16.6590286387 1412725976.64
16.6499623183 1412725977.06
16.6264280563 1412725977.46
16.6179702929 1412725977.86
16.612722775 1412725978.26
16.6040397761 1412725978.64
16.5959229618 1412725979.01
16.1786249625 1412725979.38
16.1699997081 1412725979.76
16.1589330417 1412725980.12
16.1475426197 1412725980.49
16.1276009849 1412725980.86
16.1220628727 1412725981.24
16.1084797948 1412725981.63
16.0962824744 1412725981.99
15.8197658179 1412725982.39
15.8165527595 1412725982.8
15.7135388784 1412725983.2
15.718750127 1412725983.58
15.7156541541 1412725983.97
15.7121540811 1412725984.36
15.7091304446 1412725984.75
15.7054350496 1412725985.15
15.7019396157 1412725985.55
15.6980963758 1412725985.94
15.6975056657 1412725986.35
15.6966663568 1412725986.74
15.6957198511 1412725987.17
15.6944746969 1412725987.57
15.6925474588 1412725987.99
15.6904022896 1412725988.43
15.687482935 1412725988.85
15.6979408117 1412725989.24
15.6945823766 1412725989.64
15.6855681997 1412725990.07
15.6791277088 1412725990.46
15.6761606513 1412725990.86
15.6730442839 1412725991.26
15.3588964957 1412725991.69
15.351019405 1412725992.09
15.3430827652 1412725992.48
15.3349652957 1412725992.88
15.3268298069 1412725993.27
15.3099581087 1412725993.67
15.214573412 1412725994.1
15.2082911252 1412725994.53
15.2061811696 1412725994.98
15.2036631132 1412725995.43
15.1966837705 1412725995.87
15.1936359821 1412725996.3
15.1905651591 1412725996.72
15.1817579273 1412725997.14
15.1805310778 1412725997.54
15.1696563358 1412725997.92
15.1654364438 1412725998.33
15.1552135643 1412725998.75
15.1505870323 1412725999.17
15.14579206 1412725999.6
15.1409223919 1412726000.02
15.1349892363 1412726000.42
15.135166015 1412726000.83
15.0337599321 1412726001.26
15.0314926223 1412726001.73
15.0287746636 1412726002.12
15.0265040895 1412726002.53
15.0236080507 1412726002.91
15.0206657563 1412726003.32
15.0176336676 1412726003.73
15.015251094 1412726004.14
14.9021736554 1412726004.56
14.897555627 1412726004.93
14.8930042389 1412726005.32
14.8886461012 1412726005.72
14.8829651645 1412726006.16
14.8773133092 1412726006.58
14.8715578891 1412726006.97
14.8656822673 1412726007.38
14.8598389524 1412726007.77
