32.388244338 1412722630.45
32.2007660633 1412722630.58
31.9048032491 1412722630.72
31.3489122986 1412722630.85
31.2967591045 1412722630.98
30.9005783739 1412722631.1
30.782167151 1412722631.25
30.9187809174 1412722631.38
31.714060287 1412722631.52
32.8830544238 1412722631.66
33.1258008013 1412722631.79
33.4016038641 1412722631.92
33.9453115991 1412722632.07
33.7252011253 1412722632.21
34.0953265037 1412722632.36
158.185598547 1412722632.55
158.474885619 1412722632.66
158.531273053 1412722632.8
158.661077299 1412722632.96
158.947040247 1412722633.17
159.079912013 1412722633.44
159.217055768 1412722633.64
159.238122554 1412722633.81
159.325541815 1412722634.0
159.710723216 1412722634.14
159.727214361 1412722634.29
159.849273536 1412722634.44
160.003407516 1412722634.59
160.058055124 1412722634.74
160.277710925 1412722634.89
160.29755198 1412722635.03
160.385539905 1412722635.18
160.667930298 1412722635.33
160.595716589 1412722635.48
160.77655753 1412722635.62
160.482013416 1412722635.77
160.704792008 1412722635.96
160.882679424 1412722636.1
160.771350274 1412722636.25
160.788076609 1412722636.4
160.962763573 1412722636.52
161.346713393 1412722636.66
161.387293336 1412722636.82
161.679178882 1412722636.97
161.735275713 1412722637.14
161.798432334 1412722637.28
161.876930764 1412722637.42
162.118361787 1412722637.58
161.911021467 1412722637.75
162.155979918 1412722637.89
162.121906298 1412722638.04
162.182960722 1412722638.17
162.321840757 1412722638.33
162.435293055 1412722638.49
162.329174165 1412722638.67
162.43166797 1412722638.81
162.501141765 1412722638.94
162.554100318 1412722639.08
162.695030215 1412722639.22
162.92801001 1412722639.37
162.80209755 1412722639.53
162.915836296 1412722639.71
162.973133243 1412722639.88
163.053642945 1412722640.03
162.962884605 1412722640.17
162.930676709 1412722640.32
163.129104565 1412722640.49
163.13098691 1412722640.68
163.168082057 1412722640.85
163.459930913 1412722641.01
163.463667195 1412722641.17
163.448730479 1412722641.35
163.285945253 1412722641.5
163.349480654 1412722641.67
163.374950081 1412722641.82
163.632421199 1412722642.0
163.580620385 1412722642.14
163.665550935 1412722642.31
163.790203898 1412722642.44
163.846370263 1412722642.6
163.768964842 1412722642.76
163.534831539 1412722642.9
163.707246133 1412722643.06
163.749859889 1412722643.22
163.879140272 1412722643.35
163.867683878 1412722643.55
163.920815037 1412722643.73
163.931825779 1412722643.9
164.014129616 1412722644.05
164.0773299 1412722644.22
164.103060658 1412722644.43
164.030416786 1412722644.59
163.93830395 1412722644.77
164.112375969 1412722644.99
164.051801481 1412722645.18
164.109065427 1412722645.52
164.187905962 1412722645.82
164.190302647 1412722646.1
164.160656223 1412722646.33
164.33150767 1412722646.5
164.418592614 1412722646.7
164.389542304 1412722646.91
164.382743017 1412722647.08
164.305689233 1412722647.25
164.47316045 1412722647.41
164.427818159 1412722647.56
164.594115174 1412722647.7
164.666984216 1412722647.95
164.669750795 1412722648.1
164.786858884 1412722648.25
164.782914983 1412722648.43
164.939650594 1412722648.6
164.983221376 1412722648.77
165.043060401 1412722648.94
164.958401913 1412722649.12
165.108463957 1412722649.26
165.02297504 1412722649.41
165.172854399 1412722649.58
165.159018805 1412722649.74
165.254005986 1412722649.92
165.16503089 1412722650.06
165.280850286 1412722650.22
165.307825955 1412722650.37
165.300360024 1412722650.53
165.028634839 1412722650.68
165.102250461 1412722650.84
165.124152471 1412722650.98
165.27664169 1412722651.12
165.370163831 1412722651.3
165.296961415 1412722651.47
165.389388309 1412722651.61
165.350107232 1412722651.77
165.457845468 1412722651.89
165.369205983 1412722652.05
165.496428792 1412722652.22
165.243039712 1412722652.36
165.311600885 1412722652.49
165.350887185 1412722652.65
165.424055533 1412722652.81
165.483131417 1412722652.95
165.544761582 1412722653.13
165.564485845 1412722653.27
165.519411658 1412722653.4
165.568775915 1412722653.55
165.618712042 1412722653.72
165.670778286 1412722653.88
165.649230452 1412722654.03
165.443282939 1412722654.19
165.440021093 1412722654.34
165.693616965 1412722654.5
165.487445001 1412722654.67
165.484297909 1412722654.81
165.762803445 1412722654.94
165.529967961 1412722655.11
165.551504792 1412722655.29
165.805607021 1412722655.43
165.59717133 1412722655.6
165.594678368 1412722655.76
165.857850071 1412722655.92
165.643655703 1412722656.08
165.640470876 1412722656.21
165.637166464 1412722656.34
165.889376074 1412722656.53
165.674842001 1412722656.71
165.806734724 1412722656.88
166.038690574 1412722657.04
165.823804683 1412722657.19
165.82035069 1412722657.36
165.816830387 1412722657.52
166.063336799 1412722657.67
165.811848348 1412722657.83
165.808536694 1412722658.0
165.833594992 1412722658.16
165.840883154 1412722658.34
165.848558991 1412722658.51
165.85663291 1412722658.67
165.865136835 1412722658.84
165.87408714 1412722659.02
165.883461389 1412722659.19
165.893340957 1412722659.36
165.903657641 1412722659.52
165.914488001 1412722659.67
165.925820867 1412722659.84
165.920803501 1412722660.0
165.939279699 1412722660.16
165.958300666 1412722660.31
165.977895952 1412722660.44
165.998087561 1412722660.61
165.749972723 1412722660.78
165.756194424 1412722660.95
165.762079801 1412722661.11
165.767749681 1412722661.25
165.773158582 1412722661.44
165.778344806 1412722661.61
165.783296862 1412722661.79
165.788032497 1412722661.94
165.792556328 1412722662.11
165.796856382 1412722662.28
165.80095661 1412722662.46
165.804856739 1412722662.6
