14.1462902433 1412743470.4
13.7812842062 1412743471.96
13.6547575856 1412743473.62
13.3602122814 1412743475.16
13.2646727092 1412743476.71
13.1490449328 1412743478.21
13.0587621782 1412743479.71
12.8890927306 1412743481.18
12.8542808578 1412743482.61
12.8367150537 1412743484.08
12.9659318393 1412743485.55
13.0985680054 1412743487.01
13.1937036126 1412743488.46
13.3941317695 1412743489.91
13.5758715568 1412743491.35
13.6425562949 1412743492.87
13.6755498116 1412743494.32
13.9012690056 1412743495.85
13.9992930307 1412743497.34
13.9430410535 1412743498.87
14.0864871132 1412743500.36
14.081899152 1412743501.74
14.1489287648 1412743503.17
14.1055812541 1412743504.61
14.0568660324 1412743506.04
13.9674940131 1412743507.54
13.9657546148 1412743509.03
13.9090916067 1412743510.5
13.8557567151 1412743511.98
13.8478656481 1412743513.53
13.8304767983 1412743514.97
13.7777339498 1412743516.43
13.7890147929 1412743517.9
13.6522534823 1412743519.36
13.6780469158 1412743520.86
13.621684868 1412743522.42
13.6368393263 1412743523.95
13.6485934075 1412743525.5
13.6405446134 1412743527.01
13.6236127424 1412743528.47
13.6587951524 1412743529.96
13.6233979834 1412743531.4
13.6442660804 1412743532.88
13.6110736165 1412743534.34
13.5654266543 1412743535.84
13.5756131577 1412743537.29
13.5227862998 1412743538.76
13.5125597766 1412743540.18
13.4539676997 1412743541.59
13.458940597 1412743543.03
13.4359969328 1412743544.41
13.4800541091 1412743545.82
13.4557440919 1412743547.23
13.3881242327 1412743548.64
13.4766756932 1412743550.1
13.3883831677 1412743551.48
13.3539606575 1412743552.92
13.4305953289 1412743554.33
13.3430964104 1412743555.72
13.4570919773 1412743557.14
13.5895965725 1412743558.55
13.5460271313 1412743560.02
12.9738272971 1412743561.44
12.6571721447 1412743562.95
12.378189116 1412743564.35
12.0674973826 1412743565.77
11.967849674 1412743567.25
11.8035269071 1412743568.67
11.703144165 1412743570.06
11.7739976373 1412743571.56
11.637102665 1412743572.98
11.6429876123 1412743574.44
11.5504402846 1412743575.88
11.6304580889 1412743577.33
11.5479115674 1412743578.75
11.5454320648 1412743580.14
11.4738764009 1412743581.53
11.5147478624 1412743582.96
11.3831684711 1412743584.4
11.4264739224 1412743585.83
11.3212473523 1412743587.29
11.3410438935 1412743588.69
11.2318027502 1412743590.1
11.2712228087 1412743591.56
11.2197869261 1412743593.05
11.2193352908 1412743594.5
11.1039208835 1412743595.94
11.214282587 1412743597.38
11.0549910003 1412743598.87
11.1033994843 1412743600.33
11.0411694801 1412743601.75
11.1681125896 1412743603.17
11.0439463681 1412743604.64
11.0545787965 1412743606.04
10.9820264125 1412743607.46
10.9122334288 1412743608.9
10.8548962137 1412743610.3
10.9432598926 1412743611.82
10.7658098469 1412743613.23
10.819525228 1412743614.69
10.6814558371 1412743616.11
10.5939343253 1412743617.49
10.6002160306 1412743618.88
10.5185910088 1412743620.34
10.5364329823 1412743621.85
10.5566013791 1412743623.4
10.5902450097 1412743624.86
10.4626615696 1412743626.25
10.5308423024 1412743627.68
10.4311121606 1412743629.13
10.317643428 1412743630.52
10.3960573729 1412743631.93
10.3172796503 1412743633.32
10.3446796629 1412743634.71
10.2331122561 1412743636.13
10.2551638261 1412743637.56
10.1119436795 1412743638.97
10.1242063813 1412743640.37
10.0327038895 1412743641.8
10.1132137274 1412743643.24
10.022751902 1412743644.72
9.99417065178 1412743646.18
9.90820527211 1412743647.63
9.90248533017 1412743649.0
9.78612939311 1412743650.36
9.79988377101 1412743651.78
9.74265650186 1412743653.17
9.7618051493 1412743654.52
9.66259724037 1412743655.91
9.68578154904 1412743657.29
9.5596291302 1412743658.66
9.59881682184 1412743660.09
9.45799303141 1412743661.49
9.3973913688 1412743662.88
9.29631439802 1412743664.23
9.27051907421 1412743665.62
9.23775402193 1412743667.01
9.15703095137 1412743668.37
9.103244299 1412743669.78
9.03903784218 1412743671.14
9.01583872512 1412743672.54
8.96089812995 1412743673.96
8.98320187741 1412743675.32
8.93813509345 1412743676.69
8.92268930527 1412743678.03
8.95929318853 1412743679.33
8.87861380371 1412743680.7
8.87574595932 1412743682.02
8.84349366057 1412743683.36
8.83822094498 1412743684.68
8.81627000637 1412743685.99
8.78175036357 1412743687.34
8.79250108822 1412743688.69
8.7363489769 1412743690.02
8.73019928692 1412743691.34
8.69964638942 1412743692.67
8.66622167172 1412743694.02
8.64147499021 1412743695.35
8.63906899533 1412743696.66
8.627636771 1412743697.99
8.57151103576 1412743699.36
8.58095597897 1412743700.64
8.53473239343 1412743701.96
8.55952690297 1412743703.24
8.52070358771 1412743704.5
8.51121319514 1412743705.83
8.44623509304 1412743707.13
8.45363743195 1412743708.45
8.40423887329 1412743709.78
8.4161108388 1412743711.05
8.34032761284 1412743712.36
8.34959822519 1412743713.65
8.32490678165 1412743714.99
8.27246228261 1412743716.27
8.29642930423 1412743717.64
8.28006451995 1412743718.92
8.26832331904 1412743720.23
8.21840326422 1412743721.48
8.19992230015 1412743722.8
8.17328769152 1412743724.12
8.12536200126 1412743725.41
8.15783853085 1412743726.7
8.15438359513 1412743727.98
8.13190222635 1412743729.27
8.13250806818 1412743730.53
8.111009206 1412743731.8
8.11973626564 1412743733.02
8.10754709876 1412743734.3
8.1044806644 1412743735.62
8.0704225563 1412743736.9
8.09480511059 1412743738.23
8.07284869032 1412743739.56
8.07461910058 1412743740.85
8.08069033606 1412743742.13
8.04759177808 1412743743.41
8.05252481567 1412743744.7
8.02354771805 1412743745.97
8.04136063903 1412743747.29
8.00065368501 1412743748.61
7.99321647426 1412743749.91
