8.34949942269 1412756496.84
8.29375669842 1412756498.31
8.18338975992 1412756499.75
8.03804690006 1412756501.24
7.86660143373 1412756502.61
7.67345658465 1412756504.02
7.51275429839 1412756505.4
7.31666155671 1412756506.77
7.083762522 1412756508.12
6.94829402745 1412756509.5
6.78253216435 1412756510.88
6.59753297272 1412756512.29
6.41637820449 1412756513.65
6.27606227917 1412756515.02
6.199984203 1412756516.33
6.12850762102 1412756517.63
6.11729531262 1412756518.9
6.1139296351 1412756520.22
6.20618963415 1412756521.52
6.26949769189 1412756522.79
6.38535325941 1412756524.08
6.44570564685 1412756525.34
6.48149083493 1412756526.59
6.54079359134 1412756527.79
6.5479705405 1412756529.06
6.57459602377 1412756530.32
6.56892708184 1412756531.62
6.55723005862 1412756532.87
6.58349703607 1412756534.11
6.60281633864 1412756535.36
6.63817002154 1412756536.61
6.65237328169 1412756537.87
6.69845410603 1412756539.16
6.71818808197 1412756540.37
6.76198016037 1412756541.67
6.74717388607 1412756542.89
6.72350725107 1412756544.14
6.69052459972 1412756545.39
6.64994807497 1412756546.65
6.61089867337 1412756547.86
6.55670937317 1412756549.08
6.500754269 1412756550.33
6.46665858291 1412756551.57
6.50913607277 1412756552.85
6.60684980933 1412756554.11
6.76060891116 1412756555.37
6.93798642406 1412756556.63
7.08429008777 1412756557.92
7.19831036351 1412756559.19
7.286103308 1412756560.47
7.37357603569 1412756561.8
7.41197319532 1412756563.1
7.47393001642 1412756564.45
7.52015808203 1412756565.83
7.56511403485 1412756567.31
7.59079255623 1412756568.71
7.60150943701 1412756570.17
7.61054658896 1412756571.59
7.61878589849 1412756573.02
7.61597195254 1412756574.42
7.63444051398 1412756575.84
7.62410308265 1412756577.28
7.64075375827 1412756578.71
7.65253238834 1412756580.22
7.64223116022 1412756581.74
7.62951332623 1412756583.24
7.61406601594 1412756584.7
7.59684414524 1412756586.13
7.57521285745 1412756587.57
7.5485803758 1412756589.01
7.52438887393 1412756590.49
7.4945764596 1412756592.0
7.44419407329 1412756593.4
7.37004502286 1412756594.83
7.31481724055 1412756596.25
7.25019244848 1412756597.68
7.15975217483 1412756599.08
7.08244926744 1412756600.48
6.9807104427 1412756601.98
6.99905604178 1412756603.38
6.90638563137 1412756604.78
6.93666948065 1412756606.18
6.83313998388 1412756607.73
6.87453061978 1412756609.18
6.77906407534 1412756610.55
6.83475570166 1412756611.95
6.71725736686 1412756613.33
6.79042890307 1412756614.71
6.66044793021 1412756616.05
6.71430425453 1412756617.42
6.56931019901 1412756618.77
6.67107176905 1412756620.16
6.53114260167 1412756621.5
6.64414402922 1412756622.87
6.49205468973 1412756624.2
6.58116120921 1412756625.59
6.42089423548 1412756626.94
6.51281677897 1412756628.29
6.6813082545 1412756629.63
6.48116775524 1412756630.98
6.31356079513 1412756632.29
6.24145635562 1412756633.56
6.27352660434 1412756634.96
6.36663739705 1412756636.34
6.20942300852 1412756637.66
6.33137086846 1412756639.05
6.13248337003 1412756640.38
6.24026376507 1412756641.77
6.0701219648 1412756643.09
6.19112280623 1412756644.45
6.01478241903 1412756645.79
6.13164420308 1412756647.18
5.97069783333 1412756648.54
6.09949989786 1412756649.93
5.94113252683 1412756651.27
6.07521062811 1412756652.68
5.88117398895 1412756654.04
6.00526358381 1412756655.46
5.84331496974 1412756656.85
5.96397855211 1412756658.29
5.78318312656 1412756659.64
5.89379139559 1412756661.16
5.73434354979 1412756662.61
5.85371897002 1412756664.07
5.67529834097 1412756665.58
5.78285996667 1412756666.98
5.6070522906 1412756668.45
5.73094680331 1412756669.85
5.57577416944 1412756671.32
5.71695787773 1412756672.71
5.56681077521 1412756674.25
5.70547540716 1412756675.7
5.54258455146 1412756677.24
5.67446106119 1412756678.68
5.52865730015 1412756680.15
5.66071661042 1412756681.51
5.52018748726 1412756682.9
5.63916367482 1412756684.3
5.48516206086 1412756685.69
5.34748097181 1412756687.15
5.44943240399 1412756688.79
5.29593336936 1412756690.13
5.3869598518 1412756691.52
5.49939590865 1412756692.96
5.38206593931 1412756694.34
5.25637757478 1412756695.72
5.36405135661 1412756697.09
5.21643504241 1412756698.42
5.31334476712 1412756699.76
5.40741154521 1412756701.13
5.29714817267 1412756702.51
5.37414184404 1412756703.85
5.27312458832 1412756705.23
5.14760789623 1412756706.55
5.25205438637 1412756707.87
5.12259028793 1412756709.24
5.21930136234 1412756710.57
5.09627214724 1412756711.92
5.17919655222 1412756713.26
5.07495215529 1412756714.63
4.96069154153 1412756715.99
5.03659373725 1412756717.33
4.92294501572 1412756718.7
4.99325769952 1412756720.01
4.89556271225 1412756721.39
4.97326512721 1412756722.71
4.87951813296 1412756724.04
4.95539713478 1412756725.33
4.85635335858 1412756726.75
4.92928254278 1412756728.05
4.84203524507 1412756729.4
4.87257372201 1412756730.67
4.9296435775 1412756731.97
4.86085821879 1412756733.31
4.91629691078 1412756734.6
4.8474755137 1412756735.91
4.88596963835 1412756737.27
4.81347268945 1412756738.54
4.86927261992 1412756739.85
4.80022008367 1412756741.17
4.84806235667 1412756742.48
4.78294652134 1412756743.79
4.82878578736 1412756745.1
4.7675934845 1412756746.42
4.81275899591 1412756747.76
4.75480095744 1412756749.05
4.79976582118 1412756750.35
4.71654161313 1412756751.67
4.74638955302 1412756753.02
4.75731084498 1412756754.32
4.70153968321 1412756755.65
4.72378681565 1412756757.0
4.74998067114 1412756758.34
4.7458585067 1412756759.6
4.74008936589 1412756760.96
4.745415027 1412756762.22
4.73039058412 1412756763.54
4.71893565546 1412756764.84
4.70302545187 1412756766.13
4.68595750126 1412756767.43
