30.729456024 1412740096.0
29.8971911607 1412740097.13
29.711406545 1412740098.24
29.424309597 1412740099.33
29.5034928439 1412740100.48
29.3338778378 1412740101.6
29.2020774288 1412740102.71
28.9466180585 1412740103.82
28.6655727638 1412740104.93
28.4292589682 1412740106.05
28.2800032668 1412740107.15
28.0891178294 1412740108.21
27.698951771 1412740109.29
27.5128802765 1412740110.4
27.6314110636 1412740111.47
27.0801861215 1412740112.57
26.8592134707 1412740113.65
26.686847699 1412740114.71
26.5657187889 1412740115.77
26.4700867471 1412740116.82
26.2370638088 1412740117.86
26.200217125 1412740118.92
26.1459032226 1412740119.98
25.8956592617 1412740121.04
25.9678163736 1412740122.06
25.6491733799 1412740123.09
25.8907707744 1412740124.12
25.2457353541 1412740125.13
25.7641678371 1412740126.16
24.6086612538 1412740127.24
25.693759294 1412740128.26
23.2119118217 1412740129.29
22.3578477126 1412740130.27
21.9450226524 1412740131.26
22.7757222247 1412740132.27
21.8501837049 1412740133.28
22.3017909731 1412740134.25
21.6253411219 1412740135.23
21.7986847578 1412740136.3
21.9000363387 1412740137.35
22.0124453377 1412740138.32
22.0541484033 1412740139.3
22.0311410356 1412740140.22
22.103069698 1412740141.22
21.8519862868 1412740142.23
21.6618310696 1412740143.13
21.383863924 1412740144.12
21.0840045235 1412740145.04
21.1489694264 1412740145.99
21.2506614706 1412740146.92
21.0155778701 1412740147.86
21.2002614798 1412740148.8
20.9864105202 1412740149.75
21.1038458255 1412740150.72
21.1173464397 1412740151.65
21.0084862918 1412740152.6
20.9911534536 1412740153.51
21.0444985605 1412740154.48
20.9929031067 1412740155.43
21.0787709646 1412740156.4
21.113295102 1412740157.39
21.0796629441 1412740158.38
20.9850732723 1412740159.33
21.0541657347 1412740160.31
21.0398886919 1412740161.29
21.1359451478 1412740162.29
21.0363157172 1412740163.3
21.1464788922 1412740164.32
21.0379089432 1412740165.34
21.0775745163 1412740166.33
21.0328942075 1412740167.31
20.9765228571 1412740168.33
20.9006768332 1412740169.31
20.8158762289 1412740170.27
20.7398087802 1412740171.27
20.6641004549 1412740172.27
20.5509440653 1412740173.29
20.4705289365 1412740174.23
20.3976652602 1412740175.19
20.2741563603 1412740176.17
20.1883350892 1412740177.18
20.0562950748 1412740178.17
20.0240436168 1412740179.14
19.97221646 1412740180.11
19.9388050439 1412740181.03
19.8768645478 1412740182.0
19.7811316715 1412740182.94
19.7780158451 1412740183.84
19.7215413166 1412740184.76
19.5710263009 1412740185.68
19.5487377623 1412740186.63
19.5752150343 1412740187.59
19.4464731455 1412740188.5
19.4511726889 1412740189.41
19.3037600282 1412740190.37
19.3739604033 1412740191.3
19.2567007421 1412740192.25
19.3009858045 1412740193.19
19.0884149108 1412740194.11
19.1632843139 1412740195.04
18.995405685 1412740195.98
19.0067655662 1412740196.96
18.8731742183 1412740197.94
18.9760866034 1412740198.86
18.7475655187 1412740199.8
18.8629443078 1412740200.74
18.6480758159 1412740201.64
18.7610111663 1412740202.6
18.505350146 1412740203.56
18.662478003 1412740204.5
18.4526032253 1412740205.45
18.595696891 1412740206.39
18.3871534248 1412740207.33
18.5288473467 1412740208.27
18.2945026905 1412740209.24
18.4322632028 1412740210.19
18.1712443843 1412740211.14
18.385964239 1412740212.08
18.1367685908 1412740213.02
18.3277053025 1412740213.96
18.1295788524 1412740214.94
17.8679892319 1412740215.88
18.0335841421 1412740216.81
17.7780268498 1412740217.75
17.9492925566 1412740218.71
17.7299227612 1412740219.63
17.8765346473 1412740220.61
17.6596304216 1412740221.56
17.404083535 1412740222.51
17.5020949522 1412740223.47
17.26627691 1412740224.42
17.413029769 1412740225.37
17.185970533 1412740226.34
17.2909509765 1412740227.34
17.0643145812 1412740228.27
17.2201836797 1412740229.23
17.0225419149 1412740230.21
16.8088274414 1412740231.23
16.8181736044 1412740232.23
16.9357820328 1412740233.22
16.7708589072 1412740234.19
16.9272599579 1412740235.21
16.7271837934 1412740236.17
16.8281979614 1412740237.15
16.6227984619 1412740238.12
16.7591926167 1412740239.11
16.5603570128 1412740240.07
16.6255073535 1412740241.0
16.480682147 1412740242.01
16.3136685945 1412740243.02
16.348686286 1412740243.97
16.4942178521 1412740244.96
16.315662206 1412740245.96
16.1643904662 1412740246.99
16.2426204242 1412740247.97
16.118768914 1412740248.94
16.159169562 1412740249.89
16.0470928025 1412740250.86
16.0811540046 1412740251.85
15.9519570465 1412740252.87
16.0498178715 1412740253.86
15.9124367703 1412740254.88
15.9669206064 1412740255.87
15.8618289609 1412740256.89
15.7396651744 1412740257.85
15.7376704949 1412740258.87
15.803710684 1412740259.84
15.6567436448 1412740260.86
15.7387542899 1412740261.85
15.6134744717 1412740262.97
15.6915950143 1412740264.06
15.5134603672 1412740265.04
15.4077408061 1412740265.99
15.4496594813 1412740266.97
15.3588462189 1412740267.94
15.3846767725 1412740268.94
15.4085234579 1412740269.97
15.4236999452 1412740270.94
15.3505972382 1412740271.95
15.4214786548 1412740273.02
15.3262400782 1412740274.09
15.3771528956 1412740275.08
15.2691357992 1412740276.09
15.2991840385 1412740277.13
15.2203990593 1412740278.15
15.1208939844 1412740279.19
15.1818896308 1412740280.25
15.1030056331 1412740281.3
15.1052572544 1412740282.35
15.1629593998 1412740283.36
15.0819938562 1412740284.35
15.1488638481 1412740285.37
15.080082965 1412740286.36
15.1279246944 1412740287.35
15.0618907485 1412740288.36
15.1129875218 1412740289.36
15.0287568125 1412740290.42
15.0605911345 1412740291.41
14.9678644768 1412740292.4
14.8715748866 1412740293.47
