34.815815298 1412727118.4
34.458089232 1412727119.02
34.1531166862 1412727119.61
33.7404659017 1412727120.26
33.528936017 1412727120.87
33.2433532605 1412727121.41
33.2894615363 1412727121.94
33.2660903519 1412727122.64
33.5483178823 1412727123.27
33.6866938775 1412727124.01
33.738519447 1412727124.8
33.6864988686 1412727125.57
33.7940923283 1412727126.29
33.5079199386 1412727127.21
33.2866654342 1412727128.05
33.0513169534 1412727128.72
32.8461008965 1412727129.45
32.5808681974 1412727130.17
32.5009136479 1412727130.84
32.3772022938 1412727131.35
32.5726577618 1412727131.9
33.1185850013 1412727132.46
31.9667627616 1412727133.02
33.5044636695 1412727133.5
31.1297959683 1412727134.03
36.169564991 1412727134.58
31.9328870579 1412727135.08
34.1489357401 1412727135.64
33.3474643381 1412727136.16
32.7594453447 1412727136.75
33.8462946602 1412727137.43
33.5227186318 1412727138.04
33.6888653455 1412727138.61
33.5499858286 1412727139.14
26.5455147669 1412727139.72
30.0654676948 1412727140.36
28.3375402128 1412727140.89
27.8464000358 1412727141.43
27.7668003778 1412727142.01
27.7298689495 1412727142.6
27.6810634486 1412727143.17
27.6479298928 1412727143.77
27.2143180148 1412727144.35
26.7938868574 1412727144.94
26.8558335925 1412727145.67
27.0886294438 1412727146.41
27.1971586107 1412727147.04
27.2777738713 1412727147.7
27.4630985203 1412727148.31
27.4439054527 1412727148.95
27.4875400076 1412727149.56
27.4535549591 1412727150.29
27.5190153286 1412727150.99
27.6037313211 1412727151.73
27.9340037494 1412727152.41
28.100314836 1412727153.16
28.2987186673 1412727153.83
28.0926418692 1412727154.5
28.3951641258 1412727155.28
28.4307140215 1412727156.1
28.7492714764 1412727156.89
28.9072468606 1412727157.68
29.2200971467 1412727158.51
29.3717245265 1412727159.29
29.3247433998 1412727160.13
29.3602974233 1412727160.95
29.5219552447 1412727161.92
29.7514228871 1412727162.91
29.8417163398 1412727163.76
30.0186204435 1412727164.58
29.8905479135 1412727165.39
30.092647774 1412727166.24
30.1930145145 1412727167.0
30.1272646925 1412727167.73
30.0634038597 1412727168.43
30.0502146045 1412727169.12
30.2468231769 1412727169.78
30.0455906228 1412727170.47
30.0382359899 1412727171.18
30.0205731097 1412727171.87
30.2829239679 1412727172.55
29.9916493677 1412727173.24
30.1339801419 1412727174.07
30.0689456105 1412727174.84
30.1933512798 1412727175.53
30.2539891847 1412727176.37
30.2106729007 1412727177.01
30.3215767745 1412727177.7
30.2797964228 1412727178.34
30.2887924486 1412727179.0
30.2826902032 1412727179.69
30.379790865 1412727180.37
30.4439301915 1412727181.08
30.4714660791 1412727181.72
30.4986749929 1412727182.41
30.3746810341 1412727183.12
30.466723484 1412727183.82
30.3463793251 1412727184.5
30.4377916652 1412727185.29
30.5575747873 1412727186.08
30.2308292003 1412727186.91
30.2360174502 1412727187.71
30.1912842048 1412727188.46
30.3109232727 1412727189.24
30.2204578007 1412727190.01
30.30121108 1412727190.86
30.4049202434 1412727191.62
30.4140181745 1412727192.35
30.3610497499 1412727193.1
30.0021748083 1412727193.85
30.1218325485 1412727194.55
30.2774939995 1412727195.25
30.2386410366 1412727196.0
30.2482355277 1412727196.74
30.2553967282 1412727197.44
30.2775621867 1412727198.17
30.2371613044 1412727198.94
30.2064543558 1412727199.77
30.2705188875 1412727200.51
30.1232087265 1412727201.35
30.1820924954 1412727202.31
30.0993466527 1412727203.07
30.0736528409 1412727203.9
30.1456974109 1412727204.7
30.1968016852 1412727205.5
30.2787192335 1412727206.2
30.5111552724 1412727206.93
30.5613728941 1412727207.61
30.6932998228 1412727208.29
30.6008706475 1412727209.04
30.6847575391 1412727209.81
30.5320992348 1412727210.61
30.6436313754 1412727211.34
30.5566037715 1412727212.16
30.6982921895 1412727213.06
30.7223302257 1412727213.82
30.9518189506 1412727214.63
31.1106676735 1412727215.36
31.2085352392 1412727216.05
31.307888873 1412727216.72
31.0446413314 1412727217.39
31.22913445 1412727218.07
31.315082665 1412727218.8
31.3736623271 1412727219.56
31.4139207848 1412727220.25
31.3592895663 1412727221.0
31.4181857465 1412727221.76
31.2300232106 1412727222.55
31.3375260785 1412727223.39
31.3518933642 1412727224.12
31.3489572686 1412727224.83
31.7727424203 1412727225.55
31.8328260853 1412727226.33
31.6180428593 1412727227.19
31.7622312742 1412727227.92
31.7885041512 1412727228.74
31.7632586752 1412727229.59
31.6935062899 1412727230.43
31.620693814 1412727231.31
31.4510106347 1412727232.18
31.7253024586 1412727233.04
32.0825283639 1412727233.77
32.0550190569 1412727234.52
32.0412444669 1412727235.38
32.2136689764 1412727236.13
32.30895895 1412727236.87
32.3367450589 1412727237.6
32.4324046766 1412727238.35
32.2930545224 1412727239.1
32.1552031277 1412727239.86
32.3094129299 1412727240.73
32.3173998968 1412727241.7
32.4038779656 1412727242.47
32.2686020485 1412727243.27
32.5091859225 1412727244.21
32.4874015787 1412727245.1
32.5269247142 1412727245.85
32.5848020917 1412727246.61
32.4036613614 1412727247.48
32.5776772762 1412727248.25
32.6067740251 1412727248.99
32.6323836477 1412727249.73
32.8171573129 1412727250.49
32.8747953405 1412727251.29
32.9333910953 1412727252.02
32.9887887509 1412727252.91
33.0361211869 1412727253.76
33.0837858079 1412727254.63
33.197016838 1412727255.41
32.6218317551 1412727256.3
32.6531128266 1412727257.07
32.6830868968 1412727257.83
32.6708358671 1412727258.59
32.7006235876 1412727259.33
32.6884431076 1412727260.08
32.7182180313 1412727260.83
32.7470075211 1412727261.57
32.7664976 1412727262.35
32.785469482 1412727263.21
33.0782913163 1412727264.07
