17.3216773345 1412723307.88
17.3135022267 1412723308.26
17.6724498584 1412723308.58
17.9501281494 1412723308.87
17.9833650315 1412723309.21
18.1749838542 1412723309.48
18.2707515087 1412723309.8
18.54879611 1412723310.06
18.309773581 1412723310.35
18.4335213698 1412723310.62
18.4598248909 1412723310.89
18.3509430383 1412723311.16
18.2966574077 1412723311.43
18.1241810622 1412723311.7
18.0190658474 1412723311.96
17.1908373048 1412723312.21
16.4142138072 1412723312.49
15.9208443163 1412723312.75
15.9060863127 1412723313.03
15.9784218935 1412723313.32
15.9803019479 1412723313.6
15.9952231401 1412723313.95
16.0662059976 1412723314.3
16.1629721898 1412723314.59
16.082559486 1412723314.86
16.1519157949 1412723315.2
16.17128909 1412723315.47
16.2526768471 1412723315.74
16.1245177541 1412723316.01
16.2697727375 1412723316.27
16.1908434301 1412723316.57
16.2882242476 1412723316.84
16.2694262456 1412723317.11
16.2776689417 1412723317.38
16.1739944743 1412723317.64
16.1972886816 1412723317.91
16.2243874281 1412723318.2
16.2524033296 1412723318.51
16.2595889597 1412723318.8
16.0004698185 1412723319.08
16.1764773583 1412723319.36
16.2669790511 1412723319.64
16.4574830559 1412723319.92
16.5227594203 1412723320.19
16.3828800327 1412723320.51
16.3625429091 1412723320.79
16.5397647011 1412723321.06
16.4248592981 1412723321.35
16.41701831 1412723321.64
16.3830534943 1412723321.91
16.3693632672 1412723322.18
16.2896656349 1412723322.46
16.2886486822 1412723322.75
16.2689478697 1412723323.01
16.3976683656 1412723323.28
16.2467062446 1412723323.53
16.2417282819 1412723323.8
16.1957264475 1412723324.07
16.3100232655 1412723324.32
16.2923209505 1412723324.59
16.0704754401 1412723324.85
16.0243422093 1412723325.13
15.8618194942 1412723325.4
15.7780099125 1412723325.66
15.8786690016 1412723325.94
15.8217132999 1412723326.23
15.8903954677 1412723326.51
15.899053736 1412723326.76
15.85934768 1412723327.0
15.7234439756 1412723327.26
15.6770668176 1412723327.52
15.7340729765 1412723327.8
15.7125348042 1412723328.07
15.5555139274 1412723328.32
15.6777861424 1412723328.57
15.5458434022 1412723328.82
15.4778311509 1412723329.06
15.4916182699 1412723329.31
15.6373755208 1412723329.57
15.5778943313 1412723329.84
15.535527244 1412723330.09
15.4267103991 1412723330.36
15.4872152797 1412723330.67
15.5198276111 1412723330.94
15.6514020492 1412723331.19
15.4448573825 1412723331.45
15.4748959704 1412723331.71
15.3714329564 1412723331.99
15.3214623282 1412723332.21
15.2365536693 1412723332.47
15.2098570553 1412723332.75
15.1890852023 1412723333.01
15.1241333239 1412723333.27
15.0893237421 1412723333.53
15.030473302 1412723333.79
14.8137429923 1412723334.04
14.7089485372 1412723334.29
14.5900193829 1412723334.56
14.5389879923 1412723334.82
14.4276100231 1412723335.08
14.4546797556 1412723335.33
14.4062608555 1412723335.59
14.3965831329 1412723335.86
14.3036274235 1412723336.12
14.1569762663 1412723336.37
14.173792677 1412723336.64
13.9813446707 1412723336.9
13.9236544021 1412723337.16
13.8124087136 1412723337.42
13.8065708922 1412723337.67
13.6788429905 1412723337.93
13.7330024917 1412723338.2
13.6606688524 1412723338.45
13.5607309151 1412723338.85
13.4913726562 1412723339.25
13.376232116 1412723339.51
13.1724608015 1412723339.78
13.1279821811 1412723340.04
13.0815819106 1412723340.3
13.06128543 1412723340.55
12.9262686345 1412723340.82
12.9403808742 1412723341.07
12.7251750387 1412723341.32
12.6643542566 1412723341.57
12.6620884815 1412723341.82
12.3813174447 1412723342.08
12.3930343142 1412723342.36
12.2945790311 1412723342.6
12.326612741 1412723342.9
12.2284781703 1412723343.15
12.2066198147 1412723343.41
11.978860847 1412723343.67
11.8313390949 1412723343.91
11.8565299188 1412723344.18
11.6769405257 1412723344.45
11.6958605954 1412723344.7
11.6039174321 1412723344.95
11.5767109119 1412723345.2
11.4393562522 1412723345.47
11.4842934034 1412723345.73
11.3867286541 1412723345.99
11.3604698873 1412723346.25
11.265522034 1412723346.51
11.2795291398 1412723346.79
11.1158764738 1412723347.05
11.1153450922 1412723347.31
11.0383082144 1412723347.56
11.0406114611 1412723347.83
10.9482516507 1412723348.07
10.8634775019 1412723348.35
10.8215477493 1412723348.61
10.7146657796 1412723348.89
10.5166956405 1412723349.14
10.5273314378 1412723349.38
10.4828379149 1412723349.67
10.4894930749 1412723349.93
10.4705777552 1412723350.18
10.3788535527 1412723350.42
10.3591513179 1412723350.68
10.3810895642 1412723350.92
10.3561460835 1412723351.19
10.3078962501 1412723351.43
10.3019420627 1412723351.69
10.261501326 1412723351.94
10.1838662632 1412723352.2
10.1773375967 1412723352.43
10.1190941673 1412723352.69
10.1250903089 1412723352.94
10.0728808008 1412723353.19
10.139082262 1412723353.44
10.1142434453 1412723353.69
10.0937209124 1412723353.93
10.0206647091 1412723354.19
10.0257550995 1412723354.45
9.90880299364 1412723354.7
9.85796951664 1412723354.95
9.76319442677 1412723355.21
9.73474680736 1412723355.48
9.66626374463 1412723355.75
9.64745427405 1412723356.0
9.53315588315 1412723356.23
9.52598761659 1412723356.48
9.47175404816 1412723356.74
9.46559201286 1412723357.01
9.41235425125 1412723357.27
9.40699786838 1412723357.53
9.34388450742 1412723357.77
9.32286040622 1412723358.03
9.2136338159 1412723358.27
9.21632486389 1412723358.53
9.15707282359 1412723358.79
9.16504116503 1412723359.05
9.05923467513 1412723359.29
9.06113701381 1412723359.54
9.0049523718 1412723359.82
9.00787040432 1412723360.09
8.93684291913 1412723360.35
8.88216834459 1412723360.62
8.82383928731 1412723360.87
8.8007427261 1412723361.13
