14.7859444906 1412725718.81
14.683171621 1412725719.15
14.6380763058 1412725719.48
14.5640762636 1412725719.78
14.533976106 1412725720.09
14.4698338177 1412725720.43
14.3404308392 1412725720.78
14.2189945195 1412725721.11
14.0669011103 1412725721.46
13.9307661635 1412725721.77
13.8436694436 1412725722.11
13.7422573343 1412725722.43
13.5055711654 1412725722.76
13.396648684 1412725723.08
13.3523026184 1412725723.42
13.2999313513 1412725723.77
13.2738194299 1412725724.1
13.3090179784 1412725724.4
13.2332658889 1412725724.73
13.2523672064 1412725725.05
13.1896350505 1412725725.37
13.1889476563 1412725725.69
13.104921314 1412725725.99
13.129137206 1412725726.3
13.0759271841 1412725726.63
12.9893139487 1412725726.96
12.9745822662 1412725727.28
13.0342503305 1412725727.6
12.9536905352 1412725727.92
12.9005937283 1412725728.28
12.7967225555 1412725728.61
12.7108615016 1412725728.97
12.674076568 1412725729.34
12.7163512812 1412725729.69
12.579626079 1412725730.03
12.6519477504 1412725730.38
12.6060614661 1412725730.89
12.5474962458 1412725731.63
12.5235398147 1412725732.43
12.5062044843 1412725733.16
12.4018094608 1412725733.82
12.3849938017 1412725734.22
12.3474686967 1412725734.59
12.256187832 1412725734.94
12.1984376309 1412725735.3
12.2817748935 1412725735.68
12.1662478765 1412725736.11
12.0765759586 1412725736.47
12.0850531628 1412725736.82
12.1101428064 1412725737.14
12.0828569459 1412725737.45
12.0197054701 1412725737.79
12.1320769184 1412725738.13
12.1154003361 1412725738.47
12.0950442307 1412725738.81
12.1616826634 1412725739.12
12.1474887041 1412725739.44
12.0587512227 1412725739.75
12.0167839434 1412725740.07
11.9976748085 1412725740.39
11.9783404621 1412725740.71
11.9876720743 1412725741.04
11.9478997384 1412725741.35
11.8434250763 1412725741.66
11.8263933522 1412725742.0
11.8094154146 1412725742.32
11.7383349225 1412725742.63
11.7889482667 1412725742.95
11.6550293319 1412725743.28
11.6709630738 1412725743.59
11.6102633699 1412725743.94
11.6203093525 1412725744.27
11.6096485797 1412725744.59
11.6019835491 1412725744.92
11.5749714609 1412725745.24
11.5647772903 1412725745.56
11.5670422093 1412725745.88
11.5394056322 1412725746.2
11.4841572208 1412725746.52
11.4816863714 1412725746.83
11.4101298139 1412725747.14
11.3205967592 1412725747.45
11.2983050656 1412725747.77
11.2566044231 1412725748.1
11.1564383553 1412725748.43
11.1660409474 1412725748.76
11.1901049625 1412725749.08
11.2029613191 1412725749.41
11.1327910593 1412725749.75
11.139085323 1412725750.06
11.1258196727 1412725750.36
11.135738427 1412725750.68
11.1067995822 1412725751.01
11.1007632585 1412725751.34
11.0870631557 1412725751.67
11.0684649591 1412725752.0
10.9888096497 1412725752.31
10.975610254 1412725752.63
10.9508373736 1412725752.96
10.9451231227 1412725753.3
10.9418613684 1412725753.62
10.9875626838 1412725753.93
10.9879928257 1412725754.25
10.9433315132 1412725754.55
10.945520463 1412725754.87
10.9434624385 1412725755.18
10.9020512408 1412725755.49
10.9472872346 1412725755.78
10.9414668333 1412725756.08
10.9568230018 1412725756.38
10.9217567482 1412725756.7
10.923112238 1412725757.01
10.9407090253 1412725757.3
10.9106218596 1412725757.61
10.9180907355 1412725757.88
10.8676777189 1412725758.18
10.862726161 1412725758.49
10.8589215932 1412725758.79
10.8571527947 1412725759.08
10.8441853991 1412725759.39
10.8900709167 1412725759.69
10.8903646291 1412725760.01
10.8857843626 1412725760.31
10.8740057371 1412725760.61
10.8614369672 1412725760.91
10.861738709 1412725761.21
10.8274168095 1412725761.51
10.8274382083 1412725761.81
10.8274871921 1412725762.11
10.7987333049 1412725762.41
10.831126388 1412725762.71
10.796235135 1412725763.0
10.714171657 1412725763.3
10.6992584985 1412725763.6
10.6940675477 1412725763.91
10.6886478395 1412725764.2
10.6802027295 1412725764.51
10.6475191325 1412725764.82
10.654783315 1412725765.14
10.6525557271 1412725765.46
10.6556756086 1412725765.78
10.6527744331 1412725766.08
10.6500885383 1412725766.39
10.6264635059 1412725766.69
10.6298058792 1412725766.99
10.611373822 1412725767.29
10.6072487888 1412725767.6
10.603520628 1412725767.91
10.599615134 1412725768.2
10.5982794576 1412725768.49
10.595311789 1412725768.78
10.5815288754 1412725769.1
10.5768614731 1412725769.39
10.5721310784 1412725769.67
10.5846501398 1412725769.97
10.5856392085 1412725770.29
10.5933077243 1412725770.61
10.5866750869 1412725770.9
10.5794945889 1412725771.2
10.5737948937 1412725771.5
10.5404491101 1412725771.81
10.532979733 1412725772.11
10.5254196456 1412725772.41
10.5177511844 1412725772.7
10.5099372628 1412725772.99
10.5019886025 1412725773.3
10.488592533 1412725773.61
10.4796083537 1412725773.92
10.459657218 1412725774.23
10.471439402 1412725774.54
10.4575366444 1412725774.87
10.3936352387 1412725775.18
10.382842722 1412725775.49
10.3305268177 1412725775.8
10.3231654655 1412725776.1
10.3155043936 1412725776.42
10.3072756826 1412725776.74
10.2990411719 1412725777.04
10.2906406157 1412725777.33
10.2579134759 1412725777.65
10.2481902452 1412725777.96
10.1929540281 1412725778.27
10.1294686187 1412725778.58
10.1144466497 1412725778.89
10.0996749318 1412725779.19
10.0592850309 1412725779.51
10.014370094 1412725779.82
9.93624622863 1412725780.11
9.92151748883 1412725780.42
9.91510298178 1412725780.74
9.92850268456 1412725781.04
9.9125525721 1412725781.34
9.89170743085 1412725781.65
9.85693936885 1412725781.95
9.8602368382 1412725782.25
9.8694721735 1412725782.56
9.87186903411 1412725782.87
9.8527205653 1412725783.17
9.80348389277 1412725783.47
9.78242239788 1412725783.79
