10.5837170429 1412722155.91
10.8400333408 1412722156.01
11.0466589337 1412722156.1
11.2608898621 1412722156.2
11.4019009439 1412722156.33
11.6145295501 1412722156.45
11.8312882458 1412722156.56
12.0372427835 1412722156.66
12.1996848851 1412722156.77
12.4271059753 1412722156.86
12.6299667803 1412722156.96
12.7622120192 1412722157.08
12.8766519619 1412722157.18
13.0731318781 1412722157.28
13.1775350372 1412722157.36
13.2878485141 1412722157.46
13.3857215354 1412722157.58
13.5106061533 1412722157.73
13.760034791 1412722157.87
13.8594869095 1412722157.99
13.9082666278 1412722158.11
13.9027241619 1412722158.23
13.9287350336 1412722158.46
13.9476369232 1412722158.55
13.9782692005 1412722158.67
14.0054076278 1412722158.77
14.08238295 1412722158.89
14.1318972899 1412722158.98
14.1505952803 1412722159.07
14.1663512139 1412722159.18
14.1848384985 1412722159.3
14.0553400163 1412722159.42
14.0500159169 1412722159.56
14.0412299795 1412722159.65
14.0280963731 1412722159.76
14.0796765969 1412722159.87
14.0698715767 1412722159.99
14.1007861702 1412722160.1
14.0947607663 1412722160.22
14.082479359 1412722160.41
14.0912577142 1412722160.52
14.075261746 1412722160.65
14.060651361 1412722160.77
14.0376844733 1412722160.87
14.0974677401 1412722160.98
14.083740166 1412722161.09
14.066639473 1412722161.21
14.0466246739 1412722161.32
14.0296735046 1412722161.42
14.0164848397 1412722161.54
14.0349190044 1412722161.64
14.0270771885 1412722161.75
14.0232283818 1412722161.88
14.0273255736 1412722161.98
14.0241698439 1412722162.08
14.0742063891 1412722162.19
14.0722938216 1412722162.31
14.0845519252 1412722162.46
14.0812995017 1412722162.58
14.1370779185 1412722162.69
14.1573851 1412722162.8
14.1940024344 1412722162.89
14.2344163688 1412722162.99
14.2763863593 1412722163.09
14.3614726759 1412722163.18
14.484982375 1412722163.26
14.5886580261 1412722163.36
14.7512876953 1412722163.49
14.8921052876 1412722163.6
15.0417817655 1412722163.72
15.2219530055 1412722163.82
15.395234914 1412722163.98
15.5891570535 1412722164.1
15.788371377 1412722164.21
15.9918624338 1412722164.35
16.2046371037 1412722164.47
16.3979558698 1412722164.56
16.5931738377 1412722164.67
16.707198626 1412722164.79
16.7811065415 1412722164.88
16.7362856329 1412722164.98
16.2849364051 1412722165.08
7.6181621025 1412722165.22
8.26286243622 1412722165.33
8.97481449129 1412722165.42
7.80809851022 1412722165.5
8.12560307493 1412722165.58
8.42589773078 1412722165.7
8.58395289661 1412722165.8
8.69696834415 1412722165.9
8.26744725614 1412722166.0
8.42172305495 1412722166.09
8.54996209633 1412722166.17
8.64895021141 1412722166.27
8.43900532475 1412722166.4
8.53304815231 1412722166.49
8.31363956242 1412722166.64
8.40778199757 1412722166.78
8.48171780602 1412722166.88
8.31637047883 1412722166.95
8.26927582731 1412722167.03
8.14491871174 1412722167.16
8.1926693455 1412722167.26
8.25722506162 1412722167.35
8.29885949163 1412722167.44
8.18396434355 1412722167.54
8.11074978339 1412722167.64
8.1485917503 1412722167.73
8.05956475972 1412722167.81
8.09598808729 1412722167.89
8.01410944846 1412722167.97
8.04862612728 1412722168.04
7.98662445668 1412722168.12
8.02049699309 1412722168.2
8.0609392779 1412722168.34
8.01556423113 1412722168.42
7.9587399901 1412722168.5
7.9174818564 1412722168.58
7.93088932919 1412722168.66
7.91942332988 1412722168.76
7.92154731717 1412722168.86
7.957562242 1412722168.95
7.90733479777 1412722169.03
7.93024441293 1412722169.11
7.89016395492 1412722169.19
7.91600100929 1412722169.28
7.87357866823 1412722169.36
7.89470354926 1412722169.44
7.89592729769 1412722169.52
7.88117804582 1412722169.6
7.87106367435 1412722169.68
7.86294948296 1412722169.78
7.85955390358 1412722169.86
7.84268831044 1412722169.94
7.83846553988 1412722170.02
7.82358621087 1412722170.1
7.82211185925 1412722170.19
7.83890538634 1412722170.35
7.79790534853 1412722170.42
7.73073555432 1412722170.51
7.74487083217 1412722170.59
7.73964758991 1412722170.67
7.75266738614 1412722170.75
7.7647259542 1412722170.83
7.77577694679 1412722170.92
7.75435891078 1412722171.02
7.73051744889 1412722171.11
7.7080590385 1412722171.19
7.70118774428 1412722171.28
7.71219274144 1412722171.35
7.69159683932 1412722171.44
7.70220742632 1412722171.52
7.68461526546 1412722171.6
7.69485827302 1412722171.67
7.70558866636 1412722171.75
7.71440708084 1412722171.82
7.7226962988 1412722171.9
7.70750143263 1412722171.99
7.69190442401 1412722172.07
7.70012480121 1412722172.15
7.68524444244 1412722172.23
7.5349936707 1412722172.35
7.54066158831 1412722172.43
7.53751005703 1412722172.54
7.54460745057 1412722172.63
7.54993748867 1412722172.71
7.55604312757 1412722172.8
7.55809116319 1412722172.88
7.54995933659 1412722172.96
7.53806342838 1412722173.05
7.52588415372 1412722173.13
7.53170901451 1412722173.21
7.52006592696 1412722173.29
7.50805811142 1412722173.37
7.49575264544 1412722173.44
7.50172792546 1412722173.52
7.49935016352 1412722173.6
7.51061037578 1412722173.68
7.50634455894 1412722173.77
7.51737677045 1412722173.85
7.51923840627 1412722173.94
7.52122900377 1412722174.03
7.51064872576 1412722174.12
7.51579012053 1412722174.22
7.50610478719 1412722174.31
7.49622908128 1412722174.42
7.50851052566 1412722174.51
7.51313097682 1412722174.59
7.50203797646 1412722174.67
7.50757236975 1412722174.76
7.49637433952 1412722174.84
7.50211328529 1412722174.9
7.4932613059 1412722174.99
7.48411220765 1412722175.08
7.47474796751 1412722175.17
7.47920774469 1412722175.25
7.47020001983 1412722175.34
7.46101406943 1412722175.42
7.36263018559 1412722175.5
7.36661685243 1412722175.58
