16.300773754 1412721801.89
16.7481336338 1412721801.98
16.426879294 1412721802.08
16.5566846989 1412721802.2
16.6385272226 1412721802.32
16.7626236298 1412721802.44
16.6676052973 1412721802.56
16.4366408107 1412721802.69
16.6876228934 1412721802.8
16.3054382935 1412721802.92
16.6388984386 1412721803.04
16.4986684663 1412721803.15
16.5659549757 1412721803.26
16.5232716492 1412721803.4
16.4985229185 1412721803.53
16.8335118646 1412721803.64
16.5261196366 1412721803.77
16.5239073369 1412721803.9
16.297209255 1412721804.01
15.9158927538 1412721804.13
15.8464035192 1412721804.26
15.6338124171 1412721804.38
15.3987639888 1412721804.51
15.4385352108 1412721804.62
15.5348170656 1412721804.73
15.6591431215 1412721804.85
15.5105395743 1412721804.97
15.5091938343 1412721805.08
15.575392304 1412721805.2
15.7613311746 1412721805.35
16.9795740915 1412721805.54
17.5663894381 1412721805.69
18.0230980074 1412721805.81
18.4642172917 1412721805.94
18.913111749 1412721806.05
19.4169595322 1412721806.17
19.757820459 1412721806.31
14.6989907214 1412721806.44
14.6712419082 1412721806.56
20.7019570876 1412721806.68
21.0379961312 1412721806.79
21.3352966888 1412721806.93
21.7424186361 1412721807.06
21.9274330794 1412721807.19
22.1498351315 1412721807.42
22.4211094466 1412721807.6
22.5484069363 1412721807.77
14.6040909519 1412721807.92
14.6968867088 1412721808.08
23.206258851 1412721808.26
14.5008859269 1412721808.41
14.5138020105 1412721808.55
14.5211969571 1412721808.76
14.4379016982 1412721808.99
14.5526913727 1412721809.17
14.5819454421 1412721809.33
14.6236263431 1412721809.45
14.4490022941 1412721809.69
14.8820689732 1412721809.83
14.9014415148 1412721809.95
14.9014343474 1412721810.06
14.9850271824 1412721810.18
15.064394349 1412721810.36
15.1002021978 1412721810.51
15.3036172949 1412721810.65
15.5945061732 1412721810.78
15.6130736517 1412721810.9
15.6198249924 1412721811.03
15.9130728335 1412721811.14
16.0831919351 1412721811.28
16.1035065323 1412721811.42
16.186610786 1412721811.57
16.2097264193 1412721811.69
16.3687292173 1412721811.84
16.3942849824 1412721811.97
16.4101477307 1412721812.13
16.426914033 1412721812.29
16.4600742657 1412721812.43
16.6728331133 1412721812.59
16.6802110847 1412721812.72
16.6874039412 1412721812.86
16.6586000039 1412721813.13
16.6651229567 1412721813.41
16.6714849263 1412721813.61
16.6779142455 1412721813.91
16.8808194679 1412721814.13
16.8718538199 1412721814.39
16.8631828165 1412721814.61
16.7964728016 1412721814.81
16.7904359993 1412721814.95
16.7911883202 1412721815.1
16.7919418985 1412721815.23
16.7926340804 1412721815.37
16.8451727399 1412721815.5
16.8376310941 1412721815.62
16.8304314314 1412721815.74
16.8316585651 1412721815.86
16.8328256867 1412721815.97
16.8338245633 1412721816.1
16.8348062244 1412721816.22
16.8495354131 1412721816.36
16.8546710631 1412721816.49
16.9451668524 1412721816.61
16.9378832855 1412721816.72
16.930620385 1412721816.83
16.8862314813 1412721816.97
16.8772810921 1412721817.07
16.8683231273 1412721817.2
16.8594711913 1412721817.36
16.8504062206 1412721817.5
16.8517472106 1412721817.65
16.8422869979 1412721817.82
16.8329231485 1412721817.96
16.8235440459 1412721818.1
16.8141548173 1412721818.23
16.8683001877 1412721818.4
16.8618761911 1412721818.55
16.832161954 1412721818.69
16.8266356466 1412721818.84
16.8210354657 1412721819.03
16.8154972212 1412721819.25
16.8134138796 1412721819.47
16.807836751 1412721819.67
27.9969864878 1412721819.83
28.1723168197 1412721820.12
28.3525050896 1412721820.36
28.5294564279 1412721820.57
28.671339696 1412721820.76
17.1840449384 1412721821.03
17.1938446009 1412721821.2
17.2027778496 1412721821.33
17.2114511503 1412721821.47
17.21985568 1412721821.6
17.228120834 1412721821.74
17.236099928 1412721821.86
17.243892695 1412721821.99
17.1658498884 1412721822.12
17.163174841 1412721822.26
17.1605433495 1412721822.43
17.1579519946 1412721822.56
17.1553349872 1412721822.74
17.1565275845 1412721822.93
17.1575926401 1412721823.11
17.1586769732 1412721823.31
17.159758993 1412721823.58
17.1607530427 1412721823.8
28.9528478849 1412721823.93
29.0591464958 1412721824.13
29.1866310094 1412721824.3
29.2451753695 1412721824.51
29.2779096063 1412721824.68
29.3102433427 1412721824.84
29.2414000377 1412721824.99
29.2342627129 1412721825.18
29.2760153982 1412721825.43
29.285365557 1412721825.58
17.0304957494 1412721825.75
17.0188872529 1412721825.94
17.0118626354 1412721826.1
29.2783735026 1412721826.37
29.2701343315 1412721826.58
29.270509394 1412721826.78
29.2929497199 1412721826.95
29.2871656654 1412721827.13
29.3031201936 1412721827.31
29.346075216 1412721827.52
29.3474690833 1412721827.73
29.3486234487 1412721827.95
29.3423383885 1412721828.27
29.408086368 1412721828.49
29.4430237985 1412721828.72
29.4436677816 1412721828.96
29.4483435723 1412721829.16
29.4486774993 1412721829.34
29.4487930074 1412721829.5
29.440389999 1412721829.68
29.4244572599 1412721829.9
29.4228178259 1412721830.14
29.4502328369 1412721830.37
29.4487694674 1412721830.57
29.460174832 1412721830.77
29.5217716738 1412721830.96
16.8683267925 1412721831.12
16.8917398892 1412721831.29
16.8793869005 1412721831.41
17.0018353671 1412721831.57
16.9930138546 1412721831.73
16.9838271242 1412721831.9
16.9744065579 1412721832.05
16.964616111 1412721832.19
16.9546697895 1412721832.37
16.9096751317 1412721832.55
16.868820207 1412721832.7
16.8576690201 1412721832.84
16.8735694272 1412721832.95
16.8629270907 1412721833.12
16.8519354829 1412721833.27
29.6500987181 1412721833.44
16.9964485328 1412721833.59
16.9836164811 1412721833.72
