3.38719542817 1412722763.42
3.55983249124 1412722763.56
3.92860198468 1412722763.67
4.06274269911 1412722763.79
4.18569685446 1412722763.92
4.30345147697 1412722764.02
4.37045563618 1412722764.1
4.34217714395 1412722764.19
4.34688409597 1412722764.29
4.41736869574 1412722764.39
4.48048826102 1412722764.5
4.54430500488 1412722764.59
4.62401332314 1412722764.66
4.66164133739 1412722764.74
4.64145655629 1412722764.83
4.66143225644 1412722764.92
4.71932476924 1412722764.99
4.73174551114 1412722765.08
4.70140370216 1412722765.17
4.75259195119 1412722765.24
4.75072479644 1412722765.32
4.74331201878 1412722765.4
4.80041267062 1412722765.48
4.59393551278 1412722765.56
4.47169097661 1412722765.65
4.31713098271 1412722765.76
4.21867051537 1412722765.85
4.11996008245 1412722765.93
3.98963015892 1412722766.01
3.8938383616 1412722766.1
3.76807622622 1412722766.18
3.66722222005 1412722766.27
3.56226161331 1412722766.37
3.51283690592 1412722766.45
3.48984462494 1412722766.52
3.50639624452 1412722766.61
3.50729335208 1412722766.67
3.5568902815 1412722766.75
3.621655179 1412722766.83
3.66629513864 1412722766.91
3.72309252629 1412722766.99
3.77270944376 1412722767.05
3.83318005368 1412722767.14
3.88154078783 1412722767.23
3.93104404558 1412722767.32
4.00323941711 1412722767.4
4.07140516263 1412722767.48
4.13105046785 1412722767.55
4.25100717601 1412722767.62
4.34104494529 1412722767.69
4.42762717206 1412722767.78
4.51605623485 1412722767.88
4.59933925388 1412722767.98
4.64293361014 1412722768.07
4.71447062673 1412722768.14
4.68664765103 1412722768.23
4.75500508905 1412722768.34
4.72152531323 1412722768.43
4.78713309046 1412722768.51
4.79555319021 1412722768.6
4.86424675184 1412722768.68
4.82286551318 1412722768.74
4.887376551 1412722768.82
4.84412858918 1412722768.92
4.90628860088 1412722769.0
4.90185372808 1412722769.06
4.85744952904 1412722769.12
4.80218587636 1412722769.2
4.73552989947 1412722769.29
4.64856889929 1412722769.39
4.56006283585 1412722769.57
4.46008195245 1412722769.68
4.34928064392 1412722769.83
4.41780834889 1412722769.93
4.29841441513 1412722770.05
4.35484968258 1412722770.14
4.22337260644 1412722770.24
4.29945105744 1412722770.33
4.16263003068 1412722770.41
4.29896304615 1412722770.52
4.12897354739 1412722770.62
4.24760342917 1412722770.71
4.04699577722 1412722770.79
4.18642472829 1412722770.85
3.99550570077 1412722770.94
4.16158210245 1412722771.02
3.94982454971 1412722771.11
4.14207628212 1412722771.19
3.95216926259 1412722771.26
4.25520701285 1412722771.34
3.97133068969 1412722771.44
3.69875691173 1412722771.52
3.9379112839 1412722771.61
3.65856563581 1412722771.7
3.9141986412 1412722771.78
3.6237617333 1412722771.85
3.88837164566 1412722771.95
3.62701748613 1412722772.06
3.91119829366 1412722772.14
3.61549494038 1412722772.22
3.93114539724 1412722772.31
3.62580734181 1412722772.39
3.92520626663 1412722772.47
3.62560923673 1412722772.54
3.91972220857 1412722772.62
3.62969669663 1412722772.69
3.98746346791 1412722772.78
3.66464464556 1412722772.84
3.36868545217 1412722772.92
3.65411695024 1412722773.01
3.37094103398 1412722773.08
3.65394640637 1412722773.15
3.37988783678 1412722773.22
3.63372979248 1412722773.3
3.37938144886 1412722773.37
3.61659709552 1412722773.43
3.38127419978 1412722773.51
3.64080318918 1412722773.58
3.4050864282 1412722773.65
3.62239868438 1412722773.73
3.41335010001 1412722773.82
3.18175685361 1412722773.89
3.38558271508 1412722773.95
3.16205154795 1412722774.02
3.32325263191 1412722774.09
3.11493520311 1412722774.17
3.28508981698 1412722774.24
3.09298278127 1412722774.31
3.26015560728 1412722774.39
3.08077585042 1412722774.47
3.23422062863 1412722774.53
3.06577045003 1412722774.6
3.20298404712 1412722774.67
3.05041700116 1412722774.76
3.14892566014 1412722774.83
3.01627212228 1412722774.91
3.10341338802 1412722774.98
2.98636602809 1412722775.06
3.07797556844 1412722775.14
2.96706166691 1412722775.24
3.03948650719 1412722775.33
3.09805731796 1412722775.4
3.01410278503 1412722775.49
3.06792354756 1412722775.58
3.11327035182 1412722775.68
3.04805309215 1412722775.77
3.08899955318 1412722775.86
3.02857126534 1412722775.95
2.96275774104 1412722776.06
3.00602318104 1412722776.16
2.9454369277 1412722776.23
2.91360805141 1412722776.3
2.86240155291 1412722776.4
2.80282763636 1412722776.48
2.83314366314 1412722776.55
2.77348939274 1412722776.63
2.80502517077 1412722776.69
2.74673886958 1412722776.76
2.78339108185 1412722776.84
2.72962521962 1412722776.9
2.75763458825 1412722776.97
2.70351311968 1412722777.04
2.73614201811 1412722777.11
2.68607040124 1412722777.18
2.63354722821 1412722777.25
2.65829640478 1412722777.32
2.60682965244 1412722777.38
2.63224289939 1412722777.45
2.58239946443 1412722777.51
2.60765166503 1412722777.58
2.55913990155 1412722777.65
2.58439448948 1412722777.72
2.53718586423 1412722777.79
2.50101850116 1412722777.85
2.45986463653 1412722777.91
2.41764068406 1412722777.99
2.43697688379 1412722778.05
2.39543595475 1412722778.12
2.41476197691 1412722778.19
2.37490124029 1412722778.26
2.39416834169 1412722778.32
2.35563749603 1412722778.39
2.37485469979 1412722778.45
2.33761874187 1412722778.52
2.36032631595 1412722778.6
2.32501319648 1412722778.66
2.34849727827 1412722778.72
2.32234177477 1412722778.78
2.29875072713 1412722778.85
2.317611791 1412722778.93
2.29294614635 1412722778.99
2.31178956742 1412722779.07
2.26546389247 1412722779.14
2.28320033009 1412722779.2
2.26259914174 1412722779.27
2.23895827551 1412722779.34
2.25875825253 1412722779.42
2.23618695266 1412722779.5
2.25553108286 1412722779.56
2.23402211451 1412722779.63
