39.2377886057 1412723177.21
42.3568081892 1412723177.52
41.3946285846 1412723177.81
40.7206800615 1412723178.11
40.6645419161 1412723178.45
40.5444320064 1412723178.74
39.7337337652 1412723179.02
38.9662516833 1412723179.3
38.8863767985 1412723179.6
38.6134453746 1412723180.12
38.1145202175 1412723180.47
37.8908410788 1412723180.76
37.7434564664 1412723181.05
37.5824865233 1412723181.35
37.0217032294 1412723181.66
36.8026558064 1412723181.94
36.7271082254 1412723182.28
35.9137549609 1412723182.63
35.7534920385 1412723182.92
35.4072190497 1412723183.24
34.9239579496 1412723183.54
34.6286082229 1412723183.84
34.1110867971 1412723184.18
33.9130384713 1412723184.52
33.324854593 1412723184.83
32.9925296542 1412723185.16
32.7528287358 1412723185.44
33.0046473158 1412723185.77
32.7880102289 1412723186.06
32.6342225622 1412723186.38
32.4825745682 1412723186.66
31.8008258747 1412723186.96
30.2724334872 1412723187.22
29.0308478535 1412723187.5
27.5689727032 1412723187.8
27.0695519791 1412723188.08
29.7522053353 1412723188.42
33.3370298522 1412723188.75
30.738805989 1412723189.04
32.8861988787 1412723189.36
31.2719532659 1412723189.67
32.5492965015 1412723189.95
32.322568765 1412723190.23
32.801813981 1412723190.53
33.0959828837 1412723190.84
33.4317135401 1412723191.14
33.5373375561 1412723191.47
33.4727711577 1412723191.84
33.7042142783 1412723192.19
33.6029855773 1412723192.53
33.6607448273 1412723192.85
34.0520490015 1412723193.19
34.101324139 1412723193.49
34.4895364632 1412723193.79
34.3255183353 1412723194.09
34.3705250628 1412723194.4
34.2486216805 1412723194.74
34.2641127219 1412723195.05
34.320489947 1412723195.38
34.4870695635 1412723195.7
34.6397262603 1412723196.02
34.6553523278 1412723196.31
34.5673911048 1412723196.63
34.639886173 1412723196.92
34.5207865023 1412723197.23
34.5049495953 1412723197.53
34.5056285544 1412723197.87
34.1219387136 1412723198.21
34.3796088471 1412723198.57
34.3823843627 1412723198.9
34.1212840062 1412723199.23
34.0259981011 1412723199.6
34.5720976438 1412723199.94
34.6030628636 1412723200.28
34.6211656024 1412723200.56
34.6605347823 1412723200.84
34.7060775159 1412723201.16
34.7132947577 1412723201.48
34.7283824556 1412723201.8
34.7490772065 1412723202.11
34.6116755892 1412723202.41
34.3269570721 1412723202.76
34.1911925949 1412723203.06
34.9866777373 1412723203.36
34.9834387455 1412723203.67
34.9676570828 1412723204.04
34.9772434054 1412723204.33
34.945560658 1412723204.64
34.9394196399 1412723204.94
34.9042907063 1412723205.2
34.9645022979 1412723205.51
34.9396748184 1412723205.84
34.8521563792 1412723206.14
34.979574906 1412723206.44
35.009497126 1412723206.79
35.0583686866 1412723207.12
35.0978086526 1412723207.58
35.1413646666 1412723207.95
35.2205318707 1412723208.28
35.3218775297 1412723208.65
35.38279331 1412723208.96
35.4320083856 1412723209.36
35.5038207442 1412723209.72
35.6479835174 1412723210.03
35.7047088383 1412723210.39
35.7892935111 1412723210.71
35.8212660264 1412723211.09
35.898705061 1412723211.41
35.9341532356 1412723211.92
36.0248592181 1412723212.37
36.0698066006 1412723212.7
36.1493254054 1412723213.0
36.2833690795 1412723213.34
36.3757816875 1412723213.61
36.4552461803 1412723213.97
36.5665361237 1412723214.41
36.6466352226 1412723214.8
36.6738414023 1412723215.08
36.7426394945 1412723215.38
36.8376456706 1412723215.74
37.0168253538 1412723216.14
37.2106786585 1412723216.47
36.9696103363 1412723216.75
36.8897397637 1412723217.14
36.6100914847 1412723217.48
36.2522615407 1412723217.78
36.2138679394 1412723218.11
36.0859735543 1412723218.44
36.3604565045 1412723218.86
35.9979535742 1412723219.14
36.0749428214 1412723219.48
36.607122517 1412723219.87
36.2344230251 1412723220.21
36.2067189298 1412723220.53
36.5101143592 1412723220.96
36.4019779426 1412723221.28
36.6764016205 1412723221.65
36.6630295496 1412723221.97
36.7296531355 1412723222.31
37.0228439693 1412723222.62
36.9914593389 1412723222.94
36.906582008 1412723223.28
37.2988145438 1412723223.6
37.2593789293 1412723223.91
37.5647132901 1412723224.26
37.5047841364 1412723224.57
37.4404681831 1412723224.87
37.380312873 1412723225.17
37.8637848711 1412723225.49
38.1361956883 1412723225.79
38.0705345251 1412723226.07
37.9354129096 1412723226.37
38.2286275381 1412723226.68
38.1766929338 1412723226.99
38.1927527112 1412723227.34
38.5247751191 1412723227.66
38.4872229723 1412723227.97
38.8913427299 1412723228.3
38.6644115949 1412723228.63
39.012566968 1412723228.97
38.890551124 1412723229.34
38.8410854069 1412723229.64
38.8662237117 1412723229.97
38.851267101 1412723230.3
38.8643820756 1412723230.64
39.1084056731 1412723231.03
38.8698503369 1412723231.39
39.1863441402 1412723231.74
38.9996556241 1412723232.09
39.0859222562 1412723232.45
39.4431202524 1412723232.79
39.5588828609 1412723233.07
39.5915725538 1412723233.39
39.80406671 1412723233.7
39.7152093939 1412723234.08
39.8719740725 1412723234.37
39.8024389163 1412723234.71
40.010575311 1412723235.04
39.9362485732 1412723235.34
40.1554766693 1412723235.66
40.1140328373 1412723235.94
40.9511869238 1412723236.25
41.1623855602 1412723236.59
41.2087785937 1412723236.92
41.4274969144 1412723237.21
41.6116613973 1412723237.57
41.5732945448 1412723237.89
41.5408737392 1412723238.23
41.7145017011 1412723238.73
41.8914730685 1412723239.18
41.8744671967 1412723239.61
42.0242775363 1412723240.05
42.2283039961 1412723240.51
42.3044217008 1412723240.93
42.3380772937 1412723241.45
42.270684441 1412723241.94
42.160902752 1412723242.4
42.3327053759 1412723242.81
42.2917432526 1412723243.31
42.2038524929 1412723243.68
