23.7735143954 1412747116.67
23.560258195 1412747118.04
23.1440001945 1412747119.43
22.6251031919 1412747120.84
21.9539131944 1412747122.23
20.9955578491 1412747123.68
20.3913253226 1412747125.07
20.4279685812 1412747126.49
20.0419267735 1412747127.96
19.8252547591 1412747129.36
19.1340437013 1412747130.75
18.9060989876 1412747132.11
18.7179847883 1412747133.55
18.4079553603 1412747134.95
18.0160221884 1412747136.36
17.7759329398 1412747137.76
17.5577303061 1412747139.15
17.4186239228 1412747140.54
17.0561609246 1412747141.91
17.0238384666 1412747143.31
16.941123282 1412747144.69
16.7794756552 1412747146.14
16.6719988153 1412747147.56
16.3863234009 1412747148.9
15.9613178565 1412747150.28
15.3636192165 1412747151.69
15.2230802929 1412747153.11
14.9420859334 1412747154.53
14.6708296559 1412747155.94
14.3004628033 1412747157.36
14.2701825016 1412747158.75
14.2618714222 1412747160.17
14.2017449005 1412747161.54
14.1606425751 1412747162.94
13.9705359285 1412747164.34
13.82356426 1412747165.8
13.7448326294 1412747167.27
13.7323852883 1412747168.74
13.8386613178 1412747170.18
13.5241749395 1412747171.63
13.6568533786 1412747173.04
13.8079964171 1412747174.46
13.4507744955 1412747175.86
13.577593088 1412747177.25
13.7354397131 1412747178.6
13.9456198474 1412747180.01
13.661154434 1412747181.45
13.7527446734 1412747182.89
13.812124699 1412747184.28
13.9345517775 1412747185.76
13.7073982863 1412747187.2
13.7964178956 1412747188.61
13.9380066176 1412747190.07
13.603379727 1412747191.47
13.6786346378 1412747192.85
13.6765260245 1412747194.22
13.6736526413 1412747195.65
13.7378582067 1412747197.1
13.4615446156 1412747198.53
13.5110260265 1412747200.0
13.4591948927 1412747201.42
13.3079718972 1412747202.85
13.2294737341 1412747204.27
13.1569190558 1412747205.7
13.0359655183 1412747207.1
13.0179251191 1412747208.58
13.1219482157 1412747210.02
13.2166210088 1412747211.47
13.3595727716 1412747212.91
13.1811068047 1412747214.36
13.3293646692 1412747215.82
13.511239349 1412747217.26
13.2355207862 1412747218.68
13.4320867753 1412747220.18
13.0967501352 1412747221.68
13.2670671021 1412747223.14
13.0690848426 1412747224.55
13.1578893673 1412747226.03
13.1502783445 1412747227.51
13.2533958916 1412747228.97
13.305713789 1412747230.45
13.4476722796 1412747231.91
13.255350343 1412747233.39
13.3450576499 1412747234.85
13.3835249798 1412747236.27
13.3180762226 1412747237.75
13.354617238 1412747239.16
13.2509094768 1412747240.59
13.3268778147 1412747242.05
13.1590882887 1412747243.54
13.2361607782 1412747244.92
13.2711283571 1412747246.41
13.2901314216 1412747247.87
13.2600063965 1412747249.35
13.2596477798 1412747250.84
13.2874559085 1412747252.3
13.2980276278 1412747253.75
13.2532115283 1412747255.22
13.2218497214 1412747256.74
13.263728647 1412747258.21
13.1966556725 1412747259.71
13.239034608 1412747261.15
13.263520843 1412747262.62
13.2300945449 1412747264.09
13.2997995298 1412747265.55
13.245070808 1412747267.04
13.2767792752 1412747268.53
13.1756659088 1412747270.06
13.2135195678 1412747271.62
13.2193318669 1412747273.12
13.2310519363 1412747274.67
13.2524380677 1412747276.2
13.2836558576 1412747277.74
13.2707406841 1412747279.23
13.284106056 1412747280.75
13.3653791265 1412747282.26
13.2439224941 1412747283.74
13.2701621343 1412747285.26
13.233018835 1412747286.78
13.2235999337 1412747288.32
13.2066617945 1412747289.84
13.2544791647 1412747291.42
13.2002960291 1412747292.96
13.1818814899 1412747294.52
13.1694736488 1412747296.06
13.1545042104 1412747297.6
13.1075901875 1412747299.15
13.1818953708 1412747300.71
13.2277566369 1412747302.23
13.1498337851 1412747303.8
13.1452408626 1412747305.35
13.1333485591 1412747306.89
13.0750506122 1412747308.4
13.0483261774 1412747309.91
12.9946451486 1412747311.45
12.9587097326 1412747313.02
12.8795416549 1412747314.55
12.8652344189 1412747316.09
12.845142389 1412747317.6
12.870509765 1412747319.18
12.8495799201 1412747320.73
12.8692239331 1412747322.26
12.8685460771 1412747323.82
12.9050493181 1412747325.41
12.893317322 1412747327.06
12.9042518528 1412747328.72
12.9356423898 1412747330.29
12.9500450191 1412747331.91
12.9591910794 1412747333.53
12.9732239309 1412747335.11
12.9771681461 1412747336.68
12.9729737483 1412747338.26
12.9788065869 1412747339.89
12.9781024984 1412747341.54
12.9766904904 1412747343.17
12.9284160958 1412747344.81
12.9387911804 1412747346.44
12.9485921954 1412747348.14
12.9388170501 1412747349.84
12.9112471528 1412747351.52
12.9173462167 1412747353.19
12.8706769286 1412747354.83
12.9113879785 1412747356.47
12.8523695543 1412747358.17
12.8601885406 1412747359.9
12.8771255177 1412747361.54
12.8679315652 1412747363.2
12.7921957875 1412747364.89
12.7804840706 1412747366.57
12.7681163066 1412747368.22
12.7074784073 1412747369.86
12.7154215986 1412747371.54
12.7403248005 1412747373.27
12.6924237131 1412747374.98
12.7128729891 1412747376.61
12.7590335147 1412747378.26
12.6892505024 1412747379.97
12.7283149792 1412747381.68
12.6906973304 1412747383.37
12.6924919006 1412747385.1
12.7748712815 1412747386.77
12.7378100851 1412747388.44
12.7083717905 1412747390.13
12.8002436368 1412747391.84
12.8040109192 1412747393.57
12.7789127301 1412747395.19
12.7513008239 1412747396.81
12.7480821321 1412747398.43
12.741862151 1412747400.1
12.7300174776 1412747401.81
12.7450293264 1412747403.51
12.7408753374 1412747405.19
12.7392899177 1412747406.81
12.7597837193 1412747408.47
12.7461604257 1412747410.14
12.7250641058 1412747411.84
12.6476014084 1412747413.54
12.657909278 1412747415.19
12.6635746444 1412747416.9
12.6319995923 1412747418.54
