13.0322036497 1412722541.24
12.9681328372 1412722541.39
12.7912792973 1412722541.52
12.5817674808 1412722541.71
12.4774981103 1412722541.84
12.3024028021 1412722541.97
12.1261601491 1412722542.08
12.1205209725 1412722542.23
11.9758125565 1412722542.36
11.962712125 1412722542.51
11.9511800216 1412722542.65
12.0284471608 1412722542.77
11.994561863 1412722542.87
11.9894193975 1412722543.0
12.0477012411 1412722543.16
12.0672793662 1412722543.29
11.9908801317 1412722543.43
12.3039858233 1412722543.57
12.2210437442 1412722543.68
12.2241680966 1412722543.8
12.2471452524 1412722543.89
12.2953096659 1412722544.02
12.5496668685 1412722544.17
12.6427283541 1412722544.3
12.5851354711 1412722544.4
12.5945283345 1412722544.52
12.5983605297 1412722544.66
12.6075250159 1412722544.8
12.7987700876 1412722544.9
12.8085914197 1412722545.03
12.7933368072 1412722545.17
12.7636147172 1412722545.3
12.7256358708 1412722545.43
12.6616942547 1412722545.55
12.6237619127 1412722545.66
12.5635477935 1412722545.8
12.7196193744 1412722545.93
12.7179549015 1412722546.06
12.7224982431 1412722546.17
12.6221183405 1412722546.28
12.5529698953 1412722546.39
12.4594414291 1412722546.52
12.3869525587 1412722546.65
12.3878103288 1412722546.76
12.387726345 1412722546.88
12.4151853651 1412722547.01
12.5897612698 1412722547.14
12.5734722891 1412722547.23
12.5720087954 1412722547.34
12.581532755 1412722547.48
12.581418125 1412722547.59
12.5378798517 1412722547.72
12.3661818119 1412722547.84
12.3577497385 1412722547.96
12.3099616226 1412722548.08
12.2172512416 1412722548.2
12.1481740852 1412722548.32
12.078188503 1412722548.43
11.9791748214 1412722548.56
11.8886003555 1412722548.68
11.810757199 1412722548.8
11.714072859 1412722548.92
11.6363804202 1412722549.02
11.5354000711 1412722549.17
11.4424964012 1412722549.35
11.3526184336 1412722549.46
11.2614392036 1412722549.55
11.181629175 1412722549.65
11.0837169824 1412722549.75
10.9826710089 1412722549.87
10.8555278695 1412722550.0
10.7509413625 1412722550.13
10.5386256425 1412722550.26
10.4364443364 1412722550.39
10.3335343184 1412722550.52
10.1060652312 1412722550.65
9.9979635801 1412722550.78
9.90240126243 1412722550.9
9.78376177546 1412722551.03
9.65654638768 1412722551.2
9.51203030068 1412722551.31
9.27927176767 1412722551.44
9.15106377135 1412722551.58
9.00996193969 1412722551.72
8.82853074776 1412722551.86
8.72237032606 1412722552.03
8.6195818435 1412722552.3
8.42487989037 1412722552.47
8.27016217162 1412722552.68
8.16786401533 1412722552.84
8.06869610267 1412722552.97
7.91308422182 1412722553.13
7.81650850305 1412722553.28
7.66946193738 1412722553.39
7.53443517606 1412722553.49
35.1116849394 1412722553.59
7.217229068 1412722553.69
34.9610966495 1412722553.78
6.96224899602 1412722553.86
34.9937848315 1412722553.95
6.63258246756 1412722554.06
35.0401890404 1412722554.19
6.32775547434 1412722554.31
6.269798124 1412722554.43
6.20608391864 1412722554.55
6.13464573801 1412722554.66
34.7682138589 1412722554.79
35.0439358987 1412722554.89
35.282007397 1412722555.01
35.4103963283 1412722555.11
5.44118041506 1412722555.23
5.39931599698 1412722555.34
5.36362267043 1412722555.45
5.3461068091 1412722555.56
5.34152018757 1412722555.68
5.31525490511 1412722555.79
5.2900261637 1412722555.91
5.27393760679 1412722556.02
5.25030052459 1412722556.15
5.2315262294 1412722556.24
5.24554448668 1412722556.34
5.22984243989 1412722556.45
5.21085932579 1412722556.55
5.19268226317 1412722556.67
5.16697205769 1412722556.77
5.15793044457 1412722556.86
5.14252109193 1412722556.96
5.12790375406 1412722557.06
5.14921238343 1412722557.17
5.1347969291 1412722557.27
5.13455837656 1412722557.36
5.13154644567 1412722557.48
5.12078927178 1412722557.58
5.11044625041 1412722557.68
5.10045748965 1412722557.78
5.09099691176 1412722557.89
5.08886045226 1412722557.99
5.08237170833 1412722558.11
5.07360122432 1412722558.21
5.06527050483 1412722558.33
5.05464193974 1412722558.43
5.02652040882 1412722558.55
5.01959703348 1412722558.66
5.02465340509 1412722558.77
5.01781285159 1412722558.87
5.01377665827 1412722558.98
5.00754562707 1412722559.08
5.00175360235 1412722559.19
4.99625445481 1412722559.31
5.00251430226 1412722559.41
4.98625088796 1412722559.51
4.98189277413 1412722559.62
4.97790850221 1412722559.72
5.00203997455 1412722559.84
4.99915992644 1412722559.95
4.99656755258 1412722560.06
5.00931602748 1412722560.17
5.00633061322 1412722560.26
5.00374843728 1412722560.36
4.98041883476 1412722560.48
4.97049166866 1412722560.58
4.96690238753 1412722560.73
4.96625184507 1412722560.84
4.97764054187 1412722560.93
4.97680958872 1412722561.05
4.97637455184 1412722561.15
4.97622446097 1412722561.26
4.9764370375 1412722561.39
4.97703499204 1412722561.5
4.97561677434 1412722561.62
4.97103393541 1412722561.73
4.97926965184 1412722561.84
4.98028318608 1412722561.94
4.98158173457 1412722562.05
4.98329681871 1412722562.18
4.98536042612 1412722562.31
4.98773048536 1412722562.44
4.99052092093 1412722562.58
4.99459001037 1412722562.69
4.99799935286 1412722562.82
5.00572405723 1412722562.94
5.0101408892 1412722563.07
5.01452130974 1412722563.22
5.01963279508 1412722563.36
5.01909646157 1412722563.49
5.00538823804 1412722563.61
34.3438002463 1412722563.74
33.2607041609 1412722563.87
32.7046996328 1412722564.0
32.404930764 1412722564.11
32.2313699151 1412722564.22
32.1439893962 1412722564.36
32.2528647351 1412722564.5
32.3496711145 1412722564.61
32.2543417004 1412722564.71
32.3206038599 1412722564.85
32.3758573897 1412722564.95
32.3144842671 1412722565.07
32.3542880923 1412722565.26
32.4004094068 1412722565.38
