16.645819725 1412722915.43
15.5299417629 1412722915.74
14.9968310688 1412722916.11
14.7356956498 1412722916.49
14.7163483839 1412722916.8
14.5767673025 1412722917.1
14.7074809025 1412722917.37
14.7397354163 1412722917.64
14.6795667082 1412722917.93
14.8327835557 1412722918.22
14.8407369707 1412722918.52
14.927954684 1412722918.79
14.8789301308 1412722919.1
14.9451841657 1412722919.39
14.8742108063 1412722919.68
14.9321144966 1412722919.97
14.9135021647 1412722920.27
14.9253726587 1412722920.52
14.862539303 1412722920.79
14.7909041675 1412722921.07
14.7669215899 1412722921.37
14.6988096449 1412722921.62
14.7073777234 1412722921.88
14.905119742 1412722922.16
15.217140733 1412722922.43
15.5380011352 1412722922.72
15.7788152427 1412722923.01
15.9340115271 1412722923.27
16.1170374956 1412722923.53
16.2401374558 1412722923.82
16.364853412 1412722924.09
16.3614764017 1412722924.38
16.3755885311 1412722924.68
16.436646875 1412722924.99
16.4915308774 1412722925.28
16.4939532115 1412722925.6
16.577833791 1412722925.92
16.6054539268 1412722926.25
16.6645838214 1412722926.59
16.6542650484 1412722926.9
16.5946801275 1412722927.21
16.5894765023 1412722927.53
16.5626812067 1412722928.05
16.5942219329 1412722928.44
16.5808916868 1412722928.74
16.5473051737 1412722929.04
16.5015201778 1412722929.36
16.3873875313 1412722929.64
16.3541650735 1412722929.93
16.2729235883 1412722930.24
16.2267558787 1412722930.54
16.1471546875 1412722930.85
16.0495051164 1412722931.13
15.997174875 1412722931.45
15.8743280208 1412722931.74
15.8195693318 1412722932.07
15.6673059681 1412722932.36
15.6740924064 1412722932.66
15.6419980154 1412722932.97
15.5747984623 1412722933.29
15.4927752155 1412722933.59
15.4486565384 1412722933.9
15.3266231626 1412722934.19
15.2133039026 1412722934.48
15.117328539 1412722934.8
15.0230091564 1412722935.09
14.8868450089 1412722935.37
14.8689073442 1412722935.68
14.8215052405 1412722936.0
14.7203160073 1412722936.3
14.6050310785 1412722936.6
14.534785251 1412722936.87
14.4376998345 1412722937.23
14.3944173181 1412722937.52
14.3023175924 1412722937.83
14.1866461418 1412722938.12
14.1088423603 1412722938.46
14.0675021688 1412722938.82
14.0274280229 1412722939.15
13.9118681964 1412722939.41
13.8863611271 1412722939.72
13.8601076568 1412722940.03
13.8727062189 1412722940.3
13.9346821978 1412722940.57
13.9757379383 1412722940.86
13.9687875928 1412722941.13
14.0194228999 1412722941.45
13.9955181018 1412722941.74
13.9697864423 1412722941.98
13.9308904946 1412722942.25
13.8865738578 1412722942.54
13.8752507986 1412722942.83
13.8339287675 1412722943.15
13.7889330925 1412722943.43
13.7081943432 1412722943.73
13.6562199733 1412722943.98
13.6585901937 1412722944.26
13.6149815971 1412722944.5
13.5257290863 1412722944.81
13.4863446907 1412722945.1
13.4404444884 1412722945.37
13.3983568668 1412722945.66
13.3806797698 1412722945.93
13.3275980982 1412722946.23
13.3131516776 1412722946.52
13.2237330035 1412722946.83
13.1985592642 1412722947.11
13.1369290604 1412722947.48
13.0688162085 1412722947.83
13.0316844297 1412722948.11
13.0043013013 1412722948.37
12.9526361292 1412722948.63
12.8581141957 1412722948.89
12.8026732535 1412722949.16
12.7171804436 1412722949.44
12.6729135739 1412722949.71
12.6761872812 1412722949.98
12.503752937 1412722950.24
12.4077867884 1412722950.54
12.2779648012 1412722950.8
12.1635407868 1412722951.1
12.0829552654 1412722951.38
11.9539354931 1412722951.67
11.8338664381 1412722951.95
11.7553517278 1412722952.26
11.6447539372 1412722952.53
11.5166482167 1412722952.87
11.3214771454 1412722953.21
11.2297544552 1412722953.51
11.0062247819 1412722953.81
10.8785952095 1412722954.11
10.7303566482 1412722954.44
10.5558254651 1412722954.78
10.5124392335 1412722955.09
10.3946203594 1412722955.42
10.236083376 1412722955.75
10.1545342043 1412722956.11
9.9933811872 1412722956.45
9.92999884304 1412722956.77
9.84767914659 1412722957.1
9.79443869658 1412722957.48
9.67217310836 1412722957.85
9.5885818898 1412722958.27
9.45907734726 1412722958.63
9.36451901293 1412722959.0
9.23331122151 1412722959.41
9.12101377952 1412722959.99
9.08222915208 1412722960.34
8.95487811855 1412722960.69
8.88195570864 1412722961.06
8.79079770392 1412722961.41
8.74136509862 1412722961.79
8.624703133 1412722962.12
8.54861961772 1412722962.47
8.36385903542 1412722962.79
8.23870372582 1412722963.14
8.16809938003 1412722963.5
8.1523757572 1412722963.87
8.06123182968 1412722964.27
7.94918452042 1412722964.65
7.89466942937 1412722964.99
7.89531298546 1412722965.31
7.87664531028 1412722965.65
7.78752341946 1412722966.03
7.78598921513 1412722966.46
7.78829093994 1412722966.84
7.79169511548 1412722967.18
7.67896967797 1412722967.55
7.51937163579 1412722967.93
7.50837118911 1412722968.3
7.55985506863 1412722968.63
7.60577122515 1412722968.98
7.64410326101 1412722969.35
7.57965832719 1412722969.71
7.57963437418 1412722970.09
7.68847182035 1412722970.58
7.7646344488 1412722970.96
7.85416587881 1412722971.29
7.87761768649 1412722971.64
7.89466556776 1412722971.99
7.87090170169 1412722972.37
7.91640431379 1412722972.74
7.87909926292 1412722973.13
7.98786274722 1412722973.54
8.12379587642 1412722973.94
8.30033472637 1412722974.49
8.44634836244 1412722974.95
8.53613050471 1412722975.33
8.29987874589 1412722975.71
8.41613113372 1412722976.11
8.5343041945 1412722976.5
8.64640675994 1412722976.84
8.4497569571 1412722977.23
8.53841657101 1412722977.7
8.53061541386 1412722978.08
8.60188700253 1412722978.52
8.5629271883 1412722978.94
8.63415511198 1412722979.34
8.60882089975 1412722979.77
8.69574224127 1412722980.15
