28.3119218855 1412722001.25
28.261766944 1412722001.34
28.348205999 1412722001.43
28.4431240714 1412722001.54
28.5990408258 1412722001.64
28.882888928 1412722001.73
28.8802464769 1412722001.83
28.9947109812 1412722001.93
28.3835423211 1412722002.01
25.3199052381 1412722002.1
19.1240388068 1412722002.18
16.3488312803 1412722002.3
16.885661512 1412722002.41
15.9670202894 1412722002.5
16.0346198965 1412722002.58
15.6069977686 1412722002.69
15.9500430019 1412722002.79
15.4700570202 1412722002.9
15.2881910456 1412722003.01
15.5813645895 1412722003.11
15.2357883918 1412722003.22
15.0210892716 1412722003.32
14.7996228407 1412722003.43
14.5656924459 1412722003.53
14.4407956687 1412722003.64
14.2334197992 1412722003.75
14.3002990156 1412722003.85
14.2208698992 1412722003.96
14.2230683136 1412722004.06
14.1213576319 1412722004.17
14.0887466007 1412722004.29
13.898529919 1412722004.42
13.8686904681 1412722004.53
13.7042344447 1412722004.65
13.6301295737 1412722004.74
13.3681169522 1412722004.85
13.2385887229 1412722004.96
13.2327477295 1412722005.05
13.1570028566 1412722005.14
12.9505622957 1412722005.26
12.8060188195 1412722005.38
12.703493799 1412722005.48
12.6070378155 1412722005.58
12.3943781398 1412722005.7
12.3159649666 1412722005.8
12.3145567092 1412722005.92
12.1208062086 1412722006.05
11.9839305746 1412722006.15
11.9085405444 1412722006.27
11.6876831264 1412722006.42
11.6470307617 1412722006.52
11.5386683081 1412722006.62
11.4867000076 1412722006.7
11.3789880188 1412722006.8
11.3082201718 1412722006.87
11.1763853226 1412722006.97
11.0101710415 1412722007.06
10.9674008687 1412722007.16
10.959484028 1412722007.26
10.8205043686 1412722007.36
10.7983796775 1412722007.45
10.7160417287 1412722007.54
10.721484936 1412722007.65
10.4948826031 1412722007.76
10.5041255973 1412722007.84
10.5023069946 1412722007.92
10.4033411297 1412722008.02
10.3478529903 1412722008.11
10.2625752377 1412722008.2
10.2745565632 1412722008.32
10.1832177501 1412722008.42
10.1594447518 1412722008.51
10.1274947458 1412722008.61
10.0277586676 1412722008.7
9.92657682434 1412722008.8
9.90917818013 1412722008.9
9.87286203381 1412722009.0
9.86641401701 1412722009.1
9.86651183021 1412722009.22
9.75120257043 1412722009.32
9.81046263054 1412722009.45
9.81680114943 1412722009.55
9.83675496603 1412722009.65
9.68492374114 1412722009.75
9.70828404059 1412722009.85
9.68905416289 1412722009.97
9.67884614988 1412722010.08
9.66241550038 1412722010.19
9.71174766205 1412722010.3
9.59483850802 1412722010.42
9.6124233031 1412722010.52
9.60566581681 1412722010.61
9.62913258013 1412722010.73
9.62634370992 1412722010.85
9.62555679636 1412722010.94
9.62662599368 1412722011.03
9.66577435871 1412722011.14
9.49293382309 1412722011.24
9.49125545964 1412722011.33
9.49068597057 1412722011.43
9.50926926228 1412722011.56
9.50778863065 1412722011.67
9.57829571608 1412722011.8
9.58926124504 1412722011.98
9.60063715352 1412722012.12
9.61235130025 1412722012.25
9.62451813553 1412722012.41
9.63693229924 1412722012.55
9.64958016355 1412722012.69
9.74623617978 1412722012.83
9.75522169148 1412722012.97
9.76438505968 1412722013.1
9.78288617896 1412722013.23
9.79229709623 1412722013.34
9.80182279915 1412722013.45
9.81148440404 1412722013.58
9.82116170867 1412722013.71
9.83087616184 1412722013.85
9.84066269233 1412722013.95
9.85042818353 1412722014.08
9.86633924574 1412722014.2
9.8772440759 1412722014.36
9.88832066867 1412722014.47
9.89200265926 1412722014.58
9.91263165701 1412722014.68
9.87797192785 1412722014.79
9.88689361817 1412722014.89
9.89580800187 1412722015.01
9.90467403144 1412722015.12
9.91348060707 1412722015.22
9.82156367086 1412722015.35
9.72399242168 1412722015.46
9.73450585794 1412722015.58
9.74521202526 1412722015.67
9.75610624659 1412722015.77
9.7671093253 1412722015.88
9.77823987747 1412722015.98
9.78926240458 1412722016.07
9.80075394935 1412722016.17
9.81240162217 1412722016.29
9.83191799345 1412722016.43
9.84350704591 1412722016.54
9.70102438967 1412722016.68
9.6415463064 1412722016.8
9.64911079057 1412722016.9
9.65650893055 1412722017.01
9.50337076668 1412722017.12
9.50722709445 1412722017.23
9.51105462894 1412722017.33
9.51482920157 1412722017.45
9.51863535822 1412722017.57
9.52226731867 1412722017.73
9.52586472474 1412722017.9
9.52938920941 1412722018.04
9.53286116741 1412722018.14
9.53286297305 1412722018.3
9.4123451034 1412722018.42
9.42030742054 1412722018.54
9.42816562415 1412722018.66
9.43594571543 1412722018.76
9.44359220255 1412722018.88
9.45114557136 1412722018.98
9.45858489089 1412722019.08
9.34964272777 1412722019.17
9.36029697533 1412722019.28
9.37315279879 1412722019.38
9.38347582461 1412722019.51
9.39375797709 1412722019.63
9.40406362945 1412722019.73
9.41422473575 1412722019.86
9.42428488216 1412722020.08
9.43428847686 1412722020.21
9.44414765785 1412722020.4
9.45391862593 1412722020.52
9.4635969859 1412722020.64
9.47312561755 1412722020.75
9.48256935166 1412722020.87
9.49189801939 1412722020.97
9.48697142605 1412722021.11
9.49671154019 1412722021.23
9.5062903184 1412722021.32
9.51571694235 1412722021.44
9.52500889531 1412722021.56
9.41079558543 1412722021.66
9.29710106846 1412722021.76
9.30865330679 1412722021.88
9.32008478343 1412722021.99
9.31460390521 1412722022.2
9.32615400097 1412722022.49
9.3204610834 1412722022.66
9.33222988387 1412722022.84
9.31618331568 1412722022.98
9.32792209708 1412722023.14
9.33948731399 1412722023.27
9.32389904462 1412722023.4
9.33539543118 1412722023.52
9.32014451264 1412722023.63
9.33164955515 1412722023.77
9.23522708153 1412722023.88
9.24489035318 1412722024.02
