35.8623760139 1412728391.2
36.1961487833 1412728391.92
36.0544542267 1412728392.64
36.1542334185 1412728393.35
36.6387678075 1412728394.01
37.9570053146 1412728394.74
38.7390037161 1412728395.44
39.6328069314 1412728396.2
40.2054425503 1412728396.96
40.9131565512 1412728397.72
41.1648204608 1412728398.48
41.1385595818 1412728399.19
41.6562727102 1412728399.9
42.3376375316 1412728400.75
43.0384590663 1412728401.66
43.0931507832 1412728402.57
43.3093011368 1412728403.41
43.4497868492 1412728404.24
43.6324926966 1412728405.01
43.5753773705 1412728405.75
43.3492268144 1412728406.52
43.3759417035 1412728407.26
43.3922042271 1412728408.0
43.7407715771 1412728408.76
43.6352243009 1412728409.64
43.8442042254 1412728410.46
43.7720118684 1412728411.21
44.2053823231 1412728411.99
44.4948643466 1412728412.77
44.8583133057 1412728413.56
45.1673161472 1412728414.34
45.1413814995 1412728415.19
45.2419712299 1412728416.03
45.1992773199 1412728416.87
44.957521718 1412728417.7
44.5954889882 1412728418.55
44.2655938385 1412728419.39
44.1966951142 1412728420.23
44.0904703101 1412728421.0
44.1720144168 1412728421.67
43.8830292506 1412728422.46
44.4478915251 1412728423.2
44.4582791393 1412728423.94
44.447118753 1412728424.73
44.0136408356 1412728425.61
44.3549416783 1412728426.52
44.3718507472 1412728427.42
44.5464709057 1412728428.34
44.4856802983 1412728429.26
44.0373515456 1412728430.17
44.1082596901 1412728430.94
44.1737322029 1412728431.74
44.1487474353 1412728432.56
44.1549045301 1412728433.35
44.2061124049 1412728434.1
43.8950565312 1412728434.87
44.1002098729 1412728435.61
43.8174749078 1412728436.41
43.7227310218 1412728437.21
43.5379259358 1412728437.97
43.4362429057 1412728438.83
42.1269805775 1412728439.75
40.2898830744 1412728440.59
35.1680844858 1412728441.43
32.8441413747 1412728442.27
29.5067801134 1412728443.09
27.1974941196 1412728443.92
27.0210100909 1412728444.76
26.7815497197 1412728445.65
25.9053213882 1412728446.55
26.0561644891 1412728447.45
25.2612035287 1412728448.24
24.2501476731 1412728449.01
23.1288677764 1412728449.81
22.7404626276 1412728450.65
22.4638013078 1412728451.44
21.8317797402 1412728452.24
22.0685436262 1412728453.07
22.0807414763 1412728453.94
21.8807615678 1412728454.8
21.5677297475 1412728455.86
21.6631590857 1412728456.79
21.9329824423 1412728457.78
22.3383855045 1412728458.78
23.8232108647 1412728459.78
24.6289883649 1412728460.76
25.2615634699 1412728461.7
24.7583334131 1412728462.64
24.473072394 1412728463.46
25.2827679442 1412728464.34
25.1217501295 1412728465.25
24.3505565824 1412728466.13
24.656678025 1412728467.06
24.342125474 1412728468.04
24.8145062738 1412728469.03
24.1202653323 1412728470.06
23.3860496098 1412728471.15
23.2171058437 1412728472.23
22.9849708761 1412728473.24
23.0299137254 1412728474.26
22.4975435335 1412728475.34
22.4728263557 1412728476.4
22.5638982775 1412728477.46
22.6892403443 1412728478.57
22.6435500482 1412728479.65
22.4973484245 1412728480.71
22.4884089645 1412728481.78
22.6902532546 1412728482.86
22.5401142834 1412728483.97
22.6442059266 1412728485.21
22.4621272078 1412728486.33
22.5324387236 1412728487.47
21.4628487341 1412728488.61
21.3016022298 1412728489.86
21.2917226905 1412728490.96
21.3455930506 1412728492.07
22.2457474452 1412728493.25
22.4332558413 1412728494.4
22.49547138 1412728495.59
22.6113740119 1412728496.81
23.1209467484 1412728498.05
23.1866948698 1412728499.34
23.2035972567 1412728500.68
23.1366341842 1412728501.93
23.2225354068 1412728503.12
23.168333612 1412728504.3
23.1477728787 1412728505.5
23.2060156967 1412728506.69
23.4260204395 1412728507.81
23.5284578594 1412728509.01
25.1004874437 1412728510.23
25.1501314918 1412728511.43
25.1950925843 1412728512.59
25.3632703449 1412728513.74
25.3436419707 1412728514.92
25.123005209 1412728516.14
25.1113152869 1412728517.42
25.0996433833 1412728518.65
24.9902460177 1412728519.84
25.00799476 1412728521.09
25.9290297282 1412728522.31
26.3111992089 1412728523.49
26.3471381336 1412728524.66
26.4143558559 1412728525.89
26.4637451457 1412728527.09
26.1408328111 1412728528.31
26.2679926315 1412728529.58
26.1643407492 1412728530.79
26.1697309052 1412728531.99
25.8815236136 1412728533.19
26.0888426261 1412728534.32
26.1548378066 1412728535.48
26.3364468247 1412728536.67
26.4247870098 1412728537.83
26.4444799562 1412728539.01
26.461325179 1412728540.24
26.4346578219 1412728541.42
26.3101902306 1412728542.6
26.3225603583 1412728543.71
26.333538574 1412728544.85
26.3304706432 1412728545.96
26.1552721013 1412728547.12
26.3366516151 1412728548.3
26.3468562832 1412728549.47
26.3283429027 1412728550.68
26.2569186994 1412728551.87
26.223128663 1412728553.07
26.2247264576 1412728554.27
26.2066519084 1412728555.47
26.0451153842 1412728556.65
26.1668785594 1412728557.77
26.3338488598 1412728558.99
26.3112905762 1412728560.12
26.318226699 1412728561.28
26.324663016 1412728562.42
26.284209546 1412728563.61
26.2794160966 1412728564.78
26.2848789425 1412728565.9
26.2791774425 1412728567.09
26.2735945345 1412728568.24
26.282539112 1412728569.44
26.2753712105 1412728570.64
26.1356907307 1412728571.76
26.2346986547 1412728572.93
26.2402188649 1412728574.07
26.2459136636 1412728575.21
26.2507293328 1412728576.37
26.2550243214 1412728577.55
26.3058840465 1412728578.71
26.2553771961 1412728579.86
26.1371620855 1412728581.04
26.0925102196 1412728582.21
26.1068492236 1412728583.35
26.1171681759 1412728584.52
26.0579531367 1412728585.71
25.9970365839 1412728586.89
26.019250616 1412728588.07
26.0116425399 1412728589.27
26.0285225305 1412728590.44
26.0999550595 1412728591.69
