41.9030599393 1412747543.17
39.6062032266 1412747544.71
36.9376218886 1412747546.17
34.8555660316 1412747547.7
34.1988405068 1412747549.21
33.5079357929 1412747550.7
34.1948688728 1412747552.16
34.503646642 1412747553.74
34.3020642015 1412747555.2
33.8623304432 1412747556.7
33.2748920426 1412747558.17
32.6250500406 1412747559.67
32.2967177937 1412747561.16
31.8762668577 1412747562.66
31.448185686 1412747564.16
30.5850001213 1412747565.65
30.2944988818 1412747567.19
30.0092561525 1412747568.71
29.4652940996 1412747570.2
29.2259860548 1412747571.77
28.9820400622 1412747573.37
28.7528675975 1412747575.0
28.4786191863 1412747576.58
28.1562670917 1412747578.18
27.8161797017 1412747579.75
27.5411642826 1412747581.4
27.048096157 1412747582.94
27.0062702457 1412747584.59
26.7211609505 1412747586.21
26.5870703362 1412747587.79
26.3714755265 1412747589.37
26.1011885248 1412747591.01
25.8435168148 1412747592.61
25.7990406387 1412747594.29
25.6030099211 1412747595.86
25.2443985851 1412747597.48
25.1133844819 1412747599.17
24.9822485354 1412747600.81
24.8874504809 1412747602.48
24.7812174279 1412747604.09
24.6597060543 1412747605.78
24.4216614838 1412747607.4
24.4706196841 1412747609.0
24.4711951943 1412747610.61
24.4716689859 1412747612.21
24.1892120526 1412747613.79
24.1398199052 1412747615.36
24.1759720891 1412747616.92
24.0058818756 1412747618.49
24.1300461581 1412747620.11
24.2061498345 1412747621.65
23.9739974174 1412747623.24
23.8220694437 1412747624.84
23.834490462 1412747626.44
23.8441900321 1412747628.01
23.8025277496 1412747629.58
23.7516859845 1412747631.19
23.5856768151 1412747632.77
23.5560320253 1412747634.32
23.3227100542 1412747635.9
23.3036314264 1412747637.49
23.2532940275 1412747639.16
23.2641092166 1412747640.73
23.2772316936 1412747642.3
23.2671243024 1412747643.95
23.2457708226 1412747645.52
23.1945655247 1412747647.14
23.1105085763 1412747648.71
23.0437606808 1412747650.24
23.0049684922 1412747651.86
23.1019307076 1412747653.57
23.1687249441 1412747655.21
23.1351563979 1412747656.86
23.1980894121 1412747658.51
23.1464536766 1412747660.14
23.1542328366 1412747661.8
23.0889564447 1412747663.44
23.1471585287 1412747665.06
23.0926446706 1412747666.68
23.0999052626 1412747668.31
23.1083621305 1412747669.9
23.0451953204 1412747671.5
23.0024921885 1412747673.08
23.0926742261 1412747674.73
23.0238626604 1412747676.32
23.0497102404 1412747677.94
22.9686415687 1412747679.61
23.0140509014 1412747681.25
22.9251271454 1412747682.86
23.004036578 1412747684.6
22.9545381667 1412747686.22
22.9443782105 1412747687.86
22.7468254069 1412747689.44
22.8948131205 1412747691.03
22.7421764341 1412747692.68
22.7983000465 1412747694.27
22.8413331752 1412747695.91
22.7327783991 1412747697.55
22.692720279 1412747699.23
22.4683094553 1412747700.82
22.3811401888 1412747702.46
22.3526528676 1412747704.07
22.2942799431 1412747705.79
22.3647162753 1412747707.39
22.3120329284 1412747709.01
22.3256134675 1412747710.62
22.2249645838 1412747712.24
22.2179365446 1412747713.84
21.9885435822 1412747715.51
21.9587429971 1412747717.11
21.7071269009 1412747718.77
21.7338893636 1412747720.4
21.7567656457 1412747722.05
21.5339320756 1412747723.72
21.5017809241 1412747725.33
21.4868617859 1412747726.98
21.6000109106 1412747728.67
21.4950549707 1412747730.39
21.4631662402 1412747732.07
21.5079605084 1412747733.72
21.4165242612 1412747735.43
21.3226293183 1412747737.12
21.2391925759 1412747738.87
21.1934484946 1412747740.58
21.0373572668 1412747742.26
20.9396229124 1412747743.97
20.7491645461 1412747745.69
20.690293002 1412747747.38
20.5747611654 1412747749.27
20.4443359462 1412747751.01
20.3043016312 1412747752.68
20.0646030979 1412747754.43
20.08241479 1412747756.18
20.091679291 1412747757.97
20.0493571597 1412747759.71
20.0477520805 1412747761.47
19.9271105466 1412747763.22
19.8361768404 1412747765.04
19.9036676278 1412747766.81
19.737333678 1412747768.59
19.7316475773 1412747770.41
19.5894741525 1412747772.17
19.4554544092 1412747773.96
19.5212165278 1412747775.87
19.3192136111 1412747777.75
19.4544525958 1412747779.66
19.4489540002 1412747781.55
19.491246643 1412747783.49
19.4027474005 1412747785.36
19.3620864548 1412747787.3
19.3454266912 1412747789.28
19.3519697808 1412747791.26
19.3090913916 1412747793.21
19.2599601816 1412747795.09
19.2057867414 1412747797.13
19.2181002165 1412747799.09
19.1930406921 1412747801.05
19.1339568024 1412747802.91
19.101836487 1412747804.82
19.1427639358 1412747806.7
19.1312250154 1412747808.61
19.1428420156 1412747810.48
18.9339091638 1412747812.34
18.9283625633 1412747814.29
18.8081474783 1412747816.19
18.7656349027 1412747818.16
18.7989048607 1412747820.08
18.8769777748 1412747821.97
18.8131319438 1412747823.87
18.793162596 1412747825.76
18.8341103334 1412747827.6
18.9441785748 1412747829.55
18.9531521603 1412747831.52
18.8596882269 1412747833.41
18.8864466484 1412747835.28
18.8715066046 1412747837.22
18.8804096432 1412747839.16
18.7745251511 1412747841.09
18.7374793746 1412747843.02
18.7253223863 1412747844.98
18.7176144772 1412747846.96
18.688786349 1412747848.95
18.6798876534 1412747850.87
18.6651230152 1412747852.81
18.6908127657 1412747854.73
18.6993762169 1412747856.65
18.6546220986 1412747858.63
18.6818036251 1412747860.71
18.7049578972 1412747862.71
18.6335135436 1412747864.7
18.6281377587 1412747866.6
18.534704703 1412747868.49
18.4976859217 1412747870.36
18.3424300554 1412747872.22
18.3971845384 1412747874.08
18.4241661498 1412747876.02
18.4079175509 1412747877.9
18.327015605 1412747879.78
18.3294509172 1412747881.68
18.2710314393 1412747883.6
