62.9505223519 1412738891.89
59.7944519893 1412738892.9
57.3450303181 1412738893.88
56.6725490547 1412738894.89
56.0002772569 1412738895.9
55.4127611426 1412738896.94
55.6388327046 1412738898.01
55.2215095602 1412738899.1
55.1086641062 1412738900.18
55.2113542145 1412738901.27
55.1753982934 1412738902.39
55.5540119981 1412738903.53
55.6477761887 1412738904.62
56.4069156467 1412738905.66
56.8939128263 1412738906.79
57.776907613 1412738907.9
58.4999681332 1412738909.02
58.9216704791 1412738910.14
59.2937520779 1412738911.35
59.7028330524 1412738912.48
60.4234777112 1412738913.66
60.910873589 1412738914.86
61.2823511275 1412738916.07
61.9664019338 1412738917.23
62.3741021068 1412738918.42
62.6564493483 1412738919.61
62.7320892185 1412738920.77
63.1339749101 1412738921.98
63.3243008548 1412738923.15
63.8196119242 1412738924.33
63.9437363408 1412738925.52
64.1687851535 1412738926.69
64.6152543569 1412738927.87
64.6149520332 1412738929.06
64.8061050442 1412738930.23
64.8747412397 1412738931.43
64.9311192252 1412738932.62
64.9418478782 1412738933.83
65.0785155619 1412738934.98
65.1683116775 1412738936.18
65.4216376865 1412738937.38
65.7553576748 1412738938.47
65.8751236823 1412738939.6
65.946139893 1412738940.8
66.1230329857 1412738941.91
66.1731858913 1412738943.09
66.3521547228 1412738944.21
66.4336918511 1412738945.37
66.4753471193 1412738946.55
66.5089095442 1412738947.76
66.3478438906 1412738948.91
66.2960751232 1412738950.02
66.269044207 1412738951.19
66.175595967 1412738952.27
66.2562739946 1412738953.41
66.2151447533 1412738954.53
66.167942568 1412738955.68
66.0074145709 1412738956.81
66.0160702565 1412738958.02
65.9914883143 1412738959.29
65.8826945503 1412738960.42
65.8680206639 1412738961.54
65.6977295717 1412738962.67
65.8576244027 1412738963.8
66.0707295908 1412738964.91
66.3105692717 1412738966.06
66.4024970617 1412738967.2
66.3961796941 1412738968.37
66.3553265779 1412738969.49
66.452664478 1412738970.63
66.468605018 1412738971.73
66.4696758454 1412738972.88
66.5005176367 1412738974.03
66.6169183797 1412738975.17
66.6866207653 1412738976.3
66.7038356358 1412738977.46
66.8098747603 1412738978.67
66.9671225599 1412738979.82
66.9893005063 1412738981.03
67.0764166512 1412738982.2
67.0875497689 1412738983.35
66.8903095016 1412738984.49
66.7060915482 1412738985.65
66.551920513 1412738986.8
66.4328593793 1412738987.91
66.4528953806 1412738989.02
66.4829791333 1412738990.19
66.4946146433 1412738991.33
66.4471075389 1412738992.5
66.3683430142 1412738993.59
66.3548389575 1412738994.76
66.3428342667 1412738995.89
66.372793226 1412738997.06
66.3440510951 1412738998.22
66.2223666611 1412738999.36
66.2593013382 1412739000.45
66.1956417398 1412739001.61
66.2884480066 1412739002.72
66.2878001983 1412739003.9
66.416880079 1412739005.05
66.5682709712 1412739006.15
66.8409385309 1412739007.3
66.9339888283 1412739008.49
66.7010377019 1412739009.61
66.9816238426 1412739010.74
67.0408186541 1412739011.88
66.8133028249 1412739012.99
67.1496603938 1412739014.12
67.4429740608 1412739015.21
67.6315426707 1412739016.34
67.7902376644 1412739017.5
67.8161477945 1412739018.61
68.0905456547 1412739019.76
68.3037961905 1412739020.88
68.5180379348 1412739022.06
68.8462931473 1412739023.23
69.1577397318 1412739024.35
69.518334379 1412739025.44
69.763176781 1412739026.53
70.0267781486 1412739027.67
70.4296851027 1412739028.82
70.5604087314 1412739029.93
70.8901420806 1412739031.05
71.0785214841 1412739032.17
71.1856188457 1412739033.24
71.4537417527 1412739034.37
71.6574207739 1412739035.48
71.8269626709 1412739036.66
72.2237724124 1412739037.86
72.4164898078 1412739039.2
72.651662812 1412739040.55
73.0494664426 1412739041.9
73.2973048189 1412739043.21
73.6180614446 1412739044.54
74.0197932252 1412739045.89
74.2245665446 1412739047.19
74.6192429975 1412739048.61
74.8407071611 1412739049.96
74.8384600869 1412739051.26
74.868917613 1412739052.64
74.8386246382 1412739053.91
74.6303368336 1412739055.19
74.4034947334 1412739056.53
74.2696572805 1412739057.9
74.1440748713 1412739059.18
74.3135609933 1412739060.45
74.1888016821 1412739061.92
74.5214253586 1412739063.24
74.3932589879 1412739064.53
74.214318515 1412739065.85
74.4319467099 1412739067.18
74.2209602851 1412739068.55
74.436703072 1412739069.92
74.2075780895 1412739071.19
74.4715227864 1412739072.52
74.3610703161 1412739073.82
74.5634903059 1412739075.2
74.4995453426 1412739076.51
74.6781671509 1412739077.84
74.4196710658 1412739079.14
74.3582656404 1412739080.5
74.5042996406 1412739081.81
74.7170721363 1412739083.17
74.7176688669 1412739084.51
74.701912473 1412739085.84
74.6331428529 1412739087.19
74.5551567142 1412739088.55
74.4332412338 1412739089.96
74.5630023912 1412739091.34
74.7179266191 1412739092.73
74.7905064672 1412739094.09
74.8692841479 1412739095.46
74.9735870562 1412739096.83
75.0445275094 1412739098.18
75.1209520029 1412739099.56
75.1731366607 1412739100.87
75.1782893239 1412739102.17
75.2539413127 1412739103.48
75.2476423019 1412739104.77
75.3084353784 1412739106.11
75.2685753566 1412739107.47
75.1893164668 1412739108.81
75.238866093 1412739110.09
75.2764985583 1412739111.35
75.315063748 1412739112.66
75.3548847657 1412739113.95
75.339060118 1412739115.27
75.3681465224 1412739116.63
75.3978001048 1412739117.94
75.4284204873 1412739119.33
75.4718270065 1412739120.67
75.558470622 1412739122.0
75.5864441665 1412739123.31
75.615047554 1412739124.58
75.7093435803 1412739125.87
75.7277021784 1412739127.19
75.8646667693 1412739128.59
75.9455973363 1412739129.9
75.9836396855 1412739131.29
76.0668706622 1412739132.68
