38.945251331 1412722738.43
40.8847627235 1412722738.66
42.800112313 1412722738.86
44.3405327617 1412722739.06
45.8524946264 1412722739.21
46.827137455 1412722739.34
48.8418890169 1412722739.48
50.4483098083 1412722739.61
52.8412890206 1412722739.77
55.1242980541 1412722739.9
57.6213044871 1412722740.05
59.5210070262 1412722740.18
61.5275350555 1412722740.31
63.3869377619 1412722740.46
64.1210318322 1412722740.59
64.8753743084 1412722740.71
66.466129444 1412722740.83
66.5590242001 1412722740.94
67.6097223407 1412722741.06
68.3958907736 1412722741.17
68.4692607293 1412722741.31
67.4538011811 1412722741.44
67.508852189 1412722741.59
67.5980734491 1412722741.71
68.735564571 1412722741.85
69.7382597351 1412722741.96
70.3752537979 1412722742.09
70.5672766368 1412722742.23
70.1471277716 1412722742.38
70.7918384246 1412722742.49
70.8295067845 1412722742.6
70.6901441596 1412722742.79
71.1711621686 1412722742.92
71.5532038796 1412722743.04
71.6476242851 1412722743.17
71.4858001229 1412722743.3
71.6383349519 1412722743.44
71.8586226221 1412722743.58
71.9345957251 1412722743.71
72.4260648272 1412722743.85
72.5257122785 1412722743.99
72.5826768249 1412722744.11
73.3544460684 1412722744.26
73.4067262113 1412722744.4
73.3109586042 1412722744.52
73.3314521129 1412722744.67
73.3676456036 1412722744.81
73.4138924431 1412722744.94
73.4331910563 1412722745.09
73.7657828588 1412722745.24
73.7941516794 1412722745.36
73.807131721 1412722745.48
73.8210717195 1412722745.61
73.7201668122 1412722745.8
73.7403495332 1412722745.94
73.7676973334 1412722746.09
73.7963025686 1412722746.23
73.8280000986 1412722746.36
73.7542422502 1412722746.5
73.775961292 1412722746.65
73.7978017239 1412722746.79
74.3064120342 1412722746.95
74.3081575316 1412722747.05
74.3108311886 1412722747.18
74.3143441063 1412722747.34
74.3218777714 1412722747.5
74.3254484722 1412722747.64
74.329523527 1412722747.77
74.3344705996 1412722747.96
74.3551321966 1412722748.15
74.3565904565 1412722748.36
74.3584602035 1412722748.56
74.3612567012 1412722748.75
74.367871811 1412722748.95
74.3739488911 1412722749.16
74.3794500549 1412722749.36
74.374517365 1412722749.55
74.3931250208 1412722749.74
74.3983149034 1412722749.93
74.4030773739 1412722750.14
74.4066389548 1412722750.34
74.4109966672 1412722750.53
74.4142733006 1412722750.73
74.4176001352 1412722750.92
74.4218417955 1412722751.13
74.4249224233 1412722751.33
74.4287643814 1412722751.51
74.4317428801 1412722751.72
74.4346511209 1412722751.94
74.438475457 1412722752.12
74.4412447211 1412722752.32
74.4448475026 1412722752.53
74.4474040931 1412722752.72
74.4500919482 1412722752.9
74.4536308488 1412722753.09
74.4561368058 1412722753.29
74.4594354042 1412722753.5
74.4618628173 1412722753.68
74.4643906544 1412722753.88
74.4676130766 1412722754.09
74.4700023011 1412722754.29
74.4724448106 1412722754.5
74.4755984289 1412722754.69
74.4779371576 1412722754.94
74.4810527559 1412722755.14
74.4832337917 1412722755.37
74.4855275534 1412722755.57
74.4886049096 1412722755.77
74.4908360413 1412722756.0
74.493071345 1412722756.24
75.4869761232 1412722756.39
75.5089707999 1412722756.52
75.5283421447 1412722756.66
75.5472620489 1412722756.81
75.5671314652 1412722756.98
75.5845104578 1412722757.13
76.0986790139 1412722757.27
76.1082303076 1412722757.41
76.1178504764 1412722757.58
76.1275047846 1412722757.73
76.1370131348 1412722757.91
76.1470227353 1412722758.04
76.1527161458 1412722758.17
76.1652889869 1412722758.32
75.5998662495 1412722758.53
75.6231422804 1412722758.71
75.6473998893 1412722758.91
75.6716405031 1412722759.11
75.6962419486 1412722759.25
75.7212665764 1412722759.39
75.7465489251 1412722759.54
75.7726571485 1412722759.69
75.8003737175 1412722759.83
75.8282198272 1412722759.93
75.8565744645 1412722760.05
76.184463626 1412722760.2
76.2300313296 1412722760.34
76.2771068666 1412722760.46
76.3252335963 1412722760.61
76.374742429 1412722760.74
76.4255240425 1412722760.86
76.4443056866 1412722761.01
77.1488216202 1412722761.16
77.3304780209 1412722761.28
77.457292302 1412722761.41
77.5887735449 1412722761.55
77.3595616322 1412722761.68
78.1126912809 1412722761.86
78.2223175608 1412722762.02
78.446416538 1412722762.18
78.5703758022 1412722762.35
78.71929014 1412722762.51
79.1223819115 1412722762.65
79.3271187519 1412722762.79
79.7924686855 1412722762.93
79.8743235628 1412722763.08
80.4592825077 1412722763.23
80.317109969 1412722763.43
79.4688611379 1412722763.62
79.7600901909 1412722763.8
80.1320245874 1412722763.95
80.6735231488 1412722764.11
80.9695893367 1412722764.27
80.6364874704 1412722764.4
81.1548131522 1412722764.53
82.0715555923 1412722764.66
82.3751158278 1412722764.79
81.7557697991 1412722764.91
82.1185459896 1412722765.04
82.5538665593 1412722765.16
82.8294801639 1412722765.27
83.0396080542 1412722765.39
84.4853098831 1412722765.49
84.9379025407 1412722765.6
83.3207438231 1412722765.74
83.5924106893 1412722765.88
83.9621003425 1412722765.99
84.3769160427 1412722766.09
83.8092391122 1412722766.21
84.2299067979 1412722766.35
84.5829778625 1412722766.44
83.460232872 1412722766.57
83.3027081477 1412722766.68
83.6587043485 1412722766.79
84.0240403734 1412722766.89
82.3153361963 1412722767.01
83.5289152015 1412722767.14
83.9772889766 1412722767.25
82.7625214025 1412722767.37
82.9606023026 1412722767.51
84.0733337276 1412722767.62
84.252213454 1412722767.74
84.4334187433 1412722767.88
84.0116784418 1412722767.99
84.1448609207 1412722768.1
84.4652003201 1412722768.24
85.0638247028 1412722768.39
85.0786899444 1412722768.51
85.0936207673 1412722768.62
85.1085075327 1412722768.75
