21.3308208685 1412734287.97
24.0644733368 1412734289.06
25.6442505381 1412734290.1
25.6960323314 1412734291.11
25.5019436753 1412734292.18
25.1480009827 1412734293.21
24.6775968071 1412734294.24
24.2977202126 1412734295.19
24.8755550616 1412734296.16
25.6304414205 1412734297.13
26.3006412638 1412734298.14
26.3309002403 1412734299.12
26.4726317768 1412734300.08
26.5519054969 1412734301.07
26.7548432005 1412734302.01
27.0365219356 1412734302.95
27.1356795519 1412734303.88
27.6798094778 1412734304.88
28.1649914925 1412734305.83
28.0164686229 1412734306.79
28.2722604649 1412734307.8
28.473952245 1412734308.77
28.4288985332 1412734309.73
28.3193976744 1412734310.78
28.1713711875 1412734311.81
27.7256113767 1412734312.83
27.623535705 1412734313.92
27.6305812845 1412734314.95
27.5684877333 1412734316.0
27.2028762578 1412734317.02
27.1772073273 1412734318.07
26.9644506819 1412734319.13
27.0885770764 1412734320.2
27.0225468549 1412734321.2
26.8978078643 1412734322.15
27.0455166037 1412734323.15
26.7974783333 1412734324.14
26.698172428 1412734325.1
26.3764012464 1412734326.09
26.061855724 1412734327.12
25.8353974629 1412734328.09
25.8284120946 1412734329.07
25.6370100085 1412734330.06
25.7166437875 1412734331.06
25.3944553108 1412734332.11
25.3879987588 1412734333.11
24.9706753811 1412734334.12
24.8381019956 1412734335.13
24.6364482413 1412734336.19
24.56738973 1412734337.25
24.5147131888 1412734338.28
24.3598904045 1412734339.28
24.3257209559 1412734340.3
24.11256852 1412734341.34
24.1621225312 1412734342.35
23.9607606018 1412734343.32
23.7157403494 1412734344.38
23.5818480796 1412734345.39
23.5012577487 1412734346.4
23.4710905047 1412734347.45
23.3063799442 1412734348.5
23.3575267455 1412734349.58
23.2770986547 1412734350.67
23.1564966506 1412734351.7
23.0586568987 1412734352.81
23.1041638757 1412734353.86
23.062265501 1412734354.87
23.0132430948 1412734355.91
22.7017288376 1412734356.94
22.5811966581 1412734357.96
22.3793485116 1412734359.01
22.2629620212 1412734360.05
22.1639613501 1412734361.09
21.9205890637 1412734362.14
21.6791881133 1412734363.23
21.3772544542 1412734364.3
21.1721669168 1412734365.38
21.1023214015 1412734366.43
20.9002535791 1412734367.46
20.8091138207 1412734368.53
20.357132014 1412734369.59
20.0746979091 1412734370.62
19.7961592761 1412734371.68
19.5129605861 1412734372.72
19.1774217949 1412734373.81
18.7443514563 1412734374.84
18.6965103159 1412734375.88
18.2181589821 1412734376.91
18.2589634659 1412734377.98
18.2008856108 1412734378.98
17.9519926403 1412734380.0
18.178520028 1412734381.08
18.2727878101 1412734382.12
17.9042008448 1412734383.16
17.9080823032 1412734384.2
18.1022268108 1412734385.3
17.7206423443 1412734386.34
17.6885952817 1412734387.46
17.8212800681 1412734388.59
17.3603572202 1412734389.7
17.5957078828 1412734390.82
17.6170755456 1412734391.95
17.6873049891 1412734393.03
17.7477064756 1412734394.17
17.8016112671 1412734395.3
17.866082819 1412734396.43
17.8906985376 1412734397.53
17.9004699943 1412734398.69
17.7526601749 1412734399.86
17.9733314084 1412734401.03
17.800364654 1412734402.19
17.8750800032 1412734403.3
17.9433476416 1412734404.39
17.9630350602 1412734405.57
18.0482145265 1412734406.68
18.0298944944 1412734407.85
18.0457332946 1412734408.95
18.0592137194 1412734410.09
18.2456706994 1412734411.23
18.2769584646 1412734412.39
18.2837958944 1412734413.58
18.3823315403 1412734414.73
18.1399049513 1412734415.91
18.1401070061 1412734417.06
17.9170304221 1412734418.26
17.8938902934 1412734419.44
17.8945996643 1412734420.64
17.9376714587 1412734421.91
17.9684016293 1412734423.08
17.9458272022 1412734424.26
17.8188621826 1412734425.48
17.7743564488 1412734426.67
17.7274380674 1412734427.86
17.6421668606 1412734429.12
17.6400693232 1412734430.29
17.6288756955 1412734431.5
17.6947743921 1412734432.66
17.7448381271 1412734433.88
17.7472970118 1412734435.09
17.7247240562 1412734436.29
17.6969167595 1412734437.45
17.5839400963 1412734438.61
17.5525698021 1412734439.73
17.6961904363 1412734440.88
17.6553794727 1412734442.04
17.4945205567 1412734443.21
17.5261938908 1412734444.39
17.4762114203 1412734445.56
17.3936486273 1412734446.8
17.4272302123 1412734447.99
17.2119638842 1412734449.18
17.076348148 1412734450.34
17.1336662521 1412734451.49
17.0808526441 1412734452.68
16.8951648279 1412734453.84
16.8628137042 1412734455.03
16.8452521189 1412734456.25
16.7836841492 1412734457.5
16.8342430178 1412734458.71
16.7865010081 1412734459.94
16.739011944 1412734461.16
16.6771594201 1412734462.4
16.6555398659 1412734463.63
16.6553703592 1412734464.88
16.600464931 1412734466.14
16.6199170813 1412734467.44
16.6046419943 1412734468.61
16.6042616119 1412734469.85
16.6518658727 1412734471.12
16.6061307729 1412734472.35
16.6221108051 1412734473.61
16.626244931 1412734474.92
16.6639647446 1412734476.19
16.5920269066 1412734477.48
16.4474140427 1412734478.72
16.4128312292 1412734480.0
16.4801791018 1412734481.24
16.4083881403 1412734482.51
16.2741783012 1412734483.76
16.2233229973 1412734484.96
16.1931935114 1412734486.18
16.1763008206 1412734487.44
16.1526265283 1412734488.7
16.1516933243 1412734489.95
16.0699851283 1412734491.23
15.9280981103 1412734492.47
15.8770827632 1412734493.75
15.8249327271 1412734495.01
15.8605859428 1412734496.26
15.7662511802 1412734497.57
15.4725308806 1412734498.86
15.4534485864 1412734500.1
15.3310984548 1412734501.35
15.2904760004 1412734502.64
15.2292266117 1412734503.92
15.1822191687 1412734505.19
15.1521003548 1412734506.43
15.1034707512 1412734507.73
15.0577537941 1412734508.98
15.0073925428 1412734510.26
