28.6036340723 1412757244.17
29.4374157566 1412757245.67
29.4366910959 1412757247.09
29.604442382 1412757248.56
29.7689537249 1412757250.01
29.9174366873 1412757251.46
30.116704538 1412757252.85
30.1999399687 1412757254.27
30.1757717795 1412757255.71
30.1094211636 1412757257.14
30.21279223 1412757258.56
30.6224074047 1412757259.94
30.4908552328 1412757261.35
30.2326067176 1412757262.72
30.2216239069 1412757264.19
30.0678245906 1412757265.61
29.8808085495 1412757267.03
29.8918405334 1412757268.49
30.1708708952 1412757269.9
30.8511454561 1412757271.29
31.4887034872 1412757272.74
31.1064035021 1412757274.16
30.6167721326 1412757275.56
30.2478710175 1412757277.04
30.1648457524 1412757278.47
30.6789244865 1412757279.88
30.1093284209 1412757281.27
30.397824454 1412757282.69
30.7724765813 1412757284.13
30.1039415996 1412757285.59
30.032975366 1412757286.99
28.983331438 1412757288.42
28.4080522205 1412757289.82
27.9255765668 1412757291.24
28.2600006162 1412757292.74
27.9939784142 1412757294.15
28.2261349312 1412757295.58
27.9891069392 1412757296.99
28.2120743415 1412757298.42
28.0267429985 1412757299.79
28.2970993107 1412757301.23
28.6109227501 1412757302.61
28.4453840992 1412757304.05
28.3462293809 1412757305.45
28.3792342877 1412757306.83
27.3371229917 1412757308.24
25.7795809106 1412757309.6
26.5526353167 1412757311.01
24.9757802907 1412757312.4
24.8981287234 1412757313.76
24.4497676436 1412757315.1
24.2005869951 1412757316.46
23.9166373808 1412757317.82
23.4661787285 1412757319.15
22.6743361319 1412757320.5
22.3469690832 1412757321.86
22.0482789904 1412757323.16
21.8297150692 1412757324.56
21.5365755513 1412757325.95
21.3401259837 1412757327.3
21.1855058157 1412757328.66
20.8854057683 1412757330.06
20.809728843 1412757331.4
20.5573807263 1412757332.77
20.6536864699 1412757334.11
20.3833478132 1412757335.5
20.3885651331 1412757336.86
20.2343601013 1412757338.22
20.3092042407 1412757339.59
20.2756125327 1412757340.98
20.2964617212 1412757342.37
20.3797156537 1412757343.79
20.3491551268 1412757345.2
20.3174741713 1412757346.65
20.2628056693 1412757348.11
20.334618439 1412757349.54
20.2496953457 1412757350.97
20.1569590023 1412757352.41
20.1817950201 1412757353.86
20.1677463806 1412757355.32
19.982644016 1412757356.81
19.9333587914 1412757358.31
19.8531104431 1412757359.76
19.8373847269 1412757361.17
19.8037034018 1412757362.68
19.7809600254 1412757364.15
19.7717795588 1412757365.65
19.7076786835 1412757367.13
19.7055858339 1412757368.65
19.756735101 1412757370.14
19.6887483236 1412757371.62
19.6272329049 1412757373.11
19.5405194785 1412757374.63
19.5832063695 1412757376.13
19.417988314 1412757377.66
19.297663882 1412757379.18
19.0884249654 1412757380.7
19.0893774533 1412757382.21
19.0895798616 1412757383.69
19.0659691446 1412757385.21
18.9945466766 1412757386.79
18.9786907596 1412757388.35
18.8659678895 1412757389.86
18.7768074748 1412757391.41
18.7159455894 1412757392.96
18.5474606976 1412757394.42
18.5279730939 1412757396.01
18.4907821393 1412757397.54
18.455324529 1412757399.05
18.3484883878 1412757400.58
18.1745404255 1412757402.12
18.167828913 1412757403.7
18.1932677937 1412757405.31
18.1254058169 1412757406.9
18.1207867294 1412757408.51
18.0850929961 1412757410.16
17.9611430268 1412757411.82
17.921995806 1412757413.5
17.8518290539 1412757415.17
17.817418635 1412757416.85
17.800522049 1412757418.48
17.7728835106 1412757420.15
17.7019969503 1412757421.81
17.5867849154 1412757423.55
17.5555619149 1412757425.49
17.4854988121 1412757427.2
17.4708417571 1412757428.92
17.4325606751 1412757430.72
17.4821312258 1412757432.47
17.4771151742 1412757434.14
17.4644433676 1412757435.88
17.5154583716 1412757437.58
17.4595548519 1412757439.29
17.4672920161 1412757441.11
17.4673081191 1412757442.88
17.4594391464 1412757444.69
17.4002662054 1412757446.49
17.3886733576 1412757448.3
17.3336366089 1412757450.06
17.4398103862 1412757451.86
17.356539463 1412757453.7
17.3566177173 1412757455.48
17.3109767367 1412757457.31
17.2537730618 1412757459.08
17.2557429344 1412757460.93
17.2381282737 1412757462.81
17.2094983071 1412757464.69
17.1304893967 1412757466.62
17.1460530823 1412757468.51
17.1154110868 1412757470.43
17.1064079931 1412757472.33
17.113242765 1412757474.18
17.0758147744 1412757476.1
17.0527850861 1412757477.95
17.1252080984 1412757479.86
17.0530068977 1412757481.73
17.0649387006 1412757483.64
17.0546766732 1412757485.57
17.0890243891 1412757487.5
16.9915855451 1412757489.42
17.0195656038 1412757491.34
17.0033313985 1412757493.2
16.9457030264 1412757495.08
16.9363801159 1412757497.01
16.8453438466 1412757498.87
16.8563613399 1412757500.8
16.8378919079 1412757502.7
16.9084515088 1412757504.63
16.861371624 1412757506.58
16.8434250049 1412757508.5
16.8682276887 1412757510.38
16.8127771836 1412757512.33
16.8523370514 1412757514.4
16.8324347616 1412757516.43
16.8551075329 1412757518.51
16.8569726201 1412757520.5
16.8385682034 1412757522.52
16.8232844212 1412757524.48
16.8225257854 1412757526.45
16.8090042662 1412757528.47
16.8594295584 1412757530.42
16.8814002777 1412757532.47
16.8958234373 1412757534.42
16.8667074578 1412757536.39
16.8441236818 1412757538.36
16.8851378393 1412757540.31
16.8568041362 1412757542.32
16.8586428681 1412757544.32
16.8225297688 1412757546.33
16.8179046257 1412757548.33
16.8437714395 1412757550.35
16.8496982735 1412757552.35
16.8780129236 1412757554.35
16.8942218805 1412757556.31
16.8781616362 1412757558.3
16.9151787976 1412757560.27
16.8674348357 1412757562.22
16.9259710859 1412757564.2
16.9272232175 1412757566.16
16.8899882776 1412757568.18
