59.7170745609 1412733103.37
61.0640741888 1412733103.93
61.4446940836 1412733104.53
59.6948922945 1412733105.18
55.5852843636 1412733105.77
48.0531332712 1412733106.33
52.916271101 1412733106.94
48.265992835 1412733107.5
51.2312918945 1412733108.11
54.1988549675 1412733108.69
53.0592732438 1412733109.28
49.9391483447 1412733109.85
47.3095795542 1412733110.42
47.557833675 1412733110.96
47.7030741698 1412733111.54
47.5576054697 1412733112.09
47.2194234114 1412733112.7
47.0698002134 1412733113.32
47.2046841966 1412733113.92
46.6529189002 1412733114.58
46.5650798239 1412733115.24
46.4521384571 1412733115.84
46.3748180185 1412733116.47
46.5725075283 1412733117.1
46.4691247752 1412733117.68
46.7735230403 1412733118.28
45.6934611698 1412733118.89
45.9551564728 1412733119.44
51.555352971 1412733120.02
46.900494463 1412733120.64
44.4892093984 1412733121.2
45.2046417809 1412733121.77
44.1143743691 1412733122.33
44.845547624 1412733122.88
43.5413082906 1412733123.41
44.3964470504 1412733123.96
43.3037947629 1412733124.48
44.1174254182 1412733125.04
42.3612917081 1412733125.58
43.7101366803 1412733126.13
41.9530115155 1412733126.65
41.9602258347 1412733127.21
34.3034662088 1412733127.77
35.9159710458 1412733128.3
36.2847157842 1412733128.85
37.230590291 1412733129.42
37.0910368061 1412733129.98
37.5428510882 1412733130.55
37.9770191376 1412733131.14
37.5611669985 1412733131.73
37.9182551583 1412733132.35
38.1752774027 1412733132.91
38.7764026549 1412733133.47
39.0921643513 1412733134.05
38.8758967225 1412733134.64
38.5399407833 1412733135.2
38.2985940969 1412733135.81
38.1582830747 1412733136.41
38.5281214167 1412733137.04
38.3750314955 1412733137.65
38.1314420734 1412733138.24
38.1397612098 1412733138.88
38.0417742887 1412733139.46
37.4688511229 1412733140.07
37.8445627461 1412733140.69
38.0064178204 1412733141.29
37.7360460491 1412733141.88
37.4032523814 1412733142.53
37.7377491384 1412733143.16
37.5542492703 1412733143.79
37.3601735058 1412733144.41
37.5060188394 1412733145.06
37.9103169614 1412733145.68
38.0777084585 1412733146.3
38.3383090172 1412733146.93
38.5960972168 1412733147.58
38.5286489445 1412733148.19
38.7192682013 1412733148.82
38.6097434455 1412733149.49
38.7950350299 1412733150.12
38.7242158931 1412733150.74
38.6577578767 1412733151.36
38.4414919428 1412733151.98
38.7093729668 1412733152.6
38.5542192112 1412733153.23
38.9040365976 1412733153.84
38.7294455199 1412733154.48
38.4869287573 1412733155.1
38.3209585516 1412733155.72
38.5843835668 1412733156.34
38.4465931126 1412733156.96
38.6976801827 1412733157.62
38.556941882 1412733158.27
38.7965423448 1412733158.98
38.6731778809 1412733159.69
38.8962719576 1412733160.34
38.6591651857 1412733160.99
38.8716639536 1412733161.64
38.8730521196 1412733162.32
38.7006214055 1412733162.98
38.9529906707 1412733163.66
39.2069961852 1412733164.38
39.0639183947 1412733165.07
39.3061772462 1412733165.8
39.231009599 1412733166.54
39.1167952663 1412733167.3
39.392396947 1412733168.0
39.2684234396 1412733168.7
39.0040294044 1412733169.38
39.2381300184 1412733170.07
39.0955510464 1412733170.77
39.3057500628 1412733171.45
39.203725987 1412733172.11
39.549961109 1412733172.72
39.5232150273 1412733173.34
39.6545720291 1412733174.04
39.7066281178 1412733174.74
39.9450029911 1412733175.44
39.8536357043 1412733176.1
39.7406614958 1412733176.77
39.6869724439 1412733177.42
39.8630023368 1412733178.04
39.723009107 1412733178.72
39.6277042323 1412733179.33
39.9046478857 1412733179.92
39.7816062579 1412733180.55
39.8989776458 1412733181.22
39.9297364646 1412733181.83
39.8651655988 1412733182.47
40.0490644962 1412733183.12
40.1435206306 1412733183.76
40.2388653532 1412733184.43
40.2517873847 1412733185.11
40.4924172424 1412733185.75
40.4326253253 1412733186.42
40.2895761367 1412733187.05
40.2706249359 1412733187.68
40.5167621928 1412733188.34
40.5067730706 1412733188.98
40.618161837 1412733189.62
40.4065647944 1412733190.25
40.4181675108 1412733190.94
40.4002691581 1412733191.6
40.4280699323 1412733192.28
40.3319447832 1412733192.99
40.567413933 1412733193.63
40.673196834 1412733194.29
40.4281318747 1412733194.98
40.6380091878 1412733195.63
40.4617062681 1412733196.34
40.7916433823 1412733197.01
40.4606482263 1412733197.67
40.6087673375 1412733198.29
40.659800629 1412733198.93
40.6622366978 1412733199.61
40.6840422687 1412733200.26
40.7078231747 1412733200.9
40.5292794335 1412733201.56
40.7196038815 1412733202.23
40.5384773953 1412733202.9
40.6680767806 1412733203.54
40.477094604 1412733204.22
40.5109521965 1412733204.89
40.4643838598 1412733205.56
40.3895628799 1412733206.2
40.3544029094 1412733206.86
40.319244471 1412733207.53
40.2345905992 1412733208.18
40.0824498481 1412733208.82
39.927842225 1412733209.51
39.7909844556 1412733210.16
39.6867206023 1412733210.82
39.503131987 1412733211.52
39.474258014 1412733212.16
39.1916442838 1412733212.84
39.4118336759 1412733213.49
39.3741138715 1412733214.15
39.2826089112 1412733214.81
39.1521753987 1412733215.5
39.0871851384 1412733216.15
38.9655009278 1412733216.81
39.0502107699 1412733217.48
39.0245514222 1412733218.12
38.9675152409 1412733218.76
38.790881603 1412733219.41
38.8246502483 1412733220.04
38.7033754672 1412733220.66
38.7463125912 1412733221.35
38.7619523469 1412733221.96
38.389941906 1412733222.59
38.5281242394 1412733223.25
38.322054424 1412733223.9
38.0797209675 1412733224.56
38.0752242311 1412733225.22
38.1132731244 1412733225.87
38.18990494 1412733226.53
38.2990108109 1412733227.19
38.4026887208 1412733227.87
38.5151476102 1412733228.56
38.4331038245 1412733229.22
