90.618804999 1412722690.18
86.2117752918 1412722690.34
82.5535409055 1412722690.5
80.4340716983 1412722690.63
80.4477447859 1412722690.77
80.9912145037 1412722690.91
81.4579233703 1412722691.06
81.7184525839 1412722691.2
81.8378078247 1412722691.33
82.5755947111 1412722691.45
83.0814914755 1412722691.6
83.329839939 1412722691.76
84.0867330562 1412722691.88
84.6887143107 1412722692.0
85.2623187328 1412722692.14
86.1778891293 1412722692.28
86.6280759191 1412722692.39
86.9399367078 1412722692.51
87.3314259922 1412722692.67
87.3195112227 1412722692.82
87.3294359566 1412722692.94
87.2242970907 1412722693.06
86.5993480378 1412722693.17
86.2163676771 1412722693.29
86.3193463273 1412722693.43
86.6967970896 1412722693.58
86.0035842707 1412722693.71
85.2970213639 1412722693.8
84.8197241371 1412722693.92
84.6241549698 1412722694.05
84.5546717282 1412722694.17
85.3509680001 1412722694.33
85.7838710211 1412722694.45
86.2674292876 1412722694.57
87.6786674301 1412722694.68
88.8894765887 1412722694.83
88.9939243299 1412722694.93
85.0126513765 1412722695.06
81.6345730109 1412722695.2
78.0274207133 1412722695.33
71.2027531488 1412722695.47
64.7438801786 1412722695.6
58.7803385205 1412722695.73
52.6815270603 1412722695.87
48.5582121099 1412722696.02
44.3842947623 1412722696.13
24.5707635581 1412722696.28
24.448472824 1412722696.42
24.4334498314 1412722696.56
24.3846917588 1412722696.72
23.6445851372 1412722696.85
21.0481639322 1412722697.01
20.6964576435 1412722697.14
22.134635606 1412722697.28
19.478224383 1412722697.43
18.3041153858 1412722697.6
18.2859626095 1412722697.76
18.5996617364 1412722697.93
16.3188861128 1412722698.06
15.9518088439 1412722698.27
16.2085508752 1412722698.44
14.9433020398 1412722698.61
14.6506518924 1412722698.76
15.0915453738 1412722698.91
14.4746337708 1412722699.07
14.5299701278 1412722699.23
14.8136179279 1412722699.38
15.0111873203 1412722699.55
15.2239686164 1412722699.72
15.4067711271 1412722699.86
15.3137969072 1412722700.02
15.5294401013 1412722700.17
15.4410543612 1412722700.34
15.4131948149 1412722700.53
15.3028607607 1412722700.7
14.8061866671 1412722700.86
14.7128966525 1412722701.02
14.7604566373 1412722701.16
14.8897793077 1412722701.34
14.894528314 1412722701.55
15.0191637468 1412722701.72
17.3232083601 1412722701.91
17.0673066346 1412722702.09
16.8874433446 1412722702.28
17.4294754997 1412722702.48
19.5189299634 1412722702.62
19.4822487239 1412722702.83
19.3558842747 1412722703.04
19.8059365402 1412722703.22
20.7635427077 1412722703.42
20.7481618776 1412722703.59
20.660796131 1412722703.8
23.3383757039 1412722704.0
23.432405103 1412722704.2
23.53691134 1412722704.4
23.6507947632 1412722704.67
23.7475847624 1412722704.88
23.1695929693 1412722705.05
23.2632977861 1412722705.28
22.7187466797 1412722705.5
22.7825121377 1412722705.71
22.8428843777 1412722705.92
22.9041866552 1412722706.1
23.1079646027 1412722706.3
23.1715072584 1412722706.53
23.2357891391 1412722706.75
22.4179119153 1412722706.93
27.7026520598 1412722707.12
27.7786169654 1412722707.5
27.8841115524 1412722707.87
27.8918863855 1412722708.15
27.8970894636 1412722708.39
27.9001189255 1412722708.61
28.081305067 1412722708.82
28.2537902642 1412722709.04
28.8353373723 1412722709.27
29.0350635079 1412722709.47
29.2376640401 1412722709.71
28.3958595554 1412722709.94
28.6036248048 1412722710.14
28.8148007466 1412722710.4
29.0301395314 1412722710.62
28.7637389228 1412722710.83
29.1956530175 1412722711.08
28.5501778618 1412722711.28
28.8197138856 1412722711.55
28.541791413 1412722711.82
26.4965085878 1412722712.05
27.9860281806 1412722712.28
29.488532531 1412722712.56
29.2763888597 1412722712.78
29.5505587695 1412722713.03
27.3729866905 1412722713.28
27.6096170045 1412722713.56
34.4758626496 1412722713.79
35.5760178934 1412722714.06
36.03812705 1412722714.3
36.4916461859 1412722714.55
36.9359625968 1412722714.82
40.3667661148 1412722715.13
38.6009297038 1412722715.41
41.2524670124 1412722715.65
41.4595026271 1412722715.93
39.728646946 1412722716.22
42.3061984891 1412722716.5
42.4807215857 1412722716.76
40.7849386145 1412722717.03
43.2720214535 1412722717.3
43.4066045256 1412722717.64
35.2251434016 1412722717.91
35.3742304023 1412722718.19
35.5158805062 1412722718.48
33.9201864767 1412722718.76
34.3707375425 1412722719.0
34.8066686421 1412722719.28
35.226989861 1412722719.59
33.0176105355 1412722719.91
33.5088561681 1412722720.3
34.0028491954 1412722720.6
31.7176801512 1412722720.93
31.3361353095 1412722721.27
31.6390524792 1412722721.58
31.9424387381 1412722721.95
35.4314556711 1412722722.32
35.8331925946 1412722722.68
33.9208771209 1412722723.05
35.2843099248 1412722723.39
36.6375043809 1412722723.77
37.9598024408 1412722724.17
39.232416697 1412722724.61
40.4393711889 1412722724.97
41.5683623474 1412722725.36
38.0900313223 1412722725.88
39.0992068699 1412722726.31
40.1174658872 1412722726.75
41.147925855 1412722727.18
43.8182108446 1412722727.64
44.8568465658 1412722728.09
43.0852111278 1412722728.55
45.4441271256 1412722729.01
45.4913779304 1412722729.46
45.4751799306 1412722729.92
45.4595203316 1412722730.34
45.4444107847 1412722730.8
45.4296935788 1412722731.24
45.4153901491 1412722731.67
45.401738388 1412722732.15
45.3883218846 1412722732.6
45.3754534289 1412722733.03
45.362872461 1412722733.49
45.3508029782 1412722733.92
45.3390417586 1412722734.35
45.327700404 1412722734.79
45.3166086556 1412722735.22
45.3059594322 1412722735.68
45.2956193403 1412722736.15
45.2855832583 1412722736.6
45.2759572383 1412722737.05
45.26669048 1412722737.52
45.2573684296 1412722737.95
