38.710333526 1412733616.21
37.7166585781 1412733617.32
37.4419553037 1412733618.35
37.3294294869 1412733619.36
36.9802949526 1412733620.38
36.7246794632 1412733621.4
36.3891007726 1412733622.36
36.1402499043 1412733623.38
36.2573267393 1412733624.48
36.8775507609 1412733625.69
37.765301146 1412733626.85
38.3111268109 1412733628.01
38.7559557627 1412733629.17
39.2450555944 1412733630.38
39.5976097722 1412733631.5
39.80427131 1412733632.62
39.8444325884 1412733633.77
39.9623476254 1412733634.94
40.2330041481 1412733636.13
40.2473679615 1412733637.34
40.3295293127 1412733638.55
40.4981250094 1412733639.76
40.5772162107 1412733640.98
40.6477884917 1412733642.19
40.7339329224 1412733643.39
40.5755875466 1412733644.61
40.4228324404 1412733645.85
40.4229226895 1412733647.04
40.3424467424 1412733648.26
40.3422170674 1412733649.45
40.2917498006 1412733650.61
40.2315025789 1412733651.92
40.2941311692 1412733653.05
40.1106825194 1412733654.15
40.1970932609 1412733655.28
40.2565099626 1412733656.41
40.3484301474 1412733657.57
40.4816311444 1412733658.71
40.4271843503 1412733659.88
40.337345469 1412733661.0
40.2390066743 1412733662.06
40.0757757316 1412733663.17
40.3411051767 1412733664.27
40.4254830731 1412733665.52
40.5505783251 1412733666.73
40.673615224 1412733667.97
40.7088396416 1412733669.2
40.5279596362 1412733670.42
40.1781255892 1412733671.62
39.8531072452 1412733672.79
39.8858843239 1412733673.94
39.7371654879 1412733675.13
39.8154084598 1412733676.25
39.9009188017 1412733677.48
40.0329514433 1412733678.66
39.9914468325 1412733679.91
39.779976731 1412733681.19
39.3170381502 1412733682.43
38.6210038457 1412733683.54
37.8174980999 1412733684.76
38.3315457209 1412733685.88
37.7008644505 1412733686.98
37.3019702514 1412733688.08
37.5884223281 1412733689.17
37.8117765185 1412733690.28
37.9317614988 1412733691.43
37.6288956195 1412733692.48
37.7706343823 1412733693.53
37.6154296348 1412733694.56
37.33223983 1412733695.64
37.0549743424 1412733696.66
36.9205841211 1412733697.74
37.015117671 1412733698.79
36.9454944748 1412733699.9
36.9429647784 1412733701.02
36.6562800967 1412733702.21
36.8266456493 1412733703.46
36.7964027241 1412733704.72
36.6489865013 1412733705.93
36.8583020844 1412733707.2
36.674708457 1412733708.41
36.5245357238 1412733709.65
36.42506536 1412733710.84
36.5939929751 1412733712.08
36.6588332747 1412733713.32
36.5209476599 1412733714.54
36.5788868153 1412733715.78
36.578664495 1412733716.97
36.4331576795 1412733718.26
36.7103883612 1412733719.46
36.6097246374 1412733720.67
36.6299940291 1412733721.83
36.509381641 1412733723.08
36.63269966 1412733724.31
36.5013109321 1412733725.54
36.522343188 1412733726.83
36.4912042102 1412733728.07
36.3907011614 1412733729.26
36.422216975 1412733730.46
36.2518358706 1412733731.75
36.4207465063 1412733733.0
36.4286664913 1412733734.18
36.3219685032 1412733735.32
36.3187955342 1412733736.47
36.1553313752 1412733737.56
36.0773400172 1412733738.69
36.0717494122 1412733739.85
36.0560012011 1412733740.95
36.086773169 1412733742.03
36.1410113376 1412733743.18
36.0952511398 1412733744.29
36.0629567049 1412733745.36
36.067696862 1412733746.5
36.1006485163 1412733747.56
36.1117925069 1412733748.62
36.1010956503 1412733749.7
36.1493358937 1412733750.8
36.1374696501 1412733751.92
36.1368985526 1412733752.98
36.0907178241 1412733754.08
36.1476592443 1412733755.16
36.1022420727 1412733756.23
36.140152904 1412733757.32
36.1188018639 1412733758.43
36.0537041815 1412733759.49
36.0053425296 1412733760.58
36.1181787224 1412733761.66
36.0611098993 1412733762.73
36.0540005738 1412733763.8
36.1286592526 1412733764.89
36.1666748728 1412733765.99
36.0907364884 1412733767.02
36.107093261 1412733768.07
36.1508745077 1412733769.18
36.2106122786 1412733770.23
36.1961142403 1412733771.32
36.2099959349 1412733772.41
36.2508597049 1412733773.49
36.3033780804 1412733774.56
36.3119358202 1412733775.62
36.4184897048 1412733776.67
36.5025470985 1412733777.76
36.5791257848 1412733778.84
36.5597098556 1412733779.92
36.6459111075 1412733780.99
36.7579198382 1412733782.04
36.7268107585 1412733783.12
36.7829372418 1412733784.2
36.8844837837 1412733785.28
37.0363961977 1412733786.33
37.1304998398 1412733787.39
36.9286114547 1412733788.46
37.1124870201 1412733789.55
37.2315952095 1412733790.6
37.2828577382 1412733791.66
37.3916528299 1412733792.71
37.3344369963 1412733793.81
37.4701089329 1412733794.85
37.4758269869 1412733795.9
37.5593681206 1412733796.95
37.7969560195 1412733797.98
37.9281310175 1412733799.05
37.9522725184 1412733800.12
38.0250294866 1412733801.21
38.119980803 1412733802.29
38.2330887261 1412733803.38
38.1966111538 1412733804.5
38.3859784865 1412733805.58
38.3938309851 1412733806.7
38.5704391696 1412733807.73
38.450935677 1412733808.8
38.6051185166 1412733809.85
38.6786104864 1412733810.95
38.6902152147 1412733812.07
38.7272066117 1412733813.24
38.7937960063 1412733814.34
38.9669602226 1412733815.49
38.8736328751 1412733816.65
39.0299089209 1412733817.84
39.2005733341 1412733819.04
39.2774164702 1412733820.23
39.2530997554 1412733821.41
39.4140186426 1412733822.62
39.4492796699 1412733823.89
39.4141123544 1412733825.27
39.3076932275 1412733826.7
39.3476751811 1412733828.27
39.5281397879 1412733829.84
39.6376144751 1412733831.26
39.8691128137 1412733832.77
39.9219874292 1412733834.31
40.080218271 1412733835.77
40.1831930781 1412733837.29
40.3384822583 1412733838.84
40.509173188 1412733840.29
40.7986444328 1412733841.72
41.0887704139 1412733843.15
41.2399416916 1412733844.57
41.2648795985 1412733846.02
41.3120786374 1412733847.45
