54.034060084 1412724657.83
52.4911884286 1412724658.12
50.4111971606 1412724658.39
49.6243667861 1412724658.66
47.576298405 1412724658.95
45.1045607577 1412724659.2
45.1875774624 1412724659.48
45.7415046872 1412724659.72
45.3725907301 1412724659.99
45.3514540703 1412724660.28
45.4942346289 1412724660.56
45.2940684055 1412724660.87
45.2350948637 1412724661.16
45.2107752344 1412724661.43
44.5679405846 1412724661.68
44.4673371084 1412724661.94
44.2223710564 1412724662.21
43.7901644081 1412724662.47
43.9874907475 1412724662.75
43.3307916581 1412724663.04
42.5476147115 1412724663.32
42.1187305662 1412724663.6
41.7903845581 1412724663.88
41.9631886479 1412724664.13
42.2250946733 1412724664.41
41.8663606878 1412724664.68
41.9799716968 1412724664.97
41.9321798905 1412724665.24
41.1083402597 1412724665.55
40.6788815465 1412724665.8
40.606888553 1412724666.09
40.3703633169 1412724666.38
40.4429657825 1412724666.64
40.1178760403 1412724666.94
39.8024775079 1412724667.22
39.5733468103 1412724667.47
39.1110796429 1412724667.76
38.7449259709 1412724668.03
38.4840626665 1412724668.29
38.9646934347 1412724668.59
38.5161036673 1412724668.85
38.1631250577 1412724669.14
37.9714317701 1412724669.44
38.2615786099 1412724669.72
38.0498144969 1412724670.02
37.8536595943 1412724670.31
37.4722648006 1412724670.57
36.8637601316 1412724670.86
36.5233134528 1412724671.17
36.514594471 1412724671.45
36.0224619523 1412724671.75
35.5031735584 1412724672.03
35.2313146826 1412724672.31
34.9088055297 1412724672.61
34.8228992287 1412724672.89
34.341840599 1412724673.21
34.1376338136 1412724673.5
33.5887762606 1412724673.8
33.4134785324 1412724674.07
33.2930419182 1412724674.31
32.7752138491 1412724674.58
32.8464845594 1412724674.86
32.3672570235 1412724675.12
32.2941841303 1412724675.38
32.2397466904 1412724675.63
31.8989119655 1412724675.9
32.0048907993 1412724676.15
31.7477876045 1412724676.42
31.4636702959 1412724676.71
31.2958386733 1412724676.99
30.7334990057 1412724677.28
30.5072068242 1412724677.51
30.1605988567 1412724677.79
29.9997831005 1412724678.05
29.7477176959 1412724678.3
29.7144955967 1412724678.55
29.1500971139 1412724678.82
28.6023420573 1412724679.09
28.5842922502 1412724679.35
28.2225985511 1412724679.62
27.4618547815 1412724679.87
27.3598552666 1412724680.11
27.6079535724 1412724680.39
27.6463983688 1412724680.65
28.1501771086 1412724680.91
28.3624188608 1412724681.19
28.6743977375 1412724681.46
29.0600603467 1412724681.69
29.1863448781 1412724681.96
29.1236404028 1412724682.22
29.2397138146 1412724682.48
29.2651322524 1412724682.73
29.41156944 1412724682.99
29.2303368519 1412724683.27
29.3897235817 1412724683.6
29.3361983144 1412724683.89
29.4641969838 1412724684.2
29.3192776087 1412724684.54
29.5559310035 1412724684.83
29.0990055599 1412724685.12
29.2995486624 1412724685.4
29.1561652215 1412724685.7
29.0094855971 1412724686.0
28.9622456508 1412724686.33
29.0911647046 1412724686.64
28.707645741 1412724686.95
28.7860999756 1412724687.27
28.8146165661 1412724687.59
28.9931026626 1412724687.9
28.8341326082 1412724688.23
28.9314119171 1412724688.56
28.9554579103 1412724688.89
28.6624505236 1412724689.21
28.5646139667 1412724689.55
28.5114390882 1412724689.9
28.5312328119 1412724690.22
28.4271637803 1412724690.57
28.3828588642 1412724690.92
28.274464412 1412724691.28
28.3529131745 1412724691.64
28.3417587763 1412724691.97
28.4773625463 1412724692.33
28.3748061009 1412724692.63
28.5409559831 1412724692.96
28.4337451099 1412724693.29
28.5437913076 1412724693.66
28.4640606772 1412724694.05
28.4350984067 1412724694.39
28.5224172648 1412724694.72
28.5020405252 1412724695.07
28.4757721824 1412724695.38
28.4999048624 1412724695.72
28.5859545672 1412724696.02
28.6871946487 1412724696.34
28.6915480458 1412724696.69
28.6809132851 1412724697.05
28.6354594192 1412724697.53
28.6595910084 1412724697.93
28.6558836543 1412724698.27
28.5311146462 1412724698.61
28.6563532805 1412724698.97
28.5277350633 1412724699.31
28.666346255 1412724699.65
28.5439665339 1412724699.98
28.6627774884 1412724700.33
28.3420649822 1412724700.67
28.5227366636 1412724701.01
28.4673140806 1412724701.35
28.5351019441 1412724701.66
28.4330184068 1412724701.98
28.4571973054 1412724702.31
28.3928026919 1412724702.63
28.4083464189 1412724702.96
28.4045195003 1412724703.3
28.3437289659 1412724703.64
28.4530115483 1412724703.97
28.3616518817 1412724704.27
28.3167523495 1412724704.6
28.27168797 1412724704.91
28.3764309468 1412724705.24
28.2683612018 1412724705.56
28.3386584649 1412724705.86
28.1771594217 1412724706.17
28.1726642244 1412724706.46
28.21785577 1412724706.79
28.2633182376 1412724707.13
28.1883319649 1412724707.45
28.0877573659 1412724707.81
28.0505923465 1412724708.22
27.8646593789 1412724708.65
27.8240082927 1412724708.98
28.0076393661 1412724709.35
28.0557533381 1412724709.73
27.9772888405 1412724710.13
27.8469516075 1412724710.55
27.8642822339 1412724710.91
27.7555124626 1412724711.26
27.8131807177 1412724711.62
27.6923141589 1412724712.02
27.846218342 1412724712.39
27.7224333785 1412724712.72
27.6963640887 1412724713.06
27.7226474254 1412724713.43
27.7981339583 1412724713.8
27.9970445638 1412724714.14
27.6889311522 1412724714.48
27.7280212559 1412724714.84
27.6708500822 1412724715.21
27.359583533 1412724715.53
27.6854147541 1412724715.9
27.8161825369 1412724716.24
27.6370577377 1412724716.6
27.8658822059 1412724716.97
27.8516666061 1412724717.33
27.9380032214 1412724717.81
27.7025186408 1412724718.32
27.5992406144 1412724718.79
27.7383094354 1412724719.2
27.7671870914 1412724719.58
27.8931792276 1412724720.01
