39.2027272505 1412723990.2
39.7170252862 1412723990.47
38.8702703596 1412723990.77
38.7637802512 1412723991.14
38.9317057429 1412723991.54
39.0024275179 1412723991.89
39.3572285699 1412723992.19
39.0543710252 1412723992.49
38.8313649746 1412723992.81
39.3886835295 1412723993.19
38.6670159902 1412723993.54
38.8196128106 1412723993.84
38.3800005577 1412723994.18
38.1265779691 1412723994.52
38.7170814578 1412723994.8
38.2692483991 1412723995.11
38.3559638544 1412723995.43
38.6568100621 1412723995.74
38.4873970801 1412723996.08
38.5917847009 1412723996.37
38.2147373369 1412723996.66
38.3076073772 1412723996.98
38.1157144293 1412723997.28
37.567126247 1412723997.67
37.6290141468 1412723998.1
37.2790484718 1412723998.39
37.1319125431 1412723998.7
36.5096637864 1412723999.04
36.4729741031 1412723999.37
36.3203729249 1412723999.68
36.1589801234 1412724000.01
35.7825656983 1412724000.34
36.0147292253 1412724000.62
36.5589390473 1412724000.94
36.7024800929 1412724001.27
36.8900177002 1412724001.62
36.5449415405 1412724001.93
35.9559692296 1412724002.23
36.61279903 1412724002.52
36.4099076278 1412724002.78
35.7692005935 1412724003.11
36.2150177945 1412724003.42
35.8577615877 1412724003.7
36.4215667987 1412724004.02
36.1204366603 1412724004.3
35.7919446472 1412724004.6
35.9740380467 1412724004.9
35.5789575049 1412724005.23
35.8536956085 1412724005.52
36.1546934737 1412724005.83
35.8949545713 1412724006.13
36.0465551004 1412724006.41
35.9643706184 1412724006.7
35.98546524 1412724006.99
36.0974421644 1412724007.3
35.7791566163 1412724007.66
35.8137074357 1412724007.95
36.0491463105 1412724008.31
36.0301040686 1412724008.63
35.9772492147 1412724008.94
36.5602629141 1412724009.27
36.4589902959 1412724009.61
36.2833875601 1412724009.91
36.1367468484 1412724010.26
35.9509400943 1412724010.57
36.1052787192 1412724010.94
36.4221062081 1412724011.29
36.371248269 1412724011.64
36.0600874776 1412724011.96
36.0441214667 1412724012.28
35.9212885771 1412724012.59
36.0417832728 1412724012.89
35.980327139 1412724013.22
36.057289626 1412724013.57
36.2797875772 1412724013.96
36.6915544534 1412724014.32
37.0426058396 1412724014.69
37.1748489825 1412724015.04
37.7118018793 1412724015.41
37.8289920186 1412724015.72
38.0583087265 1412724016.04
37.8873883661 1412724016.46
38.1779802294 1412724016.81
37.7992881934 1412724017.1
37.5959083977 1412724017.44
37.6316731078 1412724017.76
37.7083529047 1412724018.09
37.9003918714 1412724018.43
37.9045459145 1412724018.76
37.4465389928 1412724019.07
37.9703680587 1412724019.38
38.1026360176 1412724019.82
37.6115514267 1412724020.16
36.555265028 1412724020.45
36.9116069775 1412724020.77
37.3038157149 1412724021.06
37.2887847513 1412724021.35
36.8434057096 1412724021.69
36.2832030965 1412724022.06
36.3748010431 1412724022.55
36.4560698202 1412724023.09
37.1590062078 1412724023.53
37.6264140339 1412724023.95
37.3928970764 1412724024.36
37.7259286784 1412724024.81
37.5718932194 1412724025.21
37.3391102879 1412724025.61
37.5120618663 1412724025.98
37.8381884924 1412724026.36
37.9474066013 1412724026.74
37.5780397071 1412724027.1
37.6095981834 1412724027.52
37.8753621229 1412724027.87
38.3647208405 1412724028.25
37.2453315026 1412724028.59
37.697513828 1412724028.97
37.8803869558 1412724029.4
37.5020655306 1412724029.9
37.5098017961 1412724030.4
37.6517492136 1412724030.87
37.2576549004 1412724031.37
36.8654133106 1412724031.83
37.2272733737 1412724032.26
36.8856394577 1412724032.69
36.7742519671 1412724033.15
36.384241038 1412724033.6
36.1243860807 1412724034.05
35.8429504315 1412724034.51
35.5059160394 1412724034.94
35.5065828335 1412724035.38
34.5660151018 1412724035.85
34.7981343744 1412724036.32
33.9477730896 1412724036.88
34.5255175363 1412724037.34
33.988512025 1412724037.85
34.3677114553 1412724038.32
34.5609251579 1412724038.84
33.3758578477 1412724039.6
33.8221025292 1412724040.65
34.3802015918 1412724041.65
34.3807026208 1412724042.4
35.2428775217 1412724042.88
34.9219845993 1412724043.4
35.384345423 1412724043.84
35.4063352749 1412724044.31
34.9487577826 1412724044.86
35.368709577 1412724045.44
35.6374317909 1412724046.03
35.6993087639 1412724046.68
35.7608093906 1412724047.26
35.654042127 1412724047.94
35.8321295671 1412724048.44
35.9391189049 1412724048.94
35.5363979291 1412724049.41
36.0574616568 1412724049.85
35.8408579409 1412724050.29
35.698748911 1412724050.69
35.5922269157 1412724051.08
35.6386514239 1412724051.49
35.2310845204 1412724051.89
35.4330959026 1412724052.41
35.2595614159 1412724052.83
35.2842275909 1412724053.27
35.3078932744 1412724053.69
35.3425102382 1412724054.13
35.4300444033 1412724054.57
35.582752931 1412724054.96
35.0574295981 1412724055.41
35.4167306449 1412724055.84
35.630539303 1412724056.26
35.5086663817 1412724056.67
35.5433657528 1412724057.08
35.5852767958 1412724057.5
35.418408753 1412724057.92
35.1892549716 1412724058.3
35.1022855952 1412724058.74
35.1303632428 1412724059.18
35.042038786 1412724059.58
34.5348704867 1412724060.0
34.6233708585 1412724060.44
34.7240219998 1412724060.95
34.6383111885 1412724061.42
35.5988655991 1412724061.89
35.386825474 1412724062.36
35.9734670132 1412724062.92
36.0107994064 1412724063.54
36.5670819247 1412724064.04
36.7630565571 1412724064.5
36.5645523561 1412724064.93
36.8916223136 1412724065.38
36.1667626667 1412724065.81
36.1254794737 1412724066.24
36.0853317342 1412724066.71
36.1711975194 1412724067.18
35.106720957 1412724067.63
34.7232952534 1412724068.06
34.4224339211 1412724068.5
33.8095130295 1412724068.94
34.0813516033 1412724069.38
34.051369352 1412724069.81
