43.4054759412 1412723462.37
44.8287878039 1412723462.63
45.0473895652 1412723462.91
46.2503429507 1412723463.18
46.3368530613 1412723463.43
45.7274569891 1412723463.67
45.2785491055 1412723463.92
45.4485717973 1412723464.19
45.3465236155 1412723464.44
44.6892733333 1412723464.7
44.3728658653 1412723464.95
44.5586057248 1412723465.21
44.5643034229 1412723465.45
44.5000343032 1412723465.68
44.3701033129 1412723465.94
44.2087987927 1412723466.19
43.8843164797 1412723466.46
43.8020698813 1412723466.73
43.6724665272 1412723467.0
43.7772008289 1412723467.25
44.0623040781 1412723467.52
44.1179753814 1412723467.78
43.873769467 1412723468.02
43.4426117965 1412723468.27
42.3741637624 1412723468.52
41.0714936436 1412723468.76
39.8830944141 1412723469.05
39.4838093659 1412723469.33
38.8785944939 1412723469.62
38.5656127661 1412723469.89
38.2022462215 1412723470.18
38.084326391 1412723470.44
37.7144420131 1412723470.71
37.7452357825 1412723470.98
37.5790650464 1412723471.24
37.5720943419 1412723471.51
37.5465858679 1412723471.8
37.6775125182 1412723472.06
37.1728924065 1412723472.33
36.8235893853 1412723472.6
36.5313932458 1412723472.88
35.9168237153 1412723473.17
35.6858342066 1412723473.44
35.2411389707 1412723473.72
34.8797360765 1412723474.01
34.4451723634 1412723474.29
34.1155603147 1412723474.58
33.5265699292 1412723474.86
33.5454414075 1412723475.13
33.2733356061 1412723475.43
33.378706975 1412723475.71
33.6979295135 1412723476.0
33.9489216564 1412723476.31
33.5314811238 1412723476.6
33.0166979652 1412723476.91
32.4973953257 1412723477.23
32.6578032209 1412723477.52
32.3470625557 1412723477.81
31.92200989 1412723478.13
32.432747159 1412723478.43
31.664836816 1412723478.73
31.6050736927 1412723479.04
31.7194754807 1412723479.34
31.2828984997 1412723479.64
30.8630598572 1412723479.95
31.0529580149 1412723480.25
31.3421530995 1412723480.57
30.9861498714 1412723480.9
30.5405700011 1412723481.2
30.5510992878 1412723481.51
30.5212294224 1412723481.8
30.3951964964 1412723482.13
30.5423331415 1412723482.44
30.290364265 1412723482.76
30.0020897128 1412723483.07
29.5954339136 1412723483.38
29.5873605046 1412723483.69
29.4128655063 1412723484.02
29.4677314439 1412723484.34
29.715730318 1412723484.66
29.9485532638 1412723485.0
30.0423640537 1412723485.34
29.646477317 1412723485.68
29.8035767973 1412723486.02
29.817224579 1412723486.35
29.7157391713 1412723486.76
29.4156585803 1412723487.11
29.142180117 1412723487.45
29.2097413168 1412723487.78
29.4061739266 1412723488.13
29.336313155 1412723488.43
29.2514201226 1412723488.79
29.4198735897 1412723489.11
29.398159914 1412723489.44
29.2863199199 1412723489.76
29.0413833251 1412723490.11
29.1787634931 1412723490.46
29.5790250991 1412723490.78
29.4648023551 1412723491.12
29.5694252863 1412723491.48
29.641229159 1412723491.82
29.7016483211 1412723492.15
29.5508496944 1412723492.5
29.6772917257 1412723492.87
29.5816623238 1412723493.26
29.5314303688 1412723493.71
29.4398223817 1412723494.17
29.449815396 1412723494.56
29.4739310953 1412723494.9
29.4230970335 1412723495.22
29.4262819589 1412723495.68
29.3546252148 1412723496.08
29.4666288595 1412723496.52
29.3764645784 1412723496.91
29.4234170289 1412723497.25
29.4067834157 1412723497.77
29.3444036345 1412723498.32
29.3963677687 1412723498.78
29.4395801802 1412723499.14
29.4867898003 1412723499.49
29.483666336 1412723499.84
29.4661068601 1412723500.3
29.4489137598 1412723500.68
29.4070284354 1412723501.13
29.4335215869 1412723501.51
29.3921533916 1412723501.88
29.3839097241 1412723502.23
29.2859557198 1412723502.61
29.2838150029 1412723503.01
29.2703721508 1412723503.7
29.2731357629 1412723504.21
29.2443631541 1412723504.69
29.2281163313 1412723505.2
29.2444768508 1412723505.68
29.2329147093 1412723506.13
29.2489872136 1412723506.7
29.2375574344 1412723507.21
29.2263549177 1412723507.71
29.3320611991 1412723508.16
29.3231540021 1412723508.58
29.3398587876 1412723508.97
29.3407136009 1412723509.38
29.326707634 1412723509.75
29.4595860749 1412723510.12
29.3642707603 1412723510.47
29.3735456354 1412723510.85
29.1943686176 1412723511.21
29.1785733194 1412723511.57
29.2294939266 1412723511.94
29.2227840079 1412723512.3
29.2161504472 1412723512.74
29.2815568945 1412723513.22
29.1125087476 1412723513.65
29.1660254702 1412723514.05
29.0942392981 1412723514.52
29.071393245 1412723515.01
29.207530784 1412723515.49
29.1511696825 1412723515.94
29.1435718552 1412723516.37
29.1025515837 1412723516.77
29.1130042503 1412723517.2
29.2351054361 1412723517.7
29.2399982232 1412723518.12
29.1440569097 1412723518.51
29.1570178161 1412723518.92
29.1158658196 1412723519.4
29.0844302971 1412723519.85
29.2856423591 1412723520.3
29.2475381822 1412723520.71
29.2315276339 1412723521.1
29.2244209439 1412723521.54
29.1990795961 1412723521.98
29.1737217123 1412723522.46
29.1133146134 1412723522.91
29.1473803189 1412723523.4
29.162251856 1412723523.88
29.2199173073 1412723524.38
29.2210068277 1412723524.89
29.2356976868 1412723525.38
29.1975550007 1412723525.83
29.1772010125 1412723526.22
29.1351530553 1412723526.65
29.3732780037 1412723527.11
29.1660720806 1412723527.58
29.3193447597 1412723528.1
29.2601548316 1412723528.58
29.2894425479 1412723529.02
29.246072758 1412723529.48
29.3112722404 1412723529.93
29.217091693 1412723530.35
29.2359032076 1412723530.8
29.1329314105 1412723531.24
29.1129380673 1412723531.65
29.0651809506 1412723532.11
29.0053124268 1412723532.55
28.9714206003 1412723532.95
28.9475933111 1412723533.34
28.7954786166 1412723533.75
28.9032899102 1412723534.19
28.8949457819 1412723534.64
