21.7609850089 1412727462.81
23.7815970963 1412727463.55
24.7688838475 1412727464.25
27.3839299379 1412727464.95
29.7057162826 1412727465.61
31.0694729807 1412727466.29
30.1346671699 1412727466.94
30.2238247066 1412727467.56
29.9957237635 1412727468.16
29.4631265146 1412727468.78
29.3335013138 1412727469.37
29.261497735 1412727470.01
28.6236979697 1412727470.57
28.8163456775 1412727471.2
29.1423561257 1412727471.8
29.4635128885 1412727472.46
29.4720885439 1412727473.19
29.2532595733 1412727473.87
29.483011134 1412727474.58
29.8359045293 1412727475.21
29.7077614477 1412727475.83
29.8371717096 1412727476.49
29.5439619374 1412727477.12
29.0864397401 1412727477.81
29.1771063126 1412727478.53
29.2619371881 1412727479.22
29.1869665816 1412727480.09
28.9361496014 1412727480.79
28.7308738389 1412727481.54
29.0025791983 1412727482.38
28.6565014409 1412727483.08
28.6180318903 1412727483.74
28.4139885879 1412727484.42
28.311394963 1412727485.05
28.0103818863 1412727485.72
27.8310170601 1412727486.28
27.5251181497 1412727486.88
27.8410019417 1412727487.6
27.6651666893 1412727488.18
27.8262280977 1412727488.8
27.6314783108 1412727489.42
27.763059997 1412727490.06
27.4823826949 1412727490.6
26.9851806977 1412727491.15
26.917980495 1412727491.72
26.9520309897 1412727492.33
27.1412490792 1412727492.93
27.1488169889 1412727493.58
28.2136740698 1412727494.21
30.3683705815 1412727494.81
22.5636660168 1412727495.4
22.7883236435 1412727495.98
24.0895643515 1412727496.6
24.4341198401 1412727497.22
24.4802372847 1412727497.82
24.3867646089 1412727498.43
23.6992342691 1412727499.04
23.9000642063 1412727499.68
23.9638979144 1412727500.48
23.2717826191 1412727501.08
23.5545643382 1412727501.68
23.8081626211 1412727502.3
23.9916886621 1412727502.89
23.7761772966 1412727503.49
23.9071475209 1412727504.07
23.5416196271 1412727504.65
23.719096574 1412727505.29
23.7731780112 1412727505.99
23.9882128462 1412727506.65
23.7357831911 1412727507.26
23.8295635971 1412727507.94
23.6699907444 1412727508.67
23.4948070521 1412727509.29
23.1940548008 1412727509.92
23.1230970458 1412727510.64
22.8490581394 1412727511.34
22.8957609547 1412727512.01
22.9416603021 1412727512.94
22.8074884346 1412727513.63
22.5334050791 1412727514.3
22.3240135217 1412727514.93
22.0490396193 1412727515.61
22.2148005739 1412727516.28
22.6048568251 1412727516.91
22.3992121666 1412727517.53
22.2382225333 1412727518.18
22.0038768332 1412727518.84
22.2533450448 1412727519.49
22.081097688 1412727520.13
21.895781522 1412727520.77
22.1150213243 1412727521.37
22.3174369134 1412727522.05
22.0665809331 1412727522.79
22.0721163983 1412727523.5
22.2934221947 1412727524.16
22.0848904603 1412727524.8
22.2141252411 1412727525.62
22.4885151021 1412727526.36
22.6285635682 1412727527.12
22.8823880679 1412727527.83
22.7201315752 1412727528.57
22.7492322665 1412727529.37
22.8099060654 1412727530.21
22.4455446784 1412727531.02
22.5340897009 1412727531.89
22.4006786149 1412727532.75
22.2238000246 1412727533.57
22.228428912 1412727534.45
22.2839365441 1412727535.28
22.2673949936 1412727536.15
22.4770713697 1412727537.11
22.0788936577 1412727538.01
21.9155107606 1412727538.84
21.7551419088 1412727539.67
21.6224081733 1412727540.46
21.2196567879 1412727541.23
21.1243746445 1412727541.97
20.9345709919 1412727542.68
20.8911158007 1412727543.42
20.6082639079 1412727544.17
20.7237172689 1412727544.92
20.5568368974 1412727545.63
20.6450977981 1412727546.38
20.2506857016 1412727547.15
20.0855608034 1412727547.93
20.1034963954 1412727548.67
20.2813662155 1412727549.43
19.9320574957 1412727550.16
19.9266919365 1412727550.94
20.1403555931 1412727551.69
20.1108387644 1412727552.51
20.2569700093 1412727553.32
20.2577270043 1412727554.05
20.0267895204 1412727554.82
20.04428033 1412727555.6
20.0765437602 1412727556.43
20.1354271384 1412727557.22
20.3964579603 1412727558.09
20.3943235267 1412727558.99
20.3701208987 1412727559.88
20.4382595654 1412727560.72
20.2256424176 1412727561.55
20.4366418661 1412727562.44
20.331115233 1412727563.31
20.4385719144 1412727564.19
20.3032809243 1412727565.03
20.2784919176 1412727565.88
20.1533599198 1412727566.74
20.2169324198 1412727567.63
20.3680621874 1412727568.5
20.456183681 1412727569.35
20.3718215737 1412727570.19
20.3464128002 1412727571.04
20.3502740403 1412727571.93
20.2806496664 1412727572.82
20.2055568509 1412727573.67
20.2353927931 1412727574.53
19.7460649442 1412727575.42
19.4849949982 1412727576.35
19.5012043563 1412727577.23
19.2208944645 1412727578.11
19.194690584 1412727578.99
18.8321453507 1412727579.85
18.8115000342 1412727580.74
18.8506577562 1412727581.64
18.6946387088 1412727582.51
18.4161057493 1412727583.43
18.7243263372 1412727584.34
18.8207745578 1412727585.29
18.6685920821 1412727586.14
18.5857174561 1412727586.99
18.5703848066 1412727587.85
18.5635200612 1412727588.69
18.1686887526 1412727589.56
17.9012590713 1412727590.41
17.9102872683 1412727591.29
17.8495203537 1412727592.25
17.896486193 1412727593.24
17.9308546304 1412727594.15
18.108150816 1412727595.08
18.2982808088 1412727595.97
18.3525614204 1412727596.88
18.4564847302 1412727597.75
18.5305496466 1412727598.59
18.5858434006 1412727599.48
18.6120767301 1412727600.4
18.4841994622 1412727601.24
18.3835264481 1412727602.12
18.4621842289 1412727603.03
18.2618961856 1412727603.89
18.293302623 1412727604.72
18.3499312124 1412727605.49
18.308348306 1412727606.36
18.2683003461 1412727607.23
18.2463151374 1412727608.1
18.3492713904 1412727608.98
18.3910439957 1412727609.86
18.3022935286 1412727610.72
18.023452398 1412727611.6
17.8608772486 1412727612.49
