32.9470616032 1412741077.78
32.341984918 1412741078.86
31.6532128051 1412741079.9
30.9527992215 1412741080.97
30.7133717952 1412741082.05
30.112495144 1412741083.2
29.7518872013 1412741084.32
29.6446837131 1412741085.43
29.7720669538 1412741086.53
29.4453763561 1412741087.71
29.1370355496 1412741088.84
29.220491827 1412741089.96
29.1077383636 1412741091.14
29.0448015684 1412741092.19
28.4179678163 1412741093.41
28.3934040486 1412741094.75
28.2305809731 1412741095.96
28.0474781683 1412741097.02
27.6538290407 1412741098.02
27.6914326581 1412741099.04
27.5572173821 1412741100.06
27.2592411503 1412741101.08
27.3209957181 1412741102.13
27.2096411392 1412741103.11
27.2009813888 1412741104.11
27.0986796615 1412741105.13
27.0112315643 1412741106.24
26.7357637003 1412741107.31
26.4923461749 1412741108.46
26.5632414542 1412741109.86
26.5208589181 1412741110.98
26.3761198036 1412741112.16
25.9415154346 1412741113.4
25.9702217287 1412741114.93
25.5786550006 1412741116.36
25.5539198351 1412741117.83
25.4094587614 1412741119.33
25.0691337715 1412741120.85
25.0079883051 1412741122.38
25.2315454288 1412741123.87
24.742743094 1412741125.53
24.8667269473 1412741127.17
24.7310843195 1412741128.8
24.6340578226 1412741130.49
24.7296508473 1412741132.21
24.7595964706 1412741133.93
24.3715521939 1412741135.68
24.2679767056 1412741137.5
24.0883932491 1412741139.34
24.0414109612 1412741141.17
23.8577593466 1412741143.0
23.8556552368 1412741144.84
23.6879521632 1412741146.59
23.4109320877 1412741148.41
23.1443138297 1412741150.31
23.231964046 1412741152.09
23.0454500813 1412741154.03
23.0961734488 1412741155.97
22.9673870733 1412741157.8
22.8236379851 1412741159.64
22.8578450481 1412741161.64
22.6325326016 1412741163.54
22.6840154784 1412741165.49
22.6557967368 1412741167.57
22.7103975402 1412741169.81
22.5109457501 1412741171.73
22.3635011331 1412741173.87
22.3691533763 1412741175.89
22.2653230208 1412741177.39
22.3918727444 1412741178.86
22.213724778 1412741180.26
22.1447711265 1412741181.84
21.939256505 1412741183.37
22.2031113446 1412741184.93
22.1245383995 1412741186.43
22.1720968258 1412741187.91
22.0774454714 1412741189.39
21.9598432266 1412741190.96
21.7372684925 1412741192.48
21.6991559229 1412741193.96
21.6248575861 1412741195.39
21.3895044785 1412741196.92
21.4794247344 1412741198.4
21.5460860147 1412741199.93
21.4978013266 1412741201.5
21.5921228206 1412741203.05
21.5621339054 1412741204.61
21.5943096491 1412741206.09
21.4727941037 1412741207.66
21.3453107244 1412741209.15
21.3052024485 1412741210.66
21.2910728715 1412741212.16
21.1974330018 1412741213.63
21.0967175605 1412741215.11
21.0692103557 1412741216.63
21.2473208541 1412741218.1
21.1872404069 1412741219.6
21.1190260311 1412741221.07
21.2093541325 1412741222.59
21.2737089334 1412741224.02
21.122866279 1412741225.58
21.3688083364 1412741227.12
21.1485035665 1412741228.74
21.2293902704 1412741230.25
21.3257425335 1412741231.81
21.2386013254 1412741233.39
21.3001197653 1412741235.0
21.289696839 1412741236.65
21.2484644942 1412741238.27
21.2602803841 1412741239.81
21.267560936 1412741241.38
21.0973847558 1412741242.98
21.1197426796 1412741244.53
21.1909215852 1412741246.06
21.0326345537 1412741247.76
21.0122289948 1412741249.36
21.1547827721 1412741250.94
21.0665861815 1412741252.54
20.9578659203 1412741254.13
21.0125025492 1412741255.74
20.9110687877 1412741257.34
20.9150705093 1412741258.86
20.764836029 1412741260.44
20.786216369 1412741262.01
20.6382777318 1412741263.57
20.7162801573 1412741265.14
20.6852776215 1412741266.76
20.757423846 1412741268.33
20.7308975542 1412741269.94
20.5687853552 1412741271.51
20.6591411949 1412741273.07
20.7346000699 1412741274.62
20.6308329425 1412741276.17
20.5214060754 1412741277.74
20.5831105583 1412741279.36
20.3827688124 1412741280.91
20.4873848607 1412741282.53
20.4446469446 1412741284.09
20.5678227397 1412741285.67
20.5193430885 1412741287.24
20.6557504438 1412741288.91
20.5101953656 1412741290.53
20.7406108819 1412741292.17
20.5427649576 1412741293.8
20.1816957134 1412741295.5
20.1242596551 1412741297.13
19.8509788571 1412741298.76
19.7425357316 1412741300.48
19.6078948955 1412741302.11
19.7173117093 1412741303.82
19.5947257651 1412741305.51
19.3513851547 1412741307.13
19.4761544009 1412741308.79
19.5000511804 1412741310.46
19.4265865912 1412741312.06
19.5612502616 1412741313.75
19.5543566255 1412741315.5
19.5023905196 1412741317.24
19.4473813287 1412741318.91
19.357918353 1412741320.59
19.3922576188 1412741322.25
19.743064833 1412741323.92
19.6554212879 1412741325.58
19.6338786718 1412741327.26
19.6359275863 1412741328.98
19.5732847791 1412741330.64
19.5732733236 1412741332.25
19.4649820226 1412741333.89
19.6936317631 1412741335.58
19.5778612591 1412741337.24
19.6724811907 1412741338.92
19.7694366176 1412741340.56
19.8159550675 1412741342.21
19.8339468367 1412741343.85
19.7935658642 1412741345.5
19.4140431039 1412741347.14
19.6148794066 1412741348.76
19.4080968781 1412741350.43
19.4222841525 1412741352.09
19.6016879923 1412741353.73
19.3143650977 1412741355.37
19.475810242 1412741356.96
19.7297455177 1412741358.57
19.4023704317 1412741360.2
20.0472922141 1412741361.98
19.5692272229 1412741363.69
19.4073468342 1412741365.35
19.4272130152 1412741366.99
19.5322318453 1412741368.6
19.4163206361 1412741370.31
19.4531297007 1412741371.91
19.4752408184 1412741373.87
19.4625092097 1412741375.8
19.3946293951 1412741377.49
19.5007613633 1412741379.14
19.4846029725 1412741380.79
19.4680057023 1412741382.56
19.3424181833 1412741384.33
19.5730089573 1412741386.01
19.4846869229 1412741387.64
