25.5682878504 1412730088.59
25.5869381941 1412730089.3
25.9298589085 1412730090.02
25.9290739512 1412730090.69
26.1924345606 1412730091.42
26.6456395485 1412730092.14
27.1534687619 1412730092.85
27.8644444773 1412730093.53
28.2830561554 1412730094.23
28.1572618052 1412730094.96
27.8957346968 1412730095.65
27.9164271482 1412730096.34
27.9837798786 1412730097.06
28.1586211978 1412730097.8
28.2687227971 1412730098.44
28.4116955903 1412730099.17
28.6443277424 1412730099.85
28.9514664811 1412730100.54
29.0045543861 1412730101.18
29.1587578653 1412730101.87
28.873851994 1412730102.54
29.0954902522 1412730103.18
29.2151657294 1412730103.86
29.2315006648 1412730104.52
29.4628443248 1412730105.21
29.5287617765 1412730105.88
29.5521038583 1412730106.56
29.5809659633 1412730107.24
29.6105992429 1412730107.94
29.8231027933 1412730108.58
29.8612987415 1412730109.23
29.9490497178 1412730109.93
29.8595985356 1412730110.61
29.7010458864 1412730111.26
29.6194250641 1412730111.94
29.6184124735 1412730112.59
29.4572950318 1412730113.26
29.0872579213 1412730113.97
28.9888928464 1412730114.67
28.8649114182 1412730115.36
28.7684385322 1412730116.03
28.6236940731 1412730116.68
28.670208955 1412730117.29
28.4944484259 1412730117.92
28.4283675778 1412730118.56
28.347996305 1412730119.19
28.3528619249 1412730119.83
28.0708044766 1412730120.52
28.0311878047 1412730121.17
28.0245601605 1412730121.83
27.9532646787 1412730122.48
27.784160504 1412730123.17
28.0791772461 1412730123.76
27.9137264491 1412730124.41
27.9339698271 1412730125.06
28.30498763 1412730125.72
22.3650119048 1412730126.45
22.4351014168 1412730127.23
22.5113729335 1412730127.9
22.2232311595 1412730128.62
22.1832664663 1412730129.33
21.8388632264 1412730130.13
21.6158779892 1412730130.97
21.0609828618 1412730131.82
20.022849412 1412730132.56
19.1096043637 1412730133.36
18.5503498899 1412730134.28
18.7786357341 1412730135.04
19.0297563236 1412730136.02
18.8969356958 1412730137.01
18.8349812629 1412730137.78
18.9043856169 1412730138.6
18.8696497218 1412730139.42
18.2169111377 1412730140.1
18.2181308596 1412730140.78
18.1780069252 1412730141.43
18.1495234284 1412730142.09
18.2040098687 1412730142.78
18.1659907367 1412730143.48
18.1579706523 1412730144.1
18.2302727659 1412730144.75
18.1830820017 1412730145.47
18.1194324016 1412730146.16
18.1584675075 1412730147.07
18.0294663587 1412730148.06
18.0916218684 1412730149.05
18.1175652276 1412730149.75
18.1281593272 1412730150.45
18.1701693011 1412730151.19
18.2188727113 1412730151.86
18.2233762448 1412730152.56
18.1953766408 1412730153.25
18.1644551879 1412730153.92
18.1053265153 1412730154.61
18.069868902 1412730155.36
18.0261033825 1412730156.13
18.0404989636 1412730156.97
17.9494445575 1412730157.99
17.9887434373 1412730158.75
17.8560258011 1412730159.46
17.8851118884 1412730160.21
17.8601100282 1412730160.91
17.9146456673 1412730161.66
17.8746193385 1412730162.4
18.0014989779 1412730163.39
17.8111223739 1412730164.0
17.9848755894 1412730164.65
17.8696984639 1412730165.36
17.7069229316 1412730166.05
17.8157290529 1412730166.66
17.6616703841 1412730167.37
17.6670112002 1412730168.08
17.7427744657 1412730168.8
17.6025310713 1412730169.49
17.6199471938 1412730170.09
17.6477646019 1412730171.06
17.6927076257 1412730172.16
17.7590119284 1412730172.91
17.6302015055 1412730173.62
17.6796545192 1412730174.35
17.7846143283 1412730175.07
17.6395700349 1412730175.95
17.70972011 1412730176.95
17.5762570027 1412730177.6
17.4949593228 1412730178.27
17.44279204 1412730178.96
17.3602305388 1412730179.59
17.248998766 1412730180.26
17.2412194695 1412730180.93
17.2668143763 1412730181.58
17.2374007738 1412730182.24
17.217043099 1412730182.86
17.2291595407 1412730183.48
17.2516423242 1412730184.11
17.2844246254 1412730184.75
17.209154294 1412730185.38
17.2430282091 1412730186.0
17.1921272448 1412730186.6
17.2836359967 1412730187.34
17.2837931199 1412730188.08
17.1621439003 1412730188.66
17.058792913 1412730189.27
17.0251606129 1412730189.89
16.9763293937 1412730190.52
16.9182337828 1412730191.15
16.6953068172 1412730191.75
16.666318404 1412730192.34
16.6547315359 1412730193.0
16.7076268631 1412730193.64
16.6947041536 1412730194.24
16.7663907297 1412730194.84
16.6345250121 1412730195.41
16.689270173 1412730196.0
16.5398934257 1412730196.63
16.6315697107 1412730197.26
16.5729937781 1412730197.82
16.4953971809 1412730198.42
16.5127909152 1412730199.01
16.5837507286 1412730199.59
16.4718178852 1412730200.17
16.5313248363 1412730200.76
16.4461421448 1412730201.38
16.3589378557 1412730201.97
16.3105523462 1412730202.56
16.1788259073 1412730203.14
16.0821600584 1412730203.77
16.057988156 1412730204.34
15.9630519495 1412730204.92
15.867774411 1412730205.58
15.6848261654 1412730206.23
15.7430252723 1412730206.81
15.5793450375 1412730207.42
15.4900179951 1412730208.03
15.359373403 1412730208.64
15.2362658182 1412730209.24
15.25794269 1412730209.99
15.2553163833 1412730210.78
15.1378298511 1412730211.42
15.1967973226 1412730212.07
15.1581883472 1412730212.73
15.1409941304 1412730213.4
15.2019669472 1412730214.05
15.1063530819 1412730214.77
15.0036358426 1412730215.64
14.9328995423 1412730216.28
14.8506252247 1412730217.03
14.7646108887 1412730217.91
14.7565196812 1412730218.85
14.6492305479 1412730219.79
14.7040243981 1412730220.73
14.6365371474 1412730221.64
14.5782334682 1412730222.39
14.4913605244 1412730223.18
14.4517102368 1412730223.95
14.4107593161 1412730224.78
14.2955072882 1412730225.4
14.1863776497 1412730225.96
14.2399974595 1412730226.56
14.1126711255 1412730227.11
14.1608224818 1412730227.74
