49.2502593797 1412722338.26
49.4830912277 1412722338.44
50.8138711093 1412722338.59
52.1313470048 1412722338.75
51.2044626715 1412722338.92
51.2434074173 1412722339.1
51.1835960873 1412722339.3
50.5789772185 1412722339.52
51.13594475 1412722339.68
51.5253882137 1412722339.91
50.6521004631 1412722340.13
50.7878177474 1412722340.35
51.1234361975 1412722340.52
51.5311866737 1412722340.73
51.8413215578 1412722340.95
52.0372861815 1412722341.14
52.4621893928 1412722341.33
52.5694640617 1412722341.56
52.5358465213 1412722341.77
52.9800371641 1412722341.97
52.7933750195 1412722342.16
52.7858505429 1412722342.39
53.1347226695 1412722342.58
52.5710574426 1412722342.77
52.7282654958 1412722342.99
52.9880057092 1412722343.21
52.4431179777 1412722343.39
52.2605018497 1412722343.58
52.4188890007 1412722343.77
52.2390301695 1412722343.98
52.1585241813 1412722344.17
52.4205340352 1412722344.35
51.8582304737 1412722344.58
51.8351073745 1412722344.78
50.8776926573 1412722344.97
50.8227247614 1412722345.16
50.7317243144 1412722345.36
49.9738268581 1412722345.57
49.9252006187 1412722345.73
49.8777889628 1412722345.92
49.7202529072 1412722346.12
49.6478449959 1412722346.31
49.3876340281 1412722346.52
49.2214932164 1412722346.7
48.6444911953 1412722346.9
49.045245813 1412722347.11
49.0179696682 1412722347.28
48.6754023193 1412722347.48
48.9657685267 1412722347.69
48.8293804378 1412722347.85
48.8072201925 1412722348.02
48.7855744825 1412722348.23
48.9297757466 1412722348.45
48.8251684789 1412722348.64
48.8781713946 1412722348.82
48.774913521 1412722349.02
48.8290064806 1412722349.23
48.7276753536 1412722349.47
48.9368480037 1412722349.67
48.9443579424 1412722349.87
48.8493417745 1412722350.08
48.8310718623 1412722350.27
48.239360822 1412722350.44
48.7619307663 1412722350.64
48.8080957833 1412722350.84
48.8518826385 1412722351.02
48.8590652097 1412722351.22
48.8184129613 1412722351.41
48.8530849623 1412722351.59
48.8127255074 1412722351.83
48.7997845955 1412722352.02
48.9340730427 1412722352.2
48.9723861648 1412722352.4
49.2109296715 1412722352.58
49.2222141252 1412722352.85
49.4393237398 1412722353.09
49.3333186307 1412722353.34
49.297681641 1412722353.55
49.0614583808 1412722353.76
49.0221379666 1412722353.99
48.9835194293 1412722354.21
49.1208760262 1412722354.47
49.3327429803 1412722354.65
49.3543362044 1412722354.88
49.7981656446 1412722355.19
49.5942506615 1412722355.39
49.7468129897 1412722355.59
49.6944017797 1412722355.81
49.6117025277 1412722356.0
49.8801718177 1412722356.26
49.6053131404 1412722356.55
49.4568576766 1412722356.78
50.0605736955 1412722356.97
49.9244484215 1412722357.18
50.394161653 1412722357.39
50.1321612323 1412722357.6
50.568291802 1412722357.88
50.029924891 1412722358.09
50.2445520804 1412722358.29
50.1849008246 1412722358.52
50.1329722735 1412722358.71
50.1266286096 1412722358.93
50.1511864749 1412722359.14
49.9805775716 1412722359.41
50.1775825183 1412722359.67
50.1292147298 1412722359.86
50.0706170886 1412722360.08
49.5976902232 1412722360.31
49.0311573113 1412722360.52
49.8032151192 1412722360.69
49.5176832154 1412722360.93
49.2148281923 1412722361.2
49.3582746889 1412722361.47
49.7298068669 1412722361.67
49.1148494977 1412722361.88
49.2806285059 1412722362.07
48.4305647115 1412722362.25
48.6416137555 1412722362.43
48.1527179323 1412722362.63
48.5531324922 1412722362.81
49.4595870513 1412722362.98
49.4127644324 1412722363.16
47.7224380212 1412722363.35
47.5792080677 1412722363.52
47.6074795718 1412722363.69
47.0059103348 1412722363.87
47.5375811237 1412722364.04
47.5863166227 1412722364.22
48.7474589463 1412722364.39
49.0828837538 1412722364.54
49.1418289998 1412722364.71
49.6248721574 1412722364.87
49.55412348 1412722365.03
50.0353174164 1412722365.2
51.2452709414 1412722365.39
49.858463195 1412722365.55
48.9654918425 1412722365.71
48.7647354702 1412722365.88
47.6035689984 1412722366.16
47.4762926023 1412722366.47
48.011008221 1412722366.65
48.5123174313 1412722366.88
49.3409260915 1412722367.05
48.3139679616 1412722367.2
49.4984334374 1412722367.36
53.5662246841 1412722367.52
251.94945137 1412722367.69
251.576529015 1412722367.87
251.394026164 1412722368.03
250.955394133 1412722368.2
250.228451034 1412722368.4
249.671300684 1412722368.6
249.776194585 1412722368.77
250.607411002 1412722368.95
250.469494365 1412722369.13
250.577237591 1412722369.35
250.866359691 1412722369.56
250.094281212 1412722369.75
252.20198328 1412722369.95
251.309448089 1412722370.14
251.362510402 1412722370.34
252.610258558 1412722370.57
253.004727215 1412722370.76
252.806002481 1412722370.94
253.748882323 1412722371.14
253.223616608 1412722371.36
252.662668986 1412722371.55
252.1821033 1412722371.78
252.204682181 1412722372.05
252.226704603 1412722372.3
252.006474424 1412722372.48
251.927433033 1412722372.69
251.61346901 1412722372.89
251.696468212 1412722373.1
250.749595744 1412722373.32
250.913091259 1412722373.49
250.743612546 1412722373.73
250.685687037 1412722373.97
250.76688783 1412722374.16
250.176117585 1412722374.43
250.082847418 1412722374.62
249.894740366 1412722374.84
249.89541863 1412722375.02
249.957091855 1412722375.32
249.254202325 1412722375.52
248.079366702 1412722375.72
248.318704032 1412722376.02
247.764483684 1412722376.26
247.895036418 1412722376.48
247.963869816 1412722376.7
247.550727512 1412722376.93
246.869794406 1412722377.17
246.533688629 1412722377.42
246.582872816 1412722377.62
246.54186253 1412722377.85
246.62005809 1412722378.09
246.700016962 1412722378.31
246.634143895 1412722378.51
243.98084551 1412722378.73
243.625397874 1412722378.95
