23.0226809088 1412728876.86
23.2431862535 1412728877.5
24.1271291325 1412728878.24
24.5358360019 1412728878.92
24.3119171187 1412728879.65
24.5740059868 1412728880.34
24.4326585741 1412728881.03
24.3837458893 1412728881.77
24.8536445875 1412728882.5
24.9076315981 1412728883.21
25.2498027563 1412728883.81
25.2694146467 1412728884.44
25.3475333076 1412728885.04
25.1852080747 1412728885.66
24.8472338285 1412728886.27
24.5276008525 1412728886.88
24.448353389 1412728887.48
24.2529960651 1412728888.12
24.3671958221 1412728888.74
24.3089990622 1412728889.37
24.0336728465 1412728890.01
24.1598666123 1412728890.6
24.0715017815 1412728891.19
24.3645413497 1412728891.86
24.6975363561 1412728892.54
24.7520060652 1412728893.14
24.5994518863 1412728893.76
24.465507228 1412728894.38
24.6160135714 1412728895.01
24.5834771972 1412728895.67
24.713030611 1412728896.29
24.7527492395 1412728896.9
24.8631705999 1412728897.54
24.6512474362 1412728898.16
24.7398381163 1412728898.8
24.5705096843 1412728899.44
24.6691861773 1412728900.07
24.6664078152 1412728900.7
24.9536567199 1412728901.31
24.2529795665 1412728901.92
23.9550047067 1412728902.54
23.6082978335 1412728903.12
26.639900394 1412728903.77
22.8882021773 1412728904.39
23.1998612157 1412728905.0
23.7912642297 1412728905.64
23.4568438592 1412728906.31
23.7640832785 1412728907.07
23.4572606563 1412728907.91
23.623326683 1412728908.7
23.2263782046 1412728909.54
23.3681059017 1412728910.28
23.4438646591 1412728911.12
23.9431738705 1412728911.88
23.9463278253 1412728912.68
24.1292280772 1412728913.8
24.3314825631 1412728915.11
24.2649664244 1412728916.68
24.5784529773 1412728918.48
24.2851036162 1412728919.78
24.3830923158 1412728920.97
24.1258479933 1412728922.01
24.371583225 1412728923.15
24.4977232635 1412728924.19
24.5454440806 1412728924.9
24.3083027224 1412728925.67
24.2617843637 1412728926.53
24.174963903 1412728927.35
24.318574487 1412728928.14
24.238391413 1412728928.89
24.2415452942 1412728929.59
24.3431787821 1412728930.24
24.3196304172 1412728930.99
24.1913574114 1412728932.11
24.0627188582 1412728933.27
23.5749451672 1412728934.46
23.7102318405 1412728935.6
23.595061315 1412728936.81
23.2853773548 1412728937.83
23.4736170757 1412728938.91
23.7819540367 1412728939.83
23.8110092429 1412728940.66
23.6242305152 1412728941.36
23.4440635859 1412728942.08
23.5484438423 1412728942.93
23.097979629 1412728943.7
23.0607096297 1412728944.46
23.1193684259 1412728945.24
23.0206958584 1412728946.06
23.15796392 1412728946.86
23.3429172846 1412728947.61
23.6272395765 1412728948.26
23.6364451549 1412728948.99
23.3443366174 1412728949.81
23.226531048 1412728950.57
23.3157581699 1412728951.33
23.2979726687 1412728952.15
22.897935951 1412728953.01
22.992492795 1412728953.86
23.2356022931 1412728954.71
23.3743666013 1412728955.53
23.3213647819 1412728956.39
23.1751294827 1412728957.22
23.1408184475 1412728958.0
23.2018350866 1412728958.73
23.1789713056 1412728959.4
23.3200661668 1412728960.07
23.291036525 1412728960.7
23.0948320324 1412728961.4
23.0955364848 1412728962.12
23.1434003402 1412728962.84
22.8983255641 1412728963.57
22.9713093231 1412728964.3
22.9153615058 1412728965.02
23.0431027535 1412728965.84
23.1664209343 1412728966.56
23.1678166638 1412728967.3
23.107525201 1412728968.1
22.9991929324 1412728968.83
22.951569771 1412728969.53
22.8721331773 1412728970.25
22.8504155138 1412728971.03
22.8989045714 1412728971.76
22.9964234692 1412728972.48
22.9152229155 1412728973.23
22.9878213469 1412728973.99
23.0191725512 1412728974.85
23.0467783074 1412728975.65
22.997513797 1412728976.46
23.4319136733 1412728977.39
23.4887991 1412728978.27
23.6079500168 1412728979.11
24.1599072422 1412728979.92
24.0991537175 1412728980.75
24.5743116774 1412728981.63
24.341001765 1412728982.45
25.0656189275 1412728983.31
24.9823473851 1412728984.15
25.0000673598 1412728985.06
25.9540368157 1412728985.88
26.8467829483 1412728986.72
27.2542060577 1412728987.55
27.4035240068 1412728988.36
27.7796451747 1412728989.22
27.6145843299 1412728990.1
28.711645021 1412728990.96
29.5414248514 1412728991.79
30.8672699749 1412728992.66
33.1873901131 1412728994.02
33.9172252477 1412728995.45
34.7550899226 1412728996.95
36.0402579792 1412728998.12
36.2892731623 1412728998.95
37.2833609689 1412728999.75
38.0481908454 1412729000.55
39.1962401178 1412729001.53
40.4497424795 1412729002.52
40.8764141777 1412729003.51
41.2687360225 1412729004.46
39.8754367348 1412729005.39
38.5597670699 1412729006.39
38.7899446997 1412729007.31
39.0183068299 1412729008.24
38.5136257169 1412729009.08
38.5944696624 1412729010.0
37.9828868998 1412729010.85
38.7534791651 1412729011.71
39.0621532467 1412729012.68
39.2509343839 1412729013.65
39.0458225676 1412729014.82
40.8406801149 1412729015.9
40.8951443314 1412729016.88
40.6210130255 1412729017.82
40.5481459868 1412729018.98
40.52433976 1412729020.07
40.7828861898 1412729021.04
40.3374484214 1412729021.88
40.2620509946 1412729022.73
40.5393623996 1412729023.57
40.4766256946 1412729024.49
40.6161438499 1412729025.33
40.5655533162 1412729026.11
40.6588292452 1412729026.95
40.7640245343 1412729027.73
40.7411686548 1412729028.61
40.8282484568 1412729029.39
40.8545968344 1412729030.25
40.8091146644 1412729031.21
40.3579850132 1412729032.2
40.3724311887 1412729032.99
40.0845439906 1412729033.99
40.2488693263 1412729034.99
40.0545891384 1412729036.1
40.3536102476 1412729037.08
40.2520411212 1412729038.1
40.5698447943 1412729039.09
40.5722773529 1412729040.13
40.4837417166 1412729041.06
40.4956076283 1412729041.99
40.745208485 1412729042.89
