19.8098506754 1412732851.82
23.4597215647 1412732852.4
24.2998532055 1412732853.01
26.409371695 1412732853.64
28.4310855278 1412732854.27
28.5015169663 1412732854.84
28.7208507176 1412732855.4
29.4656689592 1412732855.94
29.6496080142 1412732856.54
29.2228864426 1412732857.09
29.2647786399 1412732857.69
29.3569509857 1412732858.29
29.6346418328 1412732858.87
30.1755807941 1412732859.48
30.4079756434 1412732860.05
30.8198732916 1412732860.63
31.3719394497 1412732861.23
32.1729752331 1412732861.82
32.4560801326 1412732862.41
33.2725446887 1412732862.98
33.5842210288 1412732863.52
34.1507315952 1412732864.14
33.7141814004 1412732864.77
34.0309729118 1412732865.36
33.3507196211 1412732865.91
33.8447825151 1412732866.51
34.4678079354 1412732867.06
33.9844430004 1412732867.62
33.1279319973 1412732868.18
32.6420406932 1412732868.74
32.0765605132 1412732869.34
31.2815452981 1412732869.96
30.8095520066 1412732870.53
30.2633224559 1412732871.14
29.6161470396 1412732871.74
29.0248176504 1412732872.33
28.2999690554 1412732872.91
28.5935363226 1412732873.51
27.8787969304 1412732874.12
28.2541914874 1412732874.74
27.8022832712 1412732875.29
27.963986538 1412732875.88
26.8962178793 1412732876.45
26.0829586133 1412732877.02
26.6578936344 1412732877.59
25.5750406799 1412732878.16
26.4964482716 1412732878.75
25.4187222863 1412732879.34
25.8976663915 1412732879.92
24.9801684328 1412732880.46
25.843827661 1412732881.03
24.5813857811 1412732881.63
25.7095043283 1412732882.21
24.4071500594 1412732882.8
25.4250223998 1412732883.37
27.0290324108 1412732883.93
26.3667817307 1412732884.46
27.1128386492 1412732884.99
26.7169750827 1412732885.61
27.3324780109 1412732886.21
26.8457870806 1412732886.81
27.4892488654 1412732887.38
26.9974975919 1412732887.99
26.2762591462 1412732888.55
27.1637700211 1412732889.11
26.453840501 1412732889.67
26.9313382966 1412732890.24
26.3608878733 1412732890.77
26.8460737352 1412732891.34
26.9842731722 1412732891.94
26.9556400237 1412732892.5
26.9605031423 1412732893.05
26.80310274 1412732893.61
26.7754545087 1412732894.19
26.5720336325 1412732894.75
26.2392064913 1412732895.31
25.9941239058 1412732895.88
25.7137010903 1412732896.48
25.3360189724 1412732897.05
25.1271812105 1412732897.63
24.6357864549 1412732898.22
24.4774764769 1412732898.8
24.1985590477 1412732899.39
23.8232314346 1412732899.96
23.4394261211 1412732900.55
22.8822756515 1412732901.12
22.5325023241 1412732901.71
22.4119392217 1412732902.31
22.0490702441 1412732902.94
22.0298173128 1412732903.53
21.9939881095 1412732904.12
22.2771979343 1412732904.73
22.7484334119 1412732905.36
23.0117801066 1412732905.97
23.4954114957 1412732906.6
23.9045605128 1412732907.25
23.4698609395 1412732907.86
23.8933867147 1412732908.49
23.4186269874 1412732909.1
23.8254124468 1412732909.7
23.4692283098 1412732910.28
23.8102218216 1412732910.9
23.3665904941 1412732911.5
23.5678524736 1412732912.1
23.1487381399 1412732912.71
23.3826196783 1412732913.35
23.057531042 1412732913.95
23.3388719986 1412732914.58
22.9256501437 1412732915.2
23.1092480398 1412732915.82
23.3565880144 1412732916.42
23.0850753915 1412732917.01
23.3186497733 1412732917.66
23.0133163443 1412732918.27
23.249686003 1412732918.87
22.7916633231 1412732919.48
22.9510539729 1412732920.09
22.6484244646 1412732920.69
22.4969619532 1412732921.31
22.2702502543 1412732921.97
22.4861790278 1412732922.6
22.0786472645 1412732923.24
22.4283116687 1412732923.86
22.0848032504 1412732924.52
22.268052442 1412732925.11
22.0314197516 1412732925.73
22.2095866912 1412732926.37
21.9962760509 1412732926.98
22.2233384251 1412732927.57
22.0192619099 1412732928.2
22.2196740002 1412732928.83
22.0157319795 1412732929.43
22.1451255583 1412732930.07
21.9614239471 1412732930.71
22.1256846358 1412732931.33
21.9120739459 1412732931.92
22.0590331813 1412732932.55
21.8310801587 1412732933.17
21.9330840593 1412732933.79
22.0336910073 1412732934.4
21.870501089 1412732935.02
21.8561509242 1412732935.65
21.8411811246 1412732936.28
21.8378303468 1412732936.86
21.8680036571 1412732937.49
21.7515037643 1412732938.12
21.8073426532 1412732938.74
21.8162987625 1412732939.37
21.8224278577 1412732940.0
21.8234867203 1412732940.6
21.8284451714 1412732941.21
21.5925408536 1412732941.84
21.6159184791 1412732942.46
21.6270400027 1412732943.08
21.624509127 1412732943.74
21.3244818338 1412732944.38
21.3077634487 1412732945.02
21.2823878409 1412732945.66
21.283637637 1412732946.29
21.2544887549 1412732946.91
21.2528776814 1412732947.56
21.2424437312 1412732948.2
21.2362836895 1412732948.82
21.2382142039 1412732949.48
21.2316862508 1412732950.1
21.144038588 1412732950.74
21.1478658662 1412732951.38
21.1344472154 1412732952.0
21.1189483337 1412732952.65
21.1030009669 1412732953.29
21.0833226403 1412732953.94
21.0661239514 1412732954.58
20.875341864 1412732955.2
20.8319546593 1412732955.81
20.8253506487 1412732956.45
20.8162833625 1412732957.1
20.8069804688 1412732957.76
20.8233729005 1412732958.42
20.8088653807 1412732959.06
20.650767801 1412732959.68
20.6350019906 1412732960.31
20.5785362299 1412732960.96
20.6151092144 1412732961.62
20.6014675104 1412732962.28
20.587227336 1412732962.9
20.5724390495 1412732963.53
20.5570342135 1412732964.18
20.543669735 1412732964.83
20.5275876727 1412732965.45
20.5108710338 1412732966.11
20.4935456974 1412732966.77
20.4970791758 1412732967.43
20.4956690517 1412732968.06
20.436726301 1412732968.68
20.3663072966 1412732969.31
20.4095179933 1412732969.99
20.3392700255 1412732970.62
20.1006955393 1412732971.29
20.0851787406 1412732971.96
20.0679320923 1412732972.57
