25.1490655462 1412740415.11
24.7455777317 1412740416.11
25.1483909741 1412740417.16
26.0227821168 1412740418.14
25.6770348641 1412740419.16
25.5750530076 1412740420.22
25.6491135326 1412740421.28
25.6236975795 1412740422.31
25.5530524585 1412740423.51
25.6824872155 1412740424.53
25.8736098526 1412740425.61
26.0560980878 1412740426.72
25.9858233689 1412740427.78
25.7413207857 1412740428.8
25.7007684358 1412740429.87
25.4784920779 1412740430.87
25.4328089685 1412740431.88
25.3907534143 1412740432.92
25.1197681572 1412740434.04
25.0825123147 1412740435.15
25.0036081584 1412740436.19
25.0747868223 1412740437.25
25.2613605777 1412740438.29
25.4219026783 1412740439.31
25.5068165841 1412740440.32
25.5827684664 1412740441.31
25.5139983608 1412740442.3
25.5690160385 1412740443.29
25.5336217152 1412740444.39
25.581965393 1412740445.5
25.4916143011 1412740446.45
25.5055943901 1412740447.47
25.6787349182 1412740448.43
25.496330523 1412740449.43
25.6732259763 1412740450.48
25.5000611455 1412740451.44
25.6452367229 1412740452.44
25.4357592061 1412740453.46
25.7012587648 1412740454.43
25.5317613411 1412740455.45
25.4262307836 1412740456.44
25.2950468158 1412740457.41
25.358099335 1412740458.38
25.2256225552 1412740459.36
25.1333666052 1412740460.35
25.0600581396 1412740461.33
25.0205778376 1412740462.32
24.8543773042 1412740463.3
24.8149817353 1412740464.3
24.7382878762 1412740465.32
24.6500770593 1412740466.28
24.5143254015 1412740467.26
24.5314558346 1412740468.25
24.4307671942 1412740469.27
24.4156131638 1412740470.28
24.3178445303 1412740471.29
24.2937733657 1412740472.29
24.1860762931 1412740473.26
24.0301921667 1412740474.28
23.9469240543 1412740475.28
23.8060193239 1412740476.3
23.7823364412 1412740477.33
23.7634205814 1412740478.31
23.6304369101 1412740479.34
23.5542744722 1412740480.32
23.5187863059 1412740481.37
23.4202587241 1412740482.42
23.4248894706 1412740483.44
23.4463717962 1412740484.48
23.4886751458 1412740485.52
23.4254467074 1412740486.54
23.4678605336 1412740487.63
23.4613858912 1412740488.68
23.578484591 1412740489.78
23.6265937222 1412740490.85
23.5342689121 1412740491.93
23.5003179032 1412740492.97
23.4889850116 1412740494.09
23.3906792362 1412740495.14
23.4099198505 1412740496.16
23.4871493175 1412740497.2
23.4338319689 1412740498.22
23.3583480433 1412740499.26
23.3636953102 1412740500.34
23.3459069643 1412740501.37
23.3646149836 1412740502.45
23.2909866306 1412740503.52
23.2787266752 1412740504.63
23.2788594955 1412740505.66
23.2898609021 1412740506.71
23.252668435 1412740507.77
23.2164013066 1412740508.79
23.1771931385 1412740509.83
23.2326231611 1412740510.88
23.1932005421 1412740511.93
23.1483888114 1412740513.0
23.015339977 1412740514.09
23.0123050759 1412740515.17
22.8923251575 1412740516.22
22.8043540586 1412740517.33
22.8483183278 1412740518.38
22.7662570931 1412740519.45
22.7728411069 1412740520.58
22.851524587 1412740521.65
22.8064216316 1412740522.71
22.752030654 1412740523.79
22.7609697233 1412740524.89
22.7859427692 1412740525.97
22.712418008 1412740527.08
22.6456078316 1412740528.17
22.713416702 1412740529.27
22.6738372218 1412740530.38
22.6569602072 1412740531.48
22.6248794154 1412740532.56
22.7513155581 1412740533.69
22.7046821383 1412740534.75
22.7639711252 1412740535.89
22.7678906035 1412740537.02
22.826718906 1412740538.23
22.8200575253 1412740539.45
22.7842187397 1412740540.61
22.6404631292 1412740541.79
22.7309631922 1412740542.89
22.668072217 1412740544.01
22.7125120708 1412740545.13
22.5716381503 1412740546.33
22.6209359352 1412740547.45
22.7535760761 1412740548.56
22.8976452219 1412740549.66
22.8811383663 1412740550.74
22.9637453074 1412740551.85
22.9360600992 1412740552.99
22.982364285 1412740554.06
22.98375001 1412740555.14
22.9550906132 1412740556.21
23.1239022642 1412740557.27
23.1376952373 1412740558.34
23.033439602 1412740559.43
23.0433675747 1412740560.55
23.0338505271 1412740561.61
23.0225813373 1412740562.67
22.9896533223 1412740563.75
23.0388373802 1412740564.82
22.9657321661 1412740565.9
22.8741804682 1412740566.95
22.8823044948 1412740568.05
22.8971611811 1412740569.12
22.8610623204 1412740570.24
22.8604097144 1412740571.33
22.7409612062 1412740572.45
22.6553925626 1412740573.56
22.5588484928 1412740574.69
22.4846852135 1412740575.8
22.4126812198 1412740576.92
22.3421072402 1412740578.01
22.2937010279 1412740579.12
22.2097710739 1412740580.15
22.1415480216 1412740581.25
22.048610564 1412740582.4
22.0112948708 1412740583.46
21.9989147151 1412740584.55
21.9076028871 1412740585.62
21.8180888071 1412740586.68
21.7713974853 1412740587.8
21.7258585557 1412740588.91
21.7384114053 1412740590.04
21.7285175384 1412740591.17
21.765586914 1412740592.25
21.7292025675 1412740593.36
21.7441294034 1412740594.5
21.7868822071 1412740595.65
21.7953527582 1412740596.8
21.7720657544 1412740597.91
21.8726769611 1412740599.04
21.8505999678 1412740600.16
21.8502794811 1412740601.3
21.8709683208 1412740602.44
21.8516267867 1412740603.53
21.8380936681 1412740604.59
21.8739742453 1412740605.68
21.8674690125 1412740606.73
21.8379099572 1412740607.73
21.8711579721 1412740608.81
21.855838286 1412740609.86
21.8333271503 1412740610.96
21.8221495369 1412740612.0
21.8446013616 1412740613.06
21.8004076389 1412740614.21
21.8090067987 1412740615.28
21.8094757319 1412740616.38
21.823798736 1412740617.69
21.8167026617 1412740618.96
21.8216359374 1412740620.19
21.8028154619 1412740621.41
21.8032566631 1412740622.66
21.8140599939 1412740623.93
21.8230626237 1412740625.15
21.8087322226 1412740626.37
21.8161227749 1412740627.57
21.8001642405 1412740628.83
