6.37760534918 1412721897.3
7.46910079143 1412721897.42
8.45728438946 1412721897.55
9.01202546845 1412721897.65
10.1031776187 1412721897.76
10.8375174554 1412721897.84
11.5091036119 1412721897.94
12.076871297 1412721898.03
13.233112227 1412721898.14
13.7663462266 1412721898.23
14.2476194446 1412721898.32
14.2468016809 1412721898.41
13.8384911613 1412721898.49
13.2550207326 1412721898.57
13.5064237475 1412721898.67
13.6785847283 1412721898.76
13.6394467923 1412721898.86
13.5215205811 1412721898.95
13.8449856568 1412721899.03
13.9828969772 1412721899.12
13.8505796871 1412721899.21
13.4236164399 1412721899.36
13.7259596448 1412721899.46
13.7926163194 1412721899.57
13.758114222 1412721899.66
13.1001190862 1412721899.79
13.1552315903 1412721899.87
12.9722025776 1412721899.97
12.9245620195 1412721900.09
13.6947726244 1412721900.22
14.4674113227 1412721900.36
15.0340249286 1412721900.49
15.4434004696 1412721900.6
15.5640377677 1412721900.7
15.823806432 1412721900.82
15.7657768394 1412721900.96
16.3062261288 1412721901.08
15.9129875664 1412721901.18
16.2539706624 1412721901.31
16.3154526772 1412721901.43
16.7283857773 1412721901.55
17.1611117442 1412721901.67
17.338436825 1412721901.81
17.2670464225 1412721901.96
17.3096196708 1412721902.07
17.3921514272 1412721902.16
17.7192577499 1412721902.27
17.8685209079 1412721902.39
17.8724497089 1412721902.49
17.8087189343 1412721902.59
17.7712331355 1412721902.7
17.9462308501 1412721902.81
17.9683018852 1412721902.91
18.140929625 1412721903.02
18.2120314739 1412721903.19
18.4255536194 1412721903.42
18.4888316423 1412721903.56
18.4485373159 1412721903.7
18.3268312376 1412721903.83
18.4102970967 1412721903.99
18.4344146288 1412721904.14
18.0731769253 1412721904.27
18.1127000737 1412721904.4
18.0661819522 1412721904.56
18.0452535113 1412721904.72
18.152335858 1412721904.84
18.1137206111 1412721904.96
18.0736148725 1412721905.09
18.0406045555 1412721905.23
18.0088252508 1412721905.4
17.977381323 1412721905.55
18.2382572356 1412721905.7
18.1347673145 1412721905.82
17.9963185102 1412721905.94
18.0628658552 1412721906.05
18.0093472221 1412721906.16
17.8298238323 1412721906.29
17.8194962644 1412721906.4
17.9572186891 1412721906.5
18.1640092551 1412721906.61
18.2810749545 1412721906.72
18.3100199885 1412721906.82
18.2550240856 1412721906.91
17.9545241802 1412721907.01
17.9487729943 1412721907.11
18.2235444734 1412721907.2
17.8801562542 1412721907.34
18.0814957732 1412721907.44
17.9797294559 1412721907.53
18.023569361 1412721907.64
18.1785787785 1412721907.75
18.069667341 1412721907.86
17.9993007114 1412721907.95
18.3275079784 1412721908.05
18.3793190749 1412721908.16
18.5869148635 1412721908.28
18.5369290108 1412721908.42
18.683431336 1412721908.53
18.8981511066 1412721908.65
18.8777770908 1412721908.78
19.2577605632 1412721908.91
19.3024481328 1412721909.04
19.2725419152 1412721909.15
19.1723036059 1412721909.28
19.2433871266 1412721909.42
19.2366728435 1412721909.53
19.3935584409 1412721909.64
19.360275293 1412721909.76
19.3605429939 1412721909.86
19.4046520171 1412721909.97
19.3678117363 1412721910.06
19.5818963002 1412721910.16
19.4930108796 1412721910.28
19.5185315778 1412721910.41
19.4770954335 1412721910.53
19.4650818114 1412721910.64
19.5075052903 1412721910.75
19.4642437553 1412721910.87
19.4388799026 1412721910.96
19.5086976445 1412721911.06
19.4525933703 1412721911.22
19.762961687 1412721911.47
19.7090001915 1412721911.64
19.513063839 1412721911.78
19.4641778894 1412721911.92
19.4200755042 1412721912.08
19.494878206 1412721912.19
19.5926536278 1412721912.31
19.5442116804 1412721912.44
19.360768744 1412721912.58
19.3233665798 1412721912.68
19.299646999 1412721912.8
19.2802887405 1412721912.92
19.2661908739 1412721913.03
18.921367046 1412721913.15
18.8541907441 1412721913.26
18.7980622634 1412721913.37
18.7353740992 1412721913.46
18.8432952489 1412721913.55
18.95191927 1412721913.64
18.955215873 1412721913.77
19.0625094751 1412721913.89
19.037186419 1412721913.99
19.1127428199 1412721914.09
19.3101740123 1412721914.19
19.017892452 1412721914.35
18.4855740696 1412721914.46
17.6265111888 1412721914.59
16.7673706387 1412721914.7
16.0614774001 1412721914.8
15.5274280735 1412721914.88
15.1984855957 1412721914.97
14.9211402466 1412721915.07
14.6653669011 1412721915.18
14.3377101855 1412721915.31
14.0232706508 1412721915.4
14.0063047436 1412721915.48
13.8862584783 1412721915.58
13.7185041597 1412721915.65
13.4883833238 1412721915.77
13.2242488874 1412721915.9
13.1265925195 1412721916.01
13.1372219288 1412721916.12
13.2105928921 1412721916.22
13.2119478728 1412721916.37
13.3759861362 1412721916.48
13.1594462978 1412721916.58
13.4417957434 1412721916.67
13.068697924 1412721916.78
13.3780457481 1412721916.89
13.2986690959 1412721917.02
13.1967987042 1412721917.13
13.3282982639 1412721917.27
13.1301049394 1412721917.4
13.2627208875 1412721917.49
13.1301869058 1412721917.58
13.1517700317 1412721917.69
13.494951057 1412721917.79
13.5588967777 1412721917.88
13.4447937051 1412721917.99
13.5018251573 1412721918.07
13.8185712322 1412721918.17
13.6491194628 1412721918.3
13.6506177617 1412721918.45
13.812619141 1412721918.58
13.7084541199 1412721918.69
13.7204671506 1412721918.84
13.6888646417 1412721918.97
13.8930164862 1412721919.1
13.8402387509 1412721919.22
13.8828822033 1412721919.37
13.7326508159 1412721919.47
13.7706608119 1412721919.58
13.737599954 1412721919.67
14.0587607597 1412721919.78
14.0139069354 1412721919.91
13.9500460073 1412721920.02
14.1452014768 1412721920.11
13.9501070619 1412721920.19
13.8331268153 1412721920.35
