36.5868862804 1412721875.3
36.6629598664 1412721875.42
36.6757414024 1412721875.51
35.7036520142 1412721875.61
35.3842699171 1412721875.7
36.1704370422 1412721875.8
35.7624858508 1412721875.9
36.9772290888 1412721876.0
37.4510157041 1412721876.1
37.4545531753 1412721876.22
36.6534713511 1412721876.32
35.0705325052 1412721876.45
34.3905618655 1412721876.56
33.6031936367 1412721876.67
33.03832352 1412721876.79
32.4975600524 1412721876.89
32.3303068398 1412721876.97
32.2145052246 1412721877.05
32.0527101167 1412721877.14
30.9025871187 1412721877.24
30.7843534924 1412721877.44
31.2574394954 1412721877.54
30.8799196024 1412721877.63
31.1162414701 1412721877.73
30.2873619025 1412721877.84
29.6613684105 1412721877.93
29.5225538405 1412721878.03
29.8194699953 1412721878.13
29.5092707159 1412721878.22
30.248283452 1412721878.33
30.144264106 1412721878.44
30.7944736181 1412721878.55
30.6931788231 1412721878.65
30.3578852375 1412721878.74
30.2665637944 1412721878.85
30.3740718611 1412721878.95
30.2952397358 1412721879.05
30.0502143248 1412721879.19
30.0021490299 1412721879.33
29.3368363793 1412721879.47
29.7034567171 1412721879.57
29.6400537113 1412721879.68
29.4661009282 1412721879.79
29.5316674144 1412721879.89
29.5122302077 1412721880.0
29.2380492138 1412721880.1
29.2273367246 1412721880.19
29.2641689829 1412721880.29
29.2595524085 1412721880.39
29.2145029763 1412721880.49
29.2091810091 1412721880.6
28.9688375524 1412721880.71
29.3346728107 1412721880.82
28.9415593453 1412721880.9
28.91172115 1412721881.04
28.8818339805 1412721881.18
28.6337708492 1412721881.32
28.6426716832 1412721881.44
28.6447298016 1412721881.58
28.6470043288 1412721881.7
28.6495217787 1412721881.78
28.6523181967 1412721881.86
28.6553759577 1412721881.96
28.6587488256 1412721882.05
28.6623723766 1412721882.15
28.5066380291 1412721882.25
28.5045456965 1412721882.35
28.5026460407 1412721882.47
28.5010374051 1412721882.6
28.5625573463 1412721882.73
28.5631532009 1412721882.83
28.6303169935 1412721882.94
28.6315218024 1412721883.04
28.6328810931 1412721883.14
28.6344036069 1412721883.28
28.6388339139 1412721883.42
28.6407868382 1412721883.53
28.6429343432 1412721883.63
28.6452561592 1412721883.74
28.3807510712 1412721883.84
28.5295374566 1412721883.93
28.526688652 1412721884.05
28.3570454419 1412721884.17
28.6114111194 1412721884.29
28.5024825171 1412721884.41
28.4997061631 1412721884.53
28.4721697834 1412721884.68
28.5804471186 1412721884.81
28.4714999707 1412721884.93
28.4683114144 1412721885.04
28.4685496837 1412721885.14
28.2991648274 1412721885.26
28.5478388591 1412721885.4
28.4211587183 1412721885.5
28.4178277818 1412721885.61
28.4145750607 1412721885.71
28.4114658991 1412721885.82
28.5187375028 1412721885.91
28.255149345 1412721886.01
28.3869005879 1412721886.1
28.3842122311 1412721886.2
28.4912432559 1412721886.31
28.2202282509 1412721886.42
28.1961955951 1412721886.52
28.1960108743 1412721886.61
28.3045899213 1412721886.72
28.3019675189 1412721886.83
28.2992446263 1412721886.92
28.4822773824 1412721887.02
28.24688729 1412721887.11
28.4322135351 1412721887.2
28.1987484706 1412721887.33
28.3836608044 1412721887.43
28.3601098084 1412721887.56
28.3555740636 1412721887.66
28.3507938313 1412721887.75
28.306588467 1412721887.85
28.5085459459 1412721887.95
28.5590501932 1412721888.05
28.5142581722 1412721888.16
28.4401090435 1412721888.28
28.3438868077 1412721888.39
28.5881162893 1412721888.49
28.5488929363 1412721888.59
28.5146941877 1412721888.71
28.5257507848 1412721888.8
28.5377014277 1412721888.91
28.4554244986 1412721889.01
28.4683144604 1412721889.12
28.48235038 1412721889.22
28.5937406483 1412721889.4
28.6276568552 1412721889.52
28.2907796068 1412721889.63
28.5605080287 1412721889.75
28.5301120533 1412721889.85
28.5421571044 1412721889.96
28.5949864364 1412721890.07
28.5649215264 1412721890.16
28.5735874035 1412721890.26
28.5785611819 1412721890.38
28.5877071729 1412721890.48
28.4558232656 1412721890.61
28.3241252562 1412721890.73
28.5491232479 1412721890.84
28.5596542943 1412721890.93
28.4873698765 1412721891.05
28.4955341943 1412721891.16
28.5098475003 1412721891.28
28.5177026728 1412721891.42
28.5254437562 1412721891.53
28.7420259384 1412721891.62
28.5853639077 1412721891.74
28.5959540044 1412721891.86
28.606829958 1412721891.96
28.6179649697 1412721892.06
28.6294101431 1412721892.17
28.6410856117 1412721892.26
28.6530766561 1412721892.38
28.0067809427 1412721892.48
28.2496193421 1412721892.58
28.2237925382 1412721892.69
28.2822536363 1412721892.81
28.2829195907 1412721892.92
28.2836663959 1412721893.05
28.2844665784 1412721893.16
28.2853171866 1412721893.27
28.2862840724 1412721893.44
28.6565383393 1412721893.52
28.9007410171 1412721893.62
28.8503386333 1412721893.73
28.79942926 1412721893.83
28.8865699925 1412721893.94
28.7256306347 1412721894.05
28.6567928076 1412721894.15
28.6814785893 1412721894.25
29.1497373373 1412721894.36
29.022066038 1412721894.48
29.0604470586 1412721894.59
29.1192283671 1412721894.7
29.0541896964 1412721894.8
28.9777688185 1412721894.9
28.8398186627 1412721895.01
28.6630696481 1412721895.13
28.6997837849 1412721895.22
28.5626867653 1412721895.35
28.4518125565 1412721895.46
28.3510149542 1412721895.56
28.3475971282 1412721895.66
28.0915063967 1412721895.79
28.1762399546 1412721895.9
28.0759307295 1412721896.02
28.0056494711 1412721896.15
27.988287146 1412721896.26
28.1856340043 1412721896.36
27.9138881086 1412721896.48
27.9996288823 1412721896.63
27.7544102796 1412721896.75
28.0700395479 1412721896.86
28.0850327655 1412721896.96
28.0595632342 1412721897.08
