67.0825054112 1412721792.93
65.723308826 1412721793.06
63.8613403837 1412721793.19
63.1052893607 1412721793.35
63.5490955418 1412721793.49
63.3105726664 1412721793.6
63.0569603648 1412721793.72
63.5307406139 1412721793.85
63.0727942626 1412721794.0
62.1305113212 1412721794.14
62.1184708895 1412721794.27
62.4117413025 1412721794.4
61.3280895887 1412721794.54
59.9320768765 1412721794.69
59.304270481 1412721794.83
59.2195412002 1412721794.95
58.6111929135 1412721795.08
59.0192144256 1412721795.22
58.660576333 1412721795.38
58.7055134951 1412721795.54
58.7708842119 1412721795.68
58.4640429834 1412721795.84
59.0173977316 1412721796.0
58.9592311167 1412721796.13
59.043586223 1412721796.26
58.4485895789 1412721796.4
58.556143922 1412721796.57
58.4286386035 1412721796.7
58.7382817935 1412721796.86
58.4310948141 1412721797.01
59.5434739435 1412721797.14
60.5670871581 1412721797.3
60.2148417691 1412721797.46
60.1353707027 1412721797.63
60.1507107036 1412721797.79
59.8541675713 1412721797.93
59.8689394313 1412721798.07
60.2496019043 1412721798.22
60.3119938325 1412721798.36
60.0910113924 1412721798.5
60.060804695 1412721798.64
59.7240836765 1412721798.8
60.0050268164 1412721798.94
59.9490927843 1412721799.08
59.9748853958 1412721799.21
60.2417838444 1412721799.37
60.7383222955 1412721799.49
60.7795598998 1412721799.64
60.4760299935 1412721799.77
60.6692058914 1412721799.88
60.6629344066 1412721799.99
61.1720292557 1412721800.11
60.6559262862 1412721800.25
61.201231562 1412721800.38
61.5801103758 1412721800.48
60.6526458605 1412721800.6
61.4254870436 1412721800.71
61.1020405692 1412721800.83
60.2542173227 1412721800.93
60.4039270467 1412721801.03
60.3258814659 1412721801.15
60.4692304413 1412721801.26
59.7569115255 1412721801.39
59.5648987789 1412721801.51
59.3927511003 1412721801.61
59.6554271917 1412721801.72
60.033361581 1412721801.83
59.7692592948 1412721801.95
59.7644295727 1412721802.07
59.4876650645 1412721802.18
59.4695835803 1412721802.3
59.4508879733 1412721802.4
59.4314910583 1412721802.52
59.4115087503 1412721802.65
59.3908137944 1412721802.77
59.4845268411 1412721802.89
59.4709252298 1412721803.01
59.4568401216 1412721803.13
59.3589562577 1412721803.25
59.3432536796 1412721803.39
59.3275177361 1412721803.49
59.3117808301 1412721803.61
58.992905136 1412721803.73
58.9698994277 1412721803.83
58.9465703718 1412721803.97
58.8494430597 1412721804.09
58.820873019 1412721804.21
58.7905421977 1412721804.32
58.7583152098 1412721804.47
58.7688943348 1412721804.59
58.7406291284 1412721804.72
58.7108310933 1412721804.84
58.6793914712 1412721804.96
58.6989682849 1412721805.06
58.9168165637 1412721805.17
58.6892095469 1412721805.31
58.6503786265 1412721805.48
58.5931809362 1412721805.64
58.5484294053 1412721805.76
58.5011242322 1412721805.87
57.5584753628 1412721805.97
57.0149738277 1412721806.1
56.691889682 1412721806.2
56.5417515258 1412721806.32
56.2074441201 1412721806.43
55.1593254889 1412721806.56
53.6627537906 1412721806.67
53.1574833644 1412721806.82
51.9435235208 1412721806.98
50.9463290615 1412721807.1
50.2626274082 1412721807.2
49.1886023138 1412721807.41
49.529545472 1412721807.59
49.9494287322 1412721807.71
50.1410581436 1412721807.82
49.5517998677 1412721807.97
49.4971331013 1412721808.09
50.3206800404 1412721808.22
50.5780172831 1412721808.34
49.7247086771 1412721808.45
50.8836968389 1412721808.58
51.7775563195 1412721808.77
51.2816162979 1412721808.98
51.3441991763 1412721809.17
50.7222256483 1412721809.37
50.9208963711 1412721809.57
50.2932531872 1412721809.81
50.5854061282 1412721809.99
49.3474043151 1412721810.18
49.7649440593 1412721810.46
49.8317316989 1412721810.65
49.2167493893 1412721810.85
50.0874168488 1412721811.04
50.1914580876 1412721811.22
49.6908033258 1412721811.41
49.6623233609 1412721811.59
48.5715302436 1412721811.76
49.0474384602 1412721811.9
49.044606351 1412721812.08
49.0418357393 1412721812.27
49.0391329623 1412721812.45
49.0365205989 1412721812.61
49.0340957777 1412721812.78
48.5229010472 1412721813.07
49.0150544378 1412721813.4
49.0132876425 1412721813.65
49.0116029929 1412721814.0
49.0100325463 1412721814.25
48.8986486419 1412721814.58
48.8976562899 1412721814.84
48.8965833186 1412721814.99
48.3767543049 1412721815.18
49.2675133647 1412721815.35
49.2668722067 1412721815.52
49.2662741808 1412721815.68
49.2645493639 1412721815.83
49.2628037978 1412721815.97
49.2611604573 1412721816.11
49.2594652007 1412721816.28
49.2577104127 1412721816.46
49.2560470667 1412721816.6
49.2543617619 1412721816.74
49.2526639973 1412721816.89
49.2509700304 1412721817.05
49.2492764582 1412721817.2
49.2744005243 1412721817.38
49.5054947176 1412721817.53
49.5015272345 1412721817.69
49.4976489862 1412721817.86
49.4938848457 1412721818.05
49.4901873418 1412721818.21
49.4865516556 1412721818.39
49.4830550688 1412721818.52
49.4796117202 1412721818.68
49.4763227609 1412721818.84
49.4730745111 1412721819.08
49.4699574736 1412721819.32
48.9293331144 1412721819.57
49.5492398918 1412721819.77
49.5442470448 1412721820.07
49.5394207424 1412721820.38
49.5346927407 1412721820.61
49.5300475856 1412721820.91
49.0821416959 1412721821.15
49.3827968202 1412721821.32
49.3792985047 1412721821.49
49.5465565319 1412721821.66
49.2553312616 1412721821.82
49.130357354 1412721821.98
49.1197024087 1412721822.15
49.1089723639 1412721822.32
50.0786616449 1412721822.49
50.0709977015 1412721822.7
50.0686898083 1412721822.96
50.0674119543 1412721823.16
49.9474020435 1412721823.42
50.1208300365 1412721823.7
49.9435555875 1412721823.9
50.1163108793 1412721824.15
50.6998624633 1412721824.42
