21.4849263295 1412748411.1
21.337878861 1412748412.68
21.3255669093 1412748414.15
20.6853741432 1412748415.65
20.2822949203 1412748417.14
20.6171818177 1412748418.61
20.3621887975 1412748420.1
19.923881182 1412748421.56
20.3053023308 1412748422.98
20.6821248507 1412748424.45
20.2406838792 1412748425.85
20.5998142737 1412748427.28
20.6520011711 1412748428.72
20.8742120978 1412748430.12
21.4085388586 1412748431.52
21.7702192492 1412748432.87
22.12067958 1412748434.26
22.4655632573 1412748435.63
22.7504362723 1412748437.03
23.0534427038 1412748438.4
23.4186721315 1412748439.84
22.209281525 1412748441.3
23.2655224193 1412748442.72
22.4707471763 1412748444.18
23.1552497944 1412748445.66
23.3981154768 1412748447.07
22.2034564211 1412748448.49
21.7778727029 1412748449.91
21.632047254 1412748451.31
21.7905616703 1412748452.7
21.6105037815 1412748454.12
21.7238112699 1412748455.52
21.9437800995 1412748456.97
21.7601534789 1412748458.36
21.9285244389 1412748459.72
21.9722469829 1412748461.12
21.9569130784 1412748462.55
21.9395107669 1412748463.92
21.890349986 1412748465.34
21.8940341905 1412748466.77
21.8702082488 1412748468.2
21.9163922281 1412748469.58
18.6983873477 1412748470.95
20.3200416471 1412748472.3
17.6939564987 1412748473.69
17.5177806874 1412748475.06
16.9007932529 1412748476.49
16.9940180091 1412748477.86
17.4790222352 1412748479.25
16.6174092175 1412748480.68
16.8143251565 1412748482.03
16.1678372934 1412748483.39
16.2990110243 1412748484.75
15.6471369763 1412748486.1
15.753286169 1412748487.46
15.9267245616 1412748488.8
15.3444570639 1412748490.19
14.933121355 1412748491.54
14.8810976925 1412748492.92
14.620865976 1412748494.27
14.2663735415 1412748495.64
14.2605431029 1412748497.03
13.818697761 1412748498.39
13.6421375317 1412748499.74
13.6496627977 1412748501.1
13.3946550772 1412748502.47
13.1599708587 1412748503.86
13.2901155752 1412748505.18
13.1279592122 1412748506.59
12.8394668473 1412748507.98
12.6686016114 1412748509.36
12.4839029331 1412748510.7
12.3132656511 1412748512.05
12.3057332166 1412748513.38
12.23400456 1412748514.74
12.1522225845 1412748516.13
12.1326895463 1412748517.54
12.1430102306 1412748518.94
12.1767565086 1412748520.35
12.0771397366 1412748521.8
12.1280729378 1412748523.21
12.0986981334 1412748524.71
12.0898722361 1412748526.17
11.9934143384 1412748527.66
11.9045835868 1412748529.12
11.8148204752 1412748530.6
11.8542458109 1412748532.03
11.7905073663 1412748533.52
11.8177031907 1412748535.01
11.7582101477 1412748536.51
11.7292973358 1412748537.96
11.5799807686 1412748539.44
11.5448644149 1412748540.93
11.4896888185 1412748542.38
11.4666803747 1412748543.86
11.4725339617 1412748545.32
11.3942155606 1412748546.76
11.3491359958 1412748548.21
11.3258748461 1412748549.67
11.302011272 1412748551.12
11.2349810744 1412748552.54
11.2056202972 1412748553.97
11.1183314006 1412748555.37
11.0238672626 1412748556.82
11.0544202011 1412748558.21
10.9859619043 1412748559.6
10.9677227188 1412748561.03
10.9585249443 1412748562.44
10.9516739464 1412748563.94
10.9425393241 1412748565.36
10.9028312164 1412748566.75
10.893573439 1412748568.15
10.8343526509 1412748569.61
10.7998215599 1412748571.02
10.7358237681 1412748572.52
10.6904441257 1412748573.91
10.6710766753 1412748575.31
10.6109325183 1412748576.71
10.5771120465 1412748578.13
10.5428339202 1412748579.51
10.4949751741 1412748580.87
10.4621611775 1412748582.25
10.4858800687 1412748583.63
10.4801958435 1412748585.02
10.4543990488 1412748586.42
10.437214201 1412748587.82
10.3848313645 1412748589.28
10.4153415257 1412748590.65
10.3244098336 1412748592.05
10.2643534174 1412748593.45
10.3025775228 1412748594.82
10.2652092158 1412748596.17
10.24958861 1412748597.6
10.1460863857 1412748598.98
10.1535563605 1412748600.39
10.0855323314 1412748601.8
10.0486518245 1412748603.21
10.0064583257 1412748604.6
10.036776254 1412748606.0
9.93663430931 1412748607.46
9.92407165726 1412748608.88
9.92568310522 1412748610.3
9.86651327419 1412748611.68
9.79508533871 1412748613.1
9.76744172829 1412748614.52
9.79627756787 1412748615.88
9.7360286898 1412748617.32
9.716281791 1412748618.71
9.73490006838 1412748620.11
9.69972969797 1412748621.46
9.64891073362 1412748622.9
9.60662962113 1412748624.3
9.49750671085 1412748625.73
9.49481420801 1412748627.13
9.43639057913 1412748628.55
9.46495187189 1412748629.93
9.38649959871 1412748631.31
9.39109922687 1412748632.73
9.35219085671 1412748634.15
9.31786003469 1412748635.55
9.26060948721 1412748636.94
9.25353210279 1412748638.39
9.21820456763 1412748639.88
9.1593657989 1412748641.34
9.13176550881 1412748642.82
9.10421322357 1412748644.23
9.11134289952 1412748645.69
9.09356865852 1412748647.18
9.03960072749 1412748648.62
8.98916751705 1412748650.04
8.95894259728 1412748651.54
8.99121265377 1412748652.97
8.94637283302 1412748654.41
8.91597562235 1412748655.89
8.83207011633 1412748657.43
8.84918385322 1412748658.96
8.75862510426 1412748660.47
8.7963458277 1412748661.92
8.70658507643 1412748663.42
8.74010495712 1412748664.93
8.68334225111 1412748666.39
8.60147873712 1412748667.89
8.5980620887 1412748669.39
8.57610478972 1412748670.9
8.53120793595 1412748672.4
8.54229831938 1412748673.88
8.52087346059 1412748675.35
8.51450761651 1412748676.91
8.45469428943 1412748678.45
8.47307310815 1412748680.02
8.37292539842 1412748681.49
8.41268041011 1412748682.99
8.43795871626 1412748684.48
8.40874154654 1412748685.95
8.39933400939 1412748687.37
8.36989147712 1412748688.84
8.36424482848 1412748690.31
8.31648692076 1412748691.77
8.32901108191 1412748693.29
8.29181190209 1412748694.79
