41.7722356225 1412744852.72
41.8835098724 1412744854.34
41.9321342074 1412744855.95
42.081154184 1412744857.52
41.653757945 1412744859.1
41.3667088018 1412744860.73
40.6407382571 1412744862.34
40.3853290174 1412744864.01
40.225869289 1412744865.66
40.1445711508 1412744867.3
40.0541835133 1412744869.06
39.8559200453 1412744870.66
39.5052949089 1412744872.24
39.0406663754 1412744873.81
38.7246861846 1412744875.4
38.6472415487 1412744877.15
38.2814089357 1412744878.9
37.8302285469 1412744880.69
37.8924954606 1412744882.54
37.6335915007 1412744884.36
37.6811391827 1412744886.17
37.6821623432 1412744888.03
37.6491104874 1412744889.89
37.293766626 1412744891.77
37.1664963634 1412744893.55
36.9833754787 1412744895.47
36.9747379388 1412744897.29
37.1757031069 1412744899.13
37.3488619136 1412744901.04
37.5173393297 1412744902.91
37.1473348473 1412744904.79
37.2575687201 1412744906.63
37.3609319176 1412744908.5
37.2707478659 1412744910.44
37.2346663531 1412744912.34
36.9538705041 1412744914.27
36.7812311731 1412744916.18
36.7223518779 1412744918.07
36.7016261519 1412744919.94
36.6558644963 1412744921.84
36.5991967431 1412744923.73
36.3594587246 1412744925.53
36.2897657583 1412744927.4
36.3322973765 1412744929.33
36.0335561378 1412744931.29
35.8567508585 1412744933.21
36.1819958689 1412744935.09
35.584825653 1412744936.93
35.3567369114 1412744938.77
35.0189857137 1412744940.58
34.8182189248 1412744942.37
34.5633640493 1412744944.25
34.3505643374 1412744946.1
33.9398223956 1412744947.97
33.8982546059 1412744949.88
33.6964994591 1412744951.72
33.5233797844 1412744953.62
33.2206180313 1412744955.46
33.0703699871 1412744957.42
33.0763222633 1412744959.22
33.072722974 1412744961.11
33.1035688028 1412744963.03
32.6861076995 1412744964.96
32.4858321857 1412744966.95
32.1009197753 1412744968.91
31.9747426679 1412744970.91
31.8365206285 1412744972.86
31.718192889 1412744974.83
31.4680732023 1412744976.73
31.263105312 1412744978.66
31.0949053019 1412744980.52
31.3642987378 1412744982.38
31.062237126 1412744984.27
30.9931371781 1412744986.2
30.9087575669 1412744988.09
30.7376867026 1412744990.06
30.6618010032 1412744992.04
30.6203646064 1412744994.02
30.7016207772 1412744995.99
30.7085072234 1412744997.88
30.5161435501 1412744999.84
30.5382831374 1412745001.85
30.230144435 1412745003.79
30.2764634012 1412745005.83
30.2551857571 1412745007.95
30.1095593134 1412745010.06
30.0305670289 1412745012.19
29.9349527718 1412745014.28
29.9399369152 1412745016.4
29.5813972041 1412745018.64
29.6482615124 1412745020.81
29.4564566391 1412745022.97
29.5117357533 1412745025.09
29.588956559 1412745027.25
29.5158669953 1412745029.37
29.2617668563 1412745031.51
29.2586419698 1412745033.59
29.3776004832 1412745035.68
29.3464481309 1412745037.83
29.3337092901 1412745039.86
29.3987490369 1412745042.0
29.3480495191 1412745044.04
29.4067699631 1412745046.15
29.4206872998 1412745048.26
29.3519417772 1412745050.35
29.3396443193 1412745052.4
29.2965004971 1412745054.6
29.3277791429 1412745056.68
29.311828511 1412745058.82
29.3202453229 1412745060.86
29.2676650063 1412745062.95
29.2989924922 1412745065.03
29.1893489135 1412745067.17
29.2249435819 1412745069.36
29.1894634778 1412745071.6
29.161249304 1412745073.81
29.0239781546 1412745075.91
29.255388526 1412745078.04
29.1522839515 1412745080.12
29.0750334435 1412745082.31
29.0555241155 1412745084.46
29.1029141898 1412745086.6
29.0125712474 1412745088.67
28.9268126831 1412745090.79
29.017590782 1412745092.99
28.9531779444 1412745095.12
29.1191137786 1412745097.26
29.043866902 1412745099.35
29.1429416272 1412745101.49
29.2437964537 1412745103.61
29.0697921678 1412745105.8
29.1083468997 1412745107.94
29.1213462563 1412745110.13
29.1312751798 1412745112.31
29.1496262858 1412745114.41
29.067403128 1412745116.54
29.0017669515 1412745118.71
28.972886454 1412745120.83
28.8769519225 1412745122.96
28.8411426201 1412745125.05
28.78058398 1412745127.16
28.8703225808 1412745129.32
28.8645772265 1412745131.35
28.8168034204 1412745133.5
28.7455483679 1412745135.63
28.6416827514 1412745137.79
28.5233799272 1412745139.95
28.5673237388 1412745142.11
28.6175515734 1412745144.35
28.6603334008 1412745146.47
28.6950573832 1412745148.6
28.5987105098 1412745150.76
28.3933059905 1412745152.89
28.2509831965 1412745155.08
28.2454818414 1412745157.26
28.1724767583 1412745159.48
28.2652831723 1412745161.7
28.2224692061 1412745163.92
28.1556624334 1412745166.07
28.1454527764 1412745168.26
28.2099690913 1412745170.45
28.2134754755 1412745172.63
28.0680268215 1412745174.83
28.0664190052 1412745176.96
28.0310263875 1412745179.13
27.8109354716 1412745181.31
27.6611579664 1412745183.45
27.6833225305 1412745185.56
27.5453830238 1412745187.68
27.7812626687 1412745189.88
27.5811373941 1412745192.08
27.7803765101 1412745194.22
27.8084503343 1412745196.36
27.7278503955 1412745198.59
27.767150421 1412745200.81
27.5527769867 1412745203.02
27.5122140281 1412745205.23
27.5944970279 1412745207.65
27.5631502596 1412745209.85
27.5462188125 1412745212.07
27.3783719925 1412745214.17
27.4370562641 1412745216.33
27.2885761262 1412745218.4
27.3290624423 1412745220.56
26.9150859398 1412745222.69
27.2063694365 1412745224.89
26.9975951804 1412745227.15
26.9647204897 1412745229.34
27.0621305737 1412745231.63
27.1940968792 1412745233.86
27.241925945 1412745236.08
27.1831169767 1412745238.31
27.1729786623 1412745240.39
27.2273774603 1412745242.64
27.0761718676 1412745244.94
27.1941482686 1412745246.98
27.0520549137 1412745248.93
26.9960582254 1412745251.06
27.056636356 1412745253.2
26.9944987269 1412745255.18
