46.700037619 1412722189.19
46.1588650559 1412722189.33
44.9934029847 1412722189.43
44.2460994912 1412722189.53
42.6459451022 1412722189.64
41.0044159974 1412722189.74
40.1331126973 1412722189.84
39.7332415726 1412722189.94
38.8939977986 1412722190.05
39.1294136285 1412722190.15
37.8263981683 1412722190.26
37.1689150799 1412722190.41
37.4069054658 1412722190.51
37.053622651 1412722190.62
36.7545343362 1412722190.72
36.2796611687 1412722190.81
35.8123815957 1412722190.91
35.3681984658 1412722191.01
35.1393549559 1412722191.13
35.1138974663 1412722191.22
35.0027266908 1412722191.32
34.4509278641 1412722191.42
33.8354811886 1412722191.52
33.9714747236 1412722191.63
33.6266849955 1412722191.79
33.3531111713 1412722191.9
33.2230650352 1412722191.99
33.3104168341 1412722192.13
33.0523061877 1412722192.25
32.8678461937 1412722192.41
32.7787898568 1412722192.53
32.7877223524 1412722192.65
32.7589636744 1412722192.73
32.693377362 1412722192.83
32.8148453909 1412722192.93
32.881898427 1412722193.03
32.8116028514 1412722193.12
33.0734679546 1412722193.24
33.0931050693 1412722193.43
32.8305725667 1412722193.53
32.8523531597 1412722193.62
32.8743890864 1412722193.72
32.8969478849 1412722193.82
32.9200890505 1412722193.92
32.6283021407 1412722194.02
32.647713587 1412722194.12
32.6674361151 1412722194.21
32.6874821847 1412722194.34
32.7976026263 1412722194.5
32.8252192257 1412722194.68
32.8534442376 1412722194.83
32.9745116063 1412722194.94
33.0087554093 1412722195.05
33.2979559427 1412722195.16
33.1502050511 1412722195.26
33.1610694531 1412722195.36
33.1722536729 1412722195.48
33.1837029469 1412722195.57
33.1953017535 1412722195.66
33.1592180623 1412722195.77
33.1719270688 1412722195.86
33.1772720542 1412722195.98
33.1843524409 1412722196.08
33.1333365899 1412722196.16
33.1776811105 1412722196.26
33.3139830138 1412722196.38
33.3239140098 1412722196.47
33.3332955079 1412722196.58
33.3421765554 1412722196.71
33.3504265007 1412722196.83
33.2793374193 1412722196.93
33.2842094884 1412722197.04
33.2559050181 1412722197.14
33.2403465592 1412722197.24
33.5719742597 1412722197.35
33.5738745314 1412722197.44
33.5752616698 1412722197.54
33.5762479781 1412722197.64
33.5674466715 1412722197.75
33.5587487265 1412722197.85
33.6600314925 1412722197.96
33.6709816046 1412722198.07
33.6818121792 1412722198.18
33.6925317428 1412722198.3
33.703086097 1412722198.41
33.6677053558 1412722198.51
33.6759585907 1412722198.62
33.7659134586 1412722198.72
33.7296531927 1412722198.87
33.7109258075 1412722199.01
33.7196848302 1412722199.13
33.7282212754 1412722199.25
33.7366681219 1412722199.35
33.7373741583 1412722199.52
33.7449855529 1412722199.72
33.7523919812 1412722199.89
33.7597241965 1412722200.03
33.74614191 1412722200.17
33.7529313204 1412722200.39
33.8296083141 1412722200.57
33.9357312794 1412722200.7
33.9347031509 1412722200.82
33.9415022048 1412722200.95
33.7940494424 1412722201.08
34.0915574166 1412722201.2
34.0758258272 1412722201.3
34.2071029022 1412722201.4
34.2556893633 1412722201.5
34.0754821582 1412722201.6
33.7169946582 1412722201.7
34.0409543356 1412722201.81
34.012204541 1412722201.93
34.2851352655 1412722202.04
34.3434359545 1412722202.15
34.4977113253 1412722202.27
34.4704148004 1412722202.42
35.2001925878 1412722202.56
35.3274238793 1412722202.73
35.2945728428 1412722202.86
35.4316122096 1412722203.0
35.3093222031 1412722203.28
35.3336404965 1412722203.45
35.2075538106 1412722203.64
35.4591018442 1412722203.84
35.1450047619 1412722204.0
35.1490725087 1412722204.21
35.0461772207 1412722204.42
35.1505758962 1412722204.6
34.9726371529 1412722204.77
34.6422523751 1412722204.92
34.5902385863 1412722205.09
34.6489385585 1412722205.24
34.6278853244 1412722205.4
34.6637545106 1412722205.55
34.2622762399 1412722205.7
34.1420479117 1412722205.87
34.0350539539 1412722206.03
33.9718157893 1412722206.19
33.7567297586 1412722206.32
33.7160501803 1412722206.46
33.6758906866 1412722206.61
33.6003118445 1412722206.76
33.4948544466 1412722206.91
33.2600797676 1412722207.03
33.3186788776 1412722207.17
33.2027261028 1412722207.31
33.0519977068 1412722207.46
33.0046317798 1412722207.6
33.245109278 1412722207.72
33.2884706033 1412722207.86
33.3311371523 1412722208.06
33.1899188632 1412722208.19
33.344460397 1412722208.34
33.2288293245 1412722208.52
33.3426543491 1412722208.76
33.3612518228 1412722208.9
33.3809149796 1412722209.04
33.6103781014 1412722209.19
33.6375309189 1412722209.35
33.6579578479 1412722209.5
33.6865206374 1412722209.65
33.6568586213 1412722209.9
33.6788290982 1412722210.06
33.7085269916 1412722210.27
33.7753232137 1412722210.46
33.8086750877 1412722210.71
33.8464609864 1412722210.91
33.8714512719 1412722211.1
33.8978347349 1412722211.39
33.9319561179 1412722211.62
33.9610101708 1412722211.79
33.9412552431 1412722211.97
33.9655367912 1412722212.15
33.9912651419 1412722212.47
34.023471019 1412722212.63
34.0517309833 1412722212.87
34.2229566339 1412722213.17
34.263418279 1412722213.42
34.3039258771 1412722213.7
34.3444915784 1412722213.91
34.3852397012 1412722214.13
34.4261957033 1412722214.3
33.9050311132 1412722214.49
33.9105317078 1412722214.64
33.9166070091 1412722214.78
33.9233191766 1412722214.96
33.9402395191 1412722215.1
33.9554160922 1412722215.27
33.9705559742 1412722215.44
33.9039854081 1412722215.61
33.9292150156 1412722215.76
33.9542812992 1412722215.93
33.9792253321 1412722216.1
34.0041003858 1412722216.28
34.0261824048 1412722216.69
34.0482635903 1412722216.93
34.2777551172 1412722217.23
34.2957488952 1412722217.48
34.3136758054 1412722217.67
34.3295405738 1412722217.87
