60.736191087 1412722163.04
60.2708320408 1412722163.14
59.9716916731 1412722163.26
59.5763809274 1412722163.36
59.094079002 1412722163.49
58.657735819 1412722163.6
57.8700540678 1412722163.74
57.3641979016 1412722163.87
56.2578671935 1412722163.99
55.841289269 1412722164.12
55.1427321515 1412722164.27
54.9390656652 1412722164.42
53.9720985044 1412722164.55
54.2400722063 1412722164.71
54.3224199202 1412722164.81
153.526739965 1412722164.91
153.47586917 1412722165.01
153.66892119 1412722165.16
153.995465013 1412722165.31
54.9759417409 1412722165.43
155.004173206 1412722165.53
154.749282806 1412722165.65
155.249713544 1412722165.76
155.041457439 1412722165.89
154.707724292 1412722165.98
154.819273823 1412722166.1
51.243903378 1412722166.22
155.356969277 1412722166.42
155.85942159 1412722166.52
49.4451012673 1412722166.72
48.7814241303 1412722166.87
48.5795705084 1412722167.0
156.73122687 1412722167.15
47.6560304102 1412722167.31
47.35081496 1412722167.43
157.038347275 1412722167.57
156.759460517 1412722167.7
156.74970537 1412722167.83
156.895379624 1412722167.94
156.887778598 1412722168.06
157.09258807 1412722168.17
157.037683607 1412722168.31
157.030386199 1412722168.44
156.975665222 1412722168.57
156.690270563 1412722168.71
156.712749971 1412722168.85
45.3351854011 1412722168.96
156.472412412 1412722169.07
44.6115715961 1412722169.18
44.754241001 1412722169.31
44.6478303568 1412722169.43
156.381279983 1412722169.55
156.413754605 1412722169.66
44.2755900087 1412722169.78
44.118411504 1412722169.9
44.010441166 1412722170.01
44.1121251952 1412722170.12
44.0547619737 1412722170.23
44.4216689847 1412722170.36
44.1279503469 1412722170.47
44.0638109565 1412722170.57
43.6226774586 1412722170.69
43.3405557886 1412722170.79
43.3680564345 1412722170.89
43.2102320244 1412722171.02
43.1928286809 1412722171.13
42.4533735486 1412722171.23
42.5183142498 1412722171.35
42.2620612792 1412722171.47
42.7056050758 1412722171.58
42.4142353326 1412722171.7
42.4723045491 1412722171.81
42.4929421985 1412722171.94
42.1701615043 1412722172.06
42.0122571213 1412722172.17
42.0272314648 1412722172.3
42.2576289927 1412722172.44
41.7539125964 1412722172.54
41.7272581941 1412722172.67
41.8235512388 1412722172.79
41.7056682791 1412722172.9
41.6736799422 1412722173.0
41.6452144412 1412722173.1
41.5253802315 1412722173.21
41.6508278865 1412722173.32
159.873529537 1412722173.43
40.5846997695 1412722173.55
40.6082997886 1412722173.65
40.6818632111 1412722173.77
40.8076618814 1412722173.89
40.6457181341 1412722174.0
40.6744055898 1412722174.12
40.3727790462 1412722174.21
40.0607762586 1412722174.35
40.1835822659 1412722174.48
40.1554293578 1412722174.57
40.1848885609 1412722174.68
40.1558788009 1412722174.8
40.1816759644 1412722174.92
40.088362213 1412722175.05
40.1603119895 1412722175.15
40.1307504941 1412722175.25
40.5023866512 1412722175.37
40.0908656541 1412722175.49
39.7508845005 1412722175.59
39.76621073 1412722175.71
39.7385137399 1412722175.82
39.7568060029 1412722175.94
39.7736668237 1412722176.06
39.7543051835 1412722176.16
39.7743426891 1412722176.27
39.7945340675 1412722176.4
39.7289712351 1412722176.51
39.9141119109 1412722176.63
39.9331793662 1412722176.74
39.8660910556 1412722176.86
39.9808577868 1412722176.97
39.8622618099 1412722177.09
39.6541773574 1412722177.21
39.6723906429 1412722177.32
160.094169338 1412722177.45
160.089917314 1412722177.58
38.6216375984 1412722177.68
160.108165455 1412722177.78
160.074850795 1412722177.91
159.960799 1412722178.02
38.4855505239 1412722178.17
38.4906854149 1412722178.3
38.4808690595 1412722178.45
38.4894326772 1412722178.56
159.759135053 1412722178.67
37.7894973475 1412722178.79
37.8050653932 1412722178.91
159.923932006 1412722179.02
159.706335567 1412722179.14
159.424276404 1412722179.26
159.446710836 1412722179.4
159.489791945 1412722179.54
159.240192367 1412722179.66
159.270903842 1412722179.79
159.307507591 1412722179.9
159.137831745 1412722180.02
158.836415993 1412722180.14
158.873228664 1412722180.28
36.2754340721 1412722180.42
36.2466723924 1412722180.55
158.929993765 1412722180.68
158.965852658 1412722180.8
35.313988312 1412722180.92
35.3424459154 1412722181.05
35.3170300051 1412722181.19
35.456310146 1412722181.33
35.4724044555 1412722181.44
35.0807584659 1412722181.58
35.1772167311 1412722181.71
35.1862711854 1412722181.84
35.1704205616 1412722181.97
35.1798445904 1412722182.1
35.164331867 1412722182.22
35.2246972249 1412722182.36
34.9395913906 1412722182.49
34.9499372218 1412722182.6
34.9600656291 1412722182.72
35.2627669703 1412722182.94
35.2702609282 1412722183.1
35.1643553686 1412722183.26
35.2497888692 1412722183.47
35.2583017026 1412722183.64
35.152261626 1412722183.75
35.2395630751 1412722183.87
35.1362677371 1412722184.08
35.2223925974 1412722184.28
35.2332819031 1412722184.47
158.736382325 1412722184.7
158.85359107 1412722184.91
35.3098764864 1412722185.19
158.897125775 1412722185.47
158.542958963 1412722185.59
158.531254709 1412722185.73
34.8947291181 1412722185.85
34.885011019 1412722185.98
158.489829712 1412722186.09
158.580173445 1412722186.21
158.570004757 1412722186.36
158.560147839 1412722186.53
158.566330162 1412722186.68
158.572407964 1412722186.82
158.545153616 1412722186.95
158.552004857 1412722187.08
158.523682136 1412722187.22
34.9260840504 1412722187.34
158.542290036 1412722187.48
158.266780922 1412722187.73
34.6131478791 1412722187.88
158.262169689 1412722188.04
158.27217497 1412722188.2
34.6353751743 1412722188.4
34.6399542589 1412722188.57
34.6441900489 1412722188.75
34.2444879746 1412722188.93
