25.6337976598 1412732371.88
25.2200582496 1412732372.55
25.246544792 1412732373.16
23.9778553448 1412732373.76
23.6574114925 1412732374.37
23.1849377263 1412732375.0
23.1245700418 1412732375.61
23.0909998816 1412732376.21
23.5196056955 1412732376.78
23.4614174066 1412732377.38
24.3302330447 1412732378.01
23.9889093116 1412732378.58
23.8233677774 1412732379.17
23.965522158 1412732379.77
24.2824343165 1412732380.37
24.522942988 1412732380.99
24.4271146557 1412732381.55
24.4482997576 1412732382.12
24.3324145666 1412732382.68
24.3905375242 1412732383.25
24.3024653044 1412732383.8
24.2296205855 1412732384.36
24.4049143047 1412732384.96
24.5267882113 1412732385.52
24.2613142108 1412732386.09
24.3750501592 1412732386.65
24.161734323 1412732387.18
23.8053426028 1412732387.74
23.7575215139 1412732388.26
23.6743205124 1412732388.82
23.4856253982 1412732389.4
23.2996224781 1412732389.98
23.2266729471 1412732390.54
23.2597758183 1412732391.12
23.0727373699 1412732391.7
22.988773799 1412732392.28
22.9687596949 1412732392.88
22.9401792706 1412732393.43
22.7770979363 1412732394.01
22.4731330767 1412732394.57
22.155611066 1412732395.14
21.8348593696 1412732395.7
21.900500353 1412732396.27
21.9135047641 1412732396.85
22.146690437 1412732397.42
22.3922328784 1412732397.98
22.1561826905 1412732398.57
21.8957421893 1412732399.14
21.5245458538 1412732399.71
21.4467841496 1412732400.27
20.4125476555 1412732400.85
20.7536770498 1412732401.39
20.8710108358 1412732402.0
20.731399525 1412732402.56
21.0507171586 1412732403.15
20.7326312713 1412732403.68
20.7856474581 1412732404.22
21.0069089633 1412732404.78
20.8129556546 1412732405.36
20.9559997283 1412732405.94
20.6961924594 1412732406.47
20.6812018376 1412732407.05
20.8892123617 1412732407.65
20.6555003134 1412732408.24
20.7221227254 1412732408.84
20.6356011736 1412732409.39
20.7165442886 1412732409.98
20.4672738524 1412732410.55
20.3424265646 1412732411.12
20.3104948493 1412732411.65
20.4711370792 1412732412.23
20.5987074355 1412732412.82
20.6152931807 1412732413.4
20.3583818114 1412732413.96
20.3768412677 1412732414.51
20.55129008 1412732415.11
20.5868828815 1412732415.7
20.2112296563 1412732416.25
19.8310791287 1412732416.82
19.5318005888 1412732417.42
19.6719905267 1412732418.03
19.8966417871 1412732418.6
19.9680474826 1412732419.2
19.852629301 1412732419.77
19.9908415299 1412732420.32
19.9386746099 1412732421.0
20.0797876199 1412732421.63
19.8053889336 1412732422.3
19.8868528337 1412732422.99
19.9687576929 1412732423.66
19.6270769264 1412732424.37
19.776377908 1412732425.01
19.6388406198 1412732425.69
19.6373699757 1412732426.38
19.6283187942 1412732426.99
19.5513057584 1412732427.64
19.4089034214 1412732428.3
19.2286060142 1412732428.91
18.8998183602 1412732429.59
18.7874897756 1412732430.3
18.8042012578 1412732431.03
18.8861536544 1412732431.75
18.7995932701 1412732432.47
18.6872511891 1412732433.16
18.8287940188 1412732433.83
18.7786702209 1412732434.47
18.6723845983 1412732435.15
18.8133727213 1412732435.77
18.7702585813 1412732436.45
18.6991356051 1412732437.14
18.5540145947 1412732437.8
18.2892392065 1412732438.49
18.179513639 1412732439.16
18.1697920717 1412732439.86
18.0343000416 1412732440.53
17.8518889627 1412732441.21
17.8775861032 1412732441.89
17.9287556994 1412732442.56
17.6690520944 1412732443.25
17.7389016818 1412732443.91
17.6684824609 1412732444.59
17.611569421 1412732445.26
17.4829445183 1412732445.91
17.3276100905 1412732446.52
17.400839309 1412732447.17
17.3589931659 1412732447.78
17.3345236946 1412732448.43
17.1866017209 1412732449.03
17.0278209263 1412732449.69
16.8520601815 1412732450.31
16.7099755013 1412732450.96
16.783121893 1412732451.62
16.6803534626 1412732452.25
16.6149984657 1412732452.88
16.6178763826 1412732453.52
16.6143766402 1412732454.18
16.6379234849 1412732454.81
16.6070757996 1412732455.47
16.5306308714 1412732456.08
16.6284879982 1412732456.72
16.5566288899 1412732457.37
16.6833541754 1412732457.98
16.6256676084 1412732458.59
16.6165180252 1412732459.22
16.6549710392 1412732459.83
16.639046931 1412732460.42
16.6595983508 1412732461.0
16.6474111843 1412732461.59
16.7050997221 1412732462.19
16.7638184051 1412732462.83
16.7689656064 1412732463.44
16.751387675 1412732464.05
16.7200276183 1412732464.69
16.8564722745 1412732465.35
16.8142093354 1412732466.02
16.9254625061 1412732466.64
17.0810137218 1412732467.28
16.9649730545 1412732467.91
16.9237630247 1412732468.54
16.9254695903 1412732469.19
16.9987206075 1412732469.83
16.9724776426 1412732470.48
16.9972051501 1412732471.13
16.9381890154 1412732471.74
16.9085459751 1412732472.39
16.9624097444 1412732473.02
17.0023709339 1412732473.66
17.0567365772 1412732474.31
17.0095537348 1412732474.98
16.8848323136 1412732475.65
17.112478485 1412732476.28
17.2935321625 1412732476.92
17.4648219395 1412732477.57
17.4742994055 1412732478.23
17.6211914155 1412732478.93
17.7984359014 1412732479.58
17.8719417541 1412732480.24
18.068491964 1412732480.89
18.2037432987 1412732481.54
18.1100387746 1412732482.18
18.1675209658 1412732482.83
18.1686156175 1412732483.46
18.1084479455 1412732484.12
18.0428732279 1412732484.77
18.0375807603 1412732485.42
18.0549537963 1412732486.05
18.1156021482 1412732486.67
18.154483672 1412732487.33
18.3195613091 1412732488.04
18.328366429 1412732488.71
18.1713968476 1412732489.37
18.1191192862 1412732490.04
18.1512198293 1412732490.7
18.1423657951 1412732491.37
17.9963041527 1412732492.02
18.0204257746 1412732492.68
17.9580122347 1412732493.33
17.9787826735 1412732494.0
17.9982577798 1412732494.64
17.9456380799 1412732495.29
