42.7929585499 1412722308.82
43.7850014974 1412722308.94
43.9166048064 1412722309.07
44.0389040382 1412722309.23
44.0676157049 1412722309.4
44.2889611803 1412722309.57
44.3394248385 1412722309.68
44.1301880912 1412722309.78
43.9465934479 1412722309.9
43.8100544107 1412722310.02
44.3107122599 1412722310.16
44.0780084223 1412722310.31
44.0105193001 1412722310.55
43.7931980749 1412722310.74
43.4218908565 1412722310.9
43.1798661658 1412722311.1
42.8759891789 1412722311.27
42.8143842021 1412722311.47
42.9646881224 1412722311.64
42.9845687464 1412722311.82
43.2653409904 1412722312.05
43.3920820965 1412722312.21
43.3638532998 1412722312.42
43.6853697343 1412722312.56
43.7455589154 1412722312.69
43.8704252174 1412722312.83
43.7643151271 1412722313.01
43.5127701805 1412722313.15
43.5562643707 1412722313.28
43.5481228406 1412722313.43
43.4375565682 1412722313.65
43.2703297273 1412722313.88
43.1549496646 1412722314.04
42.9140800833 1412722314.23
43.0526511187 1412722314.41
42.8445322123 1412722314.56
42.4751049255 1412722314.71
42.4740316691 1412722314.83
42.3588820022 1412722314.94
42.2320488488 1412722315.05
42.1946804862 1412722315.18
41.6977111995 1412722315.37
41.5572353342 1412722315.57
41.0459940562 1412722315.72
40.992299738 1412722315.89
40.8068438174 1412722316.04
40.325864176 1412722316.21
40.0272501646 1412722316.36
39.9762624271 1412722316.47
39.9791151534 1412722316.59
39.8997750016 1412722316.72
39.4253345392 1412722316.85
39.1392155461 1412722316.97
38.999057753 1412722317.09
38.6931267163 1412722317.22
38.6845054553 1412722317.41
38.3832252778 1412722317.67
38.0956805085 1412722317.8
37.9803311939 1412722317.95
37.7278468916 1412722318.1
37.5369603176 1412722318.26
37.5997824787 1412722318.39
37.5867229596 1412722318.49
37.3729955279 1412722318.63
37.0752564683 1412722318.78
37.1146185395 1412722318.9
37.0534620825 1412722319.05
37.2774467089 1412722319.16
37.0889536173 1412722319.34
37.1157454766 1412722319.47
37.0305484808 1412722319.69
36.6911049466 1412722319.83
36.453290412 1412722319.98
36.2292703089 1412722320.11
36.0349599954 1412722320.26
35.6328497745 1412722320.39
35.322211308 1412722320.52
35.2293634176 1412722320.72
34.7148677046 1412722320.94
34.4414491588 1412722321.09
34.1891344027 1412722321.26
33.9374828268 1412722321.41
33.6632618402 1412722321.57
33.2546793603 1412722321.72
33.0941148848 1412722321.87
32.7898551725 1412722322.03
32.4988251311 1412722322.19
32.0184593959 1412722322.34
31.5774156638 1412722322.48
31.5411870629 1412722322.59
31.0453969016 1412722322.69
30.939650823 1412722322.79
30.7165271976 1412722322.9
30.5920079709 1412722323.02
29.9165747181 1412722323.14
29.7765174952 1412722323.28
29.6628491257 1412722323.4
29.3240908374 1412722323.5
28.9737877722 1412722323.63
29.305876067 1412722323.76
29.6166278474 1412722323.87
29.7574975436 1412722324.0
29.8853472178 1412722324.13
30.0946855557 1412722324.24
30.3559147824 1412722324.38
30.396213257 1412722324.52
30.2189714947 1412722324.63
30.2376096392 1412722324.75
30.3016939343 1412722324.85
30.5835769104 1412722324.96
30.3894294202 1412722325.09
30.4222285646 1412722325.22
30.4724241041 1412722325.39
30.3651588788 1412722325.51
30.2306557326 1412722325.63
30.3482974794 1412722325.75
30.2794440947 1412722325.86
30.4888573987 1412722325.98
30.4115290111 1412722326.12
30.3352635765 1412722326.22
30.2599820648 1412722326.34
30.432986138 1412722326.46
30.3713046944 1412722326.6
30.3102806638 1412722326.7
30.2365562196 1412722326.84
30.3931933547 1412722326.96
30.270095425 1412722327.09
30.2857760811 1412722327.23
30.2412256077 1412722327.38
30.21614696 1412722327.51
30.0809400383 1412722327.65
30.1989184752 1412722327.77
30.0654447538 1412722327.91
29.9741928393 1412722328.03
29.9287155894 1412722328.17
29.9728069818 1412722328.33
29.9284719967 1412722328.51
29.9715773187 1412722328.64
29.9283545607 1412722328.77
29.9705255479 1412722328.89
29.8572019254 1412722329.01
29.8105885658 1412722329.12
29.7633408624 1412722329.26
29.6778153322 1412722329.42
29.6199831969 1412722329.54
29.489996776 1412722329.67
29.4287221747 1412722329.81
29.3210774608 1412722329.95
29.2549818767 1412722330.1
29.2015081275 1412722330.25
29.1062701877 1412722330.36
29.0278628712 1412722330.52
28.955643824 1412722330.67
28.9063719735 1412722330.85
28.8303446924 1412722331.01
28.7644407023 1412722331.22
28.6484254065 1412722331.36
28.5981445406 1412722331.55
28.6418479713 1412722331.74
28.4476216134 1412722331.92
28.5169458377 1412722332.07
28.3255208253 1412722332.27
28.3904195938 1412722332.47
28.2802157279 1412722332.62
28.2347568534 1412722332.77
28.1368353047 1412722332.94
27.9769093282 1412722333.08
27.9028577863 1412722333.27
27.8148396787 1412722333.42
27.6825217989 1412722333.6
27.5620098719 1412722333.78
27.3784420763 1412722333.92
27.2883171622 1412722334.06
27.2405339494 1412722334.22
27.1454738339 1412722334.36
26.928656758 1412722334.51
26.7521992092 1412722334.63
26.7950417461 1412722334.76
26.400722566 1412722334.93
26.3203743883 1412722335.06
26.2063224228 1412722335.29
26.3536628804 1412722335.5
26.0442141061 1412722335.72
26.0806811735 1412722335.9
25.948521503 1412722336.08
25.9402110893 1412722336.24
25.5646426184 1412722336.38
25.7339413232 1412722336.52
25.3722809796 1412722336.64
25.4780109386 1412722336.78
25.2496458511 1412722336.92
25.226480175 1412722337.03
24.9672284114 1412722337.17
25.1286881963 1412722337.29
24.9499333544 1412722337.4
24.9926472007 1412722337.52
24.7793711533 1412722337.65
24.8428098996 1412722337.78
24.6361606318 1412722337.9
24.8326797063 1412722338.03
