25.3713259204 1412722137.79
27.6962508696 1412722137.89
27.8454118686 1412722138.09
28.9991378497 1412722138.22
29.2855199248 1412722138.35
29.4262540967 1412722138.46
29.268769613 1412722138.56
29.1942709071 1412722138.69
29.0511529234 1412722138.93
28.3500245115 1412722139.09
27.8672425333 1412722139.23
27.767730302 1412722139.39
27.3635343151 1412722139.52
27.3503925759 1412722139.75
27.1877341057 1412722139.88
27.0837903218 1412722139.99
27.2267948047 1412722140.11
27.1124803515 1412722140.23
27.15863628 1412722140.41
27.0088234831 1412722140.56
26.7370489333 1412722140.68
26.5163728237 1412722140.8
26.4636125213 1412722140.93
26.3213658221 1412722141.05
26.2665559247 1412722141.32
26.2023987985 1412722141.49
26.0790551489 1412722141.66
25.9051603748 1412722141.82
25.9578983368 1412722141.98
25.6299151905 1412722142.16
25.4882393772 1412722142.38
25.256912287 1412722142.55
24.9203953644 1412722142.73
24.6447696402 1412722142.87
24.3676061783 1412722143.0
24.1967215897 1412722143.15
23.9899981931 1412722143.3
23.7943476915 1412722143.43
23.4006832343 1412722143.56
23.2317840765 1412722143.72
22.921712047 1412722143.85
22.5486958577 1412722143.98
22.1799599766 1412722144.12
21.8568473065 1412722144.25
21.5721037603 1412722144.46
21.3402585079 1412722144.6
21.1078758964 1412722144.74
20.7048431213 1412722144.89
20.5447119846 1412722145.04
20.2243868819 1412722145.19
20.1893747177 1412722145.33
20.1397425896 1412722145.47
19.995957341 1412722145.61
19.9570519012 1412722145.75
19.7007103604 1412722145.9
19.7217696109 1412722146.15
19.7823928259 1412722146.26
19.6465927271 1412722146.38
19.5893517566 1412722146.49
19.4134380837 1412722146.63
19.4301529677 1412722146.79
19.4764143677 1412722146.92
18.9503776389 1412722147.02
19.0049681597 1412722147.14
18.8462589602 1412722147.29
18.7314961738 1412722147.39
18.6314803169 1412722147.51
18.6327062096 1412722147.63
18.57269478 1412722147.81
18.6523551228 1412722147.92
18.6783083133 1412722148.01
18.7725779682 1412722148.11
18.8556122226 1412722148.37
18.6185622441 1412722148.51
18.7970644476 1412722148.62
18.5841039971 1412722148.75
18.8517052747 1412722148.86
18.6518874785 1412722148.99
18.4380678293 1412722149.11
18.3338819722 1412722149.22
18.1516153621 1412722149.32
18.2311828321 1412722149.42
18.3236955669 1412722149.52
18.205849857 1412722149.65
18.0571649386 1412722149.76
17.9936751413 1412722149.86
18.0606283462 1412722149.96
17.9979447264 1412722150.08
18.0970932524 1412722150.2
17.9887122295 1412722150.36
18.0679108253 1412722150.47
17.986195591 1412722150.57
17.8827619289 1412722150.66
17.8201556118 1412722150.76
17.6625258017 1412722150.85
17.6946720949 1412722150.94
17.663515326 1412722151.03
17.5884225849 1412722151.13
17.5321523086 1412722151.29
17.5842427721 1412722151.43
17.5223790055 1412722151.52
17.578731159 1412722151.61
17.6226177539 1412722151.7
17.6787277971 1412722151.8
17.6319962874 1412722151.91
17.6724948646 1412722152.03
17.4094286138 1412722152.2
17.3534948761 1412722152.38
17.5597840066 1412722152.49
17.2698399202 1412722152.61
17.3148760707 1412722152.73
17.2657544948 1412722152.85
17.3182020805 1412722152.97
17.2666709643 1412722153.07
17.2375192797 1412722153.19
17.2607326051 1412722153.32
17.2462671945 1412722153.44
17.2588677668 1412722153.55
17.3096433772 1412722153.68
17.2605940173 1412722153.79
16.7296572725 1412722153.91
16.7334680269 1412722154.02
16.7613399398 1412722154.15
16.7095125201 1412722154.26
16.358639846 1412722154.4
16.364761689 1412722154.49
16.4722266007 1412722154.59
16.5033838484 1412722154.69
16.5479954913 1412722154.82
16.5119678036 1412722154.91
16.4768917807 1412722155.01
16.5382239301 1412722155.09
16.5749336623 1412722155.19
16.5381749916 1412722155.28
16.5059735818 1412722155.38
16.5405212313 1412722155.49
16.5340464435 1412722155.61
16.5656731017 1412722155.71
16.5355955651 1412722155.8
16.5252987652 1412722155.89
16.5401339364 1412722155.99
16.523622066 1412722156.1
16.5352706771 1412722156.19
16.5285961867 1412722156.3
16.472346964 1412722156.42
16.4981509088 1412722156.53
16.4975464261 1412722156.64
16.49437239 1412722156.74
16.4726538583 1412722156.84
16.4758624369 1412722156.93
16.4601128382 1412722157.04
16.4733335221 1412722157.14
16.4707674481 1412722157.24
16.4606475461 1412722157.34
16.4474169244 1412722157.43
16.2733376631 1412722157.54
16.2888475747 1412722157.69
16.2645665954 1412722157.83
16.2470165643 1412722157.95
16.2423158928 1412722158.05
16.2243076132 1412722158.16
16.1664578474 1412722158.38
16.0691172734 1412722158.51
16.0783067917 1412722158.6
16.0763318291 1412722158.72
16.0222741641 1412722158.83
16.2436822593 1412722158.94
16.2231089937 1412722159.04
16.1792311994 1412722159.15
16.141614413 1412722159.26
16.0606191319 1412722159.38
16.0488538192 1412722159.49
16.0296588788 1412722159.62
16.0015013989 1412722159.73
15.9156143463 1412722159.84
15.9289984307 1412722159.96
15.9397233744 1412722160.06
15.9803647479 1412722160.18
15.945727009 1412722160.38
15.9315785753 1412722160.5
16.0359134033 1412722160.62
15.9990501576 1412722160.74
15.9292948491 1412722160.85
15.9406869553 1412722160.96
15.9543933209 1412722161.07
16.0431396949 1412722161.19
16.0562049713 1412722161.29
15.9532602506 1412722161.41
15.9893420097 1412722161.53
15.9193101814 1412722161.65
16.1662819626 1412722161.76
16.1831627899 1412722161.88
16.2509497718 1412722162.0
16.3885721479 1412722162.11
16.2777305931 1412722162.22
16.2575756571 1412722162.4
16.3648786426 1412722162.53
16.2649555815 1412722162.63
16.0084776707 1412722162.74
16.0096175918 1412722162.83
