6.93594095167 1412747286.64
6.56713292654 1412747288.26
6.32785657295 1412747289.78
6.56154857922 1412747291.27
6.36932307616 1412747292.79
6.71294079574 1412747294.28
7.21569626343 1412747295.8
7.52127132938 1412747297.3
7.85013845101 1412747298.75
8.06492053787 1412747300.16
8.09233605517 1412747301.6
8.22885177386 1412747303.06
8.23012015986 1412747304.52
8.25780161034 1412747305.88
8.16205456471 1412747307.26
7.94022666779 1412747308.64
7.85770963521 1412747310.0
7.71717790982 1412747311.32
7.58375304962 1412747312.66
7.45719383832 1412747314.05
7.41825222822 1412747315.42
7.36982322889 1412747316.75
7.27686211941 1412747318.12
7.31200498542 1412747319.48
7.26729077032 1412747320.79
7.26191150023 1412747322.11
7.34858603217 1412747323.43
7.37476815315 1412747324.72
7.41307400996 1412747326.07
7.44506966175 1412747327.33
7.54510098803 1412747328.6
7.88635405627 1412747329.92
8.2670356898 1412747331.24
8.54642376866 1412747332.53
8.76185495079 1412747333.82
8.94478396143 1412747335.11
9.06237616994 1412747336.43
9.19856056031 1412747337.71
9.27623725407 1412747338.99
9.33677724198 1412747340.29
9.41268946349 1412747341.6
9.44323781525 1412747342.9
9.43082609921 1412747344.2
9.44359705109 1412747345.52
9.4326154638 1412747346.81
9.45916244763 1412747348.12
9.4411553354 1412747349.45
9.42170604006 1412747350.76
9.39834375624 1412747352.11
9.37467402785 1412747353.45
9.28479095677 1412747354.75
9.25513071713 1412747356.05
9.2450472123 1412747357.38
9.1348766425 1412747358.7
9.19910255839 1412747359.97
9.15254317847 1412747361.31
9.16598359925 1412747362.62
9.12435315682 1412747363.92
9.10014585698 1412747365.22
9.08910912383 1412747366.52
9.07572275216 1412747367.82
9.06612788048 1412747369.13
9.05866445575 1412747370.41
9.04644651381 1412747371.69
9.04843459692 1412747372.95
9.01522450766 1412747374.25
9.00820951085 1412747375.53
9.00743196519 1412747376.83
8.97945444691 1412747378.15
8.99771425457 1412747379.42
8.99846113673 1412747380.76
8.94681823275 1412747382.06
8.90139063265 1412747383.34
8.89474730117 1412747384.65
8.88044054335 1412747385.92
8.87689073709 1412747387.21
8.77779853895 1412747388.49
8.62534189495 1412747389.75
8.44560137584 1412747391.07
8.39063437104 1412747392.35
8.25387347818 1412747393.61
8.12356575122 1412747394.92
7.96364019834 1412747396.2
7.90187917436 1412747397.49
7.79888602525 1412747398.78
7.69946360285 1412747400.05
7.69500429135 1412747401.34
7.62381046134 1412747402.61
7.54506331823 1412747403.87
7.50493730346 1412747405.12
7.36403737764 1412747406.43
7.27498995408 1412747407.71
7.20965346365 1412747408.97
7.08467117649 1412747410.24
6.97152817157 1412747411.51
6.90102710544 1412747412.8
6.79504494325 1412747414.1
6.73394545735 1412747415.38
6.67274846153 1412747416.65
6.60131197511 1412747417.85
6.54644889114 1412747419.15
6.47849857622 1412747420.42
6.453317632 1412747421.71
6.38821746631 1412747422.93
6.39444675937 1412747424.21
6.375142888 1412747425.46
6.33700732901 1412747426.72
6.27800515734 1412747428.01
5.94534368012 1412747429.26
6.0755806601 1412747430.53
5.88580009962 1412747431.82
6.00363433408 1412747433.09
5.80170397952 1412747434.34
5.82430634837 1412747435.59
5.67793554158 1412747436.84
5.71346548251 1412747438.04
5.73731801276 1412747439.37
5.63021981551 1412747440.64
5.64569320541 1412747441.89
5.57459207608 1412747443.11
5.5428762085 1412747444.35
5.408729784 1412747445.6
5.36383562806 1412747446.83
5.30839682141 1412747448.07
5.28181976699 1412747449.35
5.23620622068 1412747450.59
5.17790951087 1412747451.79
5.11855677931 1412747453.07
5.0848525527 1412747454.3
5.0576134414 1412747455.52
5.02678405562 1412747456.78
4.9923560693 1412747458.0
4.93156450853 1412747459.26
4.8992272455 1412747460.54
4.85439810616 1412747461.77
4.78287035454 1412747462.98
4.74780645206 1412747464.21
4.72000763042 1412747465.47
4.76529057222 1412747466.67
4.70727822295 1412747467.91
4.69125734992 1412747469.15
4.67240837201 1412747470.37
4.65847452318 1412747471.6
4.59320495681 1412747472.81
4.56038832214 1412747474.14
4.52877412789 1412747475.49
4.47407685463 1412747476.72
4.45172106365 1412747478.01
4.42564042536 1412747479.21
4.40903230386 1412747480.43
4.38141447847 1412747481.7
4.36177372197 1412747482.91
4.33399579285 1412747484.15
4.33404067938 1412747485.37
4.28665295679 1412747486.6
4.26214073167 1412747487.82
4.23959941909 1412747489.04
4.19315628848 1412747490.23
4.17240431668 1412747491.45
4.15961379568 1412747492.67
4.16090825251 1412747493.9
4.15362646098 1412747495.13
4.1185014192 1412747496.39
4.08667371901 1412747497.6
4.0582940695 1412747498.82
4.05463648485 1412747500.05
4.03856797667 1412747501.29
4.045075878 1412747502.51
4.04131273553 1412747503.7
4.04554597544 1412747504.91
4.02365936045 1412747506.13
4.01585111267 1412747507.35
4.00499700795 1412747508.54
3.98969769984 1412747509.76
3.97629052502 1412747510.97
3.95620299815 1412747512.15
3.94136930773 1412747513.35
3.91473384924 1412747514.57
3.87675925259 1412747515.81
3.8796648687 1412747517.04
3.87252057295 1412747518.28
3.84982501345 1412747519.46
3.84588177786 1412747520.69
3.82335921721 1412747521.92
3.80876894317 1412747523.1
3.79039902404 1412747524.36
3.78176902498 1412747525.69
3.77886466902 1412747526.95
3.77553250786 1412747528.12
3.770244088 1412747529.3
3.74608163738 1412747530.49
3.71221695998 1412747531.72
3.7065905534 1412747532.95
3.69462611855 1412747534.18
3.6782298993 1412747535.39
3.68631981613 1412747536.61
3.69081933464 1412747537.8
3.67070482271 1412747539.04
3.66587858363 1412747540.32
3.64358340089 1412747541.51
