25.3377965612 1412721569.59
25.3148482573 1412721569.68
25.4329501981 1412721569.77
25.1706889606 1412721569.87
24.8227120323 1412721569.96
24.3448179753 1412721570.04
24.5490587031 1412721570.14
24.5830779858 1412721570.23
24.6080498585 1412721570.35
25.4994717449 1412721570.46
25.6373844218 1412721570.54
23.4671403614 1412721570.66
23.2723371991 1412721570.76
23.2703521029 1412721570.88
23.3465917504 1412721571.0
24.4574703143 1412721571.12
24.4432738348 1412721571.23
24.5335809323 1412721571.35
24.0521602159 1412721571.46
24.0046560556 1412721571.56
23.6821421762 1412721571.68
23.9694927757 1412721571.82
23.5727152881 1412721571.92
23.8045068324 1412721572.01
24.0284438855 1412721572.11
23.6422899948 1412721572.26
23.5679724458 1412721572.4
23.919403721 1412721572.51
24.2374708391 1412721572.66
24.1861764555 1412721572.78
24.2107287751 1412721572.9
24.1891120347 1412721573.01
24.1007288995 1412721573.16
24.2511384035 1412721573.28
24.2144129171 1412721573.39
24.2223057189 1412721573.5
24.0019336012 1412721573.6
24.0416454569 1412721573.72
24.1290027266 1412721573.83
24.1732268698 1412721573.97
24.2798005896 1412721574.09
24.3364782982 1412721574.21
24.0115080148 1412721574.37
24.2186536821 1412721574.5
23.8883046387 1412721574.64
24.1178322006 1412721574.78
23.9102112239 1412721574.9
23.9924381203 1412721575.02
23.9252612183 1412721575.13
23.9044667062 1412721575.27
23.8939313362 1412721575.41
23.8669433077 1412721575.54
24.0050450295 1412721575.66
23.7739658545 1412721575.81
23.7347720011 1412721575.95
24.2145763199 1412721576.08
23.6238298757 1412721576.21
23.6219818547 1412721576.36
23.8397022244 1412721576.48
23.8681507893 1412721576.61
23.809628473 1412721576.73
24.0447244903 1412721576.85
23.9213297862 1412721576.97
24.0719687944 1412721577.09
24.1083196088 1412721577.22
24.0874952806 1412721577.38
24.2910354546 1412721577.52
24.4006924076 1412721577.65
24.6039823651 1412721577.76
24.3326913737 1412721577.86
24.3470906725 1412721577.98
24.2942232632 1412721578.09
25.9752146653 1412721578.24
26.0577661377 1412721578.37
26.3089794808 1412721578.49
25.9958348111 1412721578.61
26.3162614399 1412721578.73
26.1819602345 1412721578.86
26.6344511121 1412721578.99
26.2626444769 1412721579.1
26.5302806371 1412721579.23
26.2396933571 1412721579.37
26.5507015855 1412721579.5
26.3961810068 1412721579.63
28.252714037 1412721579.75
28.3231940446 1412721579.85
28.4705840039 1412721579.98
28.6618712633 1412721580.1
28.4128503066 1412721580.21
28.7251433244 1412721580.33
28.4500937498 1412721580.48
28.1925142471 1412721580.6
28.3903315982 1412721580.71
28.086480784 1412721580.83
28.321566893 1412721580.95
28.4877555981 1412721581.06
28.3451302674 1412721581.16
29.9071220633 1412721581.28
30.2063808969 1412721581.4
30.1024341825 1412721581.49
29.7809582479 1412721581.59
30.0251692082 1412721581.68
29.7070019221 1412721581.79
29.9711169944 1412721581.89
29.7902311175 1412721581.98
29.9002205148 1412721582.09
29.7210177894 1412721582.21
29.9321576025 1412721582.32
30.4284673523 1412721582.42
30.7385362109 1412721582.52
30.6866115101 1412721582.62
30.5126725739 1412721582.72
30.3377589895 1412721582.82
30.3017587527 1412721582.93
29.9782602857 1412721583.02
30.2411523351 1412721583.13
29.9204902186 1412721583.21
30.2831889662 1412721583.36
29.9998705286 1412721583.46
31.4277700039 1412721583.57
31.4497931117 1412721583.66
31.674710077 1412721583.78
31.3881421643 1412721583.89
31.4195527377 1412721584.0
31.4834214557 1412721584.1
31.4447487026 1412721584.21
31.6342291274 1412721584.3
31.6904139118 1412721584.4
31.7281991739 1412721584.52
31.7774192953 1412721584.63
31.8027986685 1412721584.73
31.7732775887 1412721584.85
32.1932532972 1412721584.95
32.2837378059 1412721585.06
32.1349094566 1412721585.16
32.0990872275 1412721585.29
32.0710101454 1412721585.42
32.3038367194 1412721585.52
32.0452494505 1412721585.63
32.1160702559 1412721585.75
32.0761883138 1412721585.86
32.1349415877 1412721585.97
33.0300324651 1412721586.09
33.0211879365 1412721586.23
33.0849486017 1412721586.35
32.9371328944 1412721586.48
33.1184964853 1412721586.6
33.163063654 1412721586.7
33.1958443177 1412721586.81
33.0454411612 1412721586.93
33.0978287335 1412721587.06
34.7844606427 1412721587.18
34.7581601023 1412721587.31
34.6991642456 1412721587.45
34.6698798474 1412721587.56
34.6095789713 1412721587.66
34.6699012719 1412721587.76
34.661828836 1412721587.86
34.6749627871 1412721587.97
34.5738312589 1412721588.1
34.564406132 1412721588.22
34.5411140431 1412721588.34
35.8435671162 1412721588.47
35.9515806871 1412721588.59
35.7508379074 1412721588.72
35.7481959752 1412721588.86
35.7577467226 1412721588.96
35.8059229122 1412721589.09
35.4346317305 1412721589.19
35.4292905211 1412721589.33
35.3649488571 1412721589.59
35.4637550427 1412721589.76
35.4421080284 1412721589.95
35.5091367064 1412721590.1
36.5145770504 1412721590.22
36.4193764728 1412721590.36
36.3097315716 1412721590.48
36.3134876161 1412721590.6
36.2787632532 1412721590.73
36.1158241665 1412721590.87
36.2332572011 1412721590.98
36.0799301002 1412721591.12
36.1192270952 1412721591.23
36.0775988267 1412721591.38
36.0900219554 1412721591.53
36.0832425287 1412721591.64
36.0636067325 1412721591.78
35.9870202807 1412721591.9
36.0722002653 1412721592.03
36.0707560689 1412721592.14
36.1165688537 1412721592.26
37.5553196256 1412721592.4
37.5394348199 1412721592.52
37.4592633665 1412721592.63
37.506773838 1412721592.75
37.440432004 1412721592.87
37.4869412002 1412721593.02
37.4206692517 1412721593.14
37.4057520972 1412721593.27
37.4655714893 1412721593.41
