51.5167686484 1412731911.55
51.3547616624 1412731912.21
50.6848762987 1412731912.9
49.7789363684 1412731913.69
48.6064594857 1412731914.5
47.2715851541 1412731915.22
47.0530563182 1412731915.93
47.4992761853 1412731916.67
46.1239663105 1412731917.4
45.0637416009 1412731918.11
44.3917072186 1412731918.86
44.3992487569 1412731919.6
44.2941169783 1412731920.3
44.465652294 1412731921.02
44.2902700672 1412731921.75
44.4767782414 1412731922.52
44.5476514827 1412731923.27
44.5146897148 1412731924.19
44.5979490891 1412731925.09
44.8495852963 1412731925.86
44.4420792216 1412731926.68
44.4316573335 1412731927.53
44.2742718256 1412731928.36
44.3996346098 1412731929.17
44.4977993551 1412731930.07
44.122246198 1412731930.94
44.6327258151 1412731931.79
44.4730534422 1412731932.63
44.1554494199 1412731933.49
44.1149878814 1412731934.38
43.7516964406 1412731935.24
44.0533657447 1412731936.11
43.949365545 1412731937.01
44.1344691511 1412731937.86
43.8958984471 1412731938.84
43.9534473939 1412731939.8
43.9146445845 1412731940.84
44.1909996412 1412731941.83
44.4190314174 1412731942.81
44.5494841178 1412731943.78
44.5167420309 1412731944.77
44.5056773165 1412731945.79
44.4304609885 1412731946.79
44.576699779 1412731947.83
44.5601238009 1412731948.83
44.5765224119 1412731949.86
44.6510385225 1412731950.88
44.6621683534 1412731951.94
44.4375338407 1412731952.94
44.4404691962 1412731953.99
44.4077502511 1412731955.02
44.7332134527 1412731956.01
44.6137802553 1412731957.05
44.7848865338 1412731958.0
44.7799960424 1412731959.03
44.8214341973 1412731960.01
44.8174717422 1412731961.04
44.6884875286 1412731962.05
44.7060942586 1412731963.13
44.7043039656 1412731964.16
44.8441012727 1412731965.24
45.0641149097 1412731966.25
45.0590606911 1412731967.28
45.0027958777 1412731968.3
45.1555048028 1412731969.34
45.3561313784 1412731970.4
45.3683323863 1412731971.43
45.3617112526 1412731972.46
45.3758379539 1412731973.52
45.3278321058 1412731974.58
45.3284577898 1412731975.6
45.3185615137 1412731976.64
45.3294686663 1412731977.72
45.3320283266 1412731978.82
45.3334700844 1412731979.86
45.3365608504 1412731980.92
45.3778532809 1412731981.99
45.3880443346 1412731983.06
45.3735338274 1412731984.11
45.3778061721 1412731985.22
45.3821360353 1412731986.25
45.3876931401 1412731987.31
45.393197993 1412731988.34
45.3028453452 1412731989.38
45.304367829 1412731990.48
45.3060576003 1412731991.54
45.3080063428 1412731992.61
45.3089359299 1412731993.71
45.3115331492 1412731994.74
45.3128773089 1412731995.78
45.3648896109 1412731996.82
45.3006169052 1412731997.86
45.3033067608 1412731998.88
45.3532324666 1412731999.93
45.2894155708 1412732000.97
45.291126504 1412732001.99
45.2935719339 1412732002.98
45.3184615027 1412732004.03
45.1192905669 1412732005.1
45.2319531128 1412732006.15
45.2214499523 1412732007.21
45.2198199311 1412732008.26
45.288626841 1412732009.33
44.9172394194 1412732010.34
44.856314993 1412732011.4
44.8470909318 1412732012.48
44.8400810864 1412732013.54
44.8366986252 1412732014.61
44.8308109531 1412732015.65
44.8264369882 1412732016.69
44.8228764034 1412732017.72
44.8201133243 1412732018.81
44.8181971887 1412732019.81
44.8125440207 1412732020.88
44.7758647082 1412732021.86
44.7492659349 1412732022.88
44.771173159 1412732023.92
44.7433148407 1412732025.11
44.9337701135 1412732026.19
44.7174886508 1412732027.26
44.9037886896 1412732028.36
44.5624517444 1412732029.39
44.7400041846 1412732030.39
44.7277919069 1412732031.38
44.7095288655 1412732032.41
44.7024905638 1412732033.46
44.7013414347 1412732034.52
44.6981732197 1412732035.56
44.864675624 1412732036.61
44.8604937908 1412732037.61
44.8571730555 1412732038.65
44.8566975057 1412732039.65
44.8492813206 1412732040.68
44.8555637172 1412732041.75
44.8576299076 1412732042.78
44.8463982089 1412732043.85
44.8719046852 1412732044.88
44.8552992094 1412732045.89
44.8195284757 1412732046.9
44.8311574209 1412732047.95
44.8468544192 1412732048.96
44.8338989071 1412732049.98
44.834203546 1412732051.01
44.817251392 1412732052.01
44.8048982303 1412732053.03
44.7922297261 1412732054.1
44.5615333307 1412732055.12
44.5425447671 1412732056.16
44.5267405526 1412732057.21
44.5105040759 1412732058.26
44.5010361397 1412732059.29
44.495333264 1412732060.36
44.485506582 1412732061.39
44.475904184 1412732062.48
44.3360395364 1412732063.57
44.342537774 1412732064.65
44.3288602897 1412732065.71
44.526852573 1412732066.72
44.5573335223 1412732067.76
44.518046701 1412732068.82
44.5479456797 1412732069.88
44.284471438 1412732070.91
44.29425943 1412732071.98
44.3238450451 1412732073.04
44.3235852232 1412732074.15
44.3232252059 1412732075.18
44.2698966946 1412732076.26
44.2576962496 1412732077.33
44.241408357 1412732078.35
44.2285824264 1412732079.41
44.1893354878 1412732080.45
44.1949268259 1412732081.55
44.2268526486 1412732082.58
44.1880850973 1412732083.67
44.2185220569 1412732084.74
44.1804329937 1412732085.85
44.1893936223 1412732086.9
44.2200453366 1412732087.96
44.2275287321 1412732089.03
44.2348177526 1412732090.08
44.2420901297 1412732091.12
44.3410640545 1412732092.17
44.4391725496 1412732093.27
44.4256441001 1412732094.3
44.4261730147 1412732095.36
44.3208495166 1412732096.42
44.3111839383 1412732097.49
44.303801479 1412732098.6
44.3040660979 1412732099.67
44.3055726629 1412732100.7
44.2551867339 1412732101.77
44.2491835616 1412732102.84
44.2454217134 1412732103.91
44.2409041528 1412732105.02
44.2112200245 1412732106.06
44.2311712068 1412732107.13
44.23799286 1412732108.26
44.2446813219 1412732109.38
44.258391794 1412732110.45
44.2537983975 1412732111.53
