19.2123731643 1412730652.32
19.8610440141 1412730652.93
19.9555009668 1412730653.54
19.7490328767 1412730654.14
19.2394646423 1412730654.76
18.8593866622 1412730655.38
18.3302766568 1412730656.0
18.4741693663 1412730656.58
18.7436255704 1412730657.2
18.4328861881 1412730657.85
18.1264807769 1412730658.48
18.4177288685 1412730659.04
18.2372094623 1412730659.68
18.4000017295 1412730660.31
18.1629329323 1412730660.95
18.3768394172 1412730661.58
18.1138759409 1412730662.2
18.0667146751 1412730662.77
18.2810777297 1412730663.38
18.5592723091 1412730663.97
18.8745850565 1412730664.58
19.2419291148 1412730665.18
19.4904264813 1412730665.75
19.8179091817 1412730666.36
19.9844635226 1412730666.97
20.2597736237 1412730667.55
20.3417350066 1412730668.12
20.3414592218 1412730668.7
20.3584407712 1412730669.26
20.2358430191 1412730669.83
20.3088606482 1412730670.41
20.317312488 1412730671.03
20.3153948211 1412730671.63
20.339002769 1412730672.21
20.2369107724 1412730672.79
20.1710988802 1412730673.41
20.0464386 1412730674.02
19.9203557717 1412730674.6
19.8122651346 1412730675.17
19.6620268972 1412730675.72
19.7162810274 1412730676.33
19.5419117321 1412730676.9
19.5566297057 1412730677.46
19.6167319719 1412730678.04
19.5069463303 1412730678.63
19.6007890974 1412730679.22
19.665495307 1412730679.81
19.7639360036 1412730680.4
19.6239738753 1412730680.99
19.7323723985 1412730681.58
19.6470437969 1412730682.19
19.5377926543 1412730682.74
19.4510343446 1412730683.33
19.5298977515 1412730683.95
19.4248388821 1412730684.53
19.3800263361 1412730685.1
19.3356779443 1412730685.69
18.9704643153 1412730686.29
19.1125312635 1412730686.88
19.2364115859 1412730687.47
18.8936151959 1412730688.04
19.0235604537 1412730688.61
19.2731325206 1412730689.17
19.409577817 1412730689.75
19.6597752991 1412730690.32
19.8733815186 1412730690.92
20.1539477931 1412730691.51
20.2972119494 1412730692.05
20.11814812 1412730692.62
20.2094635335 1412730693.2
19.580226954 1412730693.82
14.0409195848 1412730694.43
15.9594955113 1412730695.03
13.4148838077 1412730695.65
13.4634764817 1412730696.24
13.6160866405 1412730696.82
13.6070207549 1412730697.38
13.3577363374 1412730697.96
12.8274323875 1412730698.53
12.2904782644 1412730699.15
12.5152576747 1412730699.7
12.6396258851 1412730700.26
12.8757279304 1412730700.8
12.3710803695 1412730701.4
12.4616132143 1412730701.98
12.7150931601 1412730702.56
12.709439926 1412730703.14
12.758793892 1412730703.7
12.5153096404 1412730704.28
12.5679009933 1412730704.89
12.3344825247 1412730705.5
12.3601456441 1412730706.1
12.102224391 1412730706.67
12.1620308622 1412730707.27
12.1872265421 1412730707.82
12.0703753781 1412730708.4
12.0350500435 1412730708.98
11.8966232796 1412730709.52
11.9241058569 1412730710.11
11.9990604651 1412730710.66
12.0132323328 1412730711.21
12.0473059328 1412730711.76
11.8349611679 1412730712.32
11.9365017386 1412730712.91
11.7921999128 1412730713.45
11.8581263264 1412730714.02
11.8581729561 1412730714.61
11.7582139673 1412730715.17
11.8395846009 1412730715.77
11.6680893818 1412730716.36
11.6777330125 1412730716.94
11.5604963017 1412730717.52
11.5894433448 1412730718.11
11.4603742719 1412730718.67
11.4833002268 1412730719.21
11.4071426003 1412730719.76
11.3883937317 1412730720.29
11.2371752163 1412730720.86
11.2243179544 1412730721.44
11.2244760603 1412730722.03
11.1927695431 1412730722.57
11.1178046848 1412730723.1
11.057492844 1412730723.67
11.0574099545 1412730724.25
10.996871178 1412730724.79
10.9724440681 1412730725.38
10.9839858949 1412730725.96
10.9387790552 1412730726.55
10.9151861322 1412730727.14
10.8765157012 1412730727.75
10.8009456251 1412730728.28
10.7613351761 1412730728.89
10.7765280054 1412730729.44
10.6932313628 1412730730.03
10.7237342437 1412730730.61
10.5780855549 1412730731.17
10.5817518843 1412730731.76
10.532374772 1412730732.34
10.4741031798 1412730732.92
10.4498691341 1412730733.53
10.401481218 1412730734.1
10.3605738933 1412730734.69
10.3553363789 1412730735.26
10.3313801705 1412730735.86
10.3032664144 1412730736.43
10.2749957827 1412730737.07
10.2312148913 1412730737.69
10.2232479871 1412730738.27
10.1751420387 1412730738.88
10.1875635044 1412730739.49
10.1680274012 1412730740.12
10.1233309778 1412730740.7
10.0809584418 1412730741.3
10.0528308184 1412730741.88
10.0288303639 1412730742.49
9.98548969729 1412730743.09
9.9724006463 1412730743.72
9.95641868482 1412730744.34
9.89711929639 1412730744.98
9.91616846747 1412730745.59
9.86485164785 1412730746.19
9.81874333798 1412730746.8
9.7121823472 1412730747.43
9.66813466506 1412730748.12
9.6427286771 1412730748.91
9.60222956227 1412730749.61
9.59999815096 1412730750.37
9.53712296532 1412730751.27
9.52985454825 1412730752.3
9.53755733607 1412730753.34
9.51077683848 1412730754.35
9.47311042657 1412730755.11
9.4414391703 1412730755.8
9.36166027598 1412730756.94
9.34045360848 1412730758.33
9.31151510643 1412730758.96
9.32991657693 1412730759.64
9.32788300013 1412730760.6
9.2991745114 1412730761.55
9.31336589974 1412730762.41
9.28485256192 1412730763.31
9.27574937845 1412730764.2
9.24508645915 1412730765.19
9.21683673317 1412730766.03
9.23058242499 1412730766.97
9.22492076851 1412730767.98
9.21144284703 1412730768.84
9.19337439183 1412730769.75
9.1767360238 1412730770.63
9.16178876441 1412730771.55
9.14434409619 1412730772.41
9.12629910711 1412730773.33
9.10796128399 1412730774.26
9.11140425235 1412730775.22
9.09485038982 1412730776.12
9.07480072607 1412730777.01
9.07695891011 1412730777.95
9.08433231289 1412730778.78
9.06794092589 1412730779.52
9.05549061692 1412730780.1
