38.6757131175 1412724720.55
39.0321457568 1412724720.89
38.8570569654 1412724721.18
38.0826436937 1412724721.52
37.6242223006 1412724721.87
36.4786774594 1412724722.18
36.7056771791 1412724722.5
36.4634221374 1412724722.88
35.9457805604 1412724723.24
35.8770781078 1412724723.56
35.5418966767 1412724723.86
35.4052903154 1412724724.16
35.6861310197 1412724724.44
35.6067576624 1412724724.85
35.3850300387 1412724725.24
34.970987786 1412724725.62
35.1057383077 1412724725.9
34.7251958602 1412724726.19
34.1530632212 1412724726.48
33.2949639267 1412724726.78
32.4204195894 1412724727.07
31.857233461 1412724727.38
31.4444350517 1412724727.71
31.1783795251 1412724728.01
31.2792862098 1412724728.3
30.8992282273 1412724728.62
30.2874034768 1412724728.95
29.6373011965 1412724729.26
29.2145457654 1412724729.55
29.091808706 1412724729.85
28.9196727713 1412724730.12
29.1686236859 1412724730.43
29.2966029433 1412724730.71
28.6818186245 1412724730.98
28.8288056566 1412724731.27
28.9568586092 1412724731.53
28.8092762436 1412724731.85
28.9604387629 1412724732.14
28.9185329386 1412724732.5
28.8323793575 1412724732.81
28.3170008025 1412724733.14
28.6042261145 1412724733.53
28.5074295592 1412724734.0
28.6302519274 1412724734.43
28.3380296032 1412724734.8
28.1219339545 1412724735.22
27.9093125207 1412724735.58
27.7525773986 1412724735.93
27.4783530853 1412724736.36
27.2665591307 1412724736.74
27.1377257859 1412724737.18
27.1294710555 1412724737.6
27.1761091812 1412724738.02
27.2410313414 1412724738.42
27.273626817 1412724738.91
27.3285039641 1412724739.35
27.129930075 1412724739.76
26.8131164054 1412724740.19
26.7121433758 1412724740.65
26.4971393486 1412724741.06
26.5954359705 1412724741.54
26.5360295697 1412724742.0
26.4680791836 1412724742.48
26.5113345478 1412724742.91
26.3856324301 1412724743.32
26.3659253403 1412724743.8
26.4527733216 1412724744.22
26.4726394793 1412724744.7
26.445351472 1412724745.12
26.5735290659 1412724745.59
26.5598262474 1412724746.01
26.4377034625 1412724746.47
26.4706807189 1412724746.95
26.4614576378 1412724747.39
26.4487900055 1412724747.78
26.2384337371 1412724748.12
26.280019372 1412724748.51
26.1956526778 1412724749.01
26.1643842957 1412724749.31
26.0076671014 1412724749.59
26.0191794954 1412724749.91
26.1973735661 1412724750.24
26.3084011896 1412724750.62
26.1596227636 1412724750.97
26.1899593909 1412724751.27
26.0041362646 1412724751.59
26.146463482 1412724751.92
26.1077015392 1412724752.24
26.2525472388 1412724752.57
26.1469409545 1412724752.87
26.0116920453 1412724753.2
26.0114180725 1412724753.51
25.9358657621 1412724753.83
25.9339807819 1412724754.17
25.956107745 1412724754.48
25.9269528618 1412724754.81
25.9777149158 1412724755.13
26.2064101255 1412724755.43
26.0116981407 1412724755.73
25.9296869748 1412724756.02
25.7959280097 1412724756.33
25.8010869935 1412724756.63
25.8606182253 1412724756.94
25.9205708742 1412724757.25
25.9265970836 1412724757.55
25.8656169853 1412724757.84
25.7935838601 1412724758.12
25.7404480803 1412724758.43
25.724958967 1412724758.74
25.7092227276 1412724759.04
25.6824323603 1412724759.36
25.7029668734 1412724759.68
25.6557901593 1412724760.01
25.5834064871 1412724760.32
25.613822112 1412724760.78
25.3781792412 1412724761.15
25.3628769264 1412724761.47
25.3762113232 1412724761.79
25.1896846238 1412724762.12
25.1746700413 1412724762.43
25.2720403467 1412724762.8
25.2000210576 1412724763.1
25.2534762339 1412724763.39
25.2585047748 1412724763.72
25.3170854837 1412724764.04
25.2344876758 1412724764.33
25.26183636 1412724764.63
25.1842095566 1412724764.92
25.2009825614 1412724765.26
24.9896530973 1412724765.58
24.879731807 1412724765.9
24.8715131409 1412724766.27
24.7984942511 1412724766.6
24.7342788825 1412724766.93
24.7300874139 1412724767.28
24.8171264708 1412724767.61
24.638840302 1412724767.93
24.7773429944 1412724768.26
24.7359973168 1412724768.56
24.5934929631 1412724768.89
24.6816566222 1412724769.22
24.7363324885 1412724769.55
24.7055022024 1412724770.01
24.6219320407 1412724770.41
24.5750777504 1412724770.75
24.4284356181 1412724771.1
24.3175139627 1412724771.45
24.3280068568 1412724771.79
24.344895952 1412724772.11
24.3426713997 1412724772.46
24.3341055137 1412724772.76
24.3853611169 1412724773.09
24.4608668156 1412724773.44
24.4425460157 1412724773.78
24.5918745703 1412724774.09
24.491075445 1412724774.48
24.5466892741 1412724774.82
24.4332423481 1412724775.17
24.4649807015 1412724775.52
24.3926246615 1412724775.86
24.4386265065 1412724776.18
24.3728349897 1412724776.48
24.4122814075 1412724776.8
24.3354398627 1412724777.12
24.2406824399 1412724777.46
24.2783864539 1412724777.79
24.1478608253 1412724778.11
24.2583898236 1412724778.46
24.1835807951 1412724778.8
24.2640482213 1412724779.16
24.326942081 1412724779.51
24.3663645566 1412724779.82
24.3045349456 1412724780.17
24.2603044706 1412724780.5
24.2072621423 1412724780.85
24.1698869409 1412724781.21
24.1712118324 1412724781.54
24.0345390035 1412724781.88
23.9724480378 1412724782.24
23.9980394265 1412724782.6
23.9693131244 1412724782.95
24.1788600441 1412724783.28
23.8891666257 1412724783.6
23.7256080971 1412724783.92
23.7756369522 1412724784.27
23.9079375225 1412724784.61
23.9136349725 1412724784.96
23.8172252556 1412724785.37
24.0196021466 1412724785.75
23.9348405769 1412724786.15
23.9862841005 1412724786.53
23.9964915625 1412724786.9
24.0483720413 1412724787.26
23.8442936026 1412724787.65
23.8120525146 1412724788.01
23.7671222615 1412724788.54
23.7442588331 1412724788.95
23.68013517 1412724789.33
23.7690507797 1412724789.72
23.8785754419 1412724790.08
