18.2048882297 1412722661.56
18.2553056007 1412722661.69
66.3949161821 1412722661.84
67.0304454544 1412722661.95
66.8890245111 1412722662.07
68.0123587954 1412722662.19
67.7341677536 1412722662.31
68.5229073537 1412722662.47
69.7748365407 1412722662.58
71.0104767036 1412722662.67
72.8244306778 1412722662.8
75.4722009193 1412722662.95
25.0522366678 1412722663.16
26.9504981559 1412722663.29
27.8423780019 1412722663.41
28.3018394782 1412722663.53
27.8840785926 1412722663.68
27.1930917077 1412722663.84
27.4133526396 1412722663.97
26.9012432835 1412722664.08
26.6841166526 1412722664.26
26.6203223381 1412722664.39
26.3308209327 1412722664.5
26.0947986228 1412722664.6
25.6794723522 1412722664.7
26.2521412836 1412722664.79
26.1343800817 1412722664.9
25.8246841385 1412722665.0
25.796481709 1412722665.14
25.4651525821 1412722665.28
25.1862823656 1412722665.43
24.915275393 1412722665.54
24.2910001223 1412722665.72
24.3603048816 1412722665.89
23.6022780949 1412722666.03
23.6669597526 1412722666.2
23.0831432955 1412722666.35
22.6880240058 1412722666.46
22.7465854294 1412722666.63
22.4742984289 1412722666.78
22.6154383381 1412722666.89
22.2442573028 1412722667.07
21.9869729783 1412722667.18
21.9964444753 1412722667.28
22.0302916933 1412722667.45
21.5329077787 1412722667.59
21.6372808164 1412722667.75
21.6399034688 1412722667.86
21.7117973794 1412722667.95
21.624842179 1412722668.07
21.6785391831 1412722668.19
21.7319832443 1412722668.34
21.6834741743 1412722668.52
21.7237197135 1412722668.65
21.6689418014 1412722668.77
21.7270473647 1412722668.96
21.6854698319 1412722669.1
21.7194155137 1412722669.22
21.7027206064 1412722669.34
21.6632168415 1412722669.47
21.6231405991 1412722669.6
21.5737590107 1412722669.73
21.5545289874 1412722669.88
21.5270660178 1412722670.02
21.1222829579 1412722670.16
21.0545444906 1412722670.31
21.1050430013 1412722670.43
21.0379847267 1412722670.62
21.0798333334 1412722670.76
21.0229793345 1412722670.95
21.0756168182 1412722671.1
20.9670863895 1412722671.23
20.9050916655 1412722671.39
21.2979881633 1412722671.53
21.1858649374 1412722671.68
21.0199671187 1412722671.81
21.4004177226 1412722671.97
21.1118825042 1412722672.11
20.658213098 1412722672.26
19.6732167303 1412722672.41
19.2709206651 1412722672.53
19.2137630773 1412722672.66
19.3180519733 1412722672.78
19.416494707 1412722672.92
18.921290293 1412722673.03
19.0138049353 1412722673.21
19.0509136534 1412722673.35
18.7682513363 1412722673.47
18.7012305718 1412722673.65
18.2450496124 1412722673.85
18.2607573011 1412722674.05
18.3209155018 1412722674.15
18.3702314949 1412722674.34
18.4767647963 1412722674.51
18.5270836787 1412722674.63
18.3635340243 1412722674.76
18.505260779 1412722674.89
18.5423514671 1412722675.02
18.4945599186 1412722675.12
18.4208218551 1412722675.26
18.3684794712 1412722675.38
17.8741624555 1412722675.52
17.9263249302 1412722675.64
18.3844844429 1412722675.76
18.3241540168 1412722675.92
17.9022197385 1412722676.04
17.9534709258 1412722676.16
17.9554336972 1412722676.46
17.7524563604 1412722676.67
17.8311047624 1412722676.88
17.7311284991 1412722677.13
17.3922255172 1412722677.28
17.3076588618 1412722677.43
17.3765048038 1412722677.56
17.3587048285 1412722677.69
17.2503630493 1412722677.81
17.351920056 1412722677.96
17.2440389342 1412722678.08
17.2223183591 1412722678.21
17.2329719856 1412722678.34
17.2085447427 1412722678.45
17.017877026 1412722678.59
16.9005523501 1412722678.76
17.0435826495 1412722678.91
16.9259999985 1412722679.03
17.3919742336 1412722679.16
17.3798865312 1412722679.3
17.3909920095 1412722679.42
17.135731534 1412722679.57
17.0546536231 1412722679.71
17.1197216778 1412722679.88
16.9090872596 1412722680.02
16.9536575783 1412722680.15
16.9868413071 1412722680.28
16.9920676003 1412722680.41
17.0247982639 1412722680.53
17.0635246935 1412722680.65
16.9924677306 1412722680.78
17.0659081234 1412722680.89
16.994289974 1412722681.06
17.0420661441 1412722681.25
16.9853684653 1412722681.37
17.0708132858 1412722681.54
17.0135123191 1412722681.72
17.0727651651 1412722681.86
17.4085261335 1412722682.0
17.3743841853 1412722682.2
17.3617691622 1412722682.38
17.3767484569 1412722682.56
17.362286861 1412722682.73
17.3034790021 1412722682.86
17.2855850277 1412722683.0
16.8700330782 1412722683.14
16.8724977543 1412722683.27
16.8782940559 1412722683.41
16.9089119783 1412722683.6
16.9145455665 1412722683.78
16.9406957892 1412722683.92
16.9441352445 1412722684.14
17.505149439 1412722684.33
17.4977003844 1412722684.48
17.453077776 1412722684.6
17.4390490992 1412722684.73
17.2147260767 1412722684.88
17.1800110906 1412722685.02
17.4095604836 1412722685.14
17.1454008133 1412722685.26
17.3736527216 1412722685.38
17.0922229551 1412722685.52
17.3174412211 1412722685.66
16.981672762 1412722685.81
17.6362449667 1412722685.94
17.5743147174 1412722686.13
17.5401051459 1412722686.27
17.4496397865 1412722686.4
17.3904583112 1412722686.53
17.3535386092 1412722686.74
17.1800933645 1412722686.91
17.3643932909 1412722687.08
17.3057789816 1412722687.21
17.1934345839 1412722687.33
17.0656273492 1412722687.47
17.1506450542 1412722687.63
17.2439553951 1412722687.76
17.1885860379 1412722687.89
17.1172577935 1412722688.01
16.3840573509 1412722688.13
16.3797333977 1412722688.28
16.5212746256 1412722688.42
16.6322628262 1412722688.55
16.4402115366 1412722688.67
16.5074248457 1412722688.8
16.1566070487 1412722688.94
16.1692862996 1412722689.08
16.5656385095 1412722689.25
16.5409173796 1412722689.38
16.5052035488 1412722689.48
16.1054421439 1412722689.6
16.1061828033 1412722689.76
16.1189605861 1412722689.88
