32.5718910305 1412725134.91
32.9939725345 1412725135.27
33.3112439027 1412725135.6
34.0237228448 1412725135.92
34.386344165 1412725136.25
34.7754962255 1412725136.57
35.0622045631 1412725136.91
35.3721057862 1412725137.23
35.8576381986 1412725137.55
36.1700516946 1412725137.83
36.0944822367 1412725138.12
36.5094064302 1412725138.41
36.6909944069 1412725138.71
36.8229280038 1412725138.99
36.6253715896 1412725139.3
36.7801016476 1412725139.63
37.0923986436 1412725139.93
37.163786024 1412725140.26
37.1699192117 1412725140.57
37.3067536151 1412725140.86
37.309428039 1412725141.12
37.1417360606 1412725141.43
37.2834058864 1412725141.73
37.2116069427 1412725142.0
37.0128246604 1412725142.37
36.9948270527 1412725142.7
37.1163435444 1412725143.08
37.1993392208 1412725143.43
37.1788836616 1412725143.76
37.27315345 1412725144.11
37.2747232386 1412725144.42
37.2530250034 1412725144.76
37.4326606377 1412725145.14
37.5718862014 1412725145.49
37.6645268381 1412725145.83
37.704098487 1412725146.17
37.5616229843 1412725146.47
37.5717513268 1412725146.8
37.6309533152 1412725147.13
37.625562275 1412725147.45
37.7497520275 1412725147.81
37.7623450114 1412725148.13
37.8132287644 1412725148.46
37.6570631852 1412725148.8
37.6496712091 1412725149.12
37.6001095865 1412725149.42
37.6283120363 1412725149.75
37.5160820906 1412725150.06
37.2966073487 1412725150.33
37.0861138022 1412725150.66
37.1966045691 1412725150.97
36.7786655719 1412725151.28
36.618060618 1412725151.61
36.3732090767 1412725151.92
36.1504219438 1412725152.18
35.9214665168 1412725152.49
35.6463377423 1412725152.83
35.2179098409 1412725153.18
35.0266624679 1412725153.48
34.7721371614 1412725153.77
34.5198209549 1412725154.02
34.3989695788 1412725154.35
34.2330069192 1412725154.7
34.2813258686 1412725155.0
34.0295298313 1412725155.3
34.8342843079 1412725155.63
34.50189053 1412725156.03
34.6373478265 1412725156.32
34.641334091 1412725156.64
35.0943133215 1412725156.94
35.4037502759 1412725157.27
35.1094264687 1412725157.58
35.3918151584 1412725157.88
35.2690316321 1412725158.2
35.4327714443 1412725158.53
35.3137507789 1412725158.82
35.1015704059 1412725159.18
34.7784071188 1412725159.52
34.5812144833 1412725159.82
34.6427987605 1412725160.1
34.3095115147 1412725160.41
34.4818490937 1412725160.74
34.2354730247 1412725161.03
34.2328014488 1412725161.32
34.0007540932 1412725161.6
33.9196478134 1412725161.91
34.0955794567 1412725162.27
34.379010592 1412725162.57
34.4234013902 1412725162.91
34.5511773806 1412725163.25
34.3620660053 1412725163.53
34.4135699605 1412725163.81
34.2814315715 1412725164.13
34.3222880187 1412725164.44
34.1786381329 1412725164.73
34.2903476022 1412725165.03
34.3003148197 1412725165.33
34.4086167367 1412725165.59
34.2759813498 1412725165.87
34.2167774731 1412725166.17
34.2984762168 1412725166.49
34.3463861131 1412725166.8
34.4757356318 1412725167.09
34.3431014068 1412725167.36
34.3337293734 1412725167.63
34.4580807504 1412725168.0
34.4094164604 1412725168.29
34.3330340237 1412725168.6
34.38817407 1412725168.94
34.3474399235 1412725169.29
34.4276794921 1412725169.59
34.4309582715 1412725169.92
34.3341936038 1412725170.27
34.212547861 1412725170.61
34.1280063825 1412725170.95
34.0335860171 1412725171.26
33.9078706666 1412725171.56
33.87378991 1412725171.87
33.7644746152 1412725172.16
33.6470134255 1412725172.53
33.6030156472 1412725172.96
33.5102816722 1412725173.36
33.4767576391 1412725173.76
33.3402221979 1412725174.16
33.3354879703 1412725174.54
33.3605064285 1412725174.89
33.223354716 1412725175.21
33.2243842667 1412725175.57
33.1937592822 1412725175.89
33.2063153037 1412725176.19
33.1537776436 1412725176.54
33.2385618748 1412725176.87
33.1605252725 1412725177.17
33.1714777553 1412725177.53
33.3405950135 1412725177.89
33.3189594535 1412725178.19
33.2721721446 1412725178.61
33.2048325068 1412725179.07
33.2246171139 1412725179.47
33.2581792027 1412725179.88
33.2066113854 1412725180.32
33.26559375 1412725180.78
33.3339133228 1412725181.19
33.203277411 1412725181.61
33.161517196 1412725182.07
33.0379816294 1412725182.49
32.9787064861 1412725182.93
32.9432201849 1412725183.33
32.891827104 1412725183.72
32.8141387354 1412725184.11
32.9508750209 1412725184.52
32.9876639622 1412725184.96
32.8446413465 1412725185.32
32.7185514436 1412725185.69
32.8345822253 1412725186.04
32.7144764368 1412725186.39
32.5731955789 1412725186.77
32.6514794912 1412725187.14
32.7792024671 1412725187.5
32.8972421658 1412725187.86
32.8724234243 1412725188.25
32.9508282335 1412725188.67
33.0367154445 1412725189.02
33.1384568344 1412725189.38
33.0906767712 1412725189.77
33.0619177706 1412725190.11
33.2079029737 1412725190.44
33.1582301207 1412725190.79
33.1313405973 1412725191.13
33.1141915255 1412725191.47
33.0974048262 1412725191.81
33.1225120411 1412725192.15
33.0476037829 1412725192.52
33.0472949459 1412725192.87
32.8952062836 1412725193.2
32.9199325808 1412725193.54
32.8601147145 1412725193.86
32.8326967618 1412725194.28
32.5788724635 1412725194.66
32.5014575012 1412725195.05
32.4453954579 1412725195.42
32.475780641 1412725195.76
32.3872138224 1412725196.11
32.3759097461 1412725196.41
32.4134245088 1412725196.74
32.490566964 1412725197.08
32.3921821372 1412725197.45
32.4541272627 1412725197.83
32.3508745274 1412725198.21
32.4146937595 1412725198.61
32.29968995 1412725199.1
32.3550392374 1412725199.52
32.3138885985 1412725199.9
32.2886065724 1412725200.29
32.2731808699 1412725200.69
32.1528713256 1412725201.05
32.4007717352 1412725201.42
32.4256875172 1412725201.79
32.3275007281 1412725202.11
32.3759113372 1412725202.45
