7.88383537148 1412757569.76
7.59216784591 1412757571.16
7.5634486964 1412757572.59
7.76966077741 1412757574.05
7.753429917 1412757575.42
7.76969245678 1412757576.8
7.79067206507 1412757578.22
7.78100502166 1412757579.6
7.86649390651 1412757580.95
7.89859532687 1412757582.33
7.9547131163 1412757583.68
8.06635314397 1412757585.04
8.16021493227 1412757586.38
8.25591169191 1412757587.66
8.34476844317 1412757589.0
8.56350845253 1412757590.38
8.57438781073 1412757591.76
8.4962708454 1412757593.08
8.61421218121 1412757594.39
8.72077798962 1412757595.73
8.82459054594 1412757597.03
8.91047356888 1412757598.34
9.15854104676 1412757599.66
9.23095425903 1412757600.95
9.32313973963 1412757602.26
9.41650637592 1412757603.56
9.55288528135 1412757604.85
9.63531150436 1412757606.17
9.74102863664 1412757607.48
9.80875046902 1412757608.82
9.85541295972 1412757610.16
9.9363144998 1412757611.51
9.95991534875 1412757612.85
10.0277144874 1412757614.23
10.0071440457 1412757615.56
9.98425290925 1412757616.94
9.91359254497 1412757618.36
9.96023589551 1412757619.71
9.8988560366 1412757621.05
9.91034901338 1412757622.45
9.96584512614 1412757623.88
9.85342603187 1412757625.24
9.83922719366 1412757626.63
9.86652592623 1412757628.04
9.87550784564 1412757629.44
9.84270226157 1412757630.83
9.89758714587 1412757632.22
9.89093786835 1412757633.6
9.90887014384 1412757635.03
9.94127050211 1412757636.45
10.0076402617 1412757637.93
10.0483860439 1412757639.29
10.0488285771 1412757640.73
10.0164864821 1412757642.21
9.95222376006 1412757643.66
9.88562064911 1412757645.12
9.69421107629 1412757646.54
9.60568126503 1412757647.97
9.43603604371 1412757649.41
9.53162832656 1412757650.83
9.45942582611 1412757652.31
9.34946502992 1412757653.78
9.4235147853 1412757655.27
9.46894768326 1412757656.7
9.35311564707 1412757658.16
9.40960564962 1412757659.59
9.48250502079 1412757661.02
9.3540681286 1412757662.48
9.45598758707 1412757663.9
9.36578719977 1412757665.31
9.45763370564 1412757666.75
9.42859941505 1412757668.19
9.43611272205 1412757669.65
9.39618909086 1412757671.1
9.39328627939 1412757672.53
9.3928443188 1412757673.97
9.37415344014 1412757675.42
9.33135078969 1412757676.85
9.29481914946 1412757678.25
9.26092623575 1412757679.65
9.24762559813 1412757681.09
9.24235472218 1412757682.56
9.18655616673 1412757683.96
9.27105218992 1412757685.35
9.22164197742 1412757686.75
9.19605458799 1412757688.13
9.1698325008 1412757689.49
9.11433863916 1412757690.91
9.09647512646 1412757692.28
9.0402443612 1412757693.66
8.98705379239 1412757695.04
8.96291415967 1412757696.45
8.91410025132 1412757697.8
8.77285586056 1412757699.19
8.707941942 1412757700.61
8.59814278467 1412757702.01
8.48702493549 1412757703.42
8.42769601766 1412757704.8
8.4549813887 1412757706.19
8.56749927504 1412757707.53
8.36830469907 1412757708.97
8.4218249698 1412757710.41
8.49536183421 1412757711.84
8.3157701018 1412757713.22
8.24760064889 1412757714.55
8.20676275545 1412757716.0
8.18976802841 1412757717.39
8.17460268793 1412757718.77
8.2080459855 1412757720.15
8.18616877905 1412757721.55
8.19688575153 1412757722.94
8.19420691387 1412757724.36
8.21309963209 1412757725.77
8.22334828275 1412757727.18
8.21987683126 1412757728.54
8.22453304149 1412757729.96
8.25143917154 1412757731.42
8.24512754432 1412757732.82
8.21953273111 1412757734.28
8.24168040054 1412757735.65
8.22799591006 1412757737.03
8.22740542616 1412757738.44
8.25672172661 1412757739.85
8.24338395197 1412757741.22
8.23616931692 1412757742.68
8.23308035789 1412757744.08
8.26760521772 1412757745.57
8.25858553967 1412757747.02
8.28249357996 1412757748.5
8.23307856514 1412757749.94
8.21103834563 1412757751.42
8.21320740373 1412757752.89
8.19881079166 1412757754.38
8.211224541 1412757755.85
8.2180278962 1412757757.31
8.23456706587 1412757758.78
8.23146858811 1412757760.21
8.23829554768 1412757761.7
8.21616015214 1412757763.21
8.23089202923 1412757764.68
8.20994240755 1412757766.13
8.1887238346 1412757767.61
8.14792287313 1412757769.09
8.14087390499 1412757770.61
8.1387549764 1412757772.14
8.12638423644 1412757773.7
8.12102848412 1412757775.21
8.12017821487 1412757776.68
8.12068090396 1412757778.22
8.04101671291 1412757779.75
8.01701082345 1412757781.33
8.04735725299 1412757782.87
7.99031227876 1412757784.58
7.99129379828 1412757786.17
7.99663593079 1412757787.71
7.95208503523 1412757789.21
7.98009416705 1412757790.77
7.9658633621 1412757792.28
7.95696574294 1412757793.82
7.95284264658 1412757795.36
7.93025604807 1412757796.86
7.95530908507 1412757798.41
7.96432433147 1412757799.98
7.95879194943 1412757801.47
7.96084710453 1412757803.03
7.96649460658 1412757804.6
7.98706140565 1412757806.16
7.99817754815 1412757807.73
7.99736809375 1412757809.23
7.99658981636 1412757810.78
7.99565974761 1412757812.3
7.9656140885 1412757813.83
7.97958176083 1412757815.41
7.99901086674 1412757816.98
8.02283711238 1412757818.5
8.02014342299 1412757820.06
8.0142487582 1412757821.61
8.01668211155 1412757823.2
8.01656063194 1412757824.77
8.00601908593 1412757826.31
8.02243239237 1412757827.88
8.04039790815 1412757829.44
8.08175746966 1412757830.97
8.07549426486 1412757832.5
8.06652200641 1412757834.06
8.11928583345 1412757835.62
8.0747204019 1412757837.19
8.07309495018 1412757838.73
8.08908799306 1412757840.26
8.07764907358 1412757841.83
8.09393069939 1412757843.37
8.0755826784 1412757844.95
8.0914816802 1412757846.51
8.0799558623 1412757848.05
8.07380234007 1412757849.6
8.02728477676 1412757851.19
8.01258378963 1412757852.8
7.99266350589 1412757854.34
7.97700255674 1412757855.95
7.99561230525 1412757857.53
