64.3136798843 1412724853.19
65.8871142585 1412724853.56
65.9596142488 1412724853.82
66.659176052 1412724854.07
68.2725064825 1412724854.35
68.0931624502 1412724854.67
69.1569523394 1412724854.95
68.9870027864 1412724855.28
68.86252033 1412724855.59
67.6502690973 1412724855.89
64.7206158502 1412724856.19
63.759432401 1412724856.49
63.3476968678 1412724856.75
64.288536324 1412724857.02
64.8828917968 1412724857.29
65.9304620771 1412724857.59
66.9653221227 1412724857.88
67.7245872686 1412724858.18
69.1477483855 1412724858.51
69.5054513631 1412724858.89
70.2498256239 1412724859.24
70.9077736394 1412724859.64
71.5825933423 1412724860.09
71.9972341849 1412724860.64
72.5614192854 1412724861.02
73.5471213928 1412724861.46
74.3483891403 1412724861.83
75.5799470967 1412724862.18
76.9289168692 1412724862.57
77.0235622365 1412724862.92
77.2366786823 1412724863.29
78.2107260331 1412724863.65
78.8471788981 1412724864.06
79.5948258129 1412724864.43
80.2456193055 1412724864.83
81.2469660393 1412724865.21
81.7714682832 1412724865.61
82.2206752925 1412724865.95
82.6068110413 1412724866.44
82.3805681499 1412724866.93
82.988927224 1412724867.32
83.3567779158 1412724867.77
84.0560196727 1412724868.17
83.6605121718 1412724868.56
84.260121912 1412724868.94
84.6680170725 1412724869.33
85.013179242 1412724869.75
85.3163445122 1412724870.15
85.9374263104 1412724870.54
86.2190273092 1412724870.92
85.6722502495 1412724871.22
86.2459865564 1412724871.5
86.5676902269 1412724871.82
87.0584924754 1412724872.13
86.6824630324 1412724872.42
86.728707202 1412724872.8
86.9341286753 1412724873.14
86.8877418862 1412724873.46
87.3669312953 1412724873.81
87.6923035374 1412724874.16
87.7409820748 1412724874.49
88.0298758836 1412724874.89
88.3197400481 1412724875.26
88.138301173 1412724875.68
88.6375053182 1412724876.03
88.7014100006 1412724876.42
88.8058521056 1412724876.8
88.8571620644 1412724877.17
89.3827625032 1412724877.6
89.1726806974 1412724878.0
89.2963557734 1412724878.39
89.7779181293 1412724878.77
89.9579342927 1412724879.13
89.8284291618 1412724879.54
89.9212178622 1412724879.93
90.0127848925 1412724880.28
90.3742329336 1412724880.63
90.5048144289 1412724881.03
90.5217702237 1412724881.42
91.2564976783 1412724881.79
91.2991647931 1412724882.21
91.5370199607 1412724882.55
91.8844474864 1412724882.91
92.074769051 1412724883.3
92.0504474993 1412724883.67
92.132644687 1412724884.05
92.3951338932 1412724884.42
92.521140598 1412724884.79
92.5131596123 1412724885.16
92.618739778 1412724885.53
92.4703526525 1412724885.9
93.2368150278 1412724886.28
93.1311317559 1412724886.6
93.1738087761 1412724886.96
93.2326074446 1412724887.34
93.5175557485 1412724887.71
93.5606946031 1412724888.09
93.389273839 1412724888.45
93.4935814086 1412724888.82
93.5127042199 1412724889.18
93.6453872014 1412724889.58
93.7440690775 1412724889.97
93.6389247377 1412724890.36
93.7087348847 1412724890.74
93.9246501616 1412724891.09
94.0684131409 1412724891.44
94.0437980206 1412724891.83
94.0385688313 1412724892.18
94.4768079622 1412724892.54
94.3602435387 1412724892.89
94.9244052889 1412724893.25
94.7517704447 1412724893.6
94.8901349452 1412724893.96
94.5475301958 1412724894.33
94.5651299781 1412724894.7
94.4534602013 1412724895.07
94.5161051245 1412724895.42
94.6949698384 1412724895.76
94.4351466058 1412724896.14
94.5223107449 1412724896.5
94.4196904514 1412724896.82
94.4281482673 1412724897.17
94.4269026659 1412724897.5
94.2038353775 1412724897.84
94.9398984976 1412724898.19
94.9814648518 1412724898.54
95.1919514327 1412724898.89
94.9195050747 1412724899.25
95.1420144224 1412724899.59
95.3747868224 1412724899.93
95.1926223501 1412724900.29
95.0676164579 1412724900.64
95.3152974307 1412724900.97
95.2079103726 1412724901.35
95.6953899991 1412724901.71
95.6282089637 1412724902.08
95.8904956751 1412724902.44
96.1723600256 1412724902.83
96.3363590379 1412724903.17
96.113197519 1412724903.51
96.4436585068 1412724903.87
96.6811221471 1412724904.23
96.5033665665 1412724904.57
96.5014633351 1412724904.94
96.6302304387 1412724905.31
96.044657062 1412724905.64
96.5262791366 1412724906.01
96.7987358026 1412724906.37
96.7560095604 1412724906.75
96.6525826067 1412724907.12
97.0032830742 1412724907.48
96.0446020237 1412724907.83
96.1839864275 1412724908.18
96.2297186677 1412724908.52
95.1324007507 1412724908.88
95.1280763313 1412724909.25
95.1910966415 1412724909.63
95.3107295326 1412724909.96
96.3427161943 1412724910.3
96.6262833349 1412724910.64
96.5393335831 1412724910.97
96.6390507391 1412724911.41
96.6937378107 1412724911.77
96.5648387264 1412724912.1
96.7161539368 1412724912.42
97.0195278267 1412724912.78
97.2800827848 1412724913.17
97.3633866328 1412724913.57
97.615912708 1412724913.94
97.6176904989 1412724914.32
97.6377293964 1412724914.71
97.5326012061 1412724915.06
97.452189925 1412724915.42
97.2802673333 1412724915.78
96.9298811569 1412724916.16
96.7709396244 1412724916.54
96.9459271722 1412724916.89
97.1596690735 1412724917.25
97.060615128 1412724917.61
97.157585459 1412724917.94
97.0737833052 1412724918.29
97.2397741584 1412724918.64
97.5635381846 1412724919.02
97.660784323 1412724919.42
97.5300469235 1412724919.8
97.7983826532 1412724920.19
97.6613362741 1412724920.59
98.1774518595 1412724921.02
97.6815126587 1412724921.43
97.9852628461 1412724921.82
98.0519888877 1412724922.21
98.1850119905 1412724922.62
99.1275393001 1412724923.03
99.6799679096 1412724923.44
99.9211919559 1412724923.85
100.013264825 1412724924.26
100.152790373 1412724924.68
100.607655169 1412724925.1
100.597364524 1412724925.49
100.918774901 1412724925.9
