11.7485121189 1412721638.93
12.3907301714 1412721639.03
12.9913024808 1412721639.1
12.8052922918 1412721639.2
13.4765144091 1412721639.3
13.087347914 1412721639.38
13.462640944 1412721639.46
13.6965503162 1412721639.55
14.5437942033 1412721639.64
14.4606015821 1412721639.72
14.8433393638 1412721639.8
15.0361285097 1412721639.88
15.3422667641 1412721639.95
15.7079439137 1412721640.06
15.6119173668 1412721640.15
15.7899660415 1412721640.23
15.9352526946 1412721640.38
16.0536272875 1412721640.49
16.0941721156 1412721640.58
16.174883047 1412721640.68
16.2552039334 1412721640.77
16.8956681002 1412721640.87
16.8898096004 1412721640.96
16.811873213 1412721641.06
16.8305603047 1412721641.15
16.9025482014 1412721641.24
16.9121748845 1412721641.34
16.9254862116 1412721641.44
16.9315460235 1412721641.52
16.9329071952 1412721641.59
16.9225546927 1412721641.68
17.1011003477 1412721641.78
17.1248350942 1412721641.93
17.121402307 1412721642.03
17.0021141441 1412721642.11
16.9730600011 1412721642.21
16.8945562043 1412721642.33
17.198406654 1412721642.41
17.2023908587 1412721642.5
17.1919121572 1412721642.6
17.0344417657 1412721642.68
15.9698761156 1412721642.77
15.9388257662 1412721642.85
15.911272253 1412721642.94
15.9773657049 1412721643.04
15.8851269302 1412721643.14
15.8526414035 1412721643.26
15.8937824738 1412721643.34
15.7742122668 1412721643.43
15.6833841687 1412721643.51
15.5762333338 1412721643.6
15.534842125 1412721643.7
15.4501613434 1412721643.77
15.3066636456 1412721643.87
15.9934213444 1412721643.96
15.8965911637 1412721644.06
15.9159694313 1412721644.14
15.7119532793 1412721644.21
15.4001346877 1412721644.31
15.3022441713 1412721644.4
15.668849707 1412721644.5
15.1754611451 1412721644.58
14.6350910568 1412721644.66
14.7199898353 1412721644.75
14.4721616681 1412721644.84
14.269521495 1412721644.94
13.8602804058 1412721645.03
12.7600316385 1412721645.12
12.7849338415 1412721645.21
12.6648910304 1412721645.29
13.3712517367 1412721645.39
12.8979752782 1412721645.5
12.6440317058 1412721645.61
13.3209684987 1412721645.69
13.0247836519 1412721645.8
13.2901871184 1412721645.89
13.349092655 1412721645.98
13.2880632485 1412721646.08
13.0460479285 1412721646.19
12.1828902217 1412721646.3
12.1654291312 1412721646.41
12.6647246551 1412721646.51
13.0748021437 1412721646.61
13.0671414737 1412721646.68
13.4443260971 1412721646.78
13.6905856311 1412721646.87
14.3542325463 1412721646.99
14.5461397596 1412721647.09
14.3800105666 1412721647.19
14.1735288519 1412721647.28
14.1770481927 1412721647.37
14.2721820506 1412721647.46
14.5017112274 1412721647.57
14.8806938679 1412721647.66
15.1173755732 1412721647.76
15.1097871503 1412721647.86
15.2343972911 1412721647.97
15.1282766462 1412721648.08
15.0879045905 1412721648.17
15.1506454968 1412721648.26
15.2507986014 1412721648.37
15.4059678767 1412721648.46
15.4093183534 1412721648.57
15.3579075509 1412721648.67
15.5691034708 1412721648.78
15.8482184969 1412721648.87
16.0187063867 1412721648.96
16.0331501617 1412721649.07
15.9852455094 1412721649.15
16.1317379055 1412721649.29
16.1556952755 1412721649.37
16.3540779934 1412721649.46
16.0605179985 1412721649.57
16.1925647511 1412721649.68
16.1457326826 1412721649.77
16.0760278446 1412721649.88
16.0011059906 1412721649.98
15.9492564165 1412721650.09
15.8876073287 1412721650.2
16.0001025491 1412721650.33
15.9376435365 1412721650.44
15.7036566225 1412721650.56
15.9200186378 1412721650.68
15.8800266251 1412721650.79
15.5066504897 1412721650.89
15.447402132 1412721650.98
15.4749359385 1412721651.09
15.4508572329 1412721651.19
15.4729688115 1412721651.29
15.6051738951 1412721651.46
15.6178186099 1412721651.59
15.7399942329 1412721651.85
15.7796321961 1412721652.03
15.8422040811 1412721652.18
15.8449023102 1412721652.35
15.8682129503 1412721652.47
15.8693308588 1412721652.62
15.8837223607 1412721652.76
15.868683513 1412721652.89
15.8711543525 1412721653.06
15.9205145807 1412721653.19
15.9329458897 1412721653.34
15.8995578029 1412721653.49
15.9432431082 1412721653.63
15.9700442333 1412721653.76
15.9574355815 1412721653.9
16.0380799857 1412721654.05
16.1097421928 1412721654.21
16.1551586568 1412721654.37
16.2204746853 1412721654.48
16.2981487573 1412721654.6
16.2339904154 1412721654.73
16.2369603608 1412721654.89
16.2838365629 1412721655.01
15.9277257126 1412721655.14
15.9912556177 1412721655.29
16.1493462816 1412721655.42
16.0766677546 1412721655.54
16.2913339641 1412721655.68
16.3651775731 1412721655.8
16.3192016584 1412721655.93
16.3316411536 1412721656.05
16.4146032983 1412721656.18
16.3592633094 1412721656.33
16.4444550413 1412721656.56
16.3904861593 1412721656.69
16.3516810381 1412721656.85
16.4785225936 1412721656.98
16.4008492652 1412721657.1
16.3714090574 1412721657.27
16.3894463735 1412721657.41
16.4059876082 1412721657.56
16.4175387325 1412721657.71
16.4331152193 1412721657.86
16.4650323336 1412721658.0
16.4751566308 1412721658.13
16.4770270789 1412721658.23
16.5554167421 1412721658.41
16.5856204014 1412721658.63
16.5006003818 1412721658.78
16.5137522563 1412721658.93
16.4307253882 1412721659.1
16.5022603429 1412721659.25
16.4647522645 1412721659.42
16.5847938728 1412721659.55
16.6311816587 1412721659.7
16.6464484018 1412721659.84
16.6398459105 1412721659.99
16.5858769 1412721660.12
16.7075601451 1412721660.26
16.718736299 1412721660.43
16.6211436215 1412721660.56
16.641454189 1412721660.68
16.6484198428 1412721660.81
16.7001776365 1412721660.94
16.7024452179 1412721661.09
16.7144537356 1412721661.23
16.7228348601 1412721661.36
83.3513075397 1412721661.5
16.0974018983 1412721661.63
