55.6242796854 1412722895.3
52.7180013277 1412722895.39
50.0610214314 1412722895.49
50.9413310879 1412722895.59
51.4948187532 1412722895.69
50.6600311272 1412722895.82
52.0960470009 1412722896.03
56.6496276854 1412722896.18
60.6187368307 1412722896.34
57.1216056881 1412722896.5
57.790644803 1412722896.66
53.9838490676 1412722896.81
58.2542471813 1412722896.96
66.7526391688 1412722897.07
67.2543781715 1412722897.2
63.8498834133 1412722897.35
61.2994840406 1412722897.5
65.0749385012 1412722897.65
61.5047118265 1412722897.78
64.8241518367 1412722897.94
68.0254984958 1412722898.11
67.9316372836 1412722898.28
64.5222154142 1412722898.41
64.2494220001 1412722898.55
67.3440750096 1412722898.72
64.1677689272 1412722898.86
60.4993640403 1412722899.0
61.6156702711 1412722899.16
67.2836062679 1412722899.3
61.2850002228 1412722899.43
60.1798960252 1412722899.57
59.4968642319 1412722899.74
65.1352340342 1412722899.89
62.7414478469 1412722900.04
60.9323144346 1412722900.19
59.1031177461 1412722900.35
57.6891051302 1412722900.53
58.6293708966 1412722900.72
54.2516437914 1412722900.87
55.9327395865 1412722901.03
58.4883455886 1412722901.21
60.9678885358 1412722901.4
61.6329911392 1412722901.57
62.6924062659 1412722901.74
63.5102668118 1412722901.9
64.1366354663 1412722902.04
61.544966049 1412722902.21
64.4448337291 1412722902.35
62.887255861 1412722902.53
72.3271635481 1412722902.67
74.6831319215 1412722902.82
73.3616944805 1412722902.97
73.3111508665 1412722903.14
72.9339302601 1412722903.29
75.2329329065 1412722903.47
75.1085582474 1412722903.7
76.4616411523 1412722903.88
77.9165798499 1412722904.09
76.5975877375 1412722904.28
74.7691208943 1412722904.47
76.8619192702 1412722904.68
80.7082997492 1412722904.81
77.2529136809 1412722904.94
75.7986597647 1412722905.07
78.7168761977 1412722905.19
80.1394905888 1412722905.33
85.8345291296 1412722905.46
83.4400533484 1412722905.57
85.3114617212 1412722905.72
84.7085794568 1412722905.84
83.1610114626 1412722905.97
88.3492794431 1412722906.08
83.6554879627 1412722906.21
85.1441201564 1412722906.33
80.7052978004 1412722906.46
85.4680641832 1412722906.58
85.1337779695 1412722906.71
76.1142781033 1412722906.85
74.3843242534 1412722906.97
74.6527971069 1412722907.07
75.0481638696 1412722907.18
60.9495459941 1412722907.33
61.8247761172 1412722907.47
62.0270003099 1412722907.59
62.2402657557 1412722907.71
66.5563371941 1412722907.84
66.3016974131 1412722907.99
68.7527321709 1412722908.13
62.5706697768 1412722908.26
62.6934138214 1412722908.4
60.7127716762 1412722908.52
61.2038696401 1412722908.68
65.2539978321 1412722908.83
62.6997461972 1412722908.99
64.7496882716 1412722909.11
54.3697139476 1412722909.25
53.4191056368 1412722909.4
54.2703152925 1412722909.53
54.5231447472 1412722909.67
54.1191299229 1412722909.84
53.8493247826 1412722910.14
52.4202555855 1412722910.55
51.1067643133 1412722910.72
43.0373953216 1412722910.91
41.4372905827 1412722911.07
41.5948391045 1412722911.34
39.3072937034 1412722911.58
39.7152079478 1412722911.8
40.128473576 1412722912.05
38.0307262163 1412722912.27
33.3712119815 1412722912.49
32.8141017018 1412722912.75
31.7949475808 1412722912.98
31.5797193155 1412722913.16
31.4919651509 1412722913.33
34.2674821387 1412722913.53
217.896151967 1412722913.73
221.899863239 1412722913.91
223.744188866 1412722914.09
222.510715155 1412722914.3
223.56754853 1412722914.48
227.508561683 1412722914.66
230.434315446 1412722914.83
239.952581259 1412722915.01
236.932522806 1412722915.18
252.311776043 1412722915.35
257.641315316 1412722915.54
263.453210813 1412722915.74
265.111740357 1412722915.95
274.611577902 1412722916.26
280.632949835 1412722916.49
281.838746506 1412722916.68
278.220550538 1412722916.86
278.719962631 1412722917.04
284.973160637 1412722917.23
284.919209581 1412722917.43
275.805145893 1412722917.61
274.048763435 1412722917.81
275.161746342 1412722918.01
279.21394659 1412722918.22
280.208426474 1412722918.4
281.164111962 1412722918.59
102.106162802 1412722918.79
86.8321135569 1412722918.98
87.7631581336 1412722919.18
93.3546864379 1412722919.35
94.9875344281 1412722919.53
112.11199582 1412722919.71
119.0576931 1412722919.91
124.096550328 1412722920.13
125.369964069 1412722920.32
126.226177518 1412722920.5
125.960438069 1412722920.67
123.300768949 1412722920.85
122.411215761 1412722921.03
122.797181732 1412722921.22
130.416063101 1412722921.44
130.98591979 1412722921.63
131.539382075 1412722921.81
128.665126203 1412722922.03
128.985341714 1412722922.22
129.281249797 1412722922.43
137.811054999 1412722922.62
148.095274791 1412722922.79
148.922005718 1412722922.98
149.799585992 1412722923.18
150.733175134 1412722923.39
151.72783499 1412722923.59
152.789411894 1412722923.8
152.375894888 1412722924.01
140.73727996 1412722924.2
140.999995805 1412722924.4
141.397023226 1412722924.61
141.668497214 1412722924.82
142.082173787 1412722925.01
142.512002073 1412722925.19
143.458134554 1412722925.38
144.026908797 1412722925.62
144.619305009 1412722925.84
145.039412877 1412722926.08
145.6888282 1412722926.3
146.158999882 1412722926.54
143.944723462 1412722926.75
144.226224411 1412722926.98
144.522051116 1412722927.22
144.832340453 1412722927.46
145.157437974 1412722927.86
145.388293151 1412722928.21
133.444823291 1412722928.45
134.059416614 1412722928.68
140.421979398 1412722928.89
140.901228257 1412722929.14
141.338710383 1412722929.4
141.754815321 1412722929.63
141.770160147 1412722929.82
142.184199791 1412722930.04
142.212804155 1412722930.27
142.625663658 1412722930.47
142.668919414 1412722930.72
143.081350998 1412722930.94
