22.2223994458 1412748146.14
23.4321655775 1412748147.65
24.5475313357 1412748149.11
24.5501682397 1412748150.56
24.7540892094 1412748152.01
24.9516774406 1412748153.5
25.3878944072 1412748154.91
25.8306992978 1412748156.3
26.1018472104 1412748157.62
26.4922369549 1412748158.96
26.7199700685 1412748160.37
27.2477623904 1412748161.66
27.2790127456 1412748163.06
27.4482737319 1412748164.42
27.6454863259 1412748165.82
27.3634141322 1412748167.24
27.1102059246 1412748168.67
26.4972835072 1412748170.09
26.020071008 1412748171.49
25.5222021783 1412748172.86
25.0490717707 1412748174.26
24.5075701901 1412748175.64
23.953479363 1412748177.0
23.5258693472 1412748178.35
22.9616850171 1412748179.71
22.5171694712 1412748181.04
22.3305825275 1412748182.38
21.8617790617 1412748183.72
21.7024127196 1412748185.11
21.7544888678 1412748186.44
21.409088633 1412748187.83
21.672230624 1412748189.13
20.5609431726 1412748190.49
20.858272497 1412748191.83
20.2004072182 1412748193.15
21.2854373048 1412748194.45
20.1715404952 1412748195.74
19.7791181112 1412748197.05
19.8533044059 1412748198.37
19.1332962229 1412748199.7
17.0073893377 1412748201.07
17.9485240015 1412748202.38
16.6694084027 1412748203.67
17.0845064215 1412748204.9
17.4322056928 1412748206.17
16.5157748242 1412748207.44
16.882354347 1412748208.72
15.9516583579 1412748210.05
16.1518431291 1412748211.36
16.4478454899 1412748212.66
16.9069186238 1412748213.98
18.2431487105 1412748215.27
15.6420453144 1412748216.58
15.9151108636 1412748217.89
15.3828678579 1412748219.16
15.4262733547 1412748220.41
15.005778589 1412748221.71
15.0704404901 1412748222.96
15.0877933926 1412748224.41
14.7333397019 1412748225.73
14.3889602136 1412748227.04
14.3449046572 1412748228.33
14.450512209 1412748229.59
14.10569092 1412748230.9
14.149702489 1412748232.17
14.1371937865 1412748233.5
14.1256845763 1412748234.8
14.0465786071 1412748236.09
14.0190565011 1412748237.34
13.8894014332 1412748238.61
13.7869596595 1412748239.93
13.7727997119 1412748241.24
13.7209404657 1412748242.57
13.6593132405 1412748243.89
13.6076648511 1412748245.22
13.6030683725 1412748246.51
13.5695378692 1412748247.81
13.4850234735 1412748249.14
13.4603033008 1412748250.42
13.3869963597 1412748251.74
13.362297962 1412748253.06
13.4608358251 1412748254.38
13.678234672 1412748255.68
13.5042960021 1412748257.07
13.7143779745 1412748258.39
13.8630063673 1412748259.73
13.9994037914 1412748261.11
14.0755611246 1412748262.45
14.1052170841 1412748263.78
14.0409788849 1412748265.12
14.0654689747 1412748266.45
14.0677597306 1412748267.8
14.0690541596 1412748269.15
14.0086362077 1412748270.5
14.0138219943 1412748271.83
14.0081652812 1412748273.19
13.9605957945 1412748274.58
13.924079057 1412748275.89
13.9059196576 1412748277.27
13.8648176417 1412748278.64
13.8207032492 1412748279.96
13.7657787913 1412748281.29
13.7418891703 1412748282.6
13.7210798308 1412748283.93
13.7151475652 1412748285.22
13.6132709002 1412748286.56
13.5805354597 1412748287.9
13.5053900173 1412748289.21
13.4583759562 1412748290.54
13.4260662655 1412748291.86
13.3920304318 1412748293.17
13.2513628491 1412748294.48
13.1893780342 1412748295.8
13.1690806378 1412748297.17
13.1101753355 1412748298.51
13.0401160327 1412748299.8
12.9532976347 1412748301.1
12.8861462681 1412748302.39
12.7926689069 1412748303.7
12.7326390084 1412748305.02
12.5272842912 1412748306.34
12.4610865124 1412748307.69
12.3833707571 1412748308.97
12.2422686137 1412748310.25
12.1988737035 1412748311.6
12.0798852463 1412748312.89
11.9993560442 1412748314.22
11.9325494761 1412748315.51
11.8489953248 1412748316.79
11.7649200248 1412748318.1
11.6961975661 1412748319.46
11.5909042885 1412748320.75
11.654175426 1412748322.04
11.5950281289 1412748323.35
11.4728718853 1412748324.63
11.380361127 1412748325.88
11.3247319248 1412748327.23
11.2921328016 1412748328.58
11.2401793069 1412748329.88
11.1807931002 1412748331.21
11.1077160342 1412748332.5
11.0201296859 1412748333.81
10.9118359423 1412748335.11
10.8341196415 1412748336.43
10.7954149645 1412748337.72
10.6750757051 1412748339.01
10.6626086269 1412748340.34
10.6401370111 1412748341.62
10.6316499305 1412748342.94
10.6008124495 1412748344.28
10.5333439798 1412748345.57
10.5169911749 1412748346.85
10.4141476079 1412748348.1
10.4424876898 1412748349.41
10.4097872178 1412748350.71
10.3832485644 1412748352.05
10.3875663668 1412748353.36
10.4095211869 1412748354.67
10.3646870421 1412748355.96
10.3894098454 1412748357.27
10.3695090586 1412748358.58
10.359822341 1412748359.91
10.3793402962 1412748361.2
10.364342691 1412748362.52
10.3378758457 1412748363.83
10.3207220847 1412748365.14
10.324817685 1412748366.48
10.3495592629 1412748367.83
10.3253502818 1412748369.17
10.3535486084 1412748370.47
10.3671262225 1412748371.74
10.3493300848 1412748373.05
10.4228085494 1412748374.35
10.4607334468 1412748375.66
10.410124886 1412748376.98
10.417522655 1412748378.26
10.4219216067 1412748379.54
10.4802141015 1412748380.82
10.4524124218 1412748382.11
10.4857762307 1412748383.37
10.5250164265 1412748384.63
10.4923750787 1412748385.91
10.5289526668 1412748387.21
10.5736038474 1412748388.46
10.613039792 1412748389.74
10.6451707937 1412748391.09
10.6797454742 1412748392.39
10.6403858895 1412748393.65
10.6622321384 1412748394.96
10.7115008109 1412748396.18
10.7413912216 1412748397.49
10.7684822638 1412748398.77
10.7970301445 1412748400.1
10.814136627 1412748401.49
10.7791631703 1412748402.92
10.8042934565 1412748404.19
10.8450661202 1412748405.51
10.8469540729 1412748406.79
10.9194398827 1412748408.16
10.9496719175 1412748409.44
