41.5436523898 1412722015.49
42.0009525586 1412722015.6
45.3095626292 1412722015.7
47.0156274179 1412722015.8
45.7975394334 1412722015.9
47.0684323978 1412722016.0
49.3624163137 1412722016.1
53.77120672 1412722016.19
57.3732256011 1412722016.32
58.8238317665 1412722016.43
58.5319388667 1412722016.54
58.8855469283 1412722016.67
58.2534361335 1412722016.77
57.6058392072 1412722016.87
60.8212045801 1412722016.98
62.6242854318 1412722017.09
63.9234141646 1412722017.19
64.4732890166 1412722017.28
64.8038032306 1412722017.4
68.0508141308 1412722017.5
68.7512173257 1412722017.61
71.1281399423 1412722017.76
55.0172846624 1412722017.92
55.140962238 1412722018.04
55.9050076865 1412722018.14
56.8627307904 1412722018.3
56.9068187669 1412722018.42
55.9616809851 1412722018.54
56.6115931647 1412722018.67
56.139228508 1412722018.78
55.9374826188 1412722018.87
55.9602753045 1412722018.97
55.1564826057 1412722019.07
75.8914397628 1412722019.16
77.1611573593 1412722019.26
78.3452729942 1412722019.35
79.4789497533 1412722019.45
80.5705170438 1412722019.54
81.405236449 1412722019.64
82.4011165804 1412722019.73
59.6071330875 1412722019.81
82.9997319885 1412722019.93
59.5917772303 1412722020.04
59.0908993232 1412722020.16
58.5884973894 1412722020.35
58.5969666711 1412722020.48
58.0827114497 1412722020.58
57.2871075484 1412722020.73
56.5780387552 1412722020.85
56.5387684969 1412722020.95
55.7841343942 1412722021.05
55.6317445432 1412722021.16
54.9660620888 1412722021.28
54.7232723368 1412722021.38
54.0796572855 1412722021.49
53.5143285946 1412722021.58
53.0583604255 1412722021.67
52.1163124845 1412722021.76
76.8291352039 1412722021.88
76.9269644185 1412722021.97
76.6356761009 1412722022.18
76.4040619102 1412722022.37
76.5368386842 1412722022.6
76.4859882393 1412722022.77
76.4375377772 1412722022.94
76.7243278244 1412722023.1
76.5774664078 1412722023.24
76.9446939796 1412722023.36
77.0319688503 1412722023.49
77.1358613973 1412722023.61
77.1141343457 1412722023.74
77.0559186202 1412722023.85
77.1654587513 1412722023.99
77.0253861318 1412722024.09
76.8280773013 1412722024.2
77.2043273911 1412722024.32
77.2424963485 1412722024.45
77.3374309046 1412722024.58
77.2015188178 1412722024.7
77.5564438005 1412722024.84
77.346327669 1412722024.97
77.1649500075 1412722025.09
77.4303493118 1412722025.19
77.070414307 1412722025.29
77.5539911177 1412722025.41
77.1899278777 1412722025.52
77.2754579738 1412722025.62
77.1427118861 1412722025.74
77.393235492 1412722025.86
77.2753123747 1412722025.97
77.5773746547 1412722026.09
77.6484048344 1412722026.23
77.5442367368 1412722026.4
77.7183875024 1412722026.52
77.6213567237 1412722026.63
77.784414982 1412722026.74
77.847384399 1412722026.85
77.745200153 1412722026.97
77.8986310618 1412722027.09
77.9527957209 1412722027.21
78.101182187 1412722027.33
78.2760128153 1412722027.42
78.1999350058 1412722027.52
78.0562552178 1412722027.64
78.3938845774 1412722027.75
78.185398914 1412722027.85
78.2967860779 1412722027.94
78.6507558716 1412722028.06
78.9318369056 1412722028.18
79.0592405926 1412722028.35
79.2139906003 1412722028.47
79.0470918759 1412722028.58
79.1308018572 1412722028.7
79.2487809513 1412722028.81
79.3416459027 1412722028.92
79.4398024668 1412722029.04
79.5370324762 1412722029.16
79.6366858535 1412722029.3
79.741988031 1412722029.39
79.5128349099 1412722029.54
79.6035714797 1412722029.68
79.7300499466 1412722029.82
79.856703191 1412722029.97
79.9855165082 1412722030.11
80.1167957779 1412722030.25
80.253094002 1412722030.42
80.106212582 1412722030.54
80.2041915326 1412722030.66
80.3018190468 1412722030.79
80.2032167081 1412722030.92
80.3276222059 1412722031.04
80.4524975937 1412722031.16
80.3191979177 1412722031.28
80.4441076838 1412722031.41
80.7050109122 1412722031.56
80.5526986872 1412722031.69
80.5962506133 1412722031.82
80.7040626517 1412722031.95
80.8141081797 1412722032.08
80.9264230299 1412722032.23
80.6465390316 1412722032.38
80.5883198912 1412722032.54
80.649473582 1412722032.66
80.8786118956 1412722032.8
80.9408000894 1412722032.92
81.0027475026 1412722033.05
81.0645889195 1412722033.18
80.9593673962 1412722033.31
80.9515144408 1412722033.48
81.0091036383 1412722033.61
81.1017988853 1412722033.74
81.1596902772 1412722033.87
81.3808397593 1412722034.01
81.2993851389 1412722034.14
81.3484814962 1412722034.27
81.3972830834 1412722034.43
81.0039742758 1412722034.56
81.0683318696 1412722034.68
81.1314143698 1412722034.82
81.1943335043 1412722034.94
81.1587502917 1412722035.06
81.2142125109 1412722035.19
81.2690957417 1412722035.34
81.323625649 1412722035.46
80.8604508952 1412722035.6
81.0722651221 1412722035.74
80.9066796154 1412722035.87
80.7801691621 1412722035.99
80.903420564 1412722036.12
81.0279641726 1412722036.23
81.1539495725 1412722036.41
81.2815644195 1412722036.59
81.0547695795 1412722036.74
80.9535715676 1412722036.9
81.0787308927 1412722037.03
81.2482781437 1412722037.16
81.2946040632 1412722037.3
81.3398291969 1412722037.44
81.3839134515 1412722037.56
81.4270681424 1412722037.67
81.2305978755 1412722037.77
81.3166524429 1412722037.91
81.5495306033 1412722038.03
81.6904172016 1412722038.14
81.7733643578 1412722038.28
81.8571580127 1412722038.44
81.9418167099 1412722038.58
82.0276128995 1412722038.71
82.1145516778 1412722038.84
82.2027656252 1412722038.96
82.0064897492 1412722039.13
82.0598807084 1412722039.28
82.1140727624 1412722039.43
82.1690375259 1412722039.55
82.0085090938 1412722039.69
82.0801042437 1412722039.82
82.1523489055 1412722039.94
82.2255317029 1412722040.07
82.2995096904 1412722040.19
82.3744321113 1412722040.36
