50.5984125412 1412724070.32
53.4596474918 1412724070.69
52.0991597943 1412724071.03
51.3782811456 1412724071.36
53.1699293372 1412724071.69
54.6608380227 1412724072.01
55.638535758 1412724072.33
56.7944436883 1412724072.66
57.8984610641 1412724072.98
58.3726978808 1412724073.31
58.5021449186 1412724073.62
58.483390773 1412724073.93
59.0494918471 1412724074.25
59.2157080656 1412724074.57
59.6527925139 1412724074.89
60.2320833339 1412724075.23
60.8535972377 1412724075.56
61.7992593917 1412724075.87
62.9771250067 1412724076.38
64.4805015109 1412724076.71
64.0224533743 1412724077.03
64.170678707 1412724077.6
64.249612389 1412724078.16
64.0444478805 1412724078.68
63.5980865667 1412724079.14
63.8505236686 1412724079.6
64.1944706242 1412724080.11
64.0185885168 1412724080.62
64.1972816691 1412724081.09
65.0429813846 1412724081.52
65.7386067976 1412724081.97
65.7586262997 1412724082.39
66.7946298726 1412724082.78
67.006259873 1412724083.17
67.8926169402 1412724083.65
68.2745699486 1412724084.06
68.6570211408 1412724084.48
68.9083160924 1412724084.94
68.676369352 1412724085.44
69.3885792048 1412724085.89
70.203834232 1412724086.31
70.3977728371 1412724086.72
70.2815429416 1412724087.12
70.9237570674 1412724087.53
70.8678517591 1412724088.06
71.6284182131 1412724088.5
71.619586668 1412724088.96
72.0991521141 1412724089.44
72.887908774 1412724089.87
72.9882521681 1412724090.38
73.052233427 1412724090.83
72.903598274 1412724091.21
73.4099697201 1412724091.52
73.4232972317 1412724091.86
74.0555910953 1412724092.36
73.6858497333 1412724092.73
74.4164182479 1412724093.04
73.6926713477 1412724093.38
73.9080639067 1412724093.68
74.3079991147 1412724094.0
74.1698210934 1412724094.37
74.5190139645 1412724094.72
74.2514592618 1412724095.02
74.4625696923 1412724095.33
75.1538346158 1412724095.65
75.8240632087 1412724095.98
76.033436723 1412724096.28
76.3857893662 1412724096.59
76.7401503676 1412724096.96
77.1765048613 1412724097.23
77.4436267069 1412724097.53
77.6429706824 1412724097.81
77.8303630827 1412724098.09
78.2812914931 1412724098.48
78.3648749445 1412724098.84
78.4426648778 1412724099.23
78.4925754996 1412724099.59
78.6028199712 1412724099.92
78.6303168733 1412724100.24
78.6806982879 1412724100.6
79.0570613017 1412724100.95
79.3049039268 1412724101.27
79.3460317395 1412724101.59
79.1018332971 1412724101.93
78.9522578728 1412724102.33
79.0426490009 1412724102.72
79.105592554 1412724103.05
78.7254779766 1412724103.41
78.6249699996 1412724103.78
78.6222853641 1412724104.13
78.9646167988 1412724104.5
78.2532046153 1412724104.89
78.1851152102 1412724105.25
77.7944258609 1412724105.62
77.6483797337 1412724106.02
77.3302201317 1412724106.45
77.1173809552 1412724106.78
77.0150016079 1412724107.17
76.9053218957 1412724107.53
76.7093231866 1412724107.91
76.7580147615 1412724108.34
76.6953366378 1412724108.7
76.5350402612 1412724109.08
76.6028607828 1412724109.49
76.3653060724 1412724109.94
76.3182581858 1412724110.46
75.8459502642 1412724110.87
75.4935522815 1412724111.35
75.0999553629 1412724111.73
75.1200501043 1412724112.29
75.5296584964 1412724112.7
75.4730087926 1412724113.18
75.8421182126 1412724113.73
75.594954292 1412724114.29
75.5493648605 1412724114.71
75.5631921178 1412724115.12
75.6740509221 1412724115.42
75.4844374971 1412724115.79
75.5410638126 1412724116.17
75.9843323092 1412724116.49
75.8847898019 1412724116.86
76.2301521283 1412724117.24
76.1521842403 1412724117.62
76.1204325228 1412724118.09
75.8164754991 1412724118.49
75.5632164946 1412724118.94
75.5380673597 1412724119.38
75.544248674 1412724119.85
75.6146326697 1412724120.29
75.3795812434 1412724120.6
75.5084273774 1412724120.94
75.4797366379 1412724121.3
75.1282351215 1412724121.69
74.9442185442 1412724122.02
75.1947485774 1412724122.45
75.1199923328 1412724122.84
75.5050442485 1412724123.21
75.4112428357 1412724123.59
75.2091871392 1412724124.23
75.5952956485 1412724124.74
75.9935307284 1412724125.26
76.2815867862 1412724125.81
76.4361589485 1412724126.3
76.7225521032 1412724126.86
76.0432517165 1412724127.35
75.794492159 1412724127.92
75.7542240179 1412724128.36
75.8663556229 1412724128.84
75.6125575469 1412724129.37
75.8371102066 1412724129.96
76.0568374423 1412724130.51
75.951193361 1412724130.87
75.8770761071 1412724131.22
75.8140948204 1412724131.56
75.9216469373 1412724131.9
75.8768683176 1412724132.26
76.101218171 1412724132.61
76.2177169394 1412724132.99
76.2618523928 1412724133.3
76.0009353264 1412724133.7
76.1182654876 1412724134.04
76.4145805268 1412724134.39
76.5345353315 1412724134.76
76.302688468 1412724135.11
76.2352431891 1412724135.45
76.1609516005 1412724135.81
76.1076014548 1412724136.17
76.0464182434 1412724136.51
76.1590181862 1412724136.84
76.0991529172 1412724137.2
76.2106160565 1412724137.55
76.1258052895 1412724137.86
76.3435029399 1412724138.19
75.8949553065 1412724138.54
75.844650185 1412724138.87
75.7896983 1412724139.21
75.7861993387 1412724139.59
76.0062808392 1412724139.94
76.0577844204 1412724140.28
76.0867830433 1412724140.61
76.0642230683 1412724141.0
76.1432963116 1412724141.36
76.1298261065 1412724141.77
76.196558008 1412724142.34
76.2195090245 1412724142.79
76.1938810704 1412724143.13
76.294258491 1412724143.54
76.1553739959 1412724144.0
76.2329146539 1412724144.4
76.2296710362 1412724144.88
76.1369721308 1412724145.28
76.1972499171 1412724145.62
76.2607300724 1412724145.98
76.2493427083 1412724146.38
76.326056858 1412724146.72
76.3195860921 1412724147.06
76.3184891759 1412724147.39
76.3190366156 1412724147.72
76.3961688488 1412724148.08
76.389615017 1412724148.41
