15.3474543579 1412737399.8
15.349461754 1412737400.84
15.8652839007 1412737401.93
16.2676645431 1412737402.98
16.6668499082 1412737404.04
16.5833045218 1412737405.11
16.5843598722 1412737406.11
16.4924029998 1412737407.13
16.4019754879 1412737408.11
16.3986274965 1412737409.12
16.5114741995 1412737410.12
16.5220572997 1412737411.13
16.6893695251 1412737412.14
16.7426560717 1412737413.13
16.8655794901 1412737414.17
16.962328168 1412737415.17
17.0977328393 1412737416.16
17.2312270882 1412737417.16
17.280518181 1412737418.2
17.5101298588 1412737419.24
17.5655552997 1412737420.25
17.661222086 1412737421.52
17.7484933304 1412737422.74
17.7254017754 1412737423.79
17.7688493531 1412737424.79
17.6814358991 1412737425.81
17.5401364375 1412737426.83
17.5496358482 1412737427.87
17.5386835977 1412737428.89
17.5755584894 1412737429.88
17.5394859896 1412737430.86
17.4553608372 1412737431.87
17.3805311505 1412737432.86
17.3436988171 1412737433.89
17.247179742 1412737434.9
17.2749253624 1412737435.94
17.1810927483 1412737436.93
17.1117796204 1412737437.95
16.9532570776 1412737438.97
16.9188816143 1412737439.99
16.8142223681 1412737440.98
16.7816964564 1412737442.04
16.6510642629 1412737443.05
16.4577852522 1412737444.01
16.5130582872 1412737445.01
16.2485072215 1412737446.05
16.3134712989 1412737447.07
16.1266782001 1412737448.08
16.1826398038 1412737449.09
15.92282301 1412737450.11
15.9243242408 1412737451.12
15.8088732968 1412737452.1
15.9498217167 1412737453.1
15.6228998527 1412737454.11
15.8345688274 1412737455.14
15.5259705448 1412737456.14
15.7027958207 1412737457.12
15.4252639334 1412737458.09
15.7074130728 1412737459.08
15.3521599229 1412737460.04
15.6573662957 1412737460.98
15.4203670762 1412737461.95
15.2140215905 1412737462.96
15.5692280905 1412737463.96
15.2716223756 1412737464.92
15.7527049594 1412737465.92
15.4845769554 1412737466.95
14.844707128 1412737467.93
15.3830391146 1412737468.9
15.0998357793 1412737469.89
15.6504236287 1412737470.83
15.2007159631 1412737471.8
15.7522920896 1412737472.76
15.2402151536 1412737473.67
15.5155783796 1412737474.66
15.3130701962 1412737475.63
14.7387861171 1412737476.59
15.1420406003 1412737477.59
14.7000438716 1412737478.53
15.1010198388 1412737479.52
14.6179996995 1412737480.44
15.0630753843 1412737481.4
14.6701844563 1412737482.38
14.972808348 1412737483.29
14.4576778138 1412737484.21
14.7970710554 1412737485.18
14.4317574603 1412737486.12
14.718058352 1412737487.09
14.3103723187 1412737488.02
14.5906219402 1412737488.92
14.202446249 1412737489.87
13.8590604756 1412737490.8
14.1322197721 1412737491.73
13.7606168626 1412737492.69
14.0344728749 1412737493.65
13.6644300584 1412737494.62
13.9981272169 1412737495.63
14.3219570047 1412737496.54
13.9175146782 1412737497.48
14.159836314 1412737498.41
13.7775262535 1412737499.35
13.8318205637 1412737500.29
13.9410262303 1412737501.26
13.6682738709 1412737502.22
13.8305033103 1412737503.19
13.621296549 1412737504.15
13.6864351747 1412737505.14
13.72236019 1412737506.06
13.8108065242 1412737506.98
13.6171513072 1412737507.98
13.6682138133 1412737508.99
13.7561523755 1412737509.99
13.8310900033 1412737510.95
13.7196431773 1412737511.93
13.5600769217 1412737512.89
13.6213688024 1412737513.88
13.6376811309 1412737514.85
13.7470152907 1412737515.81
13.715091668 1412737516.76
13.7723856328 1412737517.73
13.7186873376 1412737518.69
13.6310009404 1412737519.66
13.7069509745 1412737520.65
13.6113873069 1412737521.6
13.6219822039 1412737522.57
13.4378512347 1412737523.52
13.424878027 1412737524.51
13.4379304736 1412737525.51
13.4821771782 1412737526.52
13.5153008735 1412737527.48
13.4085597893 1412737528.46
13.4329977106 1412737529.41
13.4677068886 1412737530.37
13.4715173375 1412737531.32
13.4607098293 1412737532.27
13.5049945181 1412737533.22
13.4837744088 1412737534.16
13.4691835162 1412737535.13
13.5062333083 1412737536.07
13.5090536704 1412737537.04
13.5244778683 1412737537.99
13.4991029083 1412737538.96
13.4855234497 1412737539.94
13.4378530283 1412737540.9
13.3998918187 1412737541.9
13.2650253579 1412737542.89
13.2114472495 1412737543.85
13.223352744 1412737544.81
13.1429434951 1412737545.75
13.0622038178 1412737546.71
13.0176146856 1412737547.63
12.9521670762 1412737548.58
12.7991498934 1412737549.54
12.695502642 1412737550.49
12.5217898123 1412737551.46
12.3639173279 1412737552.42
12.2567119075 1412737553.38
12.126811204 1412737554.35
11.9818482733 1412737555.3
11.818178888 1412737556.3
11.6674609335 1412737557.22
11.4908656514 1412737558.22
11.4162603277 1412737559.18
11.2437211913 1412737560.18
11.0719474091 1412737561.15
10.9595838631 1412737562.16
10.8957432122 1412737563.08
10.93850611 1412737564.05
10.9910713281 1412737565.06
11.0704999228 1412737566.09
11.232843263 1412737567.13
11.2938683208 1412737568.15
11.3196619657 1412737569.13
11.2959767132 1412737570.13
11.1802050996 1412737571.17
11.1751496901 1412737572.16
11.1812917476 1412737573.15
11.1791404329 1412737574.17
11.0302000243 1412737575.18
11.1239569215 1412737576.16
11.0114042905 1412737577.13
11.0632540746 1412737578.09
10.9448753319 1412737579.07
11.0103190941 1412737580.06
11.0731239868 1412737581.12
11.1398241289 1412737582.12
11.2315869805 1412737583.15
11.3292411219 1412737584.1
11.3716353314 1412737585.08
11.3259066048 1412737586.09
11.3757463091 1412737587.07
11.3124848058 1412737588.05
11.3241523437 1412737589.0
11.3848729286 1412737589.98
11.3555856819 1412737590.97
11.3545916057 1412737591.96
11.3640831729 1412737592.91
11.3448251764 1412737593.89
11.3226616688 1412737594.93
11.3229156729 1412737595.92
