19.3099499835 1412732495.97
18.860141646 1412732496.57
18.4730417679 1412732497.18
17.8286790039 1412732497.8
17.6249948807 1412732498.38
17.8806429181 1412732498.96
18.0445964376 1412732499.56
18.1760936771 1412732500.14
17.6759871482 1412732500.71
17.8143275003 1412732501.27
18.0373838269 1412732501.82
18.3752944867 1412732502.41
17.9926999258 1412732502.98
18.1881617532 1412732503.57
18.4074794937 1412732504.1
18.478003656 1412732504.65
18.7595682329 1412732505.21
18.7868555381 1412732505.78
18.9255322041 1412732506.35
18.7015953929 1412732506.9
18.7302664437 1412732507.45
18.469569776 1412732508.04
18.3116137398 1412732508.58
18.2810677127 1412732509.16
18.1851677214 1412732509.72
17.9743549225 1412732510.27
17.814651782 1412732510.83
17.521390961 1412732511.41
17.5841790277 1412732512.0
17.3878713024 1412732512.63
17.2451523456 1412732513.23
17.0233491629 1412732513.83
16.9634497468 1412732514.43
16.8029194744 1412732515.02
16.8703315573 1412732515.61
16.8507150109 1412732516.19
16.992383975 1412732516.77
16.9486269425 1412732517.33
16.6835253925 1412732517.9
16.7955819905 1412732518.47
16.7826162639 1412732519.04
16.7443245259 1412732519.63
16.817668116 1412732520.2
16.7147647336 1412732520.82
16.5515536544 1412732521.38
16.4530666888 1412732521.96
16.4759188406 1412732522.54
16.4820284948 1412732523.13
16.5099907376 1412732523.68
16.338353446 1412732524.25
16.3128722482 1412732524.85
16.200998671 1412732525.41
16.331350495 1412732525.99
15.9344387005 1412732526.54
16.3086238115 1412732527.09
15.8198057997 1412732527.67
16.1122386628 1412732528.26
15.9180235587 1412732528.83
16.318348932 1412732529.42
15.8714125944 1412732529.98
16.109952456 1412732530.57
15.8936296595 1412732531.13
15.7324998072 1412732531.73
16.1197702683 1412732532.33
15.8722128978 1412732532.92
15.8400982587 1412732533.52
15.6743566094 1412732534.08
15.8253695651 1412732534.66
15.9583218408 1412732535.26
15.7539582445 1412732535.83
15.7150063116 1412732536.37
15.9652918779 1412732536.93
15.5382911266 1412732537.52
15.7744945377 1412732538.14
15.7820703902 1412732538.7
15.3045026475 1412732539.29
15.1514115251 1412732539.85
14.772254763 1412732540.41
14.4590837723 1412732540.98
13.6545352796 1412732541.57
13.5584668942 1412732542.15
13.5452862524 1412732542.74
13.4857850332 1412732543.32
13.3437413769 1412732543.9
13.2921902914 1412732544.44
13.4428745108 1412732545.02
13.3941316894 1412732545.62
13.1789810408 1412732546.2
12.9818273465 1412732546.75
12.9573583424 1412732547.35
12.9237330424 1412732547.92
12.8756250368 1412732548.47
12.8217292583 1412732549.04
12.5552291248 1412732549.63
12.5311278109 1412732550.23
12.4826860241 1412732550.81
12.4137366704 1412732551.45
12.3872692192 1412732552.01
12.3060241552 1412732552.57
12.1761941176 1412732553.17
12.1038073455 1412732553.76
12.0006347762 1412732554.34
11.8209960101 1412732554.89
11.8009990017 1412732555.45
11.7946912057 1412732556.01
11.8165925114 1412732556.58
11.8601927091 1412732557.15
11.9116468559 1412732557.72
11.936177946 1412732558.29
11.9679436135 1412732558.85
11.9996756498 1412732559.43
11.9170609767 1412732559.99
11.9542612101 1412732560.55
11.9183593259 1412732561.08
11.8551500499 1412732561.61
11.8546031533 1412732562.16
11.8220054634 1412732562.73
11.7363933161 1412732563.3
11.7020546215 1412732563.86
11.6560239663 1412732564.43
11.7023536304 1412732564.99
11.6590220567 1412732565.56
11.6674226685 1412732566.16
11.6690309901 1412732566.7
11.6932008759 1412732567.23
11.692213286 1412732567.79
11.6645339874 1412732568.39
11.687246686 1412732568.93
11.7053917546 1412732569.48
11.7259325918 1412732570.03
11.8058360544 1412732570.6
11.8184280067 1412732571.16
11.8993133126 1412732571.7
11.9734191381 1412732572.24
12.0238927783 1412732572.81
12.0655398831 1412732573.37
11.949899683 1412732573.92
11.9848324365 1412732574.45
11.9284890917 1412732575.01
11.8967618217 1412732575.54
11.881219612 1412732576.12
11.9419316608 1412732576.68
11.9137104679 1412732577.24
11.8986834988 1412732577.78
11.93590674 1412732578.33
11.8235302687 1412732578.88
11.700995696 1412732579.46
11.6819950438 1412732580.01
11.743259035 1412732580.59
11.7000985584 1412732581.18
11.6513037332 1412732581.73
11.6521531922 1412732582.29
11.6655697382 1412732582.85
11.6906818029 1412732583.43
11.6931845116 1412732584.0
11.6531001423 1412732584.53
11.5866813973 1412732585.1
11.6452042033 1412732585.66
11.5789320639 1412732586.24
11.5542789448 1412732586.84
11.522575048 1412732587.43
11.5429388116 1412732587.96
11.512387351 1412732588.53
11.4678505078 1412732589.12
11.4301813851 1412732589.72
11.4869324007 1412732590.32
11.4419003766 1412732590.89
11.4382006743 1412732591.48
11.4299746291 1412732592.05
11.4601626893 1412732592.64
11.4520077535 1412732593.23
11.3850184535 1412732593.84
11.3697866014 1412732594.43
11.3474170615 1412732595.02
11.2694726243 1412732595.59
11.262171038 1412732596.16
11.2242662666 1412732596.79
11.2850139844 1412732597.39
11.2833040678 1412732598.0
11.2718269706 1412732598.6
11.2658332127 1412732599.2
11.2648759229 1412732599.79
11.3057220848 1412732600.41
11.2865991108 1412732601.03
11.2901501303 1412732601.6
11.2763518282 1412732602.19
11.3273808237 1412732602.82
11.3116661066 1412732603.42
11.2558640805 1412732604.05
11.2348257388 1412732604.64
11.260503579 1412732605.24
11.2602820777 1412732605.85
11.2820977934 1412732606.44
11.2833718468 1412732607.03
11.2850915748 1412732607.61
11.3103120325 1412732608.17
11.292327423 1412732608.76
11.2692898352 1412732609.34
11.2991662185 1412732609.94
11.2928834479 1412732610.54
