41.771902676 1412731415.59
41.1195632244 1412731416.18
40.491301621 1412731416.77
40.8163054141 1412731417.37
40.3412153559 1412731418.0
40.5247864856 1412731418.63
40.7866857738 1412731419.23
40.9241416637 1412731419.86
40.9593576944 1412731420.47
41.7836025313 1412731421.11
42.3248903956 1412731421.72
41.9409414716 1412731422.36
41.9657140863 1412731422.99
42.6673728678 1412731423.6
42.1396710008 1412731424.21
42.2607562162 1412731424.85
41.7834647086 1412731425.5
42.2523635806 1412731426.15
41.5472694635 1412731426.75
41.9026755354 1412731427.37
41.2592493494 1412731428.04
41.7605281855 1412731428.67
41.9016460317 1412731429.31
41.0950934346 1412731429.94
40.8539632849 1412731430.55
40.6857564298 1412731431.18
40.5145526722 1412731431.85
40.5257927925 1412731432.48
41.0103952883 1412731433.11
40.7638222527 1412731433.69
40.7067154139 1412731434.26
40.7796636306 1412731434.87
40.7938666201 1412731435.47
40.9583987814 1412731436.07
41.5848632868 1412731436.7
41.3572269559 1412731437.29
41.1486411192 1412731437.85
41.1068181373 1412731438.44
41.3739690927 1412731439.05
41.3167140405 1412731439.65
41.0953305509 1412731440.23
40.6532892038 1412731440.84
40.3837478567 1412731441.51
40.2291189537 1412731442.15
40.1151625237 1412731442.76
40.068239797 1412731443.38
39.8666947653 1412731444.02
39.4527431264 1412731444.66
39.4115151701 1412731445.28
38.9665103044 1412731445.91
38.9376587936 1412731446.55
38.9242218892 1412731447.19
38.5378381435 1412731447.82
38.0678733698 1412731448.48
38.1522056132 1412731449.12
37.9540501251 1412731449.75
37.7302493642 1412731450.4
37.7517207425 1412731451.05
37.8320416458 1412731451.68
37.7796673887 1412731452.3
37.7212269536 1412731452.94
37.612993198 1412731453.57
37.6214856036 1412731454.18
37.567876176 1412731454.79
37.5759457943 1412731455.42
37.6153094862 1412731456.06
37.3427321084 1412731456.67
36.9215099618 1412731457.32
36.709383059 1412731457.96
36.3696056508 1412731458.6
35.968995309 1412731459.28
35.6929282328 1412731459.94
35.2799238762 1412731460.55
34.9742025485 1412731461.18
34.5991469895 1412731461.79
34.0630101269 1412731462.4
34.1487204631 1412731462.97
34.0310553905 1412731463.52
33.7039364902 1412731464.08
33.34501853 1412731464.66
33.0952136393 1412731465.25
32.8147388662 1412731465.82
32.4425850901 1412731466.4
32.0484220814 1412731467.04
32.0265470436 1412731467.67
32.0456462675 1412731468.25
31.960470484 1412731468.85
31.8698544 1412731469.4
31.5838389317 1412731469.98
31.2071375821 1412731470.58
31.0326236212 1412731471.16
30.7697225146 1412731471.76
30.6763295099 1412731472.37
30.6058761781 1412731472.95
30.8374935496 1412731473.54
30.866137134 1412731474.17
30.9424245176 1412731474.77
31.0147925296 1412731475.39
30.9602724904 1412731475.96
30.9431309827 1412731476.56
30.9014202836 1412731477.15
30.9883953798 1412731477.76
31.0474634779 1412731478.36
31.0204960498 1412731478.93
31.1093937385 1412731479.51
31.1093633795 1412731480.09
30.9219496169 1412731480.7
31.1349215324 1412731481.32
31.0305192908 1412731481.9
31.034305264 1412731482.49
31.0221293341 1412731483.08
30.9836172096 1412731483.67
31.1229759037 1412731484.23
31.0543011233 1412731484.81
30.9953979493 1412731485.39
31.0218962157 1412731485.97
31.016501296 1412731486.57
31.0105343508 1412731487.18
31.0531450736 1412731487.78
30.9182455598 1412731488.42
30.9137860571 1412731489.02
31.0253124255 1412731489.61
30.9578557051 1412731490.21
30.8613472147 1412731490.79
30.7803742168 1412731491.39
30.5546810916 1412731491.97
30.3879464648 1412731492.57
30.4482456169 1412731493.18
30.4771917846 1412731493.77
30.5350168411 1412731494.37
30.4988682474 1412731494.96
30.5824970516 1412731495.5
30.4295243768 1412731496.09
30.4921730763 1412731496.68
30.5003520999 1412731497.26
30.4824757671 1412731497.88
30.3268485372 1412731498.47
30.2831204508 1412731499.08
30.2485058989 1412731499.64
30.1574595201 1412731500.22
30.1646790259 1412731500.81
30.0361010633 1412731501.39
29.9920348361 1412731501.97
29.8532929959 1412731502.54
29.701357968 1412731503.12
29.5404020996 1412731503.7
29.3729069229 1412731504.26
29.4211434025 1412731504.84
29.4047693121 1412731505.41
29.1392348711 1412731506.0
29.1891907484 1412731506.59
29.1329407462 1412731507.21
29.1199338757 1412731507.82
29.154264009 1412731508.41
29.3031984436 1412731509.03
29.0330923455 1412731509.62
28.8989988162 1412731510.22
28.6755118426 1412731510.78
28.6366655777 1412731511.37
28.5414715433 1412731511.99
28.5000637014 1412731512.56
28.2523553604 1412731513.16
28.2961882135 1412731513.8
28.152209738 1412731514.39
28.1329457118 1412731514.97
28.072123642 1412731515.55
27.9656681596 1412731516.13
27.8384029602 1412731516.73
27.9592884018 1412731517.32
27.8475105988 1412731517.9
27.9546074515 1412731518.5
28.0018291761 1412731519.11
27.8922028768 1412731519.68
27.7292641943 1412731520.28
27.8050493705 1412731520.88
27.8541671323 1412731521.46
27.8287319218 1412731522.05
27.77254205 1412731522.65
27.6596403566 1412731523.23
27.6239101254 1412731523.83
27.6149579874 1412731524.44
27.6028798129 1412731525.06
27.4979729349 1412731525.67
27.3776123151 1412731526.27
27.1779494206 1412731526.9
27.1967377267 1412731527.53
27.1663184466 1412731528.18
27.1354290037 1412731528.81
27.1696938372 1412731529.43
27.1605996176 1412731530.03
27.1597919397 1412731530.65
27.1612858579 1412731531.27
27.0355998069 1412731531.88
27.0160015596 1412731532.46
26.9240307795 1412731533.07
26.9310844226 1412731533.71
26.8869062233 1412731534.34
26.8817131855 1412731534.97
26.9030501799 1412731535.6
26.9537153308 1412731536.29
