75.6551551669 1412728716.93
74.8056373844 1412728717.64
71.5043091262 1412728718.34
69.5261074227 1412728719.02
68.9386841563 1412728719.67
68.8781441188 1412728720.38
68.7672808025 1412728721.09
68.7960723881 1412728721.77
69.0784924941 1412728722.46
69.320304712 1412728723.12
69.9626798798 1412728723.79
70.2844938742 1412728724.51
70.8546238071 1412728725.24
71.325601364 1412728725.92
71.3277642253 1412728726.62
72.3309790688 1412728727.32
72.3960503945 1412728728.04
73.019427776 1412728728.75
73.4474103872 1412728729.5
73.5053629092 1412728730.23
73.3211047056 1412728730.94
73.4685296052 1412728731.67
73.4471534245 1412728732.34
73.6086869292 1412728733.04
73.5205141865 1412728733.72
73.7644738531 1412728734.41
73.6796621624 1412728735.04
73.5393412574 1412728735.7
73.4845884991 1412728736.36
73.4943734821 1412728737.05
73.4348770038 1412728737.7
73.1167984264 1412728738.37
72.6854941448 1412728739.05
72.3719230018 1412728739.7
72.178909999 1412728740.33
72.1978613293 1412728740.99
72.230462887 1412728741.66
71.9665443218 1412728742.31
72.0412070457 1412728742.96
71.8579725564 1412728743.58
71.6625390412 1412728744.22
71.6283088646 1412728744.88
71.581433759 1412728745.53
71.4514570518 1412728746.24
71.4651328942 1412728746.85
71.2743723055 1412728747.58
71.207966159 1412728748.36
71.3562665664 1412728749.11
71.3531737328 1412728749.85
71.2081740654 1412728750.56
71.0996590694 1412728751.31
70.8056887481 1412728752.04
70.3856207278 1412728752.81
70.5644198954 1412728753.56
70.745103108 1412728754.29
70.9710501542 1412728754.99
71.4503170398 1412728755.73
71.2028934178 1412728756.44
71.7446691764 1412728757.18
72.0982841475 1412728757.94
72.6746988937 1412728758.73
73.1777554939 1412728759.52
73.3494657448 1412728760.27
73.5653956543 1412728761.02
73.6842969995 1412728761.78
73.8055912041 1412728762.53
73.7373816993 1412728763.32
73.7703027055 1412728764.11
74.2227848228 1412728764.67
74.7009023845 1412728765.28
74.909873547 1412728765.9
73.4159830164 1412728766.59
72.8647257376 1412728767.31
70.7222243399 1412728768.03
72.0057054016 1412728768.74
71.6239888177 1412728769.52
71.0487693183 1412728770.42
70.0077706002 1412728771.19
69.0690231429 1412728771.92
68.7206249478 1412728772.73
68.457514787 1412728773.57
68.4454975161 1412728774.37
68.4172945052 1412728775.17
67.9953785256 1412728776.07
68.0690501493 1412728776.91
68.1733185485 1412728777.76
68.1287909706 1412728778.54
68.4420411445 1412728779.34
68.2785490727 1412728780.17
68.3748341903 1412728781.0
68.4757922413 1412728781.82
68.1632667796 1412728782.66
68.1830944755 1412728783.51
68.1882107937 1412728784.39
68.4212890938 1412728785.16
68.1748441928 1412728785.97
68.2305696491 1412728786.8
68.2377447758 1412728787.62
68.4051995445 1412728788.47
68.8980505252 1412728789.32
68.6509781652 1412728790.14
68.6977523049 1412728790.97
68.765450074 1412728791.82
68.6802451544 1412728792.69
68.3031643645 1412728793.54
68.79970459 1412728794.39
68.775672136 1412728795.25
68.8020035101 1412728796.09
68.8882671245 1412728796.91
68.9317820419 1412728797.77
68.9391225526 1412728798.61
68.8269450393 1412728799.46
68.497060844 1412728800.31
68.6044843817 1412728801.16
68.5576816887 1412728802.02
68.7016321031 1412728802.85
68.7182797007 1412728803.66
69.1746298718 1412728804.49
69.1226815945 1412728805.29
69.1982728439 1412728806.17
69.1659319531 1412728807.01
69.1992473487 1412728807.82
69.0168052023 1412728808.66
69.0355681988 1412728809.46
69.075881918 1412728810.29
69.2721840506 1412728811.13
69.3730234433 1412728811.97
69.3193481483 1412728812.82
69.3185241491 1412728813.64
69.3233307571 1412728814.49
69.3000090826 1412728815.29
69.2249300004 1412728816.13
69.0423102571 1412728816.96
69.0080716027 1412728817.87
69.0856239239 1412728818.79
68.7989856122 1412728819.66
68.8091338604 1412728820.54
68.8234449684 1412728821.39
68.9216744215 1412728822.25
68.9436314596 1412728823.08
69.2177620133 1412728823.94
69.2426028557 1412728824.75
69.2220595616 1412728825.61
69.2227985353 1412728826.5
69.2307087524 1412728827.41
69.1749652903 1412728828.26
69.1482835057 1412728829.14
69.2677652751 1412728829.99
68.7793532842 1412728830.81
68.6579524651 1412728831.69
68.6695216624 1412728832.53
68.6864022683 1412728833.35
68.7481278105 1412728834.22
68.7707470671 1412728835.08
68.7208807494 1412728835.96
68.7381707766 1412728836.85
68.7429770771 1412728837.75
68.7388543 1412728838.67
68.7541648938 1412728839.6
68.5922575525 1412728840.49
68.5888557045 1412728841.36
68.6195804609 1412728842.25
68.6686845576 1412728843.11
68.6973464833 1412728843.95
68.713160031 1412728844.82
68.7306550296 1412728845.66
68.7523542637 1412728846.56
68.4447758227 1412728847.44
68.5176801296 1412728848.28
68.5518776105 1412728849.17
68.8017129973 1412728850.06
68.8778400789 1412728850.91
68.9092401094 1412728851.77
68.3514292358 1412728852.66
68.2981678291 1412728853.51
68.3657814337 1412728854.43
68.3808992582 1412728855.28
68.4414114072 1412728856.16
68.6650255969 1412728857.04
68.7169459299 1412728857.94
68.7497909262 1412728858.82
68.7834693032 1412728859.7
68.8166881728 1412728860.6
68.7213270018 1412728861.47
68.2258100424 1412728862.35
68.0431196869 1412728863.27
68.058351071 1412728864.17
68.1740635951 1412728865.03
68.1848310773 1412728865.96
68.3126036835 1412728866.82
68.1211072511 1412728867.73
68.1042932822 1412728868.64
68.1571494933 1412728869.6
68.2340099449 1412728870.52
68.2518055048 1412728871.44
68.32202447 1412728872.37
68.3340921436 1412728873.35
68.3454386375 1412728874.29
68.4036319395 1412728875.18
68.412060727 1412728876.07
