27.2280464801 1412728094.98
27.5582378101 1412728095.66
27.9111905925 1412728096.3
28.6374619552 1412728096.95
28.6358885749 1412728097.61
29.1456678344 1412728098.31
28.9491071971 1412728099.07
28.7792199612 1412728099.74
28.8450606922 1412728100.39
28.7145608425 1412728101.05
28.5171905765 1412728101.72
28.3520261327 1412728102.37
28.0861620473 1412728102.99
27.9598375728 1412728103.59
27.984044756 1412728104.22
27.8973785989 1412728104.85
27.6444153935 1412728105.47
27.6289143069 1412728106.07
27.755920805 1412728106.7
27.9598357979 1412728107.34
27.9684757093 1412728107.96
28.2052657889 1412728108.57
28.3209487059 1412728109.17
28.2690211773 1412728109.81
28.3687916617 1412728110.45
28.4335444686 1412728111.08
28.4904901712 1412728111.69
28.3490533916 1412728112.3
28.6133524999 1412728112.91
28.5862466903 1412728113.51
28.6279224139 1412728114.12
28.6610438264 1412728114.71
28.5199677015 1412728115.3
28.5026764986 1412728115.9
28.5814813523 1412728116.55
28.4862224587 1412728117.19
28.3299625248 1412728117.82
28.2698536657 1412728118.42
28.284546406 1412728119.1
28.1916526076 1412728119.72
28.1401962199 1412728120.35
28.2628472529 1412728121.01
28.3738514089 1412728121.61
28.3593699072 1412728122.24
28.2844818937 1412728122.86
28.3039205793 1412728123.48
28.3134920563 1412728124.12
28.2450593654 1412728124.77
28.3076149101 1412728125.38
28.3138472221 1412728125.98
28.3073818293 1412728126.59
28.1648610266 1412728127.22
28.2238295454 1412728127.86
28.2081655913 1412728128.47
28.1841900523 1412728129.09
28.0669702301 1412728129.68
28.1552066893 1412728130.27
28.1546885685 1412728130.88
28.2733325095 1412728131.51
28.2380229192 1412728132.12
28.0148436671 1412728132.75
27.8852610917 1412728133.37
27.7979194638 1412728133.99
27.7789425767 1412728134.64
27.6053572718 1412728135.27
27.4914046693 1412728135.87
27.4268339523 1412728136.48
27.5165991875 1412728137.06
27.4607121104 1412728137.68
27.4576473379 1412728138.28
27.3459575207 1412728138.92
27.3681622255 1412728139.54
27.5235689832 1412728140.13
27.6276868554 1412728140.72
27.2593585121 1412728141.31
27.5097192684 1412728141.93
27.8118200495 1412728142.53
28.4151674956 1412728143.09
29.1791696534 1412728143.66
30.248675375 1412728144.22
30.6656696043 1412728144.77
30.3256073706 1412728145.37
27.6880802796 1412728146.0
22.5813184055 1412728146.59
24.4220660107 1412728147.19
25.8014997188 1412728147.76
24.2323933947 1412728148.38
24.9437026719 1412728149.0
25.5024598775 1412728149.61
25.4371302698 1412728150.24
25.2759449924 1412728150.86
24.5673723883 1412728151.5
29.3761992124 1412728152.13
25.2114071785 1412728152.73
25.807497574 1412728153.31
24.9761248342 1412728153.88
25.2312144093 1412728154.47
24.8982017257 1412728155.11
24.9997063481 1412728155.7
25.0676723297 1412728156.3
24.7948588241 1412728156.91
24.587595115 1412728157.54
24.3152504087 1412728158.17
24.5075487566 1412728158.78
24.0751828877 1412728159.41
23.7874377756 1412728160.04
23.9863192236 1412728160.67
23.7709843054 1412728161.31
23.8515130513 1412728161.98
23.6383729055 1412728162.66
23.4993233517 1412728163.31
23.3716687596 1412728163.95
23.2894117118 1412728164.6
23.0741023286 1412728165.29
22.6768421434 1412728165.96
22.5169744562 1412728166.59
22.2966531989 1412728167.27
22.0794391482 1412728167.96
21.4903971222 1412728168.62
21.4764956207 1412728169.3
21.2723486757 1412728169.97
21.0249176014 1412728170.65
20.9280730328 1412728171.34
21.0072838745 1412728172.04
20.8270256665 1412728172.74
20.8348801059 1412728173.41
20.7712782519 1412728174.06
20.8235196745 1412728174.73
20.5093308878 1412728175.42
20.5410884165 1412728176.1
20.5387783823 1412728176.74
20.5947776932 1412728177.4
20.6019208858 1412728178.04
20.5391277275 1412728178.72
20.3880192744 1412728179.44
20.4142323577 1412728180.12
20.3923819319 1412728180.82
20.1202953644 1412728181.49
20.0401540588 1412728182.17
19.9878456202 1412728182.84
20.0546533811 1412728183.55
19.9400929486 1412728184.25
19.9357358683 1412728184.97
20.0280759218 1412728185.66
19.9584955874 1412728186.37
20.0393012021 1412728187.1
19.9474999133 1412728187.86
20.0316752416 1412728188.56
19.9581190013 1412728189.34
20.0093276293 1412728190.03
20.1250420939 1412728190.73
20.2325681052 1412728191.43
20.3124122587 1412728192.11
20.2576842321 1412728192.82
20.3178692594 1412728193.53
20.2346300261 1412728194.27
20.2677597527 1412728195.01
20.3221109502 1412728195.69
20.3391320855 1412728196.42
20.3955535777 1412728197.14
20.3273584531 1412728197.87
20.3622728379 1412728198.56
20.427549504 1412728199.34
20.3575396902 1412728200.05
20.1446613021 1412728200.78
20.1878166525 1412728201.55
20.0723699816 1412728202.28
20.182787217 1412728203.04
20.1164593522 1412728203.77
19.8062958486 1412728204.54
19.816158427 1412728205.33
19.8022383846 1412728206.09
19.6858686835 1412728206.84
19.532636672 1412728207.64
19.5023390481 1412728208.4
19.4492709413 1412728209.18
19.4867219415 1412728209.95
19.33665734 1412728210.67
19.3024087852 1412728211.44
19.3531206125 1412728212.37
19.2710787529 1412728213.32
19.2278403199 1412728214.15
19.1481483808 1412728215.04
19.1005766849 1412728216.94
18.9719663727 1412728218.28
18.9408188978 1412728219.06
18.8701968646 1412728220.87
18.7867709255 1412728222.29
18.5637464269 1412728223.49
18.2740685184 1412728224.69
18.2600069399 1412728225.82
17.9378256095 1412728226.88
18.0054606448 1412728228.08
18.0568411243 1412728229.3
17.7851350594 1412728230.14
17.8487147947 1412728230.96
17.8795776889 1412728231.73
17.9420084896 1412728232.51
17.8552843458 1412728233.54
17.8929706055 1412728234.72
