13.0253885466 1412729043.76
12.7701325904 1412729044.46
12.5158443264 1412729045.17
12.2404121173 1412729045.86
11.947931002 1412729046.57
11.7610825786 1412729047.24
11.8936672574 1412729047.9
11.8527346672 1412729048.57
11.8687261328 1412729049.22
11.9021276791 1412729049.9
11.8165823467 1412729050.54
11.6435212415 1412729051.19
11.5765127716 1412729051.81
11.5525336061 1412729052.45
11.4641409066 1412729053.08
11.4983728963 1412729053.71
11.5551731328 1412729054.31
11.5372350095 1412729054.97
11.4618706239 1412729055.61
11.5362052822 1412729056.22
11.569868475 1412729056.8
11.5187240773 1412729057.42
11.5999708822 1412729058.09
11.550661467 1412729058.72
11.5157521363 1412729059.36
11.5249843641 1412729059.95
11.4743962353 1412729060.56
11.4915566401 1412729061.16
11.5331689553 1412729061.78
11.590394507 1412729062.41
11.6657387152 1412729063.01
11.7020939689 1412729063.62
11.7202481191 1412729064.26
11.7714154935 1412729064.89
11.8070073939 1412729065.53
12.0388676376 1412729066.14
12.191148133 1412729066.75
12.2987688261 1412729067.37
12.4237149893 1412729067.98
12.4888407892 1412729068.58
12.5779822359 1412729069.21
12.6496976059 1412729069.82
12.6901414064 1412729070.44
12.7040459531 1412729071.02
12.7402970494 1412729071.63
12.6861914806 1412729072.24
12.6375768384 1412729072.82
12.5921471179 1412729073.41
12.541340371 1412729073.98
12.5210478536 1412729074.55
12.4606646426 1412729075.17
12.4758253617 1412729075.75
12.4512153112 1412729076.34
12.4076134701 1412729076.92
12.4138307939 1412729077.48
12.3476929231 1412729078.02
12.388999765 1412729078.64
12.3798648288 1412729079.25
12.368301533 1412729079.85
12.3708622884 1412729080.41
12.3376835127 1412729081.0
12.4191815857 1412729081.6
12.3093250562 1412729082.16
12.3979101035 1412729082.72
12.2746092411 1412729083.28
12.2639022093 1412729083.9
12.5408452573 1412729084.48
12.1193091006 1412729085.07
11.6886768146 1412729085.65
12.3459352839 1412729086.25
10.1557898177 1412729086.83
12.2152951577 1412729087.42
10.3265100776 1412729087.98
9.93889261342 1412729088.56
10.0462726609 1412729089.18
10.8428102751 1412729089.77
9.89938891349 1412729090.34
10.5230464771 1412729090.95
9.77835706341 1412729091.52
10.244896981 1412729092.12
9.66769163901 1412729092.76
10.155637564 1412729093.38
9.59089029238 1412729093.97
10.0054384675 1412729094.59
9.49861367194 1412729095.18
9.82178288164 1412729095.75
9.37558686683 1412729096.31
9.74814102718 1412729096.9
9.32002511677 1412729097.48
9.66068689148 1412729098.11
9.21602366641 1412729098.72
9.49959190502 1412729099.31
9.14617581891 1412729099.85
9.42135035834 1412729100.44
9.06976597377 1412729101.03
9.32030904613 1412729101.61
8.98566998769 1412729102.16
8.63851015402 1412729102.72
8.82987872023 1412729103.3
9.06923695765 1412729103.88
8.78451121038 1412729104.46
8.97326362716 1412729105.0
8.67876583658 1412729105.54
8.8694651266 1412729106.09
8.60720504124 1412729106.65
8.29736315139 1412729107.27
8.45839758955 1412729107.84
8.16102788058 1412729108.44
8.37027886772 1412729109.0
8.10469176138 1412729109.59
8.25583799246 1412729110.16
7.98381245033 1412729110.7
8.14575545175 1412729111.33
7.89981471254 1412729111.88
8.0590655963 1412729112.47
7.79400371699 1412729113.03
7.93709899834 1412729113.59
7.74410138231 1412729114.16
7.8790922324 1412729114.73
7.64368603629 1412729115.29
7.78795185842 1412729115.85
7.59044192535 1412729116.44
7.77884876644 1412729116.99
7.53771505487 1412729117.56
7.6717822872 1412729118.14
7.40961817611 1412729118.73
7.53671066844 1412729119.31
7.32879544088 1412729119.85
7.11539452823 1412729120.37
7.2302114224 1412729120.94
7.32154577092 1412729121.53
7.11882118702 1412729122.1
7.23933428693 1412729122.7
7.06921822091 1412729123.25
6.8721033993 1412729123.83
6.993572933 1412729124.44
6.80050532652 1412729125.01
6.90406248799 1412729125.54
6.71447497444 1412729126.1
6.80694191406 1412729126.67
6.61005225481 1412729127.22
6.7054802763 1412729127.75
6.55053564398 1412729128.29
6.64644581735 1412729128.85
6.49093391658 1412729129.41
6.30957593821 1412729129.95
6.37555384229 1412729130.49
6.21833100136 1412729131.05
6.29428697061 1412729131.59
6.3625172476 1412729132.15
6.23297850874 1412729132.69
6.31172332126 1412729133.31
6.16186814055 1412729133.86
6.24322838967 1412729134.4
6.10624589493 1412729134.93
6.18394870938 1412729135.46
6.03950678026 1412729136.04
6.1069702143 1412729136.59
5.96368009414 1412729137.15
6.03365898624 1412729137.69
5.9068582386 1412729138.24
5.99204023323 1412729138.76
5.85976284244 1412729139.26
5.92128627857 1412729139.8
5.79036035624 1412729140.31
5.84109159888 1412729140.85
5.90888970952 1412729141.38
5.80823625329 1412729141.91
5.87451312677 1412729142.42
5.7776347127 1412729142.93
5.81546546874 1412729143.45
5.87015099619 1412729144.0
5.78844516717 1412729144.51
5.84012158975 1412729145.08
5.76216177233 1412729145.64
5.81160616764 1412729146.16
5.85702970351 1412729146.73
5.78600629774 1412729147.3
5.70937760954 1412729147.84
5.6216167768 1412729148.41
5.53954511236 1412729148.99
5.57958873989 1412729149.54
5.48548029743 1412729150.09
5.53575958282 1412729150.63
5.45471282295 1412729151.17
5.37541418988 1412729151.71
5.41750682492 1412729152.25
5.34407294924 1412729152.8
5.38484971865 1412729153.37
5.3150810575 1412729153.93
5.35269745843 1412729154.5
5.27735070717 1412729155.08
5.30390043831 1412729155.65
5.24065386032 1412729156.24
5.16168880887 1412729156.81
5.20240844053 1412729157.37
5.12528254506 1412729157.96
5.16568940181 1412729158.5
5.09703221365 1412729159.11
5.032728634 1412729159.71
