61.5523596318 1412753738.99
62.2473055964 1412753740.58
63.0186916944 1412753742.13
62.3011453515 1412753743.68
62.5691061579 1412753745.16
62.4303067367 1412753746.68
62.0046729015 1412753748.22
62.8482227338 1412753749.69
61.1692654462 1412753751.15
61.0404239433 1412753752.64
61.3792984521 1412753754.17
60.9714269718 1412753755.69
60.3569748441 1412753757.18
60.3417063741 1412753758.72
59.7715834197 1412753760.22
59.1155554934 1412753761.78
58.2419576632 1412753763.32
58.1127789755 1412753764.85
57.9255558673 1412753766.39
56.8370380443 1412753767.94
57.1148306591 1412753769.47
55.4042591981 1412753771.06
55.3742313405 1412753772.65
55.0401500639 1412753774.06
54.9551135408 1412753775.5
53.61925602 1412753776.89
54.1910900616 1412753778.31
52.8516207018 1412753779.76
52.6469817069 1412753781.18
51.1806198429 1412753782.58
51.0096570006 1412753784.08
51.1279643627 1412753785.53
50.9881965734 1412753786.94
51.1312916701 1412753788.37
49.7412970636 1412753789.76
49.9316662253 1412753791.2
49.4610863637 1412753792.62
48.7898627951 1412753794.1
47.5752817212 1412753795.55
47.2269799433 1412753796.97
47.0028869366 1412753798.43
46.8080692308 1412753799.87
46.5914146819 1412753801.34
46.4955970519 1412753802.8
45.683093501 1412753804.26
45.5374631799 1412753805.74
44.7602153943 1412753807.24
44.5325718919 1412753808.65
43.6917472091 1412753810.13
43.6378920857 1412753811.6
43.474380949 1412753813.05
43.387580553 1412753814.52
43.7169493553 1412753816.01
42.9344275179 1412753817.52
43.3161390902 1412753819.0
43.1732947765 1412753820.54
42.8477721558 1412753822.07
42.0024460933 1412753823.62
42.2396199181 1412753825.13
42.2315605507 1412753826.65
42.3742019386 1412753828.15
41.8082327516 1412753829.65
41.4471758878 1412753831.15
41.6641581723 1412753832.7
41.8651874942 1412753834.21
41.5748475762 1412753835.73
41.4867758812 1412753837.26
41.290143594 1412753838.83
41.4479646563 1412753840.34
41.1462212283 1412753841.94
41.1861300683 1412753843.49
40.9713193321 1412753845.05
40.9537828121 1412753846.59
40.5811859341 1412753848.12
40.2681253834 1412753849.69
40.0402327159 1412753851.19
40.1276200484 1412753852.74
40.0282994318 1412753854.29
39.7667826467 1412753855.8
39.6420863946 1412753857.37
39.7616000205 1412753858.9
39.8302826192 1412753860.42
39.7902775014 1412753862.02
39.8564493312 1412753863.57
39.6381822946 1412753865.08
39.7105845939 1412753866.61
39.1512161022 1412753868.17
39.2574061928 1412753869.75
39.1977274028 1412753871.3
39.0730304472 1412753872.84
39.1020524156 1412753874.34
38.9846062676 1412753875.84
39.0220099902 1412753877.42
39.0320837958 1412753878.9
38.8322402154 1412753880.48
38.7473255476 1412753882.01
38.8626450007 1412753883.54
38.6210976335 1412753885.08
38.3759144045 1412753886.61
38.3706680532 1412753888.11
38.3729709112 1412753889.6
38.2977904799 1412753891.08
38.2095452605 1412753892.61
37.9443838053 1412753894.15
37.913404008 1412753895.75
38.0487824838 1412753897.38
38.1076675832 1412753898.97
38.4353337358 1412753900.62
38.4954295178 1412753902.29
38.2492083148 1412753903.92
38.1435103304 1412753905.62
38.2541351077 1412753907.25
38.1788617078 1412753908.9
38.2156574096 1412753910.58
38.0252973757 1412753912.28
37.8706557158 1412753913.97
37.881524226 1412753915.76
37.7489675515 1412753917.48
37.639957935 1412753919.18
37.7579164117 1412753920.81
37.827413248 1412753922.49
37.9517012121 1412753924.13
37.791468176 1412753925.75
37.807899806 1412753927.42
37.8502924091 1412753929.08
37.8603524623 1412753930.7
37.8631145035 1412753932.34
37.6927636012 1412753934.01
37.7174641154 1412753935.61
37.7038093401 1412753937.23
37.7985394248 1412753938.83
37.572303617 1412753940.44
37.6129713834 1412753942.11
37.6054567444 1412753943.78
37.9153759329 1412753945.44
37.9422873956 1412753947.06
37.9854737298 1412753948.7
37.8093203294 1412753950.31
37.8979614453 1412753951.94
38.0422641803 1412753953.6
38.0291718362 1412753955.33
38.0464302917 1412753957.04
37.993970647 1412753958.75
37.8797496768 1412753960.48
37.6684872162 1412753962.09
37.7259934136 1412753963.73
37.7917937202 1412753965.34
37.6808510944 1412753966.96
37.8349438079 1412753968.65
37.8846463581 1412753970.28
37.8389191456 1412753971.9
37.6107527819 1412753973.5
37.5126866508 1412753975.13
37.5466850077 1412753976.76
37.4802039617 1412753978.38
37.3988692441 1412753979.98
37.5376422479 1412753981.64
37.7209528352 1412753983.2
37.4170182618 1412753984.86
37.4602304091 1412753986.44
37.3846117211 1412753988.12
37.3158594004 1412753989.67
37.308009814 1412753991.31
37.2764984485 1412753992.96
37.2216509845 1412753994.61
37.2424450098 1412753996.25
37.1978994429 1412753997.85
37.3225928233 1412753999.45
37.3227976532 1412754001.04
37.284311986 1412754002.64
37.3086029433 1412754004.23
37.180125685 1412754005.89
37.3004001967 1412754007.56
37.1699669429 1412754009.09
37.1421716048 1412754010.69
37.138416416 1412754012.26
37.13250293 1412754013.89
37.0738075367 1412754015.57
37.163856916 1412754017.24
37.0943970953 1412754018.91
37.0494280922 1412754020.53
37.031388053 1412754022.14
36.985838985 1412754023.77
36.9808696978 1412754025.39
36.9638527492 1412754026.98
36.7961369788 1412754028.61
36.7713361005 1412754030.24
36.9601200027 1412754031.85
36.9409624669 1412754033.45
36.7252911242 1412754035.12
36.7672262611 1412754036.79
36.6622596942 1412754038.41
36.530075984 1412754040.05
36.6428077582 1412754041.71
36.5184656957 1412754043.37
36.5348995945 1412754044.99
36.4200370701 1412754046.65
36.4697825299 1412754048.28
36.4241055379 1412754049.96
36.4788815747 1412754051.59
