8.56391583789 1412759683.52
8.51365095657 1412759684.74
9.14492438608 1412759685.9
8.61175544181 1412759687.09
8.25983246705 1412759688.18
8.07272882538 1412759689.23
8.42618043853 1412759690.17
8.6690866765 1412759691.12
8.40183618039 1412759692.04
8.7554567034 1412759692.97
8.9712306113 1412759693.89
9.00800087526 1412759694.81
8.99668503519 1412759695.71
8.94351630742 1412759696.59
8.71201241055 1412759697.49
8.52818661184 1412759698.38
8.41577865278 1412759699.29
8.11295067145 1412759700.17
7.9197977306 1412759701.02
7.74428289959 1412759701.88
7.62117176584 1412759702.74
7.53570338458 1412759703.59
7.48956803661 1412759704.45
7.45366305461 1412759705.29
7.42735068854 1412759706.15
7.37829039882 1412759707.0
7.43837379883 1412759707.84
7.43909478441 1412759708.68
7.51002556723 1412759709.55
7.54490326977 1412759710.39
7.60276567599 1412759711.24
7.68858653519 1412759712.07
7.73473526688 1412759712.9
7.80084725192 1412759713.72
7.77546552042 1412759714.55
7.79337667565 1412759715.4
7.74109921243 1412759716.22
7.73289580213 1412759717.06
7.84122117687 1412759717.9
7.93295888037 1412759718.74
8.00095971575 1412759719.57
8.03537968783 1412759720.41
8.05315627779 1412759721.24
8.08661107023 1412759722.07
8.11476394583 1412759722.9
8.12931775024 1412759723.72
8.13381858514 1412759724.55
8.11783146916 1412759725.37
8.10719607569 1412759726.18
8.08764290247 1412759727.0
8.09781827053 1412759727.81
8.09556828369 1412759728.64
8.09182281484 1412759729.47
8.12205725932 1412759730.3
8.15320431733 1412759731.11
8.15806129576 1412759731.92
8.20202770583 1412759732.74
8.17700032779 1412759733.54
8.25097720179 1412759734.35
8.28237585806 1412759735.15
8.29898789905 1412759736.01
8.31676422145 1412759736.94
8.37387239521 1412759737.76
8.35605099311 1412759738.56
8.38822526565 1412759739.4
8.42020499988 1412759740.22
8.42018330491 1412759741.02
8.40280138768 1412759741.83
8.43215291353 1412759742.64
8.43179711703 1412759743.49
8.46774452081 1412759744.31
8.46463111058 1412759745.12
8.46860466204 1412759745.93
8.50483800061 1412759746.73
8.4738432655 1412759747.55
8.50072213645 1412759748.37
8.46552933771 1412759749.2
8.42473772633 1412759750.02
8.49501306795 1412759750.83
8.49364398259 1412759751.64
8.52863584062 1412759752.45
8.4409644405 1412759753.26
8.48471903074 1412759754.08
8.45629951759 1412759754.89
8.43528458603 1412759755.71
8.41576337116 1412759756.52
8.39376607493 1412759757.34
8.38338495925 1412759758.15
8.39078364235 1412759758.96
8.39501745812 1412759759.77
8.37546814707 1412759760.58
8.34250608599 1412759761.4
8.30722890646 1412759762.21
8.33337527579 1412759763.02
8.30062898235 1412759763.82
8.2769700115 1412759764.63
8.26890895566 1412759765.45
8.24222952463 1412759766.28
8.28607055145 1412759767.08
8.27360688539 1412759767.88
8.26400020019 1412759768.68
8.2187392955 1412759769.52
8.18827656776 1412759770.32
8.19015837965 1412759771.13
8.10145817596 1412759771.96
7.83196765392 1412759772.78
7.88109744604 1412759773.59
7.87391766376 1412759774.39
7.83137830177 1412759775.19
7.82970621293 1412759775.99
7.70961868064 1412759776.79
7.66756276042 1412759777.6
7.64701413644 1412759778.4
7.60826441515 1412759779.2
7.62133056209 1412759780.0
7.60873200464 1412759780.81
7.5514604497 1412759781.61
7.49182262159 1412759782.41
7.4586216267 1412759783.22
7.42650231055 1412759784.02
7.34098569941 1412759784.83
7.29181769566 1412759785.64
7.23220564213 1412759786.46
7.16187726514 1412759787.28
7.07550349378 1412759788.09
6.96125603743 1412759788.9
6.80712916141 1412759789.74
6.55472318475 1412759790.55
6.48670497962 1412759791.35
6.47915887534 1412759792.15
6.44503543879 1412759792.97
6.44646548565 1412759793.79
6.43003823744 1412759794.59
6.3869624608 1412759795.4
6.34273480847 1412759796.2
6.35485970053 1412759797.01
6.36102153489 1412759797.83
6.35563946416 1412759798.64
6.36606988854 1412759799.47
6.31311895675 1412759800.28
6.29294168222 1412759801.1
6.24737652677 1412759801.91
6.21716675172 1412759802.72
6.18747312036 1412759803.54
6.16741550139 1412759804.35
6.10560993688 1412759805.18
6.05795453835 1412759806.0
5.98902679957 1412759806.83
5.93878305307 1412759807.64
5.90748312235 1412759808.47
5.84017251746 1412759809.28
5.74245361936 1412759810.1
5.6995187592 1412759810.94
5.64668079003 1412759811.76
5.60238737024 1412759812.59
5.57148820586 1412759813.47
5.54871031293 1412759814.31
5.52933501187 1412759815.17
5.50820987788 1412759816.01
5.47593910364 1412759816.85
5.44284589421 1412759817.7
5.42088188173 1412759818.55
5.42203775833 1412759819.39
5.40816684948 1412759820.25
5.41403141759 1412759821.12
5.42919060696 1412759821.98
5.46863950978 1412759822.84
5.47857979022 1412759823.7
5.55453740091 1412759824.57
5.62166466558 1412759825.46
5.66919394594 1412759826.32
5.71728913003 1412759827.19
5.78884931746 1412759828.08
5.8317104033 1412759828.95
5.89271558448 1412759829.84
5.92871985002 1412759830.73
5.99801927583 1412759831.62
6.03941982723 1412759832.52
6.06138601147 1412759833.41
6.02285359631 1412759834.32
6.05741864573 1412759835.26
6.08778822559 1412759836.16
6.10975400198 1412759837.06
6.09032448332 1412759837.97
6.11323157958 1412759838.88
6.11523666854 1412759839.79
6.11770946858 1412759840.69
6.10258430078 1412759841.6
6.1187322225 1412759842.54
6.11694216884 1412759843.48
6.06524931697 1412759844.4
6.03689443833 1412759845.33
6.03987525743 1412759846.24
6.05408832849 1412759847.2
6.03244739699 1412759848.13
6.03893402615 1412759849.03
6.05237666237 1412759849.94
6.03624679269 1412759850.85
6.04626829018 1412759851.75
6.07323882797 1412759852.65
