21.7378854875 1412726405.37
20.4461232239 1412726405.74
19.7437976062 1412726406.13
19.363767316 1412726406.39
18.997240485 1412726406.66
18.7634418299 1412726407.03
18.3951261951 1412726407.45
17.7702704469 1412726407.81
18.033691031 1412726408.2
17.7154358339 1412726408.52
17.5221297868 1412726408.79
17.4444123069 1412726409.06
17.2730162853 1412726409.45
16.9096658218 1412726409.82
16.6799459886 1412726410.18
16.634783789 1412726410.53
16.5466041187 1412726410.92
16.2920449523 1412726411.36
16.0238774989 1412726411.65
15.7908655499 1412726411.91
15.8885081278 1412726412.18
15.7929938655 1412726412.5
15.7328303022 1412726412.92
15.6488603247 1412726413.26
15.5578773728 1412726413.53
15.6784387565 1412726413.8
15.8733589914 1412726414.06
15.9403048361 1412726414.37
15.8603284875 1412726414.73
15.939699862 1412726415.17
15.9613783164 1412726415.5
15.9444059356 1412726415.9
16.0187815528 1412726416.24
15.8408227292 1412726416.58
15.9498205225 1412726416.98
15.9317095407 1412726417.34
15.9598410332 1412726417.7
16.0006069818 1412726418.15
15.9233691068 1412726418.45
16.1463759339 1412726418.8
16.192234825 1412726419.15
16.258255696 1412726419.58
16.2922950109 1412726419.87
16.2039349816 1412726420.14
16.2476905623 1412726420.44
16.2257157934 1412726420.84
16.2567761065 1412726421.12
16.1339854115 1412726421.41
16.1767863611 1412726421.7
16.0467749074 1412726421.97
15.980899148 1412726422.29
15.8794963592 1412726422.56
15.8095839217 1412726422.84
15.8932628981 1412726423.13
15.8277661765 1412726423.4
15.8016119378 1412726423.67
15.8885314264 1412726423.97
15.7677980235 1412726424.22
15.7041334161 1412726424.53
15.5978748763 1412726424.82
15.5771410545 1412726425.25
15.4563157504 1412726425.61
15.4501514058 1412726425.9
15.435103869 1412726426.34
15.3062971358 1412726426.64
15.2372166899 1412726426.91
15.2141828735 1412726427.33
15.2365018903 1412726427.82
15.3545474926 1412726428.17
15.3374597503 1412726428.49
15.1672583878 1412726428.78
15.0162202053 1412726429.09
14.9109019694 1412726429.42
14.9930862486 1412726429.73
14.8836816805 1412726430.17
14.8814102679 1412726430.63
14.709397421 1412726431.08
14.659962246 1412726431.49
14.5997078893 1412726431.9
14.5780561896 1412726432.39
14.7482767262 1412726432.81
14.6027476397 1412726433.19
14.6454446673 1412726433.63
14.7260947476 1412726434.02
14.7173069725 1412726434.39
14.589528134 1412726434.82
14.7445824755 1412726435.1
14.6495416607 1412726435.39
14.652000419 1412726435.84
14.7324383828 1412726436.28
14.7479657015 1412726436.7
14.7388958978 1412726437.09
14.8106603499 1412726437.49
14.900118195 1412726437.95
14.8785617364 1412726438.37
14.9794760067 1412726438.84
14.9928832466 1412726439.25
15.240397293 1412726439.66
15.2238047013 1412726440.11
15.205697806 1412726440.51
15.2740330645 1412726440.9
15.0738201177 1412726441.27
15.1556322947 1412726441.61
15.1369574564 1412726441.96
15.2055560175 1412726442.36
15.1057465058 1412726442.73
15.0812180932 1412726443.07
15.0967952967 1412726443.44
15.0935756196 1412726443.93
15.136112616 1412726444.44
15.0699938508 1412726444.87
15.0334310977 1412726445.3
15.0484313349 1412726445.62
15.1144059215 1412726445.94
15.1093192138 1412726446.3
15.090461632 1412726446.72
15.1142559432 1412726447.09
15.1271510818 1412726447.5
15.1311317982 1412726447.84
15.1909708465 1412726448.21
15.1562406756 1412726448.63
15.1414151644 1412726449.04
15.1111508192 1412726449.39
15.1158475938 1412726449.77
15.1390219404 1412726450.12
15.0834504465 1412726450.44
15.0669079567 1412726450.8
15.0285036366 1412726451.11
14.9353037189 1412726451.48
14.9595619095 1412726451.86
14.9927597014 1412726452.18
15.0863671419 1412726452.5
15.0352583781 1412726452.79
14.9265580342 1412726453.09
14.7890059285 1412726453.41
14.8577925065 1412726453.74
14.8640405809 1412726454.11
14.7103740846 1412726454.46
14.9400191148 1412726454.83
14.9397152309 1412726455.15
14.9683557669 1412726455.47
14.906847027 1412726455.86
14.9622769741 1412726456.26
14.6662910396 1412726456.63
14.7034563106 1412726456.95
14.7409601297 1412726457.27
14.6946937194 1412726457.61
14.6951452973 1412726457.94
14.8314354994 1412726458.3
14.8019274378 1412726458.61
14.7004319455 1412726458.93
14.7131714398 1412726459.45
14.8163273841 1412726459.95
14.8800575963 1412726460.37
14.9981921874 1412726460.76
14.7504642132 1412726461.08
14.9770296565 1412726461.4
14.7535615594 1412726461.87
14.8547622569 1412726462.23
14.8233223145 1412726462.62
14.8131227034 1412726462.98
14.762698631 1412726463.28
14.6994011169 1412726463.59
14.8441087557 1412726464.02
14.8278189973 1412726464.37
14.8934135717 1412726464.76
14.8055802817 1412726465.11
14.7571789564 1412726465.47
14.8309677847 1412726465.84
14.7985417286 1412726466.17
14.8266773842 1412726466.51
14.8246013601 1412726466.82
14.8703478781 1412726467.13
14.8560937458 1412726467.44
14.7865603355 1412726467.79
14.7112241777 1412726468.11
14.7273849533 1412726468.53
14.7179677181 1412726468.92
14.6398930211 1412726469.34
14.6866894003 1412726469.67
14.7644976222 1412726470.09
14.7887601696 1412726470.42
14.7108523935 1412726470.74
14.6403283353 1412726471.07
14.6682546212 1412726471.41
14.5937868242 1412726471.72
14.6020884776 1412726472.02
14.5884992347 1412726472.35
14.6050625963 1412726472.69
14.6332432059 1412726472.97
14.5529406236 1412726473.36
14.5186632544 1412726473.75
14.7500922013 1412726474.08
14.6206959716 1412726474.38
14.6797562317 1412726474.73
14.6750735042 1412726475.06
14.6594156235 1412726475.47
14.8967467701 1412726475.97
14.8855427486 1412726476.46
14.8639227275 1412726476.97
