22.4022329701 1412721943.83
22.0645106996 1412721943.95
22.0054690479 1412721944.07
21.7107170752 1412721944.2
20.688606221 1412721944.35
19.7023187959 1412721944.48
19.4015371123 1412721944.61
18.7058764543 1412721944.73
18.1018287303 1412721944.85
17.8329782651 1412721944.98
17.767750587 1412721945.11
18.326221886 1412721945.25
18.4225905084 1412721945.41
18.6221365164 1412721945.53
18.8997727642 1412721945.63
19.0038464846 1412721945.75
18.970345583 1412721945.87
18.8684745614 1412721945.98
18.8432611475 1412721946.1
18.7097199064 1412721946.22
18.5996246796 1412721946.35
18.8377865725 1412721946.44
18.3352864587 1412721946.53
18.3309015419 1412721946.62
18.1087794454 1412721946.7
18.2335652488 1412721946.79
18.2989463075 1412721946.91
18.3885138244 1412721947.03
18.5772867182 1412721947.16
18.143823861 1412721947.27
17.7862832045 1412721947.35
17.2496043799 1412721947.43
17.2098483821 1412721947.54
17.3000754793 1412721947.64
17.665013057 1412721947.75
17.4456354089 1412721947.84
18.0944559468 1412721947.91
17.9098004364 1412721948.0
17.4901118655 1412721948.09
17.6642602989 1412721948.18
18.2873391545 1412721948.33
17.73349337 1412721948.43
18.3222608361 1412721948.51
18.3735156874 1412721948.59
17.5027186264 1412721948.67
18.5486429162 1412721948.77
19.8797998496 1412721948.86
21.3369780214 1412721948.93
22.2801117249 1412721949.03
23.2886025957 1412721949.12
23.3626716402 1412721949.27
23.3618482048 1412721949.36
23.3363856825 1412721949.45
23.7829392115 1412721949.55
23.549791675 1412721949.63
23.3675803687 1412721949.71
22.8276419894 1412721949.8
22.8750269858 1412721949.89
22.7331223226 1412721949.98
22.8604635541 1412721950.07
23.3581432049 1412721950.14
22.8722450553 1412721950.23
22.7083866701 1412721950.37
22.6607406075 1412721950.46
21.7100426171 1412721950.54
20.2779529873 1412721950.65
18.8984639676 1412721950.76
18.0494763202 1412721950.85
17.5179262779 1412721950.93
17.1868679337 1412721951.01
16.7616584519 1412721951.1
16.6411179978 1412721951.19
16.6148356021 1412721951.29
16.4921779437 1412721951.35
16.4256642055 1412721951.43
16.7901145879 1412721951.52
16.6528109854 1412721951.62
16.7616803712 1412721951.75
16.5615783271 1412721951.9
16.4800672517 1412721952.05
16.146610409 1412721952.15
15.9777348527 1412721952.27
15.6190135385 1412721952.44
15.4115223365 1412721952.56
15.1265330606 1412721952.68
15.2495309591 1412721952.8
14.8397621922 1412721952.89
14.2609818338 1412721953.01
14.1292040468 1412721953.12
13.851128018 1412721953.21
13.4558358272 1412721953.31
13.1632158183 1412721953.42
13.189459339 1412721953.53
13.3061183652 1412721953.66
13.042758148 1412721953.79
13.1051084455 1412721953.9
13.0076544709 1412721954.01
12.8804963286 1412721954.15
12.7541232271 1412721954.26
12.6854342417 1412721954.41
12.5783385116 1412721954.53
12.5708717395 1412721954.65
12.5809283816 1412721954.75
12.4741827442 1412721954.89
12.4781106902 1412721955.03
12.5262744252 1412721955.15
12.4603189346 1412721955.28
12.4113523998 1412721955.38
12.284125411 1412721955.49
12.0682970033 1412721955.62
12.0680671285 1412721955.72
11.9735835215 1412721955.88
11.9733493637 1412721955.99
11.9481905136 1412721956.15
11.8054895393 1412721956.28
11.7567399295 1412721956.4
11.7549544511 1412721956.52
11.6808973565 1412721956.62
11.6793150833 1412721956.74
11.7015513644 1412721956.85
11.6839009544 1412721956.96
11.6320614536 1412721957.06
11.7251217185 1412721957.18
11.6083856388 1412721957.31
11.5806177154 1412721957.43
11.6064541986 1412721957.56
11.6136684063 1412721957.68
11.4865045112 1412721957.79
11.4602795278 1412721957.92
11.4876636827 1412721958.04
11.4610636912 1412721958.16
11.4885304085 1412721958.35
11.4888641187 1412721958.49
11.427141112 1412721958.61
11.4308819089 1412721958.74
11.3017178916 1412721958.87
11.3299011573 1412721959.0
11.2721020029 1412721959.12
11.2973350944 1412721959.25
11.2931978731 1412721959.38
11.3175170709 1412721959.5
11.2945299425 1412721959.61
11.3209414267 1412721959.74
11.2984538453 1412721959.9
11.263676263 1412721960.03
11.2839576776 1412721960.16
11.272232629 1412721960.33
11.2133713921 1412721960.48
11.1983605781 1412721960.62
11.1985940359 1412721960.76
11.1974405583 1412721960.88
11.1981752419 1412721961.01
11.0619241904 1412721961.14
11.1122082377 1412721961.27
11.0201621129 1412721961.42
11.0179667616 1412721961.55
11.0579799501 1412721961.7
11.0542040221 1412721961.87
11.0658529538 1412721962.01
10.9518266423 1412721962.17
10.9623940701 1412721962.35
10.9631800811 1412721962.54
10.9786657641 1412721962.71
10.9161402378 1412721962.87
10.9055556358 1412721963.02
10.9074230383 1412721963.14
10.9050256917 1412721963.28
10.916549652 1412721963.47
10.9168488388 1412721963.63
10.8615205887 1412721963.79
10.8650562096 1412721963.95
10.865300639 1412721964.11
10.8509079515 1412721964.29
10.9401530901 1412721964.44
10.9069821675 1412721964.56
10.9195287776 1412721964.66
10.9107624518 1412721964.79
10.9233969248 1412721964.93
10.8533074644 1412721965.03
10.8536592523 1412721965.16
10.8639675172 1412721965.29
10.8347690961 1412721965.48
10.8654395286 1412721965.65
10.8423544379 1412721965.79
10.8529932919 1412721965.92
10.8879241693 1412721966.1
10.855641682 1412721966.25
10.8672401625 1412721966.51
10.7927406291 1412721966.65
10.7692365945 1412721966.77
10.7670453474 1412721966.91
10.7605422404 1412721967.03
10.7595251425 1412721967.16
10.6958402122 1412721967.29
10.7002751226 1412721967.46
10.615174767 1412721967.65
10.6138448951 1412721967.8
10.6129150766 1412721967.91
10.5941020113 1412721968.05
10.593372087 1412721968.17
