50.5729150714 1412726889.06
50.156340679 1412726889.76
48.9632114977 1412726890.34
47.3379596483 1412726890.98
46.2447951652 1412726891.65
45.1322507497 1412726892.32
44.4257966731 1412726892.9
44.2531942917 1412726893.63
44.8624103793 1412726894.28
44.5973816664 1412726894.91
45.1219133051 1412726895.52
44.6074222428 1412726896.17
45.3079896782 1412726896.72
45.080218484 1412726897.34
45.3972882114 1412726897.92
45.2380486693 1412726898.54
45.7659557887 1412726899.17
45.4934258844 1412726899.77
45.7633701771 1412726900.53
45.9003224419 1412726901.18
46.1386701067 1412726901.87
46.2890933209 1412726902.45
46.851225768 1412726903.08
47.1275221503 1412726903.73
47.2259331755 1412726904.38
47.2633517967 1412726904.99
47.1459217633 1412726905.56
47.1407851102 1412726906.13
47.0160529429 1412726906.67
46.9345278945 1412726907.22
46.9405045849 1412726907.86
47.298352286 1412726908.47
46.9757502584 1412726909.14
47.9495479317 1412726909.8
48.825377075 1412726910.4
48.0302523881 1412726911.02
47.265025043 1412726911.66
46.6597924804 1412726912.23
47.3094745756 1412726912.87
45.9794444762 1412726913.69
46.3900748543 1412726914.43
45.8467407604 1412726915.13
46.2871845879 1412726915.7
45.9287033379 1412726916.42
46.2331482635 1412726917.03
46.09085456 1412726917.62
45.9419237636 1412726918.41
46.3281073433 1412726919.16
46.4111672217 1412726919.88
46.0790094732 1412726920.54
45.9956258151 1412726921.16
45.9846527986 1412726921.89
45.5825348818 1412726922.47
45.0539191893 1412726923.02
44.4913440534 1412726923.6
44.0124514511 1412726924.24
43.8164170634 1412726924.85
43.2300104534 1412726925.42
42.2886407738 1412726926.06
41.4009883819 1412726926.71
40.6354391218 1412726927.29
40.0936033609 1412726928.09
39.2618997336 1412726928.93
38.3108172697 1412726929.5
37.2650963052 1412726930.02
35.8438672907 1412726930.57
34.6688793583 1412726931.19
33.1243154499 1412726931.77
32.1838189095 1412726932.5
30.6901733349 1412726933.31
29.7177011816 1412726933.95
28.6584103585 1412726934.69
27.851969676 1412726935.31
27.2508326928 1412726935.98
26.4771700275 1412726936.6
25.7466725205 1412726937.21
25.044229398 1412726937.84
24.4460728166 1412726938.46
24.0390689779 1412726939.14
23.9434930151 1412726939.81
23.641687573 1412726940.44
23.6151423558 1412726941.03
23.4021538013 1412726941.62
23.0233496778 1412726942.24
22.5124288171 1412726942.88
22.3948513409 1412726943.51
22.2041201165 1412726944.17
21.8930859957 1412726944.9
22.1182800456 1412726945.59
21.8222875025 1412726946.4
21.5759142673 1412726947.05
21.3456404485 1412726947.8
21.2115556495 1412726948.54
21.013355934 1412726949.23
20.8304310091 1412726950.08
20.7306644567 1412726950.76
20.832034577 1412726951.57
20.7356126201 1412726952.42
20.5558882464 1412726953.1
20.7072273044 1412726953.91
20.6261348797 1412726954.92
20.7511116105 1412726955.79
20.7171614841 1412726956.56
20.5938242885 1412726957.55
20.1212582513 1412726958.51
19.943588998 1412726959.45
19.8734848031 1412726960.67
19.7787897419 1412726961.55
19.8574776212 1412726962.63
19.8239146301 1412726963.65
19.8943781747 1412726964.62
19.9449383344 1412726965.72
20.0532967673 1412726966.8
20.0551595917 1412726967.67
20.0383428403 1412726968.59
19.8750456621 1412726969.55
19.9410981877 1412726970.63
19.8710235948 1412726971.8
20.1388665765 1412726972.81
20.1950020537 1412726973.77
19.9571977291 1412726974.97
20.153543569 1412726975.86
19.9830135581 1412726976.85
19.8630456493 1412726978.04
19.9315401769 1412726979.36
19.9568858687 1412726980.57
19.7883095849 1412726981.55
19.6728379927 1412726982.55
19.7099539628 1412726983.58
19.649305051 1412726984.66
19.6870648793 1412726985.84
19.7390571053 1412726986.8
19.7398169624 1412726987.82
19.6686682149 1412726988.93
19.5814715794 1412726990.01
19.5511234053 1412726990.93
19.5177994777 1412726991.94
19.6519334983 1412726992.89
19.4893695961 1412726993.9
19.359210636 1412726994.92
19.2703676514 1412726995.88
19.3089819788 1412726997.03
19.2139069143 1412726998.03
19.2717791449 1412726999.14
19.1006165563 1412727000.06
19.0525877004 1412727000.95
19.0067791114 1412727001.83
18.9460120986 1412727002.96
18.7890428039 1412727003.89
18.923432481 1412727004.88
18.9771755923 1412727005.8
18.7894284654 1412727006.77
18.7736909695 1412727007.77
18.7934475454 1412727008.6
18.8241850033 1412727009.52
18.6145228472 1412727010.43
18.6435753575 1412727011.36
19.0161686038 1412727012.25
18.7527160549 1412727013.2
18.9247426156 1412727014.06
18.8033571443 1412727015.15
18.920791476 1412727016.1
18.871583814 1412727017.11
18.7440285769 1412727018.12
18.6131328305 1412727019.21
18.6183148921 1412727020.1
18.4860535878 1412727021.18
18.1668638563 1412727022.15
18.417707824 1412727023.21
17.9040677822 1412727024.24
18.0510961203 1412727025.4
17.9597539608 1412727026.51
18.2898756062 1412727027.51
18.188093301 1412727028.55
18.2041161013 1412727029.55
18.1383978608 1412727030.62
17.8707295055 1412727031.63
18.1420008365 1412727032.69
18.1439422956 1412727033.73
18.0672660371 1412727034.68
17.9064823829 1412727035.76
18.323522 1412727036.67
18.507017205 1412727037.66
18.4996705261 1412727038.58
18.34015057 1412727039.51
18.5553052547 1412727040.57
18.4594687337 1412727041.76
18.4164122164 1412727042.75
18.4408713413 1412727043.75
18.3294355338 1412727044.73
18.3593688298 1412727045.66
18.3223320742 1412727046.66
18.3582849188 1412727047.66
18.2723116055 1412727048.58
18.2371873902 1412727049.49
18.2035153506 1412727050.48
18.034083649 1412727051.46
18.0530080556 1412727052.4
18.01194447 1412727053.33
17.9675549336 1412727054.31
