60.1672416752 1412730781.18
55.2989344601 1412730782.08
57.1160252312 1412730782.76
57.796488834 1412730783.37
58.0089440188 1412730784.02
58.6722920434 1412730784.72
58.2520192813 1412730785.42
57.8584497704 1412730786.08
57.8341822306 1412730786.76
57.4881808429 1412730787.39
57.2324348006 1412730788.04
57.4353530993 1412730788.92
57.0176599585 1412730789.69
56.1847365152 1412730790.35
55.5842861905 1412730791.0
54.7598179095 1412730791.65
54.5603344253 1412730792.27
54.7452754923 1412730792.88
53.7151799885 1412730793.5
53.2420090576 1412730794.11
52.7728546206 1412730794.89
52.2824284046 1412730795.49
51.4397537429 1412730796.12
50.6294879337 1412730796.74
49.5476173848 1412730797.37
49.6221840488 1412730797.99
49.6391397048 1412730798.59
49.0456601766 1412730799.29
48.8008324505 1412730799.95
48.7468295892 1412730800.62
48.6204646755 1412730801.24
48.8950685518 1412730801.88
48.9420956325 1412730802.48
49.3231026871 1412730803.12
49.5359940248 1412730803.71
49.7966398725 1412730804.3
50.1002563474 1412730804.89
50.3413971078 1412730805.48
50.2039713514 1412730806.07
49.7856344159 1412730806.7
50.4495906569 1412730807.31
49.2040177709 1412730807.95
47.3799000147 1412730808.54
48.0671314004 1412730809.08
46.2195655352 1412730809.62
45.1943507247 1412730810.18
44.7124849192 1412730810.78
43.957506762 1412730811.34
43.2269636414 1412730811.87
42.2473054688 1412730812.42
41.7762639346 1412730812.99
41.5498830283 1412730813.59
41.2498815742 1412730814.18
41.0745717276 1412730814.85
40.5349584415 1412730815.46
40.0210503015 1412730816.05
39.7569505121 1412730816.73
39.2435526961 1412730817.51
38.352896021 1412730818.31
38.0931699546 1412730819.14
38.1656847176 1412730819.98
37.6887212606 1412730820.87
36.901733984 1412730821.8
37.2537455213 1412730822.71
37.2760827415 1412730823.58
37.0020002347 1412730824.46
36.4401123126 1412730825.36
36.1759407247 1412730826.29
35.8460253119 1412730827.14
35.6201059388 1412730828.11
35.1872861904 1412730829.05
34.9466863167 1412730830.0
34.3910490193 1412730830.93
34.5025494384 1412730831.89
34.8496937908 1412730832.86
34.8598237369 1412730833.86
34.3922334574 1412730834.8
34.0541778158 1412730835.74
34.2236896758 1412730836.75
34.0370724136 1412730837.61
34.1823161189 1412730838.48
34.2460989612 1412730839.34
33.5186499241 1412730840.17
33.447226576 1412730841.01
33.5422789116 1412730841.87
33.6651830493 1412730842.68
33.7243772734 1412730843.52
33.7918232218 1412730844.31
33.7392270422 1412730845.09
33.4386646432 1412730845.88
33.4292618303 1412730846.69
33.3829417865 1412730847.52
33.1705741521 1412730848.36
33.1149975962 1412730849.11
33.198299111 1412730849.82
33.2231815254 1412730850.55
33.3130600698 1412730851.34
33.2233139892 1412730852.1
33.3192788756 1412730852.86
33.0711305921 1412730853.61
33.0807556693 1412730854.33
33.0053718572 1412730855.07
33.0627913513 1412730855.76
33.0821696029 1412730856.48
32.5131416121 1412730857.24
32.5363136969 1412730857.96
32.8022671532 1412730858.7
32.8250601786 1412730859.41
32.8384780888 1412730860.2
32.8778637699 1412730860.92
32.6284274411 1412730861.63
32.3987992773 1412730862.32
32.3341317855 1412730863.02
32.3018681904 1412730863.71
32.3417003676 1412730864.5
32.3163483262 1412730865.3
32.2473258563 1412730866.09
32.234644252 1412730866.87
32.2110500348 1412730867.65
32.243342802 1412730868.41
31.9746755287 1412730869.19
31.8541557502 1412730869.96
31.7525658757 1412730870.76
31.7752290445 1412730871.57
31.9888638947 1412730872.34
31.8015974232 1412730873.15
31.8156331764 1412730873.94
32.0357372602 1412730874.74
31.8567447769 1412730875.51
31.7691522008 1412730876.33
31.9810343644 1412730877.1
31.8050911443 1412730877.85
31.8375091374 1412730878.63
31.6797816134 1412730879.41
31.8989826857 1412730880.21
31.6852143405 1412730881.02
31.6938009455 1412730881.82
31.6897384235 1412730882.61
31.6270843129 1412730883.41
31.6629549399 1412730884.2
31.362357879 1412730884.98
31.3899116624 1412730885.77
31.2474472209 1412730886.61
31.2964675014 1412730887.4
31.31410368 1412730888.22
30.7810329365 1412730889.01
31.0276348169 1412730889.79
31.0313298596 1412730890.56
31.0396335846 1412730891.4
31.0802958475 1412730892.19
30.9027655825 1412730892.98
31.071382953 1412730893.78
31.0443621483 1412730894.58
31.0829954936 1412730895.34
31.0951784622 1412730896.14
31.0656101615 1412730896.92
30.9578448575 1412730897.7
31.0624602769 1412730898.5
30.6029767243 1412730899.33
31.1473176998 1412730900.15
30.7045313598 1412730900.94
30.7235596609 1412730901.74
30.6926653445 1412730902.54
30.6639660821 1412730903.33
30.672741283 1412730904.15
30.6562493583 1412730904.96
30.5199165061 1412730905.72
30.6295671793 1412730906.48
30.6212296375 1412730907.25
30.4789610179 1412730908.04
30.595302876 1412730908.83
30.5785402574 1412730909.62
30.4164195796 1412730910.42
30.4410114606 1412730911.19
30.4670146358 1412730911.95
30.4568040684 1412730912.75
30.4388601394 1412730913.54
30.5612095686 1412730914.36
30.7032987425 1412730915.16
30.6209373384 1412730915.99
31.0793928599 1412730916.81
30.946429771 1412730917.61
31.0104507141 1412730918.42
31.0249531424 1412730919.29
31.0382549932 1412730920.11
31.5068089374 1412730921.05
31.3751129124 1412730921.89
31.4012044036 1412730922.85
31.3918799497 1412730923.74
31.5298311128 1412730924.66
31.390272306 1412730925.6
31.4061993135 1412730926.54
31.376216388 1412730927.42
31.3990424174 1412730928.33
31.4065959521 1412730929.19
31.2957890746 1412730930.08
31.3389425176 1412730930.97
31.4671835744 1412730931.84
31.3793884332 1412730932.71
31.2354377933 1412730933.59
