34.5119590119 1412726095.6
35.7314103822 1412726096.16
35.8780650651 1412726096.83
34.8834708068 1412726097.33
33.795955579 1412726097.78
33.4906063164 1412726098.1
33.1905219358 1412726098.44
32.706132082 1412726098.9
32.6613319702 1412726099.4
33.8672337871 1412726099.93
34.095373867 1412726100.55
35.1389513632 1412726100.92
35.1854960949 1412726101.4
35.0542234332 1412726102.08
35.2472327109 1412726102.67
35.6451605521 1412726103.23
35.8082402454 1412726103.78
35.9549280811 1412726104.3
36.7190500023 1412726104.8
36.2155884643 1412726105.28
36.5268132068 1412726105.81
36.872179828 1412726106.44
36.7423188978 1412726106.98
37.38344042 1412726107.59
37.1671737381 1412726108.05
37.5003593757 1412726108.44
37.9421616248 1412726108.91
37.8602698941 1412726109.3
37.9457998589 1412726109.85
39.0150901556 1412726110.39
39.0984044694 1412726110.94
39.9725883281 1412726111.53
40.3120414228 1412726112.03
40.3122079893 1412726112.41
40.3213965539 1412726112.84
39.8899132425 1412726113.36
39.9496568802 1412726113.74
39.9552782913 1412726114.17
39.9441601461 1412726114.62
39.576371301 1412726115.05
39.6976326859 1412726115.44
39.6086033832 1412726115.83
40.0000359844 1412726116.21
39.9834745957 1412726116.59
39.9880262219 1412726116.98
39.9576370579 1412726117.39
39.8623698247 1412726117.9
39.904090425 1412726118.33
40.0117178838 1412726118.73
40.6520864647 1412726119.15
40.7301864855 1412726119.57
41.2104459367 1412726119.94
41.2121415855 1412726120.36
41.654367758 1412726120.78
41.2848489684 1412726121.23
41.3656093521 1412726121.62
41.2946206726 1412726122.04
40.8229830835 1412726122.42
40.9863973322 1412726122.95
41.2442187599 1412726123.51
41.2406556972 1412726124.07
41.8234149492 1412726124.69
42.8502398464 1412726125.29
37.6215372089 1412726125.89
36.230755551 1412726126.49
33.8805769445 1412726127.01
32.6843810585 1412726127.54
32.2762113735 1412726127.99
31.607138751 1412726128.37
31.118576994 1412726128.84
31.1165147317 1412726129.28
31.0146795381 1412726129.79
31.2388723029 1412726130.19
31.2052376349 1412726130.62
31.1474170817 1412726130.98
31.0701893656 1412726131.4
30.9490798568 1412726131.75
30.9490892943 1412726132.08
30.9823770725 1412726132.41
31.1991485794 1412726132.73
31.2204535963 1412726133.06
31.0592370916 1412726133.4
31.092433211 1412726133.75
31.2446997724 1412726134.09
31.1938296719 1412726134.48
31.1660092291 1412726134.84
31.0090517658 1412726135.2
30.9033042624 1412726135.63
30.7953626247 1412726136.06
30.7427564397 1412726136.43
30.7942507638 1412726136.78
30.7361887785 1412726137.22
30.9233729422 1412726137.66
30.8963048822 1412726138.14
31.0273794298 1412726138.56
31.0025532543 1412726138.99
31.088752004 1412726139.46
31.1641223611 1412726139.88
31.2237012283 1412726140.31
31.3655092174 1412726140.68
31.4867215439 1412726141.22
31.5266712382 1412726141.75
31.3951188456 1412726142.24
31.4832539147 1412726142.71
31.2653001552 1412726143.32
31.4028175698 1412726144.01
31.4472025018 1412726144.6
31.3330142905 1412726145.15
31.516741057 1412726145.72
31.3581471329 1412726146.27
31.3160507128 1412726146.75
31.3730314185 1412726147.36
31.3596462798 1412726147.96
31.4306783387 1412726148.36
31.4014371233 1412726148.77
31.4282636226 1412726149.17
31.4392408432 1412726149.57
31.3014213168 1412726149.99
31.3791160136 1412726150.4
31.3512265728 1412726150.81
31.399337109 1412726151.26
31.371371054 1412726151.79
31.2872077148 1412726152.28
31.336516453 1412726152.75
31.4408695566 1412726153.25
31.3568784019 1412726153.72
31.4606994402 1412726154.22
31.4240497869 1412726154.73
31.3329986677 1412726155.26
31.4155493393 1412726155.76
31.1190008323 1412726156.36
31.2842388646 1412726156.86
31.2599976759 1412726157.35
31.260120524 1412726157.89
31.3652661908 1412726158.38
31.4300318611 1412726158.88
31.3226462477 1412726159.36
31.4997163439 1412726159.86
31.2538896418 1412726160.35
31.2611604072 1412726160.84
31.212131831 1412726161.34
31.2353678391 1412726161.78
31.2275998445 1412726162.24
31.2742535563 1412726162.67
31.3031269318 1412726163.1
31.4509011994 1412726163.56
31.4529081561 1412726164.01
31.3980460445 1412726164.44
31.5459408567 1412726164.96
31.3387475013 1412726165.39
31.379502664 1412726165.86
31.3342685902 1412726166.3
31.3745053697 1412726166.78
31.3560949667 1412726167.25
31.4214872096 1412726167.71
31.4007722183 1412726168.15
31.3413747608 1412726168.61
31.3725502294 1412726169.03
31.4099716841 1412726169.46
31.5076685272 1412726169.92
31.6299015166 1412726170.35
31.4915917893 1412726170.75
31.6352053434 1412726171.18
31.5790424152 1412726171.61
31.4432309971 1412726172.05
31.3456856455 1412726172.49
31.4017545346 1412726172.93
31.3869105877 1412726173.36
31.2051819397 1412726173.8
31.1773515656 1412726174.22
30.9481705841 1412726174.67
30.866240371 1412726175.14
30.8284337898 1412726175.6
30.8426881704 1412726176.08
30.895755325 1412726176.54
30.805729318 1412726176.98
30.8354661717 1412726177.43
30.7867530811 1412726177.88
30.685709331 1412726178.34
30.6414794936 1412726178.8
30.6451106798 1412726179.23
30.504255709 1412726179.73
30.615932928 1412726180.2
30.5315311905 1412726180.64
30.4716118093 1412726181.08
30.4367146001 1412726181.53
30.4674050191 1412726182.02
30.4467356902 1412726182.5
30.3992919832 1412726182.97
30.4077483025 1412726183.44
30.5136643374 1412726183.87
30.4733276272 1412726184.33
30.3619413316 1412726184.73
30.2786991012 1412726185.15
30.3552730824 1412726185.61
30.2969137172 1412726186.07
30.3468821175 1412726186.53
30.2867750314 1412726186.99
30.5398470116 1412726187.42
30.6051233553 1412726187.88
