23.0424945339 1412734962.46
23.5869740047 1412734963.64
23.7821095804 1412734964.79
23.7482074208 1412734965.99
23.4818166693 1412734967.12
23.7292317352 1412734968.28
23.931461862 1412734969.44
24.0947664123 1412734970.5
24.1498848766 1412734971.56
24.3358786195 1412734972.72
24.2017826369 1412734973.8
23.3406133997 1412734974.89
22.670262738 1412734975.97
22.2034197836 1412734977.03
21.9994992459 1412734978.09
21.9931589035 1412734979.19
22.1966213073 1412734980.27
22.0103695123 1412734981.32
21.9311891157 1412734982.39
21.8970880124 1412734983.39
21.911153516 1412734984.4
21.8803749992 1412734985.41
21.3363518548 1412734986.48
20.7233835625 1412734987.54
20.1344379226 1412734988.6
19.5613161522 1412734989.59
19.1445301934 1412734990.66
19.2925543812 1412734991.69
19.3705616679 1412734992.69
19.7917697301 1412734993.76
20.0663143177 1412734994.85
19.6314741166 1412734995.92
20.2307956562 1412734996.97
19.2572973247 1412734998.07
20.5359188322 1412734999.19
17.4158648832 1412735000.27
15.6760009266 1412735001.39
20.4606443277 1412735002.49
13.4968791568 1412735003.61
13.0076212323 1412735004.66
12.3839761226 1412735005.71
12.1987773225 1412735006.76
11.8624012492 1412735007.83
11.530252723 1412735008.92
11.2390882209 1412735009.92
11.1341467403 1412735011.02
11.0150811004 1412735012.1
10.9794936784 1412735013.12
10.7509406757 1412735014.15
10.6983103196 1412735015.23
10.5391674121 1412735016.27
10.41236881 1412735017.37
10.4289209101 1412735018.45
10.2813481067 1412735019.49
10.1625423253 1412735020.52
10.0384970083 1412735021.51
10.0761586572 1412735022.56
9.94163987187 1412735023.61
9.86358934273 1412735024.62
9.65721456267 1412735025.6
9.65925029736 1412735026.55
9.65556789161 1412735027.55
9.64138601075 1412735028.52
9.65122975855 1412735029.48
9.61134493111 1412735030.46
9.6967468819 1412735031.45
9.67420906028 1412735032.48
9.6557955654 1412735033.49
9.69664693257 1412735034.48
9.64044575321 1412735035.47
9.65744953254 1412735036.5
9.74478634452 1412735037.51
9.60575520296 1412735038.52
9.60761149953 1412735039.56
9.51029758645 1412735040.57
9.54438250903 1412735041.62
9.47550790402 1412735042.66
9.41468223958 1412735043.71
9.37403474182 1412735044.77
9.36362010606 1412735045.78
9.29282017961 1412735046.86
9.3374907391 1412735047.91
9.32859872061 1412735048.95
9.25311053207 1412735049.93
9.21299474662 1412735050.96
9.15933011739 1412735052.01
9.09391664939 1412735053.07
9.0301190178 1412735054.23
9.05602605314 1412735055.46
8.93930267969 1412735056.71
8.92651324622 1412735057.95
8.94543967239 1412735059.23
8.92135417213 1412735060.48
8.91173701816 1412735061.77
8.78152118952 1412735063.05
8.90771148889 1412735064.26
8.73681370969 1412735065.52
8.81835934902 1412735066.77
8.76463171266 1412735068.08
8.70257212313 1412735069.32
8.6886736584 1412735070.61
8.75518249087 1412735071.92
8.64776585218 1412735073.21
8.69508613386 1412735074.46
8.67659880267 1412735075.69
8.70478090078 1412735076.94
8.63753220591 1412735078.2
8.69108927048 1412735079.44
8.62420256212 1412735080.7
8.64656074063 1412735081.98
8.64494383837 1412735083.19
8.61238979248 1412735084.34
8.65586754004 1412735085.47
8.60834947587 1412735086.66
8.67631663162 1412735087.81
8.59965706546 1412735088.98
8.6430427799 1412735090.16
8.58658618114 1412735091.28
8.52905239714 1412735092.38
8.52892614889 1412735093.49
8.52959011299 1412735094.65
8.46868246997 1412735095.85
8.4375399411 1412735097.07
8.468748354 1412735098.23
8.43747338682 1412735099.41
8.51326029799 1412735100.59
8.47537843459 1412735101.83
8.46293335966 1412735103.01
8.45295889918 1412735104.16
8.41813052881 1412735105.31
8.41937561263 1412735106.46
8.41173056493 1412735107.6
8.41299929264 1412735108.77
8.40950355804 1412735109.92
8.41427391552 1412735111.18
8.41890458304 1412735112.44
8.36341747968 1412735113.74
8.38836545232 1412735115.01
8.38288110735 1412735116.2
8.37421900795 1412735117.37
8.38008451401 1412735118.56
8.34212744747 1412735119.77
8.37866357499 1412735120.93
8.35836342936 1412735122.23
8.35802315211 1412735123.41
8.30204620776 1412735124.59
8.34502093023 1412735125.81
8.32622344696 1412735126.98
8.24572573208 1412735128.19
8.25101665336 1412735129.41
8.24633268402 1412735130.58
8.30244707152 1412735131.76
8.23603924486 1412735132.92
8.26671416269 1412735134.09
8.24837709738 1412735135.27
8.26826918409 1412735136.4
8.26793841614 1412735137.59
8.25218641793 1412735138.79
8.23704252484 1412735140.0
8.24182093529 1412735141.12
8.30254334376 1412735142.28
8.28820544686 1412735143.44
8.27036249353 1412735144.57
8.30017230257 1412735145.69
8.23739402912 1412735146.85
8.29128146886 1412735148.02
8.2064933039 1412735149.22
8.15396254712 1412735150.42
8.18320203999 1412735151.54
8.14888172396 1412735152.75
8.15530692584 1412735154.04
8.16227609419 1412735155.31
8.10884759011 1412735156.52
8.13090747477 1412735157.72
8.19895574436 1412735158.97
8.1904837457 1412735160.2
8.16313251987 1412735161.38
8.16163294766 1412735162.59
8.11356631276 1412735163.9
8.12863735012 1412735165.27
8.07327241271 1412735166.58
8.0755400697 1412735167.81
8.06047606169 1412735169.02
8.0830902701 1412735170.25
8.11200220744 1412735171.5
8.07829557152 1412735172.76
8.06901613904 1412735173.95
8.05422014607 1412735175.24
8.10651324227 1412735176.52
8.093367542 1412735177.74
8.09899826246 1412735178.95
8.06894520266 1412735180.17
8.09407191555 1412735181.41
8.09990562313 1412735182.67
8.08637371032 1412735183.93
8.09230666441 1412735185.15
8.07880733472 1412735186.35
8.0849089344 1412735187.7
8.0898077965 1412735188.93
8.05617214743 1412735190.16
