41.6161951992 1412729947.81
42.5610146522 1412729948.53
42.0756249726 1412729949.29
41.4288023608 1412729950.01
41.2217380342 1412729950.78
41.0987012838 1412729951.63
41.459687395 1412729952.41
41.4587801215 1412729953.14
41.2851848532 1412729953.86
41.2211263039 1412729954.53
40.9108186949 1412729955.2
40.9071198529 1412729955.95
40.4193626176 1412729956.72
40.20979123 1412729957.42
40.0604800428 1412729958.08
39.7825941942 1412729958.83
39.8344260584 1412729959.53
39.8053375229 1412729960.26
39.6130104873 1412729960.95
39.2982634262 1412729961.67
39.3238383118 1412729962.4
39.0069405489 1412729963.08
39.2020731849 1412729963.87
39.3092784741 1412729964.62
39.6147078223 1412729965.34
39.7587907188 1412729966.07
34.909496902 1412729966.76
36.3567660722 1412729967.46
34.4973229248 1412729968.12
35.1327700559 1412729968.82
35.4152566212 1412729969.54
34.6723218053 1412729970.24
32.9124881653 1412729970.94
34.038255559 1412729971.63
32.2452455807 1412729972.33
33.6253955532 1412729973.05
32.3418962789 1412729973.78
32.5757105487 1412729974.5
32.2946325976 1412729975.2
32.3051918388 1412729975.88
31.9039827121 1412729976.6
31.7573101361 1412729977.3
32.1659449281 1412729978.0
30.9042401889 1412729978.7
31.2226598237 1412729979.4
30.401041045 1412729980.1
30.4649504793 1412729980.8
29.7601232159 1412729981.53
29.8260928673 1412729982.24
29.5048552799 1412729982.95
29.6272553996 1412729983.65
29.3627081501 1412729984.33
29.5373422257 1412729984.98
29.2576683501 1412729985.64
29.2976299573 1412729986.33
29.2453621779 1412729987.01
29.5693390166 1412729987.67
29.2560821888 1412729988.41
28.8525729254 1412729989.14
28.9631181792 1412729989.88
28.5951019856 1412729990.67
28.464781466 1412729991.39
28.2104680002 1412729992.07
27.9127073669 1412729992.8
27.5216961365 1412729993.49
27.4686777657 1412729994.2
27.3728969913 1412729994.87
27.5244572875 1412729995.56
27.7365310061 1412729996.22
27.7493056281 1412729996.95
27.6462928114 1412729997.69
27.2406188393 1412729998.37
26.8481500896 1412729999.08
26.4929989308 1412729999.79
25.8993720927 1412730000.49
25.5994989175 1412730001.16
25.353029611 1412730001.87
25.2778174173 1412730002.57
25.2205184982 1412730003.3
25.1955622201 1412730004.02
24.7557092561 1412730004.75
24.4186208415 1412730005.44
24.5721091442 1412730006.12
24.2978938946 1412730006.84
24.3214473611 1412730007.51
24.2839668236 1412730008.26
24.6742190709 1412730008.93
24.8013485747 1412730009.61
24.8849871857 1412730010.33
24.7194031044 1412730010.98
24.9641565826 1412730011.71
25.0677682524 1412730012.42
24.8897101337 1412730013.14
24.7526711396 1412730013.86
24.6136717626 1412730014.55
24.2938182634 1412730015.23
24.0890225421 1412730015.94
23.931635491 1412730016.62
23.8420156385 1412730017.29
23.7941374461 1412730017.97
23.6570432526 1412730018.68
23.552824485 1412730019.35
23.4485192546 1412730020.01
23.4326692348 1412730020.68
23.4094364504 1412730021.36
23.299853346 1412730022.02
23.3135623967 1412730022.73
23.2275059006 1412730023.36
23.0488823367 1412730024.01
22.9879670316 1412730024.71
22.7965677496 1412730025.41
22.6675407389 1412730026.09
22.5270949029 1412730026.78
22.4455694521 1412730027.47
22.3687908827 1412730028.15
22.3569450098 1412730028.84
22.4896340993 1412730029.59
22.5564394452 1412730030.26
22.4266961141 1412730030.95
22.203688215 1412730031.68
22.2348127125 1412730032.42
22.0026710026 1412730033.13
21.8305171449 1412730033.83
21.8903254197 1412730034.5
21.7356478336 1412730035.23
21.6166051986 1412730035.92
21.569509596 1412730036.66
21.5104866491 1412730037.42
21.3318859883 1412730038.14
21.4352533487 1412730038.81
21.3776266234 1412730039.51
21.2368805212 1412730040.19
21.2861541312 1412730040.84
21.1541065902 1412730041.55
21.1011916885 1412730042.26
21.0971194556 1412730043.0
21.148106952 1412730043.71
21.1013059279 1412730044.39
20.9605341018 1412730045.05
20.8467751741 1412730045.73
20.8416303287 1412730046.41
20.7118721701 1412730047.08
20.7802943163 1412730047.72
20.6974272074 1412730048.41
20.7617178212 1412730049.05
20.6151790812 1412730049.75
20.5301792203 1412730050.44
20.4916303742 1412730051.11
20.5119256777 1412730051.86
20.5445517378 1412730052.57
20.4012774188 1412730053.25
20.4259130463 1412730053.96
20.5340882396 1412730054.61
20.4027141681 1412730055.35
20.4386769646 1412730056.07
20.3684406208 1412730056.77
20.2716259479 1412730057.49
20.2708526624 1412730058.17
20.1150275399 1412730058.89
20.2601639808 1412730059.55
20.1321719524 1412730060.27
20.0965001757 1412730061.0
20.0906284711 1412730061.75
20.0134834397 1412730062.49
19.976157631 1412730063.18
20.0100495567 1412730063.88
20.1151972687 1412730064.59
20.0385800602 1412730065.32
19.9167631735 1412730066.04
19.9546314136 1412730066.78
20.0403846118 1412730067.49
19.9280585027 1412730068.16
19.8729811049 1412730068.85
19.9721759199 1412730069.52
19.7955982509 1412730070.24
19.8916064901 1412730070.93
19.6519840423 1412730071.67
19.8139039371 1412730072.36
19.6180328745 1412730073.04
19.7715543331 1412730073.73
19.56696493 1412730074.4
19.6679615021 1412730075.01
19.5439773127 1412730075.72
19.4141903261 1412730076.5
19.45548085 1412730077.26
19.3386744341 1412730077.92
19.4074656094 1412730078.65
19.4616828676 1412730079.39
19.3540765419 1412730080.12
19.36466799 1412730080.84
19.2623218881 1412730081.51
19.2576579698 1412730082.21
19.1638723311 1412730082.9
19.0595645998 1412730083.58
19.094060333 1412730084.31
19.0411682992 1412730085.02
18.9770449425 1412730085.68
18.9931977047 1412730086.38
18.909316533 1412730087.08
18.9171812741 1412730087.77
