5.09042244881 1412721744.19
6.08982065298 1412721744.31
6.29779263507 1412721744.41
5.96745610159 1412721744.52
5.87382548674 1412721744.63
5.5064450625 1412721744.75
5.73467143952 1412721744.86
6.09567893118 1412721744.99
6.60318833694 1412721745.16
7.13203175125 1412721745.39
7.00278332776 1412721745.63
6.82258966007 1412721745.86
6.96571612588 1412721746.08
7.14339858884 1412721746.3
7.40088272893 1412721746.48
7.67545132855 1412721746.7
7.94306396397 1412721746.83
8.34386830687 1412721746.99
8.34932085866 1412721747.15
8.49497712878 1412721747.28
8.74781173827 1412721747.44
9.0246371837 1412721747.58
9.22161056157 1412721747.7
9.31961362739 1412721747.81
9.53171602764 1412721747.94
9.59644781038 1412721748.08
9.89606193464 1412721748.21
9.82222527587 1412721748.3
9.6946790539 1412721748.4
9.74797602337 1412721748.49
9.92882629409 1412721748.58
9.95267806 1412721748.71
10.0438058318 1412721748.85
10.3679999694 1412721749.0
10.5923928634 1412721749.14
10.9088228976 1412721749.26
11.4769746019 1412721749.37
11.7831347192 1412721749.48
12.0261173426 1412721749.61
12.2615704935 1412721749.71
12.439784424 1412721749.82
12.6175634003 1412721749.95
12.7395273248 1412721750.07
12.8479885893 1412721750.2
12.9103958826 1412721750.37
12.9552045515 1412721750.46
12.9500253754 1412721750.57
13.1301486215 1412721750.7
13.1313744945 1412721750.81
13.1300289645 1412721750.92
13.1249148403 1412721751.03
13.1141089206 1412721751.18
13.1052160951 1412721751.31
13.0953282474 1412721751.42
13.0845841405 1412721751.53
13.0735183292 1412721751.63
13.0674117634 1412721751.75
13.0840604056 1412721751.86
13.0712469249 1412721751.96
13.0584631643 1412721752.05
13.0457324923 1412721752.15
13.0331254795 1412721752.25
12.9552851839 1412721752.37
12.9366314601 1412721752.51
12.9162966001 1412721752.59
12.9051005997 1412721752.72
12.8576661177 1412721752.84
12.8479231934 1412721752.95
12.8349064246 1412721753.04
12.8589677706 1412721753.15
13.0442682603 1412721753.36
12.8343558336 1412721753.49
12.8266368578 1412721753.62
12.8098026515 1412721753.72
12.7931422769 1412721753.86
12.7766819682 1412721753.98
12.7600867692 1412721754.1
12.9319059816 1412721754.46
12.9249342273 1412721754.66
12.9179827879 1412721754.78
12.9109385599 1412721754.93
12.9038184213 1412721755.07
12.8964935307 1412721755.21
12.8891142932 1412721755.37
12.8814794535 1412721755.46
12.6941958918 1412721755.58
12.6907386459 1412721755.71
12.6867157058 1412721755.82
12.6819417534 1412721755.93
12.7264237379 1412721756.04
12.7195919375 1412721756.16
12.711391953 1412721756.25
12.7015525658 1412721756.39
12.6895550143 1412721756.49
12.7085757206 1412721756.59
12.6867974687 1412721756.72
12.6403720452 1412721756.84
12.6042365561 1412721756.95
12.5424439582 1412721757.07
12.4992010444 1412721757.21
12.4344396786 1412721757.36
12.3505504398 1412721757.47
12.2383861152 1412721757.61
12.2400797387 1412721757.73
12.1036551423 1412721757.84
11.962035341 1412721757.96
11.9978369194 1412721758.08
11.8206939582 1412721758.22
11.6841662181 1412721758.38
11.5028792378 1412721758.54
11.3513878334 1412721758.71
11.1413731127 1412721758.88
11.0238905347 1412721758.99
10.9168340107 1412721759.13
10.8403624866 1412721759.24
10.8649846334 1412721759.39
10.7993768077 1412721759.54
10.7515767866 1412721759.66
10.8602057078 1412721759.79
10.9520605826 1412721759.91
10.9107406151 1412721760.06
11.0340998072 1412721760.19
11.4228341667 1412721760.35
11.6002864389 1412721760.47
11.7861473966 1412721760.59
11.8169943825 1412721760.73
11.847180079 1412721760.85
33.8936938521 1412721760.97
34.8138212226 1412721761.08
35.3444537599 1412721761.22
35.9172415833 1412721761.33
36.4860486678 1412721761.46
36.8886818607 1412721761.56
37.7333284083 1412721761.68
38.0354441273 1412721761.81
38.3536049448 1412721761.93
38.691090728 1412721762.04
38.8784344458 1412721762.14
39.0461758115 1412721762.25
38.8456801515 1412721762.39
39.0009298709 1412721762.52
39.1387279084 1412721762.67
39.2609265728 1412721762.83
39.3513314558 1412721762.96
39.3813414373 1412721763.07
39.3611129477 1412721763.2
39.3885734004 1412721763.29
39.50251448 1412721763.4
39.5570874742 1412721763.51
39.6455563723 1412721763.62
39.7234353753 1412721763.73
39.7094027964 1412721763.84
39.7290740882 1412721763.95
39.5265944323 1412721764.06
39.6004485624 1412721764.17
39.6185497617 1412721764.29
39.5682798051 1412721764.43
39.6367807699 1412721764.52
39.7044703445 1412721764.62
39.8070497686 1412721764.74
39.8293858023 1412721764.85
39.8497075667 1412721764.96
39.8476951214 1412721765.07
39.8738779284 1412721765.18
39.8300666928 1412721765.27
39.8536580578 1412721765.39
39.7947610034 1412721765.5
39.6940506389 1412721765.61
39.6974973811 1412721765.71
39.7737618159 1412721765.82
39.7836195316 1412721765.92
39.7934953913 1412721766.02
39.8055910952 1412721766.14
39.8146253186 1412721766.27
39.8041723301 1412721766.39
39.8120438423 1412721766.5
39.8199262935 1412721766.61
39.8276746154 1412721766.74
39.8356206059 1412721766.83
39.7832655815 1412721766.94
39.7894857458 1412721767.06
39.696671474 1412721767.16
39.704353262 1412721767.26
39.7120727737 1412721767.38
39.7064558813 1412721767.5
39.6829425098 1412721767.67
39.6474890773 1412721767.79
39.1127012103 1412721767.89
39.1211720171 1412721768.01
39.0853394109 1412721768.1
38.9476394899 1412721768.22
38.963864016 1412721768.35
38.9720291773 1412721768.46
38.939930023 1412721768.58
38.7191393045 1412721768.7
38.7401994045 1412721768.82
38.7130017102 1412721768.92
38.6416304382 1412721769.04
38.6664751002 1412721769.14
38.5263617021 1412721769.25
