23.835645062 1412725698.51
24.5705002565 1412725698.88
25.1571023279 1412725699.19
25.0928781745 1412725699.5
25.8223827909 1412725699.85
25.2678850121 1412725700.19
25.6967530237 1412725700.52
24.9929985211 1412725700.86
24.3744072445 1412725701.17
24.2710793869 1412725701.5
24.2678733764 1412725701.83
23.8124478516 1412725702.14
24.6630994068 1412725702.45
24.9964643229 1412725702.76
25.3316859308 1412725703.06
26.2558859484 1412725703.36
26.4510824852 1412725703.67
26.4464148875 1412725703.95
26.9418095864 1412725704.26
27.2390798474 1412725704.58
27.6743349878 1412725704.87
26.9080109266 1412725705.18
26.3396487821 1412725705.5
26.4092363151 1412725705.79
26.3561918088 1412725706.11
26.2132557959 1412725706.41
25.9404695437 1412725706.72
25.5505310933 1412725707.03
25.3166517128 1412725707.35
25.1554736835 1412725707.66
24.3628171149 1412725707.98
24.2382626558 1412725708.3
24.2977516235 1412725708.61
24.2019142044 1412725708.93
24.0831687478 1412725709.23
23.7619610408 1412725709.55
23.8441547437 1412725709.83
23.6434286936 1412725710.15
23.6979254067 1412725710.45
23.8151811057 1412725710.78
23.6635464151 1412725711.1
23.6033776233 1412725711.4
23.675427768 1412725711.71
23.5659640622 1412725712.02
23.4660901841 1412725712.34
23.469429024 1412725712.65
23.40624751 1412725712.98
23.4114512628 1412725713.29
23.3423912307 1412725713.62
23.1679752889 1412725713.92
23.2334963052 1412725714.25
23.3219534809 1412725714.53
23.1703229065 1412725714.86
23.2093335832 1412725715.18
23.374684558 1412725715.51
23.2741613632 1412725715.83
23.1449734796 1412725716.11
23.0368256477 1412725716.42
23.0109097243 1412725716.71
22.7595761729 1412725717.0
22.6614071647 1412725717.34
22.3068537818 1412725717.65
22.2259671536 1412725717.97
22.1311764651 1412725718.28
22.0504785034 1412725718.59
22.2491182807 1412725718.9
22.1439197306 1412725719.21
22.0081144912 1412725719.53
22.1023213786 1412725719.86
22.0184960337 1412725720.18
22.0047796797 1412725720.5
21.9026810038 1412725720.84
21.8924862002 1412725721.21
21.7383178078 1412725721.54
21.7293170073 1412725721.88
21.9875550593 1412725722.24
21.8239485566 1412725722.59
21.763890387 1412725722.94
21.6809291893 1412725723.28
21.7061037088 1412725723.61
21.746811708 1412725723.95
21.4952595414 1412725724.29
21.4630371655 1412725724.62
21.3654811898 1412725724.94
21.259401317 1412725725.29
21.1246906158 1412725725.63
21.0822921674 1412725725.98
20.8258009032 1412725726.32
20.7122543067 1412725726.64
20.3598921172 1412725726.96
20.2733072766 1412725727.29
20.0024322622 1412725727.59
20.0426140516 1412725727.95
19.8991015135 1412725728.33
19.7943235633 1412725728.68
19.610367628 1412725729.1
19.3223000006 1412725729.5
19.275391668 1412725729.86
19.2561354932 1412725730.22
19.3616223 1412725730.61
19.2539095453 1412725731.15
19.1563173174 1412725731.93
19.1261083033 1412725732.72
19.0766002157 1412725733.45
19.0207723992 1412725733.93
18.7422484278 1412725734.37
18.6252856437 1412725734.77
18.6855070021 1412725735.16
18.6931799924 1412725735.59
18.7237743327 1412725736.04
18.7615847947 1412725736.46
18.7615374939 1412725736.81
18.7372601691 1412725737.16
18.8112075969 1412725737.52
18.8899056178 1412725737.89
18.858226374 1412725738.25
18.9039841732 1412725738.66
18.9472158858 1412725738.98
18.9371904495 1412725739.33
18.7695789628 1412725739.69
18.7458785833 1412725740.05
18.7396738321 1412725740.44
18.8073630559 1412725740.8
18.8195448743 1412725741.19
19.0003691883 1412725741.59
19.0374179621 1412725741.92
18.9962559717 1412725742.27
19.0680115064 1412725742.63
18.9740696087 1412725742.97
18.9283949643 1412725743.3
18.7761827594 1412725743.67
18.6337799206 1412725744.01
18.7173755081 1412725744.35
18.8367841305 1412725744.7
18.7121996044 1412725745.08
18.8328602795 1412725745.43
18.7937969318 1412725745.77
18.749933503 1412725746.13
18.6230530467 1412725746.48
18.7431611178 1412725746.82
18.6159015643 1412725747.16
18.6940098648 1412725747.52
18.6379269128 1412725747.89
18.6602012152 1412725748.23
18.8183446273 1412725748.58
18.7637874334 1412725748.93
18.6409267822 1412725749.27
18.7316942847 1412725749.64
18.6512972059 1412725749.97
18.8059414335 1412725750.34
18.6894929389 1412725750.7
18.6363282087 1412725751.05
18.6467358835 1412725751.39
18.5597924337 1412725751.74
18.3219001033 1412725752.09
18.3546948324 1412725752.45
18.2427482978 1412725752.79
18.3308491781 1412725753.13
18.1951954201 1412725753.48
18.1254479763 1412725753.84
18.0087464815 1412725754.18
17.9622556197 1412725754.53
17.861083451 1412725754.92
17.7323902006 1412725755.29
17.8135024037 1412725755.65
17.5905203015 1412725756.01
17.6367189288 1412725756.36
17.4817399691 1412725756.71
17.3899265431 1412725757.08
17.2085925696 1412725757.44
17.2450328212 1412725757.8
17.4975350147 1412725758.17
17.3364096397 1412725758.53
17.4035172922 1412725758.87
17.369067522 1412725759.21
17.3308215307 1412725759.57
17.2429559753 1412725759.91
17.0458497535 1412725760.26
16.9387732227 1412725760.62
16.8165842713 1412725760.96
16.7053801085 1412725761.29
16.8665570432 1412725761.64
16.7780628116 1412725761.98
16.6641719065 1412725762.31
16.7690830268 1412725762.65
16.7384358941 1412725762.98
16.6977000117 1412725763.31
16.6007085658 1412725763.66
16.6833771634 1412725763.99
16.5767711639 1412725764.33
16.7550301878 1412725764.68
16.6243399433 1412725765.0
16.7284202812 1412725765.34
16.5422009857 1412725765.67
16.7525583441 1412725766.02
16.609299187 1412725766.34
16.5091549944 1412725766.68
16.6577013662 1412725767.01
16.6027141858 1412725767.34
16.6708439639 1412725767.69
