32.7266192517 1412722951.72
29.962849439 1412722952.04
25.7423901679 1412722952.34
24.1155833078 1412722952.62
23.7717865208 1412722952.91
23.5890266802 1412722953.24
23.7270371241 1412722953.53
23.9469779348 1412722953.84
23.9322284736 1412722954.13
23.791740423 1412722954.43
23.6718098449 1412722954.72
23.6564018577 1412722954.99
23.6144745481 1412722955.28
23.5908840813 1412722955.57
23.3925680182 1412722955.85
22.9559698936 1412722956.14
22.8768461583 1412722956.42
22.4695712842 1412722956.7
22.5021015406 1412722956.98
22.4149110054 1412722957.26
22.0420011181 1412722957.54
21.8261473294 1412722957.83
21.5782009648 1412722958.17
21.3070688426 1412722958.45
21.0399900843 1412722958.73
20.6076461868 1412722958.99
20.3527050753 1412722959.29
20.0816425474 1412722959.69
20.1038270748 1412722960.08
19.9454108366 1412722960.37
19.7337927606 1412722960.68
19.3529267242 1412722960.95
19.4223613581 1412722961.26
19.7346855111 1412722961.56
19.8909968284 1412722961.86
20.2098989794 1412722962.15
19.8788670015 1412722962.44
20.1367505893 1412722962.71
20.491698302 1412722963.01
20.1913013239 1412722963.28
20.4677307545 1412722963.55
20.2380536144 1412722963.83
20.5198023708 1412722964.1
20.3011088231 1412722964.4
20.5063270196 1412722964.69
20.2337870601 1412722964.97
20.4671093274 1412722965.24
20.6567728842 1412722965.5
20.3555728755 1412722965.81
20.6000701287 1412722966.1
20.2434227016 1412722966.45
20.4977997238 1412722966.75
20.2865507562 1412722967.08
20.5186734171 1412722967.4
20.3568414484 1412722967.69
20.5931648237 1412722967.99
20.3827849704 1412722968.27
20.5689252528 1412722968.57
20.3394772709 1412722968.86
20.43774362 1412722969.15
20.5738018629 1412722969.45
20.356880382 1412722969.74
20.4708413415 1412722970.05
20.5899086346 1412722970.46
20.4073868688 1412722970.76
20.4439505711 1412722971.04
20.3507984558 1412722971.31
20.2886595698 1412722971.59
20.0733012395 1412722971.86
20.0845859709 1412722972.14
19.8872361833 1412722972.4
19.7735280007 1412722972.69
19.5071248302 1412722972.97
19.2971889508 1412722973.21
19.0609347984 1412722973.48
18.8170110092 1412722973.78
18.3687063385 1412722974.11
18.0403070026 1412722974.47
17.4720808121 1412722974.8
16.941748168 1412722975.06
16.4785458753 1412722975.33
16.5082620324 1412722975.59
16.6602579415 1412722975.86
17.3547561528 1412722976.12
18.4224159274 1412722976.4
18.8199376724 1412722976.69
19.2238078136 1412722976.97
18.9692661628 1412722977.24
19.3268946148 1412722977.53
19.1561721661 1412722977.85
18.9334308815 1412722978.13
19.2756317613 1412722978.43
19.152390145 1412722978.76
19.4398007137 1412722979.06
19.3285463448 1412722979.32
19.1920768729 1412722979.63
19.4571614815 1412722979.93
19.3180541008 1412722980.2
19.1588326493 1412722980.5
19.4221309533 1412722980.79
19.3066523411 1412722981.11
19.4507755482 1412722981.44
19.2756225216 1412722981.74
19.1469188118 1412722982.04
18.9976116051 1412722982.31
19.1480382182 1412722982.58
19.0148448762 1412722982.89
19.1914909989 1412722983.16
19.0137042603 1412722983.43
18.842636671 1412722983.71
18.9541899587 1412722983.98
19.1308718129 1412722984.27
19.0313370228 1412722984.56
19.2188574158 1412722984.89
19.1465899235 1412722985.15
19.0664434593 1412722985.43
19.2033569979 1412722985.73
19.1380844709 1412722985.99
19.3290120504 1412722986.25
19.2427682149 1412722986.55
19.094701538 1412722986.82
19.0575740582 1412722987.08
19.1900383057 1412722987.36
19.1452560897 1412722987.65
19.1207381119 1412722987.94
19.2451224138 1412722988.23
19.3464390217 1412722988.51
19.1471019359 1412722988.8
19.1335854176 1412722989.05
19.0255260855 1412722989.31
19.1334624434 1412722989.57
19.102058819 1412722989.87
18.9605592258 1412722990.18
18.8590533029 1412722990.74
18.9630975318 1412722991.25
18.9269047215 1412722991.56
19.0297627354 1412722991.89
18.9872709998 1412722992.2
19.0792958875 1412722992.52
19.0391972069 1412722992.83
18.9918405786 1412722993.15
19.0961107182 1412722993.43
19.0293204999 1412722993.74
18.9970047187 1412722994.02
18.9443893842 1412722994.35
19.0527956142 1412722994.66
19.0106827949 1412722994.95
18.9551177522 1412722995.32
19.054157325 1412722995.64
18.7359611277 1412722995.91
18.9674743139 1412722996.2
18.7771157231 1412722996.53
18.8663900585 1412722996.91
18.9522133976 1412722997.21
18.9134634765 1412722997.54
18.9747336749 1412722997.82
18.9398968423 1412722998.13
18.6503539559 1412722998.42
18.5933669591 1412722998.7
18.5355503009 1412722999.02
18.6143607181 1412722999.32
18.5584040814 1412722999.62
18.6364315688 1412722999.92
18.4085492315 1412723000.22
18.476968876 1412723000.53
18.5059658778 1412723000.82
18.458987486 1412723001.12
18.5341097745 1412723001.41
18.4884680943 1412723001.7
18.5635526113 1412723001.99
18.5205157952 1412723002.28
18.5936737419 1412723002.59
18.5500973359 1412723002.88
18.6230747347 1412723003.17
18.5459705555 1412723003.48
18.6160743968 1412723003.76
18.2480283413 1412723004.04
18.1997112828 1412723004.35
18.1366251927 1412723004.65
18.0477185442 1412723004.96
17.7020277576 1412723005.25
17.755050898 1412723005.56
17.8456362899 1412723005.89
17.9098462906 1412723006.28
17.8666471891 1412723006.58
17.9306476943 1412723006.9
17.8705641564 1412723007.21
18.0199856497 1412723007.51
17.874976794 1412723007.82
18.043270339 1412723008.11
18.0480667448 1412723008.41
17.9844329534 1412723008.72
17.8367431959 1412723009.03
18.002467163 1412723009.35
17.9481029548 1412723009.63
18.0221362633 1412723009.92
17.9830065158 1412723010.21
18.0395612317 1412723010.5
18.0010495969 1412723010.78
17.9903414248 1412723011.07
