31.9025685166 1412743142.01
32.247372855 1412743143.07
31.601077674 1412743144.11
31.8808412825 1412743145.1
32.6071688991 1412743146.11
32.7653935912 1412743147.1
33.0162250126 1412743148.11
33.1085431045 1412743149.07
33.3024041212 1412743150.1
33.181482027 1412743151.04
33.0885732661 1412743152.02
32.7542829904 1412743152.91
32.3911419159 1412743153.82
32.0434431226 1412743154.71
32.0974681551 1412743155.64
31.7671644881 1412743156.51
31.6412594421 1412743157.43
31.5279042804 1412743158.35
31.4182258889 1412743159.28
31.352746809 1412743160.26
31.4107623742 1412743161.28
31.1660361047 1412743162.32
31.1566192866 1412743163.33
31.0535120059 1412743164.36
31.0998303332 1412743165.31
30.8674285223 1412743166.32
30.6885547721 1412743167.32
30.5633418583 1412743168.27
30.5180646185 1412743169.25
30.3055983558 1412743170.19
30.2747975997 1412743171.18
30.3454853978 1412743172.14
30.5120381069 1412743173.09
30.5803920043 1412743174.04
30.3988599829 1412743174.99
30.0723729643 1412743175.94
29.9612372888 1412743176.9
29.741351835 1412743177.83
29.3975712584 1412743178.79
29.1028843313 1412743179.82
28.5257777959 1412743180.94
28.1567040299 1412743182.08
28.0150349719 1412743183.23
27.8973056434 1412743184.37
27.7372636516 1412743185.46
27.2538510727 1412743186.56
27.1154329921 1412743187.7
26.96649274 1412743188.83
26.8528198655 1412743189.97
26.8361801646 1412743191.1
26.9980753542 1412743192.28
26.50557452 1412743193.44
26.3455099084 1412743194.55
25.9469029607 1412743195.65
25.5020554545 1412743196.72
25.1237597972 1412743197.73
24.6354763197 1412743198.73
24.1555308942 1412743199.73
23.9982159055 1412743200.71
23.7853772534 1412743201.78
23.4999815184 1412743202.87
23.3056362096 1412743203.98
23.1785127974 1412743205.0
22.8621692973 1412743206.07
22.6563497154 1412743207.11
22.5089830888 1412743208.12
22.3250389705 1412743209.13
22.0946649952 1412743210.12
21.8047307001 1412743211.13
21.5357589284 1412743212.13
21.4247879271 1412743213.17
21.2679826683 1412743214.27
21.1105367432 1412743215.29
20.9134055129 1412743216.25
20.838247715 1412743217.28
20.7557596253 1412743218.28
20.644116957 1412743219.27
20.4873989645 1412743220.26
20.3809357993 1412743221.26
20.3973378145 1412743222.24
20.1082572155 1412743223.22
19.8746407528 1412743224.21
19.7549059828 1412743225.17
19.7097030317 1412743226.15
19.5903328892 1412743227.13
19.5273094013 1412743228.11
19.4286862331 1412743229.11
19.2527089013 1412743230.1
19.2153467605 1412743231.09
19.1725330153 1412743232.01
19.0733440483 1412743233.01
19.0357120591 1412743234.01
19.0811649435 1412743235.02
19.0197742751 1412743236.0
18.9487765117 1412743236.97
18.8838312408 1412743237.91
18.910490963 1412743238.89
18.8434071139 1412743239.89
18.8114882224 1412743240.87
18.7323939432 1412743241.85
18.726874912 1412743242.77
18.6844898541 1412743243.81
18.6542471916 1412743244.82
18.5319526105 1412743245.8
18.687809969 1412743246.73
18.6040755116 1412743247.71
18.6247896194 1412743248.66
18.4776561417 1412743249.59
18.5385651095 1412743250.55
18.535809341 1412743251.5
18.5120819072 1412743252.48
18.5472275055 1412743253.45
18.5485946693 1412743254.38
18.5147524475 1412743255.28
18.4458440551 1412743256.2
18.4332936081 1412743257.17
18.454490432 1412743258.08
18.3776583626 1412743259.03
18.4643195692 1412743260.0
18.4345070001 1412743260.96
18.3144347755 1412743261.88
18.3128957486 1412743262.85
18.3296815308 1412743263.86
18.2735347627 1412743264.8
18.1863034288 1412743265.76
18.1773218978 1412743266.68
18.1079845562 1412743267.59
18.1744008558 1412743268.52
18.1359786696 1412743269.44
18.1372583395 1412743270.36
18.0490484298 1412743271.25
18.0372978161 1412743272.19
17.9839963838 1412743273.12
17.9311115124 1412743274.07
17.8621723291 1412743274.99
17.8063332978 1412743275.92
17.7878625599 1412743276.84
17.7464765102 1412743277.78
17.7240487466 1412743278.68
17.5908030784 1412743279.57
17.6612739172 1412743280.51
17.5855211659 1412743281.42
17.5950305991 1412743282.32
17.4841807432 1412743283.26
17.5407014913 1412743284.18
17.5826409418 1412743285.15
17.4997087186 1412743286.02
17.4524485994 1412743286.91
17.4820020074 1412743287.86
17.4578343183 1412743288.84
17.421149527 1412743289.8
17.3944693269 1412743290.74
17.3823706669 1412743291.69
17.3210755467 1412743292.62
17.2717489351 1412743293.59
17.2260417654 1412743294.55
17.1800958364 1412743295.54
17.1106728476 1412743296.46
17.0597037672 1412743297.42
16.9762240802 1412743298.38
16.9403051029 1412743299.37
16.8786587173 1412743300.26
16.8243913901 1412743301.17
16.7684750304 1412743302.09
16.7032472127 1412743303.03
16.6709908032 1412743303.96
16.6220447033 1412743304.9
16.550728808 1412743305.79
16.5107848084 1412743306.67
16.4255594651 1412743307.55
16.3131612653 1412743308.44
16.3042150471 1412743309.37
16.2936233558 1412743310.32
16.1731083564 1412743311.24
16.2097389688 1412743312.15
16.2519291342 1412743313.04
16.2454668947 1412743313.94
16.2094763619 1412743314.85
16.1559871775 1412743315.74
16.2143590889 1412743316.63
16.123834331 1412743317.54
16.1728605193 1412743318.49
16.1080807047 1412743319.4
16.145136591 1412743320.33
16.1498541849 1412743321.28
16.1201079163 1412743322.2
16.1210829544 1412743323.15
16.066131362 1412743324.09
16.0810191924 1412743325.07
16.040530849 1412743325.95
15.9797373061 1412743326.87
15.8409630137 1412743327.79
15.7816591664 1412743328.75
15.7476202948 1412743329.66
15.6529967264 1412743330.6
15.6213329105 1412743331.53
15.4732917633 1412743332.48
15.4231281585 1412743333.42
15.2844876451 1412743334.3
15.3067255624 1412743335.28
