26.3730787298 1412752517.85
26.9147802507 1412752519.3
27.1101420235 1412752520.79
27.7398165107 1412752522.25
27.8642698377 1412752523.73
28.1999203003 1412752525.29
27.8849763819 1412752526.82
28.0191008872 1412752528.27
28.1269127244 1412752529.73
28.3201617984 1412752531.27
28.3272400551 1412752532.85
28.3587785456 1412752534.27
28.3843244479 1412752535.77
28.4200146165 1412752537.24
28.4948062116 1412752538.73
28.5543407148 1412752540.27
28.3563404088 1412752541.79
28.2953992543 1412752543.26
28.311618435 1412752544.77
27.9386303199 1412752546.29
27.7609386931 1412752547.84
27.6181718164 1412752549.45
27.7107393156 1412752551.06
27.6059554305 1412752552.66
27.5912163646 1412752554.31
27.3767707689 1412752555.89
27.2731807568 1412752557.53
26.9749958012 1412752559.07
27.1255689935 1412752560.62
27.0262965715 1412752562.3
26.556355338 1412752563.91
26.5462414147 1412752565.53
26.3262291806 1412752567.18
26.3204344597 1412752568.77
26.1420640321 1412752570.46
26.0707107917 1412752572.13
26.1591903711 1412752573.83
25.9364400552 1412752575.53
25.9073706226 1412752577.29
25.8058214988 1412752579.07
25.6834110123 1412752580.84
25.7034689807 1412752582.69
25.4126404349 1412752584.39
25.240391375 1412752586.12
25.2470660065 1412752587.98
25.2475019413 1412752589.73
25.5854030399 1412752591.48
25.5582830589 1412752593.24
25.4990751391 1412752595.05
25.3627133542 1412752596.94
25.3130727746 1412752598.79
25.4118308559 1412752600.63
25.120270642 1412752602.51
25.17193071 1412752604.52
25.2947171875 1412752606.72
25.428147633 1412752609.29
25.4113267722 1412752611.61
25.3742176498 1412752614.14
25.4407119485 1412752616.54
25.3477776469 1412752618.86
25.258324195 1412752621.27
25.2972681629 1412752623.66
25.2943617795 1412752625.95
25.4016823274 1412752628.26
25.4807583874 1412752630.6
25.5954021731 1412752632.94
25.6514593013 1412752635.28
25.526500944 1412752637.56
25.6319414372 1412752639.88
25.4652064638 1412752642.21
25.6015759743 1412752644.58
25.7548471229 1412752646.93
25.7691748011 1412752649.45
25.7579747271 1412752652.0
25.7730818175 1412752654.53
25.7702661408 1412752656.97
25.7525156057 1412752659.49
25.7713069364 1412752662.1
25.5060657123 1412752664.74
25.7240426176 1412752667.25
25.6223887154 1412752669.76
25.3834559052 1412752672.45
25.4330756477 1412752675.01
25.4909435467 1412752677.53
25.7621324708 1412752679.97
25.9051091956 1412752682.47
25.8443333708 1412752684.94
25.9309181967 1412752687.34
25.9734711552 1412752689.71
25.9942133082 1412752692.06
25.9044526848 1412752694.51
25.9748035202 1412752696.97
25.8080009126 1412752699.4
25.980389354 1412752701.79
25.9468299759 1412752704.27
25.9408979652 1412752706.75
25.8697948623 1412752709.28
25.8106374166 1412752711.77
25.8081763755 1412752714.25
25.8320112673 1412752716.7
25.8301811638 1412752719.19
25.805132546 1412752721.7
25.9509893774 1412752724.14
25.8811416025 1412752726.68
25.8503816339 1412752729.1
25.8048362778 1412752731.63
25.6702134958 1412752734.28
25.8438669764 1412752736.76
25.7423353361 1412752739.25
25.6473769468 1412752741.79
25.7335314732 1412752744.22
25.7243815263 1412752746.65
25.6943869343 1412752749.15
25.6772144179 1412752751.61
25.6897865535 1412752754.13
25.6798085746 1412752756.7
25.7814315558 1412752759.41
25.7933827162 1412752762.1
25.8539657049 1412752764.79
25.9499688279 1412752767.58
26.0297073978 1412752770.41
26.1615672202 1412752773.13
26.4174605761 1412752776.0
26.6132018945 1412752778.8
26.7354181533 1412752781.57
26.8547058681 1412752784.48
26.9750220291 1412752787.36
27.0118874327 1412752790.24
27.0797282721 1412752792.46
27.1203069657 1412752794.61
27.1448915199 1412752796.61
27.1805899125 1412752798.65
27.3080806819 1412752800.71
27.3406766515 1412752802.66
27.434130627 1412752804.62
27.3697712314 1412752806.52
27.4523145337 1412752808.44
27.4599603231 1412752810.39
27.5589535369 1412752812.28
27.4531625714 1412752814.22
27.6015185266 1412752816.08
27.5416678985 1412752817.91
27.651054798 1412752819.74
27.6648125192 1412752821.63
27.7676826327 1412752823.53
27.7508458619 1412752825.38
27.673784098 1412752827.19
27.7663473686 1412752828.97
27.6632054416 1412752830.77
27.7968207499 1412752832.55
27.8645409869 1412752834.32
27.901684543 1412752836.09
27.9775953188 1412752837.87
28.1167695587 1412752839.72
28.148789302 1412752841.45
28.0794126531 1412752843.27
28.0573687711 1412752845.05
28.0893583327 1412752846.85
28.1453106595 1412752848.69
28.2896423849 1412752850.49
28.264640951 1412752852.28
28.2606389462 1412752854.14
28.2053163661 1412752855.96
28.2388653007 1412752857.83
28.2021823346 1412752859.68
28.1904429462 1412752861.55
28.3072286272 1412752863.4
28.320220137 1412752865.31
28.4866161609 1412752867.14
28.4304957059 1412752868.99
28.4718776071 1412752870.9
28.4447983826 1412752872.73
28.3948848565 1412752874.61
28.5691947366 1412752876.48
28.6119365598 1412752878.35
28.5320565935 1412752880.16
28.5343102991 1412752882.06
28.4953792285 1412752883.92
28.4928500777 1412752885.83
28.4328696208 1412752887.72
28.4511776067 1412752889.63
28.5198783588 1412752891.49
28.6015852307 1412752893.33
28.6077328839 1412752895.22
28.622657668 1412752897.17
28.5204894998 1412752899.13
28.5769295328 1412752901.12
28.6412059147 1412752903.06
28.614795295 1412752904.97
28.6363537358 1412752906.94
28.6469655354 1412752908.88
28.6992532547 1412752910.93
28.7865067075 1412752912.96
28.7967825134 1412752914.97
28.839099238 1412752916.93
28.8140405985 1412752918.85
28.7920057809 1412752920.84
28.8307197379 1412752922.99
28.9280164176 1412752924.91
28.9247318189 1412752926.89
