46.6951408991 1412730228.58
45.29961915 1412730229.24
42.8795136851 1412730229.85
41.9235670228 1412730230.45
41.3729443696 1412730231.05
40.7200121968 1412730231.67
40.3880985555 1412730232.24
39.425630692 1412730232.81
38.3400567053 1412730233.42
37.108236304 1412730234.0
35.9201643872 1412730234.6
35.7573582918 1412730235.2
35.6438357438 1412730235.8
35.5758096904 1412730236.42
34.8481262568 1412730237.05
34.458424763 1412730237.65
34.1004614688 1412730238.28
33.5632180678 1412730238.9
33.2757242378 1412730239.55
32.9826735421 1412730240.17
32.4898981585 1412730240.83
32.0843494043 1412730241.46
31.815501679 1412730242.16
31.5473782104 1412730242.86
31.3848922949 1412730243.57
31.4607576402 1412730244.31
31.589950268 1412730244.99
31.1928959402 1412730245.67
31.3842674826 1412730246.34
31.5601950808 1412730247.11
31.2913242553 1412730247.78
31.4189345266 1412730248.5
31.5322308358 1412730249.31
31.506994929 1412730250.08
31.1705399473 1412730250.81
31.5058967942 1412730251.63
31.0855678917 1412730252.38
31.2199160003 1412730253.13
31.2883675809 1412730253.84
31.2907412535 1412730254.61
31.3978486489 1412730255.33
31.3309328725 1412730256.04
31.3031641224 1412730256.82
31.2373361386 1412730257.58
31.0739555038 1412730258.36
31.27898492 1412730259.11
31.1798147679 1412730259.9
31.136023706 1412730260.64
31.1580361851 1412730261.43
31.1644498386 1412730262.26
31.1567515928 1412730263.03
31.109549099 1412730263.82
31.1106381864 1412730264.56
31.1738469242 1412730265.31
31.1639718476 1412730266.05
31.2393556001 1412730266.8
31.2027642028 1412730267.53
31.1626870253 1412730268.27
31.1464545684 1412730269.06
31.0652148841 1412730269.81
31.0714913916 1412730270.54
31.1548400172 1412730271.31
31.2606286977 1412730272.11
31.2695932997 1412730272.95
31.3173513051 1412730273.77
31.3107239689 1412730274.58
31.2415125287 1412730275.39
31.2158674602 1412730276.18
31.2019056729 1412730276.96
31.187183031 1412730277.73
30.8893052678 1412730278.55
31.0887876933 1412730279.35
31.1310229226 1412730280.11
31.1053130186 1412730280.89
31.1466197644 1412730281.68
31.1262602159 1412730282.47
31.157445553 1412730283.26
31.2529111743 1412730284.07
31.2631373114 1412730284.84
31.2545798926 1412730285.66
31.2025250249 1412730286.44
31.2262921621 1412730287.21
31.1565518943 1412730288.0
31.1507680994 1412730288.79
30.8875326302 1412730289.54
31.0749176938 1412730290.31
31.0843288927 1412730291.11
30.8763317677 1412730291.87
31.1218728735 1412730292.66
31.0194664318 1412730293.43
30.7733401191 1412730294.2
30.986786954 1412730295.0
30.8339935094 1412730295.77
31.0216843031 1412730296.56
30.8597577494 1412730297.34
30.7400243123 1412730298.1
30.8408002824 1412730298.87
30.9641587567 1412730299.67
30.9632893098 1412730300.48
30.9800900849 1412730301.26
31.0092028662 1412730302.05
31.0604005595 1412730302.8
31.0345012776 1412730303.73
30.9703313114 1412730304.5
30.9371364394 1412730305.27
30.9081198831 1412730306.04
30.8955582998 1412730306.84
30.8111065367 1412730307.66
30.7943101894 1412730308.47
30.7096914987 1412730309.24
30.7088787008 1412730310.03
30.7184315917 1412730310.78
30.7131216877 1412730311.59
30.6856132116 1412730312.38
30.6948970449 1412730313.15
30.7133004505 1412730313.93
30.6655627843 1412730314.69
30.6456890198 1412730315.43
30.6385304847 1412730316.19
30.6161000177 1412730317.0
30.5498941476 1412730317.72
30.5389354338 1412730318.52
30.5168303221 1412730319.25
30.4698613481 1412730320.02
30.4546178683 1412730320.76
30.327717881 1412730321.53
30.3803327847 1412730322.33
30.3642123062 1412730323.12
30.3477428244 1412730323.91
30.3260964826 1412730324.67
30.3244206915 1412730325.41
30.2851629558 1412730326.17
30.2134064815 1412730326.95
30.087119043 1412730327.74
30.032735309 1412730328.51
30.0367082629 1412730329.27
29.9264157293 1412730330.03
29.9057872428 1412730330.76
29.9126996911 1412730331.5
29.8801996519 1412730332.24
29.769637105 1412730332.98
29.865921314 1412730333.76
29.8084108631 1412730334.54
29.7416004898 1412730335.26
29.8065732226 1412730336.01
29.8296275102 1412730336.71
29.8725465482 1412730337.43
29.8501401042 1412730338.22
29.8556482219 1412730338.98
29.8448385177 1412730339.78
29.8638558272 1412730340.55
29.9166791833 1412730341.32
29.9063129277 1412730342.09
29.8754146544 1412730342.85
29.8605844198 1412730343.65
29.8331501165 1412730344.46
29.8827128236 1412730345.24
29.8634719039 1412730346.07
29.904844814 1412730346.84
29.860231478 1412730347.6
29.8839005147 1412730348.41
29.854943111 1412730349.2
29.8090760631 1412730349.97
29.8033388638 1412730350.74
29.7651251929 1412730351.52
29.9411768984 1412730352.33
29.9470058841 1412730353.12
29.7853283586 1412730353.97
29.7836192378 1412730354.77
29.7486605228 1412730355.51
29.7736236156 1412730356.28
29.7613064314 1412730357.04
29.7801863997 1412730357.8
29.84563451 1412730358.58
29.9131312698 1412730359.36
29.9001001728 1412730360.17
29.860772029 1412730360.92
29.9575027688 1412730361.7
30.0011899306 1412730362.48
30.0152442746 1412730363.26
30.1152123832 1412730364.08
30.1087761003 1412730364.85
30.0077651853 1412730365.64
30.1189452335 1412730366.42
30.1169386086 1412730367.19
29.9461608977 1412730367.99
29.9851364092 1412730368.78
29.9340196288 1412730369.58
29.7502692415 1412730370.36
29.6776059617 1412730371.12
29.7052454086 1412730371.9
29.5293050485 1412730372.7
29.5271574429 1412730373.48
29.414107231 1412730374.26
29.4201245926 1412730375.04
29.234974632 1412730375.85
29.2640190893 1412730376.63
29.2844391441 1412730377.4
29.243010937 1412730378.21
29.1312633893 1412730379.04
