45.5636265348 1412751471.37
45.2717729387 1412751472.89
42.6563005683 1412751474.4
39.8652535336 1412751475.99
37.7115017938 1412751477.59
36.8898417171 1412751479.01
36.0437440827 1412751480.41
34.9772991112 1412751481.84
34.7493455068 1412751483.28
34.9204488451 1412751484.75
34.2023319026 1412751486.26
34.435557353 1412751487.76
34.0978230767 1412751489.28
34.2625687032 1412751490.8
34.2111875807 1412751492.3
34.2926861259 1412751493.81
34.2567146516 1412751495.32
34.4763273636 1412751496.88
34.4272555354 1412751498.42
34.5569922421 1412751499.97
34.7505697124 1412751501.56
34.7547995461 1412751503.22
34.9159248038 1412751505.14
34.9578316524 1412751506.83
35.1447415835 1412751508.61
34.9395284696 1412751510.8
34.4329307932 1412751513.01
34.3820475319 1412751515.14
34.3544742056 1412751517.31
34.4659999698 1412751519.47
34.5359991887 1412751521.6
34.5030554498 1412751523.85
34.639808906 1412751525.98
34.5608865108 1412751528.12
34.5308489135 1412751530.38
34.5148035911 1412751532.57
34.4959274851 1412751534.83
34.4180072483 1412751537.06
34.3001378223 1412751539.27
34.0002700432 1412751541.56
33.9268641443 1412751543.86
33.9790042557 1412751546.13
33.9478795861 1412751548.5
33.8405299548 1412751550.73
33.7691558839 1412751552.73
33.7162394558 1412751555.1
33.8350906002 1412751557.47
33.6000124772 1412751559.89
33.5994629411 1412751562.35
33.3582095259 1412751564.63
33.1339038315 1412751566.88
33.0364196016 1412751569.12
32.9279100488 1412751571.31
32.91128458 1412751573.69
32.901535458 1412751575.99
32.7831922669 1412751578.26
32.7812835178 1412751580.64
32.8214720398 1412751582.95
32.7684990543 1412751585.3
32.789950157 1412751587.67
32.705759433 1412751589.99
32.6836487763 1412751592.28
32.7140944602 1412751594.63
32.6047235085 1412751597.16
32.7255301373 1412751599.63
32.508421777 1412751602.1
32.4285401153 1412751604.5
32.4372691444 1412751606.73
32.3884127243 1412751608.89
32.2910568197 1412751610.95
32.3569827181 1412751613.14
32.3475747374 1412751615.2
32.1578010635 1412751617.23
32.1530092557 1412751619.75
32.1309637184 1412751622.26
32.1070103079 1412751624.81
31.9899308146 1412751627.37
31.7179705424 1412751629.88
31.7053718089 1412751631.91
31.6396301965 1412751634.41
31.5009281697 1412751636.92
31.4640020285 1412751639.32
31.5422950107 1412751641.86
31.4813137428 1412751644.46
31.4352598254 1412751647.08
31.3778769301 1412751649.3
31.2801196006 1412751651.88
31.4144117821 1412751654.42
31.3485400262 1412751656.99
31.2352377616 1412751659.32
31.3609646285 1412751661.97
31.3651680214 1412751664.58
31.4741880409 1412751667.12
31.3759618053 1412751669.7
31.2666212452 1412751672.29
31.3015950438 1412751674.84
31.2554769153 1412751677.44
31.1870003233 1412751680.03
31.1921557215 1412751682.64
31.1539461477 1412751685.22
31.1953478488 1412751687.91
31.2939433872 1412751690.47
31.1633469694 1412751693.15
31.0531290895 1412751695.79
31.1258268933 1412751698.4
30.9908024443 1412751701.04
30.9415831921 1412751703.68
30.8866509973 1412751706.28
30.8168196899 1412751709.01
30.8272636231 1412751711.65
30.8174848888 1412751714.33
30.7825161895 1412751716.94
30.7207892383 1412751719.55
30.8332529577 1412751722.13
30.8114488663 1412751724.77
30.8391739664 1412751727.47
30.8684462211 1412751730.2
30.7514627717 1412751732.91
30.7328957848 1412751735.68
30.6645050836 1412751738.44
30.5409281285 1412751741.13
30.3753679276 1412751743.95
30.2364466105 1412751746.66
30.150383224 1412751749.46
30.3005113597 1412751752.15
30.3716839136 1412751754.79
30.3706753997 1412751757.57
30.3673564442 1412751760.45
30.4180608975 1412751763.29
30.3734202069 1412751766.13
30.1824890688 1412751768.91
30.2039433779 1412751771.64
30.3387346712 1412751774.36
30.2937717876 1412751777.13
30.1698085124 1412751780.0
30.108307727 1412751782.85
29.9624059884 1412751785.71
29.8709383598 1412751788.52
29.8939576814 1412751791.36
29.8975967465 1412751794.19
29.9582186089 1412751797.09
29.8413412697 1412751799.95
29.8841300961 1412751802.86
29.8897479313 1412751805.75
30.0956393625 1412751808.62
30.1824836196 1412751811.51
29.9790403717 1412751814.39
29.9526971566 1412751817.47
30.0681824694 1412751820.49
29.8884401174 1412751823.45
29.8227379469 1412751826.44
29.8800219498 1412751829.48
29.878744843 1412751832.54
29.769546728 1412751835.59
29.7793666199 1412751838.62
29.7740309948 1412751841.71
29.7675110746 1412751844.85
29.7236811235 1412751847.98
29.8401826765 1412751850.98
29.8684231855 1412751854.06
29.7790288793 1412751857.18
29.5828856861 1412751860.27
29.5447780038 1412751863.42
29.511987523 1412751866.61
29.6462996508 1412751869.93
29.5600848373 1412751873.34
29.633556561 1412751875.42
29.7277549282 1412751878.69
29.8564112056 1412751882.02
29.9046504436 1412751885.19
29.909591639 1412751888.41
29.9380587763 1412751891.65
29.863485426 1412751895.01
29.7266071713 1412751898.11
29.6634734707 1412751901.29
29.6480883562 1412751904.48
29.8485828884 1412751907.63
29.8822241241 1412751910.73
29.9624778635 1412751913.85
29.8545602765 1412751916.92
29.8341628616 1412751920.07
29.8085344946 1412751923.22
29.8034537962 1412751926.4
29.6827815147 1412751929.59
29.6442357273 1412751932.74
29.5215019372 1412751935.89
29.2925918789 1412751939.07
29.2642684689 1412751942.17
29.1314563684 1412751945.36
29.1714789387 1412751948.47
29.0748525777 1412751951.64
29.0633967793 1412751954.75
29.0030920682 1412751957.83
29.0018574684 1412751961.02
29.0236156089 1412751964.19
28.9014094298 1412751967.34
28.878144555 1412751970.54
28.8986086635 1412751973.76
28.8511415893 1412751976.96
28.8427795693 1412751980.13
