28.5093504777 1412722407.61
28.0537205315 1412722407.76
28.254314561 1412722407.9
30.0056489235 1412722408.01
30.9175145789 1412722408.14
31.3021230712 1412722408.27
30.3141741473 1412722408.4
30.0371553507 1412722408.52
29.4279011401 1412722408.66
29.0432505822 1412722408.79
28.0726600353 1412722408.92
27.7395080241 1412722409.11
27.3859007408 1412722409.25
26.9310333697 1412722409.4
26.6028485774 1412722409.51
26.6298015872 1412722409.64
26.2584222352 1412722409.82
26.4213328612 1412722409.94
27.0776754201 1412722410.09
26.8403885607 1412722410.22
27.1992499232 1412722410.36
27.5805292378 1412722410.49
27.5137714333 1412722410.62
28.3575939169 1412722410.75
28.1587127549 1412722410.88
28.577676909 1412722411.0
28.4461230264 1412722411.14
28.8994515315 1412722411.31
28.8908413537 1412722411.45
28.8386169341 1412722411.61
28.702820119 1412722411.73
29.1798963641 1412722411.85
29.1014345917 1412722411.99
29.2622587082 1412722412.14
29.4140066321 1412722412.29
29.0910530006 1412722412.43
29.3295520367 1412722412.57
29.2607146559 1412722412.71
29.3659414377 1412722412.87
29.39043084 1412722413.03
29.3911459807 1412722413.18
29.1301076246 1412722413.3
29.3262286442 1412722413.45
29.612682659 1412722413.59
29.3803408228 1412722413.74
29.0448218978 1412722413.87
29.0806036735 1412722414.01
28.9142540276 1412722414.14
28.7752643553 1412722414.29
28.6099893381 1412722414.43
28.5608837994 1412722414.57
28.8283268336 1412722414.69
28.7815339237 1412722414.82
28.8158887541 1412722414.98
28.6306877792 1412722415.14
28.5590585112 1412722415.29
28.4954716336 1412722415.46
28.1962015452 1412722415.61
28.2107919282 1412722415.79
27.737568234 1412722415.97
28.2464286809 1412722416.11
28.5187721765 1412722416.26
28.5849756663 1412722416.44
28.5099800711 1412722416.61
28.0759439316 1412722416.77
28.3708877008 1412722416.95
28.5747807185 1412722417.1
28.5923444112 1412722417.28
28.6438036331 1412722417.47
28.9753699632 1412722417.63
28.960224354 1412722417.8
28.8801581723 1412722417.97
28.8673062808 1412722418.14
28.8568656152 1412722418.31
28.4259502012 1412722418.47
28.4474266317 1412722418.62
28.4682068147 1412722418.76
28.4881207046 1412722418.93
28.2677804451 1412722419.09
28.2467471946 1412722419.21
28.2263725111 1412722419.34
28.2658957168 1412722419.46
28.1992107956 1412722419.59
27.6752173603 1412722419.69
27.3253324453 1412722419.84
27.3114899736 1412722419.99
27.1568059939 1412722420.1
27.1426229897 1412722420.23
26.9680334289 1412722420.38
27.1311637244 1412722420.5
27.1343443164 1412722420.61
26.8860697967 1412722420.75
26.5776564713 1412722420.89
26.3515599945 1412722421.0
25.3117926569 1412722421.12
25.2936441832 1412722421.27
25.0143683346 1412722421.42
24.6459355268 1412722421.59
24.1635366923 1412722421.73
23.6280980831 1412722421.89
22.8040499613 1412722422.01
22.5854438279 1412722422.16
22.2953873586 1412722422.33
22.0925690068 1412722422.48
21.5785225981 1412722422.62
21.0503038435 1412722422.76
21.1703092203 1412722422.93
20.4361339397 1412722423.07
20.5903991135 1412722423.24
20.0880138186 1412722423.39
20.2773900663 1412722423.51
19.8205692909 1412722423.67
19.9872762806 1412722423.83
20.1037656885 1412722424.02
19.5440431165 1412722424.16
19.6952291812 1412722424.31
19.3984790937 1412722424.47
19.4619032272 1412722424.65
19.1638832785 1412722424.78
18.8690021458 1412722424.93
19.185007271 1412722425.14
18.7481145221 1412722425.33
18.6098680711 1412722425.5
17.9211380754 1412722425.67
18.0317402564 1412722425.88
18.2277544393 1412722426.09
17.7804674827 1412722426.27
17.3950876775 1412722426.44
17.2819759111 1412722426.64
17.5272521846 1412722426.82
17.3874777589 1412722427.06
17.3844282048 1412722427.26
16.9079705423 1412722427.47
16.8682225838 1412722427.67
17.1075073401 1412722427.97
17.2161766321 1412722428.3
17.2882065222 1412722428.62
17.3871992441 1412722428.86
17.190649092 1412722429.09
17.1527506021 1412722429.31
17.1357026244 1412722429.51
16.9447631604 1412722429.71
17.1493291548 1412722429.89
16.9661263702 1412722430.12
17.0754341275 1412722430.35
16.9785096143 1412722430.56
16.8400304612 1412722430.8
16.8215585726 1412722431.01
16.6610143407 1412722431.22
17.184887676 1412722431.42
17.1487587018 1412722431.63
17.0392213045 1412722431.86
17.2765026598 1412722432.07
17.2983188474 1412722432.24
17.254201434 1412722432.47
17.2938858622 1412722432.73
17.3021107535 1412722432.97
17.3241465615 1412722433.19
16.9278700648 1412722433.45
16.9505255488 1412722433.67
17.1087708447 1412722433.89
16.9623801333 1412722434.09
17.1183977333 1412722434.3
17.1502336005 1412722434.54
17.0721782169 1412722434.77
17.063871417 1412722434.98
17.1051749075 1412722435.21
17.0302732041 1412722435.43
16.9911069912 1412722435.64
16.8619786372 1412722435.89
16.9945860289 1412722436.12
16.9908304838 1412722436.33
16.877200431 1412722436.55
16.909168947 1412722436.78
16.929455984 1412722437.0
16.8887588255 1412722437.21
16.901516504 1412722437.45
17.0779393554 1412722437.67
17.3376586482 1412722437.88
17.340829142 1412722438.1
17.4007342049 1412722438.29
17.4421576475 1412722438.51
17.4014912777 1412722438.74
17.3982434609 1412722438.97
17.3908866958 1412722439.18
17.2805560229 1412722439.4
17.3379237153 1412722439.65
17.2706199036 1412722439.88
17.1896612036 1412722440.12
17.3017046381 1412722440.39
17.308399082 1412722440.62
17.2376116167 1412722440.85
17.2866071909 1412722441.06
17.6263180679 1412722441.33
17.665130498 1412722441.52
17.7228208086 1412722441.76
17.7639698773 1412722441.97
17.7557138975 1412722442.19
17.7202861309 1412722442.42
18.0036712479 1412722442.64
