45.3935207174 1412731671.92
46.2236321408 1412731672.55
48.1144620943 1412731673.15
50.040983721 1412731673.78
50.2346139681 1412731674.44
51.9778366871 1412731675.1
52.2909728463 1412731675.72
52.8394709794 1412731676.27
53.6886125903 1412731676.85
55.5257277401 1412731677.46
55.4219135408 1412731678.07
56.6575396675 1412731678.69
57.2548738425 1412731679.3
58.2274300473 1412731679.95
58.3792992503 1412731680.56
58.5719606932 1412731681.16
59.582133688 1412731681.75
59.9522937339 1412731682.36
60.8085104703 1412731682.98
61.4824670662 1412731683.58
61.9872928161 1412731684.15
62.7633697794 1412731684.77
63.1260669341 1412731685.39
63.4517829774 1412731686.0
64.1925240963 1412731686.61
64.6921204532 1412731687.22
65.0916046949 1412731687.8
65.5345319689 1412731688.44
65.5368745112 1412731689.09
65.8577927517 1412731689.73
66.2562566524 1412731690.37
66.5596106986 1412731690.98
66.9839269466 1412731691.65
67.2286200063 1412731692.32
67.3553511063 1412731692.98
68.0984025796 1412731693.63
68.8402956917 1412731694.31
69.1069634098 1412731695.04
69.6018340698 1412731695.76
69.9265375937 1412731696.5
70.0188853024 1412731697.23
70.6793893236 1412731697.94
71.4598446976 1412731698.7
71.9864071378 1412731699.47
72.3863486598 1412731700.18
72.5661209877 1412731700.91
73.0245202372 1412731701.63
73.1235250696 1412731702.33
73.2124903389 1412731703.02
73.6767075885 1412731703.64
74.0017415193 1412731704.3
74.2222004547 1412731704.97
74.5121982463 1412731705.66
75.072899448 1412731706.34
75.7104514425 1412731707.12
75.9885692056 1412731707.88
76.2160512932 1412731708.65
76.3263021721 1412731709.39
76.7892870628 1412731710.16
76.7837485591 1412731710.9
76.9616821523 1412731711.64
77.3354817613 1412731712.35
77.5920344244 1412731713.06
78.0220998068 1412731713.78
78.231989834 1412731714.49
78.428656566 1412731715.16
78.4786446633 1412731715.83
78.7170375746 1412731716.51
79.180437191 1412731717.22
79.412875088 1412731717.93
79.7864640211 1412731718.65
79.8187078471 1412731719.39
80.2626439225 1412731720.12
80.1070071165 1412731720.82
80.1072301389 1412731721.47
79.9806849074 1412731722.18
80.3025977548 1412731722.88
80.2864914658 1412731723.57
80.1374078118 1412731724.26
79.6685178263 1412731724.96
80.7228851262 1412731725.64
80.2440803235 1412731726.35
80.898002083 1412731727.0
81.3505328884 1412731727.67
81.9937054644 1412731728.34
82.6320611839 1412731729.03
82.5972603022 1412731729.72
82.9935559858 1412731730.39
83.4564005778 1412731731.05
83.3436412131 1412731731.72
83.4573892066 1412731732.42
83.9716827256 1412731733.11
83.818486829 1412731733.79
84.0023228587 1412731734.46
83.65521547 1412731735.15
83.5160691266 1412731735.83
84.2057658626 1412731736.52
84.1192893924 1412731737.2
84.5738491473 1412731737.85
84.2906573298 1412731738.53
85.0537807204 1412731739.17
84.8078050032 1412731739.86
84.5826215436 1412731740.54
84.7963867142 1412731741.25
84.5665487421 1412731741.91
84.5385894778 1412731742.56
85.1165146864 1412731743.23
84.8571390699 1412731743.87
84.8306170723 1412731744.51
84.8548736333 1412731745.12
85.2126093135 1412731745.77
85.443938687 1412731746.42
85.6759506714 1412731747.07
85.6373734388 1412731747.71
86.1783195022 1412731748.32
86.4975545536 1412731749.0
86.7855885872 1412731749.66
86.8407669862 1412731750.31
87.1517344791 1412731750.98
87.4019280227 1412731751.69
87.2674036019 1412731752.37
87.2774281139 1412731753.08
87.1530053968 1412731753.83
87.2036903493 1412731754.52
87.195556768 1412731755.31
87.4701675453 1412731756.01
87.5334381996 1412731756.68
87.5489063172 1412731757.38
87.9492762691 1412731758.08
87.9473797421 1412731758.73
87.9191166954 1412731759.42
88.179015144 1412731760.1
88.1742354179 1412731760.82
88.3196281871 1412731761.53
88.3801443508 1412731762.25
88.4142335271 1412731762.94
88.2494537526 1412731763.64
88.5319570081 1412731764.36
88.6710702737 1412731765.05
88.6755014825 1412731765.71
88.8900051349 1412731766.41
89.0323851402 1412731767.08
89.0985557386 1412731767.75
89.141507673 1412731768.42
89.1224027572 1412731769.11
89.0921994707 1412731769.83
89.099919736 1412731770.5
88.9766597253 1412731771.18
89.0245151021 1412731771.92
89.199933053 1412731772.61
89.5124654175 1412731773.29
89.3483804731 1412731774.0
89.3995927122 1412731774.7
89.598270159 1412731775.39
89.5168017105 1412731776.09
89.5083967856 1412731776.8
89.239669743 1412731777.51
89.4678969051 1412731778.18
89.2944604348 1412731778.87
89.2266771824 1412731779.57
89.1231853553 1412731780.21
89.0927961133 1412731780.91
89.0928974929 1412731781.61
89.0587665302 1412731782.31
88.9343659964 1412731782.97
88.9657773146 1412731783.64
88.6976359309 1412731784.38
88.5958076951 1412731785.07
88.6444562055 1412731785.74
88.5014200485 1412731786.43
88.8871564639 1412731787.14
89.0252563334 1412731787.8
88.8193684832 1412731788.52
88.7479179414 1412731789.25
88.7846679425 1412731789.95
88.7168600451 1412731790.66
88.7170601776 1412731791.32
88.659815809 1412731792.02
88.6427866142 1412731792.73
88.6293644352 1412731793.45
88.6542071403 1412731794.12
88.6791409448 1412731794.85
88.9028953097 1412731795.57
89.1104647366 1412731796.25
89.2660103594 1412731796.91
89.2970051448 1412731797.57
89.302416118 1412731798.26
89.277755146 1412731798.94
89.2756057921 1412731799.66
89.3618777617 1412731800.36
89.6528638381 1412731801.06
89.66173483 1412731801.74
89.7826071429 1412731802.46
89.9106462729 1412731803.17
90.0529876532 1412731803.88
90.2038873143 1412731804.59
90.4386182704 1412731805.25
90.4310203059 1412731805.94
90.4718807733 1412731806.66
90.2539169075 1412731807.3
