53.4544122475 1412724404.92
51.687580151 1412724405.3
49.9060081454 1412724405.64
50.5805110758 1412724405.95
51.1661481271 1412724406.25
50.7599612956 1412724406.6
50.0497365895 1412724406.92
49.9470489973 1412724407.18
50.4736888837 1412724407.46
50.1999853477 1412724407.71
50.0101560737 1412724407.96
49.6140884467 1412724408.22
49.4430912977 1412724408.49
49.1793703393 1412724408.76
48.9682372675 1412724409.02
48.8229968703 1412724409.31
48.5162867456 1412724409.6
48.5081326913 1412724409.91
47.6437045434 1412724410.21
47.2893520178 1412724410.51
47.1444121171 1412724410.83
47.2346401204 1412724411.12
47.096819491 1412724411.41
47.6972714678 1412724411.75
48.5642409355 1412724412.05
47.6099099901 1412724412.37
48.654306975 1412724412.69
47.4847054787 1412724412.99
46.1508229743 1412724413.3
46.6473562202 1412724413.61
47.2904392751 1412724413.95
48.5979245354 1412724414.27
47.3716064122 1412724414.55
46.1821951075 1412724414.83
47.0221540085 1412724415.1
45.991597333 1412724415.42
46.355630154 1412724415.76
47.0529910372 1412724416.09
45.7893623834 1412724416.43
44.9881227223 1412724416.76
45.186188453 1412724417.1
44.3248156713 1412724417.44
44.140525156 1412724417.77
43.8004000639 1412724418.08
43.5664389065 1412724418.38
43.3648819018 1412724418.69
43.1358187685 1412724419.01
42.6269290689 1412724419.31
42.744673965 1412724419.61
42.4114325657 1412724420.05
42.2151830865 1412724420.45
41.9346983115 1412724420.75
41.2016487355 1412724421.05
40.9620456773 1412724421.37
40.7952632725 1412724421.73
40.4317032022 1412724422.02
40.0091991333 1412724422.32
40.0075408347 1412724422.61
40.7034521684 1412724422.88
40.4857594288 1412724423.17
40.8249394438 1412724423.46
40.4775423617 1412724423.77
40.3260584072 1412724424.11
40.5629258952 1412724424.45
40.385428727 1412724424.73
40.3167852583 1412724425.0
39.9676160585 1412724425.26
39.9631068935 1412724425.56
39.5579113928 1412724425.84
39.6750871951 1412724426.1
39.5724887301 1412724426.38
39.4750581948 1412724426.63
39.5701602593 1412724426.91
39.5327627396 1412724427.19
39.3971544001 1412724427.45
38.9071290277 1412724427.73
38.5349959512 1412724428.03
38.72628179 1412724428.27
38.8312508557 1412724428.52
38.6873052621 1412724428.76
38.7188831452 1412724429.05
38.181369965 1412724429.32
37.9013983816 1412724429.6
38.177130115 1412724429.88
37.7056324286 1412724430.13
37.9458788895 1412724430.4
37.9094409445 1412724430.67
37.7449477638 1412724430.92
38.0370782772 1412724431.19
37.9590822562 1412724431.45
37.9170398921 1412724431.74
38.0308078774 1412724432.04
38.0319075637 1412724432.31
37.8910441384 1412724432.59
37.8370094351 1412724432.89
37.8392572095 1412724433.15
37.812052709 1412724433.46
37.6640111097 1412724433.75
37.4605158565 1412724434.04
37.616104773 1412724434.3
37.8807936289 1412724434.57
37.7995172083 1412724434.9
37.742123548 1412724435.19
37.730947318 1412724435.47
37.7869362914 1412724435.78
37.824247012 1412724436.05
37.7500545401 1412724436.32
37.6750623552 1412724436.72
37.3006116265 1412724437.08
37.6495179314 1412724437.4
37.7797434042 1412724437.7
37.6719569944 1412724438.01
37.7687468338 1412724438.3
37.6918910813 1412724438.6
37.5830390556 1412724438.93
37.6283900039 1412724439.24
37.5697337497 1412724439.53
37.6024323081 1412724439.82
37.6904897727 1412724440.11
37.8057291962 1412724440.36
37.7751894792 1412724440.64
37.8697535095 1412724440.9
37.9569585569 1412724441.26
38.2843392901 1412724441.58
38.2232469121 1412724441.82
38.3174398171 1412724442.08
38.5063363153 1412724442.34
38.7230112647 1412724442.59
38.7169629365 1412724442.88
38.6733418907 1412724443.14
38.6116485599 1412724443.46
38.5399199081 1412724443.81
38.6232084865 1412724444.09
38.7081338825 1412724444.4
38.8132308006 1412724444.66
38.8077895928 1412724444.9
38.7893243202 1412724445.17
38.9930109034 1412724445.44
38.9813464367 1412724445.73
38.8409883252 1412724446.0
38.8100222453 1412724446.3
38.6319081632 1412724446.62
38.5914498626 1412724446.93
38.578571749 1412724447.21
38.6772827316 1412724447.49
38.6665264458 1412724447.8
38.6441497391 1412724448.08
38.7673829799 1412724448.44
38.5123756339 1412724448.77
38.5840319841 1412724449.05
38.7022803648 1412724449.33
38.8613363747 1412724449.6
38.6686989092 1412724449.91
38.7392990962 1412724450.22
38.3764521777 1412724450.51
38.1801038652 1412724450.79
38.2264831152 1412724451.07
38.2731547715 1412724451.38
38.379672908 1412724451.67
38.0723386483 1412724451.97
38.2366937306 1412724452.29
38.0474566798 1412724452.59
37.8147411803 1412724452.89
37.8290377512 1412724453.18
37.6239062049 1412724453.47
37.5852888198 1412724453.75
37.5154881725 1412724454.07
37.5091933006 1412724454.37
37.1634144617 1412724454.67
37.1526650513 1412724454.98
36.5905180149 1412724455.29
36.6417977218 1412724455.58
36.7067737878 1412724455.88
36.701574241 1412724456.17
36.7123450109 1412724456.48
36.7575623343 1412724456.91
36.7104795126 1412724457.28
36.606372874 1412724457.61
36.5292884873 1412724458.09
36.6039460241 1412724458.52
36.5859761341 1412724458.95
36.6766078403 1412724459.34
36.2617776582 1412724459.72
36.3459294481 1412724460.12
36.1669769671 1412724460.52
36.1312655286 1412724460.84
36.1008716379 1412724461.19
36.1989319048 1412724461.54
36.1469359664 1412724461.85
36.1692706558 1412724462.17
36.3297693945 1412724462.51
35.8657340512 1412724462.82
35.760571014 1412724463.18
35.819759152 1412724463.61
35.8357143969 1412724464.07
35.7740387153 1412724464.39
35.6282433093 1412724464.72
35.7062128926 1412724465.05
35.8314068271 1412724465.41
35.4257579257 1412724465.78
