56.8200531912 1412746640.8
54.9007313741 1412746642.39
56.1808871485 1412746643.9
60.0301815225 1412746645.36
57.9171302696 1412746646.92
61.2013268955 1412746648.43
59.9267833381 1412746649.96
64.1017171334 1412746651.43
68.1276532857 1412746652.96
66.7104500506 1412746654.41
65.4198782458 1412746655.86
65.1546496754 1412746657.28
67.2814675613 1412746658.7
69.5156972137 1412746660.14
68.6550815603 1412746661.55
70.569849833 1412746663.05
69.6475762585 1412746664.47
70.8937015928 1412746665.87
70.3366145354 1412746667.27
71.6682111666 1412746668.73
70.8556735104 1412746670.19
71.9874766861 1412746671.6
71.0085991904 1412746672.96
71.842700051 1412746674.41
71.1763392055 1412746675.85
68.8428056229 1412746677.4
67.3956852887 1412746678.88
66.0893387322 1412746680.33
66.0612779689 1412746681.76
67.4518988864 1412746683.27
68.0059585615 1412746684.76
67.8285016541 1412746686.24
67.9606084914 1412746687.7
67.8925679571 1412746689.11
67.6924881897 1412746690.55
66.808333542 1412746691.99
67.9406795107 1412746693.44
67.834009857 1412746694.84
68.0965801607 1412746696.3
67.9375959408 1412746697.75
68.5014803709 1412746699.17
68.0944800579 1412746700.6
68.1579311175 1412746702.06
68.7623084864 1412746703.45
68.9584124051 1412746704.95
68.8689514925 1412746706.43
69.0751637289 1412746707.99
69.1236027745 1412746709.51
68.6958346328 1412746710.99
68.7781806887 1412746712.51
69.1460514472 1412746714.02
69.4478183288 1412746715.64
69.7333961547 1412746717.12
70.0870798081 1412746718.73
70.785872025 1412746720.22
71.5371082981 1412746721.77
71.4275621207 1412746723.3
72.243298943 1412746724.82
72.0896444728 1412746726.34
71.8345874682 1412746727.88
72.7714272911 1412746729.44
73.560331024 1412746730.97
74.2961956459 1412746732.58
74.5210382726 1412746734.12
74.5856523624 1412746735.62
74.4849229707 1412746737.15
74.5073983117 1412746738.69
74.2582597663 1412746740.31
75.2160502181 1412746741.89
74.8329048872 1412746743.47
75.8407531318 1412746744.99
75.6442571558 1412746746.61
75.5494682411 1412746748.2
76.0465629339 1412746749.75
75.9601436046 1412746751.33
75.787693543 1412746752.89
76.3758332514 1412746754.5
76.126418533 1412746756.06
75.5966367402 1412746757.65
75.4638016374 1412746759.25
74.9803883957 1412746760.85
75.1882427049 1412746762.37
75.6479739587 1412746763.97
76.0500787045 1412746765.57
76.3106214993 1412746767.13
75.8646206848 1412746768.76
76.4378458248 1412746770.33
76.3274664403 1412746771.89
76.7560712543 1412746773.48
77.1671144142 1412746775.1
76.7991823708 1412746776.78
77.5362913109 1412746778.4
77.3478296454 1412746780.06
78.09977906 1412746781.69
77.9983832654 1412746783.35
78.7904346114 1412746785.04
78.414966579 1412746786.66
78.7297894537 1412746788.36
79.0597993702 1412746790.06
78.878372024 1412746791.78
79.2325681919 1412746793.45
78.9846145189 1412746795.18
79.2746692275 1412746796.87
79.0921144838 1412746798.58
79.4175581358 1412746800.27
79.2622847816 1412746802.03
79.5838362556 1412746803.75
79.2880121712 1412746805.42
79.6564193286 1412746807.19
79.2795099869 1412746808.91
79.2825516471 1412746810.61
79.1816200095 1412746812.38
79.1489290798 1412746814.09
79.1759405103 1412746815.83
79.1265974673 1412746817.63
79.0264995734 1412746819.41
79.107816498 1412746821.12
79.3040285719 1412746822.83
79.1107998272 1412746824.53
79.4483444989 1412746826.27
79.6520352075 1412746828.0
79.815637476 1412746829.73
79.8890426093 1412746831.53
79.8462745836 1412746833.27
79.8314949385 1412746834.98
79.813597277 1412746836.76
79.9030623206 1412746838.53
79.9524912603 1412746840.35
79.8966650998 1412746842.12
79.8817790938 1412746843.88
79.9064074385 1412746845.68
79.9830316956 1412746847.43
79.8932572577 1412746849.18
79.7053512423 1412746850.9
79.7956162403 1412746852.62
79.9599857489 1412746854.39
79.9258267149 1412746856.09
80.0208744106 1412746857.83
79.959526897 1412746859.54
80.1020674262 1412746861.29
80.0962438879 1412746863.03
80.1887628587 1412746864.75
80.1702300855 1412746866.45
80.2681392197 1412746868.19
80.4306297764 1412746869.93
80.5579081887 1412746871.68
80.812505852 1412746873.39
80.8647889213 1412746875.1
80.7927369112 1412746876.82
80.9024246317 1412746878.54
80.9978811253 1412746880.23
81.1863046591 1412746881.97
81.3050013939 1412746883.75
81.4690054178 1412746885.55
81.4337505687 1412746887.34
81.37503469 1412746889.1
81.453878902 1412746890.98
81.5650795734 1412746892.81
81.6494227405 1412746894.62
81.7845200106 1412746896.44
81.8110467431 1412746898.19
81.8617224828 1412746899.94
81.8769609083 1412746901.93
81.9064264843 1412746903.8
82.0063054976 1412746905.63
81.9294568987 1412746907.46
81.7963421971 1412746909.31
81.8307776679 1412746911.15
81.6693802607 1412746912.94
81.4478828092 1412746914.69
81.4922663979 1412746916.46
81.5200131203 1412746918.19
81.5785860053 1412746919.97
81.7541486041 1412746921.82
81.8277929872 1412746923.69
81.7869323283 1412746925.49
81.8978670199 1412746927.37
82.0191097428 1412746929.13
82.266221952 1412746930.96
82.1677642863 1412746932.78
82.1704540978 1412746934.61
82.3314457329 1412746936.4
82.415445383 1412746938.19
82.3542115125 1412746939.97
82.3937279178 1412746941.82
82.5093874598 1412746943.65
82.6269026414 1412746945.56
82.5337680712 1412746947.44
82.5651414642 1412746949.43
82.7181461207 1412746951.25
82.7594416679 1412746953.12
82.4467278302 1412746954.96
82.3445937066 1412746956.76
82.598507314 1412746958.62
82.5912193532 1412746960.43
82.6642373161 1412746962.25
82.6425376843 1412746964.03
82.6947364931 1412746965.91
82.7522119588 1412746967.76
83.0541125641 1412746969.64
