62.8068472295 1412722088.07
60.6539032075 1412722088.18
55.4895684296 1412722088.29
54.0872684978 1412722088.43
53.2302444965 1412722088.54
52.8099985956 1412722088.64
53.9732816842 1412722088.74
55.7568231953 1412722088.88
55.9412736135 1412722089.03
56.6887754022 1412722089.13
56.3441091118 1412722089.23
57.0155703079 1412722089.33
57.8155537174 1412722089.45
58.5987758073 1412722089.55
59.3891493659 1412722089.68
59.9268227958 1412722089.84
60.9176884816 1412722089.97
62.6350570382 1412722090.07
64.2250547763 1412722090.18
64.8275426787 1412722090.33
65.8424456094 1412722090.45
66.6824092565 1412722090.57
67.2412342815 1412722090.7
68.1741228533 1412722090.82
68.6827695728 1412722090.95
68.604474402 1412722091.1
68.5073787959 1412722091.23
68.3021814548 1412722091.39
67.7964931395 1412722091.57
67.9517413486 1412722091.69
68.1564879691 1412722091.79
68.2206765465 1412722091.89
68.7525028459 1412722092.01
68.8858101145 1412722092.11
69.3226523751 1412722092.22
69.1216105365 1412722092.42
69.0898625812 1412722092.58
69.6177076942 1412722092.71
68.7540127763 1412722092.83
69.050922831 1412722092.94
68.9383786945 1412722093.05
69.2282376653 1412722093.16
68.6323385532 1412722093.27
68.7346882313 1412722093.41
68.7756022253 1412722093.59
68.9304968511 1412722093.7
69.1445410597 1412722093.8
69.4615981037 1412722093.91
69.3545044191 1412722094.02
69.4174515161 1412722094.14
69.391194355 1412722094.33
69.431238111 1412722094.46
69.3377466661 1412722094.57
69.506042975 1412722094.67
69.3649066609 1412722094.78
69.530103713 1412722094.88
69.5823713805 1412722095.0
69.2796145438 1412722095.1
69.494629513 1412722095.24
69.3641645944 1412722095.39
69.5868658343 1412722095.51
69.1479298254 1412722095.59
69.662864136 1412722095.67
69.5101617806 1412722095.77
69.0539122147 1412722095.86
69.0410315451 1412722095.96
69.0184340678 1412722096.06
69.0098448902 1412722096.19
68.7375948046 1412722096.41
68.4984721605 1412722096.53
68.6416652116 1412722096.64
68.1366043207 1412722096.76
67.8607166044 1412722096.93
67.5428223797 1412722097.03
67.4599935435 1412722097.13
67.8390260385 1412722097.25
67.7894330531 1412722097.35
68.2902327611 1412722097.46
68.2749627272 1412722097.57
68.9498578259 1412722097.71
69.2952751726 1412722097.82
69.7346853797 1412722097.93
70.1539882806 1412722098.07
71.0587080187 1412722098.26
71.445992876 1412722098.4
72.2057784942 1412722098.51
72.9804808296 1412722098.62
73.1611881107 1412722098.73
73.1793463344 1412722098.83
73.4124035604 1412722098.94
73.7121484084 1412722099.05
74.4491819917 1412722099.16
74.5729567727 1412722099.29
74.670514549 1412722099.4
74.6240809714 1412722099.5
75.1178723248 1412722099.62
75.2521109752 1412722099.72
75.4223672197 1412722099.83
75.5815410692 1412722099.94
75.5233440429 1412722100.05
75.8546322674 1412722100.23
76.1580924516 1412722100.43
76.3195189869 1412722100.54
76.4707126298 1412722100.66
76.3664446358 1412722100.78
76.4820741765 1412722100.88
76.5897887805 1412722100.97
76.6904753414 1412722101.08
76.6955355908 1412722101.23
77.0357604903 1412722101.36
77.0605609829 1412722101.5
76.8006816366 1412722101.65
76.8063223702 1412722101.78
76.9439702108 1412722101.89
76.842848224 1412722102.02
76.9804989354 1412722102.13
76.8811978141 1412722102.25
77.1312545912 1412722102.4
77.0223294547 1412722102.5
77.0474362411 1412722102.6
77.0558284303 1412722102.7
77.056500983 1412722102.79
77.0579858869 1412722102.87
77.2963822214 1412722102.96
77.3074318377 1412722103.06
77.3177933232 1412722103.16
77.327621905 1412722103.25
77.3368132779 1412722103.33
77.3453251593 1412722103.42
77.3533355612 1412722103.52
77.3606948777 1412722103.63
77.3674172637 1412722103.73
77.3723151732 1412722103.82
77.2675708092 1412722103.94
77.1480426994 1412722104.05
76.7331267321 1412722104.15
76.6746346739 1412722104.24
76.699590767 1412722104.36
76.7311975265 1412722104.5
76.7624245679 1412722104.6
76.868061751 1412722104.7
76.8849505286 1412722104.81
76.9039352226 1412722104.9
76.9271070967 1412722105.08
76.5936399668 1412722105.23
76.6127799277 1412722105.36
76.6301582598 1412722105.46
76.6455212685 1412722105.56
76.6580664444 1412722105.66
77.191342856 1412722105.77
77.167766464 1412722105.87
77.155296033 1412722105.97
77.141482436 1412722106.08
76.8379100411 1412722106.31
76.6302469569 1412722106.47
76.0413271043 1412722106.61
76.3834909438 1412722106.72
76.4142362666 1412722106.83
76.2638645049 1412722106.93
76.3882402911 1412722107.03
76.4251284391 1412722107.14
76.4394512454 1412722107.25
76.0580807549 1412722107.37
75.9267216059 1412722107.51
76.0588951433 1412722107.64
76.0970485763 1412722107.75
76.2153736022 1412722107.86
76.3933680322 1412722107.97
76.4931024874 1412722108.11
76.6051924101 1412722108.33
76.4346180291 1412722108.47
76.5078056084 1412722108.58
76.4150985726 1412722108.69
76.5841583068 1412722108.79
76.78755914 1412722108.89
76.7216181533 1412722109.0
76.0694171428 1412722109.11
76.6678370717 1412722109.25
76.4718660971 1412722109.36
76.7276493347 1412722109.48
76.5726086618 1412722109.61
76.7413628187 1412722109.73
77.6261232094 1412722109.85
77.4461018188 1412722109.96
77.4352987532 1412722110.08
77.1514462696 1412722110.19
77.0559055565 1412722110.32
76.9773909966 1412722110.44
76.7934431968 1412722110.53
76.393191308 1412722110.63
76.8281795883 1412722110.73
76.4736476667 1412722110.82
76.5973040716 1412722110.94
76.4407455938 1412722111.06
76.5950169694 1412722111.18
76.8158023065 1412722111.32
76.2576340191 1412722111.48
77.1709358061 1412722111.59
76.4211719639 1412722111.69
76.310001199 1412722111.81
