40.3773663221 1412723328.57
39.736468093 1412723328.87
39.6376321508 1412723329.17
38.7085060637 1412723329.47
38.2278855602 1412723329.74
37.3771522955 1412723330.03
36.7075796656 1412723330.29
36.9461809953 1412723330.57
36.9641564848 1412723330.85
36.8365583007 1412723331.13
36.9277135529 1412723331.41
36.4688646128 1412723331.68
36.3541484344 1412723331.98
35.6854522386 1412723332.29
35.7781851713 1412723332.58
35.8048990023 1412723332.88
35.6954756082 1412723333.17
35.5943659328 1412723333.46
35.1690338904 1412723333.78
35.314689942 1412723334.09
35.4839001179 1412723334.39
35.4546154262 1412723334.69
35.3809041228 1412723334.96
35.5682244737 1412723335.28
35.1103598316 1412723335.57
35.1556297742 1412723335.92
35.0071682526 1412723336.24
34.6174324911 1412723336.56
34.7631517575 1412723336.87
34.3989732423 1412723337.2
34.6149180288 1412723337.52
34.3558301594 1412723337.84
34.1099125308 1412723338.15
34.030428946 1412723338.47
33.7918027119 1412723339.04
33.8506816964 1412723339.42
33.401972418 1412723339.76
33.3420020196 1412723340.13
33.4386716322 1412723340.47
33.6030670781 1412723340.81
33.3112460578 1412723341.13
33.1865104758 1412723341.44
33.0999922805 1412723341.77
33.1188679346 1412723342.09
32.9574353589 1412723342.43
32.9544896113 1412723342.76
32.7849581695 1412723343.06
33.1569279976 1412723343.37
32.94480393 1412723343.69
33.3084170447 1412723344.02
33.3747422796 1412723344.33
33.1055752094 1412723344.68
33.1208744835 1412723345.0
33.1521892872 1412723345.35
33.1287449198 1412723345.68
33.0735630665 1412723346.05
32.9855052282 1412723346.39
32.8273142942 1412723346.71
32.8332380244 1412723347.02
32.7099463401 1412723347.36
32.4499967386 1412723347.7
32.2445054189 1412723348.01
31.960341913 1412723348.35
31.5129291171 1412723348.67
31.6009176404 1412723349.01
31.7568391424 1412723349.35
31.3188251316 1412723349.66
31.3707742652 1412723349.99
31.4659799784 1412723350.32
31.228877454 1412723350.66
31.2238450334 1412723351.01
31.248389937 1412723351.34
31.121614249 1412723351.67
31.1750244586 1412723351.99
31.0878747455 1412723352.35
31.0808941191 1412723352.68
31.0647927576 1412723353.04
31.0251175622 1412723353.37
30.8877062459 1412723353.73
31.0252803422 1412723354.08
31.2745276621 1412723354.43
31.2901387968 1412723354.79
31.2125424374 1412723355.11
31.2802782645 1412723355.46
31.2350029302 1412723355.79
31.2237641992 1412723356.1
31.3954976407 1412723356.44
31.4020093807 1412723356.78
31.4028290608 1412723357.09
31.4362026572 1412723357.43
31.4408558217 1412723357.77
31.4235901793 1412723358.07
31.5547490344 1412723358.4
31.6971792486 1412723358.72
31.5961252946 1412723359.05
31.465618883 1412723359.36
31.4244757295 1412723359.7
31.5926242734 1412723360.02
31.6478864863 1412723360.35
31.5059274506 1412723360.67
31.4280914253 1412723360.99
31.5999395861 1412723361.32
31.5437044927 1412723361.64
31.5124749303 1412723361.98
31.5131016717 1412723362.3
31.3581057483 1412723362.66
31.1914631128 1412723362.99
31.3156906274 1412723363.32
31.196730319 1412723363.69
31.0855382019 1412723364.03
31.2342205263 1412723364.41
31.2940977521 1412723364.76
31.0659595695 1412723365.06
31.028988651 1412723365.39
30.8604925093 1412723365.74
30.9353352056 1412723366.07
30.7595184904 1412723366.43
30.7569234158 1412723366.76
31.083193451 1412723367.09
31.0453609477 1412723367.44
30.8185233206 1412723367.79
30.8013506112 1412723368.1
30.7890092996 1412723368.43
30.7909739608 1412723368.78
30.7915357375 1412723369.13
30.8447639344 1412723369.49
30.8487020189 1412723369.84
31.1249503937 1412723370.18
31.0632800754 1412723370.5
31.1061703322 1412723370.86
30.9792842228 1412723371.21
30.9734910119 1412723371.55
30.8832551191 1412723371.89
30.7502000478 1412723372.22
30.6146313152 1412723372.59
30.4881713456 1412723372.94
30.4734539034 1412723373.3
30.5198530792 1412723373.65
30.4400264177 1412723374.0
30.3884078217 1412723374.34
30.4303998986 1412723374.69
30.5544755647 1412723375.04
30.4560981434 1412723375.39
30.3652605121 1412723375.75
30.3925857673 1412723376.1
30.2569809598 1412723376.48
30.2837969332 1412723376.84
30.2311476321 1412723377.18
30.133927399 1412723377.53
30.1880917421 1412723377.89
30.1993749049 1412723378.23
30.3831597178 1412723378.6
30.4032463604 1412723378.94
30.3156292202 1412723379.29
30.3673316425 1412723379.66
30.3417436792 1412723380.02
30.3289948284 1412723380.39
30.311353672 1412723380.74
30.2518964675 1412723381.09
30.2075207655 1412723381.46
30.2259240801 1412723381.87
30.5144553694 1412723382.27
30.5179343091 1412723382.62
30.4719663174 1412723382.99
30.2789304117 1412723383.37
30.3381559382 1412723383.73
30.1855862198 1412723384.11
30.3167528999 1412723384.46
29.9569586296 1412723384.89
29.9191798947 1412723385.27
29.973327106 1412723385.63
29.983357016 1412723385.99
30.1567769037 1412723386.38
30.1463216679 1412723386.74
30.0260430194 1412723387.1
30.0204707864 1412723387.5
29.9864439523 1412723387.87
29.9071941405 1412723388.25
29.914281369 1412723388.63
29.8783954025 1412723389.0
29.8795249735 1412723389.41
29.8713356285 1412723389.8
29.8620217463 1412723390.14
29.8819144981 1412723390.5
29.8458985331 1412723390.85
29.8702802812 1412723391.24
29.8162163899 1412723391.62
29.8309661719 1412723392.0
29.6847815642 1412723392.42
29.7093563823 1412723392.81
29.7008098318 1412723393.2
29.7017868133 1412723393.58
29.6027610726 1412723393.97
29.5713857257 1412723394.34
29.547751749 1412723394.73
29.6351364367 1412723395.06
29.6638895273 1412723395.49
29.636402623 1412723395.88
29.6008032755 1412723396.2
29.5069476294 1412723396.57
