5.36619633239 1412753481.42
5.05961625571 1412753482.94
4.74681706409 1412753484.46
5.04121495819 1412753485.96
5.0940540174 1412753487.4
5.07676797902 1412753489.05
5.07915484108 1412753490.49
5.27716485057 1412753491.93
5.33673063764 1412753493.32
5.4586288584 1412753494.72
5.46281416548 1412753496.12
5.52706167099 1412753497.55
5.52551276951 1412753498.93
5.48787268974 1412753500.33
5.35172186397 1412753501.74
5.27717429762 1412753503.11
5.20618966746 1412753504.55
5.15411391263 1412753505.92
5.137975789 1412753507.3
5.10130675572 1412753508.62
5.13576100029 1412753509.91
5.14261000493 1412753511.23
5.14271413546 1412753512.55
5.22635725445 1412753513.85
5.21720566756 1412753515.16
5.20629923626 1412753516.46
5.23308407069 1412753517.79
5.199543123 1412753519.06
5.18125713121 1412753520.39
5.05071957306 1412753521.73
5.05873612418 1412753523.0
5.14280302059 1412753524.25
5.1193745979 1412753525.5
5.14300308548 1412753526.75
5.15009594185 1412753528.0
5.17416932659 1412753529.25
5.20413361534 1412753530.52
5.2396326844 1412753531.84
5.2897108661 1412753533.14
5.34929764753 1412753534.39
5.38365058271 1412753535.65
5.41766375585 1412753536.91
5.48867211426 1412753538.17
5.47783619468 1412753539.43
5.49746148342 1412753540.68
5.51056907788 1412753541.92
5.52578638959 1412753543.22
5.58655703934 1412753544.48
5.70877703538 1412753545.76
5.79605880983 1412753547.01
5.85642823685 1412753548.27
5.9426002211 1412753549.53
5.98651680038 1412753550.79
6.04273780971 1412753552.05
6.11837041227 1412753553.3
6.146547665 1412753554.55
6.15728440249 1412753555.78
6.16835280785 1412753557.04
6.16475751513 1412753558.31
6.14920767933 1412753559.6
6.12706008747 1412753560.82
6.08970237853 1412753562.04
6.06056860485 1412753563.28
6.02993386959 1412753564.54
6.09244361871 1412753565.82
5.99828283712 1412753567.08
5.88669603454 1412753568.37
6.02266156134 1412753569.64
6.17308917043 1412753570.91
6.24532519697 1412753572.13
6.18175621763 1412753573.38
6.19142465223 1412753574.64
6.12175235874 1412753575.86
6.02706587843 1412753577.12
5.90060478207 1412753578.41
5.85961566442 1412753579.68
6.1045025678 1412753580.94
6.10562372194 1412753582.19
6.24696579051 1412753583.41
6.38774925362 1412753584.63
6.65254303085 1412753585.9
6.84243832601 1412753587.16
7.19107417123 1412753588.42
7.43905915556 1412753589.67
7.48144686861 1412753590.94
5.08586995258 1412753592.26
4.77966641856 1412753593.53
5.40242816754 1412753594.82
5.10511076901 1412753596.09
4.49905622949 1412753597.39
4.43810675199 1412753598.64
4.47868701375 1412753599.88
4.53882501774 1412753601.15
4.59789366226 1412753602.42
4.53406705849 1412753603.7
4.56019667529 1412753604.9
4.60589499366 1412753606.16
4.64537013995 1412753607.37
4.64090115441 1412753608.65
4.64063621976 1412753609.86
4.67178343142 1412753611.19
4.68785564549 1412753612.48
4.70453176667 1412753613.77
4.72515817858 1412753615.01
4.73008825599 1412753616.26
4.74653096342 1412753617.44
4.7483671222 1412753618.66
4.71225002229 1412753619.89
4.68050632323 1412753621.1
4.63825559172 1412753622.35
4.60362520542 1412753623.58
4.57882403797 1412753624.81
4.55228255336 1412753626.04
4.5202386151 1412753627.27
4.48281715754 1412753628.5
4.45627642011 1412753629.72
4.42395174806 1412753630.95
4.39154435931 1412753632.13
4.36245617861 1412753633.4
4.34289428116 1412753634.67
4.3192104219 1412753635.85
4.29452491807 1412753637.11
4.26191153848 1412753638.37
4.25105920566 1412753639.62
4.23208082814 1412753640.85
4.21168812902 1412753642.15
4.19789523447 1412753643.39
4.1947876373 1412753644.6
4.19134420099 1412753645.83
4.18995715011 1412753647.09
4.18777928289 1412753648.33
4.1723343084 1412753649.61
4.16512608267 1412753650.93
4.15477015598 1412753652.2
4.14682322505 1412753653.55
4.09893357438 1412753654.92
4.09417434407 1412753656.19
4.08940258021 1412753657.5
4.07529965866 1412753658.75
4.07304028064 1412753660.06
4.06260906578 1412753661.36
4.04417585355 1412753662.64
4.03721884741 1412753663.89
4.02459030043 1412753665.11
4.01977516528 1412753666.39
4.01574345292 1412753667.62
4.02111910676 1412753668.9
4.02218607868 1412753670.18
4.0239424004 1412753671.45
4.01686731738 1412753672.67
4.00948535431 1412753673.93
4.00001309102 1412753675.21
3.99363903607 1412753676.47
3.97320079338 1412753677.72
3.9465766558 1412753679.05
3.90461028841 1412753680.34
3.90046680341 1412753681.65
3.8970850461 1412753682.97
3.89435332487 1412753684.28
3.8872966015 1412753685.56
3.87556245769 1412753686.88
3.86774578797 1412753688.18
3.86812512302 1412753689.52
3.85522653513 1412753690.78
3.85063059971 1412753692.06
3.84901122836 1412753693.37
3.84679228754 1412753694.66
3.84698184508 1412753695.94
3.84999950082 1412753697.22
3.84723105003 1412753698.54
3.84173568979 1412753699.82
3.84311166406 1412753701.17
3.83887367292 1412753702.47
3.83707870719 1412753703.7
3.83911803437 1412753704.98
3.83741919893 1412753706.24
3.83580057963 1412753707.48
3.8365301908 1412753708.75
3.83527390129 1412753710.0
3.82945588245 1412753711.3
3.83245323845 1412753712.63
3.82955125011 1412753713.93
3.82863257119 1412753715.21
3.8271393728 1412753716.48
3.82446227034 1412753717.77
3.81890383131 1412753719.07
3.81485128789 1412753720.39
3.81145185829 1412753721.68
3.81054697873 1412753722.98
3.80723122242 1412753724.29
3.80702750539 1412753725.63
3.80552513543 1412753726.97
3.80232490325 1412753728.25
3.80145537448 1412753729.55
3.80092462613 1412753730.85
3.79784011944 1412753732.17
3.80085076998 1412753733.47
3.80290558642 1412753734.74
3.7967278695 1412753736.05
3.79190139539 1412753737.34
