21.2154719615 1412724466.24
22.1446515902 1412724466.62
23.6921861716 1412724466.91
24.3376069369 1412724467.24
25.3971954328 1412724467.51
26.2578426238 1412724467.99
27.0248908793 1412724468.39
27.3764178156 1412724468.76
27.6075983764 1412724469.2
27.3860067487 1412724469.59
27.5664097078 1412724469.91
27.36697564 1412724470.25
27.1134127492 1412724470.58
27.0042340081 1412724470.85
26.9081438701 1412724471.13
26.8205142569 1412724471.41
26.705936733 1412724471.69
26.5860580158 1412724471.95
26.5862054198 1412724472.2
26.5621414661 1412724472.46
26.9830049533 1412724472.73
27.2825393405 1412724473.01
27.5470097448 1412724473.24
28.1982714846 1412724473.5
27.218009746 1412724473.76
28.2926358503 1412724474.01
26.5772934911 1412724474.26
24.7841716701 1412724474.5
24.919122204 1412724474.76
29.0385789098 1412724475.02
27.8560152198 1412724475.25
26.464891286 1412724475.49
25.3456203656 1412724475.78
24.8053482104 1412724476.06
25.4741079787 1412724476.37
24.7540766793 1412724476.67
25.517296371 1412724476.92
24.8426318491 1412724477.17
25.4506188297 1412724477.41
24.7145387519 1412724477.7
25.2233439509 1412724477.95
24.7892734782 1412724478.24
25.2695965373 1412724478.52
24.7433534952 1412724478.81
25.3236918611 1412724479.06
24.7114069234 1412724479.32
25.414307709 1412724479.63
24.7477313688 1412724479.9
25.2366314804 1412724480.15
24.6108303751 1412724480.4
25.1398268615 1412724480.65
24.6170789755 1412724480.9
25.1814274385 1412724481.16
24.7151308694 1412724481.42
25.1227369085 1412724481.71
24.8079951853 1412724481.98
25.1581212564 1412724482.28
24.9323016459 1412724482.55
24.5021790826 1412724482.81
24.9243743413 1412724483.06
24.5362677524 1412724483.33
24.8716858886 1412724483.59
25.2725762838 1412724483.88
24.953456609 1412724484.17
25.2092149153 1412724484.41
24.9754266402 1412724484.7
25.1822954717 1412724484.96
25.0722932934 1412724485.23
25.262389056 1412724485.51
25.1951886537 1412724485.78
24.9635853697 1412724486.08
25.2179978333 1412724486.36
25.0349389762 1412724486.64
25.2266689338 1412724486.93
25.1859221448 1412724487.24
25.3681141609 1412724487.52
25.254541197 1412724487.79
25.5071017924 1412724488.08
25.5924715663 1412724488.48
25.714987523 1412724488.84
25.6603263006 1412724489.16
25.6130289114 1412724489.46
25.6114391552 1412724489.75
25.6486439717 1412724490.04
25.6732876966 1412724490.33
25.5913593278 1412724490.61
25.8645820267 1412724490.87
25.8452790199 1412724491.1
25.820907608 1412724491.38
25.8860872329 1412724491.66
25.9795349464 1412724491.92
25.8864674959 1412724492.17
25.9150653428 1412724492.45
25.823647445 1412724492.71
25.9403982214 1412724493.03
25.8402569526 1412724493.31
25.8585854435 1412724493.62
25.8849552472 1412724493.9
25.8602785426 1412724494.23
25.9317448606 1412724494.52
26.0881722849 1412724494.84
26.0295864924 1412724495.14
26.1040604595 1412724495.42
26.0146474234 1412724495.73
26.0552349019 1412724496.07
26.0630413628 1412724496.39
26.0963012118 1412724496.67
26.0997862264 1412724497.0
26.0772913604 1412724497.27
26.0726112799 1412724497.6
25.9922653558 1412724497.89
26.1012977737 1412724498.22
26.0390067132 1412724498.56
26.0348324284 1412724498.91
26.1265825924 1412724499.24
26.1115421471 1412724499.59
26.0335430831 1412724499.91
26.1395203875 1412724500.24
26.3016246122 1412724500.53
26.1840921979 1412724500.87
26.1213834235 1412724501.21
26.0587439446 1412724501.56
26.0068660287 1412724501.89
25.9443817387 1412724502.24
25.8493468989 1412724502.56
25.9981231461 1412724502.88
25.8938956673 1412724503.2
25.7852148429 1412724503.55
25.6444887374 1412724503.88
25.6866768357 1412724504.2
25.7614968399 1412724504.52
25.6626814725 1412724504.85
25.6806314747 1412724505.17
25.7324104655 1412724505.48
25.5733099427 1412724505.79
25.6732760491 1412724506.09
25.5765289463 1412724506.41
25.5579947884 1412724506.7
25.5630261199 1412724507.01
25.6110001889 1412724507.32
25.5481530017 1412724507.63
25.6148598553 1412724507.95
25.6201152058 1412724508.26
25.7218843783 1412724508.57
25.749376688 1412724508.88
25.8047665341 1412724509.2
25.6883911286 1412724509.56
25.6580088876 1412724509.86
25.5498520904 1412724510.2
25.6142785236 1412724510.53
25.6684626487 1412724510.82
25.6112671776 1412724511.17
25.7023125569 1412724511.49
25.6047539829 1412724511.78
25.6972833161 1412724512.13
25.7969978094 1412724512.45
25.7159614942 1412724512.78
25.7687565909 1412724513.13
25.7247171968 1412724513.46
25.847133734 1412724513.81
25.6617184823 1412724514.13
25.6115429711 1412724514.55
25.5710103274 1412724515.0
25.5130456891 1412724515.34
25.5813720963 1412724515.7
25.531703638 1412724516.05
25.5857209882 1412724516.37
25.5321989564 1412724516.7
25.6030524654 1412724517.06
25.5675184083 1412724517.4
25.5846008409 1412724517.73
25.6331104364 1412724518.08
25.6216564612 1412724518.39
25.5466280068 1412724518.72
25.5375930507 1412724519.06
25.5414503926 1412724519.42
25.522470678 1412724519.79
25.54837299 1412724520.13
25.5324584921 1412724520.5
25.5305653491 1412724520.84
25.5380989883 1412724521.19
25.5179949631 1412724521.55
25.50088486 1412724521.93
25.5134044817 1412724522.28
25.5038509925 1412724522.62
25.4915807554 1412724522.99
25.5805231536 1412724523.33
25.5278485416 1412724523.68
25.6686665522 1412724523.99
25.5280088528 1412724524.32
25.5897020412 1412724524.63
25.5197062912 1412724524.95
25.5803256724 1412724525.29
25.5081851825 1412724525.61
25.5041117111 1412724525.96
25.6238576919 1412724526.31
25.4986542982 1412724526.66
25.4610475861 1412724527.0
25.4370441408 1412724527.39
25.6159309285 1412724527.75
