51.9238687566 1412727055.1
54.675367533 1412727055.73
50.2859849041 1412727056.42
49.1881229546 1412727056.99
46.6324136195 1412727057.63
45.8385620232 1412727058.3
45.9600805196 1412727058.91
45.3017949319 1412727059.47
45.506713035 1412727060.06
45.1260276963 1412727060.72
44.8760700768 1412727061.28
44.412146376 1412727061.89
44.2560621265 1412727062.46
44.0918053878 1412727063.06
43.5199599965 1412727063.62
42.8056761473 1412727064.2
42.5009535886 1412727064.74
42.1978296584 1412727065.28
41.4404745119 1412727065.83
40.8692449498 1412727066.42
38.0236057723 1412727067.15
37.5951307712 1412727067.84
37.5238373585 1412727068.58
37.4182239761 1412727069.27
37.1457829912 1412727069.97
35.5664943093 1412727070.55
33.9672212969 1412727071.11
32.8013783284 1412727071.68
32.5579543484 1412727072.25
32.5232781665 1412727072.97
32.4365207015 1412727073.6
32.0490151664 1412727074.34
32.0888609683 1412727074.93
30.7864274004 1412727075.56
30.4401709346 1412727076.16
30.097694369 1412727076.76
29.655810516 1412727077.39
28.916334219 1412727078.02
28.6574810694 1412727078.65
28.2814692701 1412727079.34
28.1673121992 1412727080.04
28.4704828346 1412727080.79
27.6453345618 1412727081.58
27.3493156377 1412727082.27
27.2298251815 1412727082.99
26.7461470567 1412727083.76
26.7379847894 1412727084.39
26.2104799293 1412727085.01
26.5319085872 1412727085.74
25.7301755053 1412727086.58
25.8147881661 1412727087.45
25.9501110354 1412727088.2
25.5762871017 1412727089.07
25.4953977749 1412727089.89
24.9373900116 1412727090.63
24.5831268052 1412727091.2
24.4852205872 1412727091.8
24.5314816593 1412727092.39
24.8339472909 1412727092.99
24.6124434081 1412727093.59
24.3207406257 1412727094.17
24.3862835673 1412727094.74
24.442534103 1412727095.35
24.5169680089 1412727095.98
24.9191980393 1412727096.6
25.1089634678 1412727097.24
24.9864416973 1412727097.87
24.8950458178 1412727098.48
24.9240367821 1412727099.1
24.9198574701 1412727099.75
25.165669358 1412727100.36
25.1104432282 1412727100.98
24.8616660119 1412727101.58
24.8841292132 1412727102.19
24.8440151981 1412727102.81
24.9742014998 1412727103.45
25.1211522633 1412727104.06
25.0791624596 1412727104.69
25.1629613872 1412727105.36
25.1961055547 1412727106.11
25.193384461 1412727106.9
25.2905602517 1412727107.67
25.3799350949 1412727108.57
25.3759906776 1412727109.28
25.2616674086 1412727110.1
25.2762215807 1412727111.08
25.3665695079 1412727112.01
25.416986428 1412727112.8
25.3102678876 1412727113.81
25.3412269291 1412727114.78
25.3630337212 1412727115.83
25.3152907064 1412727116.8
25.2499640447 1412727117.76
25.2194840593 1412727118.66
25.202461852 1412727119.33
25.1685475573 1412727120.08
25.1850146221 1412727120.72
25.1223230134 1412727121.38
25.3810487439 1412727122.08
25.2933653734 1412727122.83
25.314176706 1412727123.6
25.3149079918 1412727124.61
25.3625794959 1412727125.47
25.2964276692 1412727126.32
25.3741147855 1412727127.4
25.3339408622 1412727128.33
25.287839463 1412727129.2
25.2410172595 1412727130.08
25.2585088485 1412727130.87
25.301053951 1412727131.51
25.2292684806 1412727132.16
25.0334221468 1412727132.86
25.0194576725 1412727133.51
25.0737492567 1412727134.12
25.0319059944 1412727134.73
25.032688991 1412727135.4
25.023981023 1412727136.05
25.1037446613 1412727136.78
25.0978748936 1412727137.61
25.0919779985 1412727138.3
25.0560198668 1412727138.92
25.0891622389 1412727139.62
25.029768806 1412727140.37
25.020983291 1412727141.0
25.0123186509 1412727141.67
25.08147112 1412727142.29
25.0705889353 1412727142.92
25.1166445413 1412727143.53
25.1538867781 1412727144.16
25.1403551092 1412727144.82
25.1317305173 1412727145.56
25.1204250128 1412727146.27
25.2734635254 1412727146.92
25.2779889943 1412727147.59
25.2481428598 1412727148.22
25.0898034675 1412727148.85
25.0776213419 1412727149.47
25.1747198949 1412727150.16
25.0735983909 1412727150.92
25.0335379649 1412727151.62
25.0407017555 1412727152.33
24.8319432337 1412727153.05
24.805515112 1412727153.73
24.7637717951 1412727154.33
24.7216853952 1412727154.92
24.7412796699 1412727155.54
24.7077250834 1412727156.18
24.7270982977 1412727156.82
24.6450969889 1412727157.48
24.6648881177 1412727158.07
24.641981352 1412727158.68
24.6348427759 1412727159.3
24.6175689407 1412727159.9
24.3346535415 1412727160.5
24.3595982953 1412727161.24
24.3149100517 1412727161.97
24.1131225577 1412727162.73
24.0752912148 1412727163.41
24.0867108904 1412727164.04
23.97419202 1412727164.73
23.8795912504 1412727165.4
23.8981678864 1412727166.13
23.854495684 1412727166.79
23.8093015648 1412727167.47
23.8225624308 1412727168.1
23.7112281261 1412727168.74
23.575178681 1412727169.41
23.3695579711 1412727170.04
23.2649486388 1412727170.7
23.2166494313 1412727171.35
23.1689302556 1412727172.01
23.1178283604 1412727172.71
23.0805820094 1412727173.38
23.1374924734 1412727174.16
23.101599095 1412727174.88
23.1186741541 1412727175.58
23.2498994084 1412727176.34
23.1644188123 1412727177.01
23.2346246005 1412727177.64
23.136902522 1412727178.28
23.2319549631 1412727178.94
23.1090912682 1412727179.6
23.0929594673 1412727180.22
23.1743852332 1412727180.9
23.3813563425 1412727181.54
23.1843527276 1412727182.18
23.2495705596 1412727182.84
23.4310589215 1412727183.48
23.2138831691 1412727184.15
23.4143561264 1412727184.84
23.2352618388 1412727185.56
23.2373195614 1412727186.28
23.0915930633 1412727187.07
23.0184701645 1412727187.86
23.099676374 1412727188.57
23.0195741967 1412727189.36
23.2804710138 1412727190.0
23.2644893129 1412727190.8
23.1978019251 1412727191.52
23.1999270514 1412727192.18
