33.5835174746 1412724148.88
33.9651092498 1412724149.23
33.8584143118 1412724149.55
34.1047052992 1412724149.85
33.9386737257 1412724150.16
34.3750625849 1412724150.46
34.3881704698 1412724150.77
34.2893564973 1412724151.06
34.7367636966 1412724151.36
34.5672086277 1412724151.69
34.6357362853 1412724151.99
34.335164804 1412724152.29
34.0465955288 1412724152.68
33.5637891359 1412724153.08
33.1295039474 1412724153.45
32.9388154274 1412724153.74
32.7823517423 1412724154.04
32.6180058846 1412724154.38
32.5125022473 1412724154.68
32.3512033875 1412724155.03
32.3522177299 1412724155.34
32.5913117067 1412724155.66
32.2390671177 1412724155.99
32.2338871912 1412724156.29
32.3257237472 1412724156.63
31.8431748661 1412724156.96
31.806026236 1412724157.28
31.7758605219 1412724157.59
31.8127317352 1412724157.93
31.6396381866 1412724158.26
31.6073327328 1412724158.57
31.5721675615 1412724158.91
31.3577813024 1412724159.23
31.2333060964 1412724159.52
30.912451245 1412724159.82
30.8483077936 1412724160.13
30.9350886615 1412724160.44
30.9344163139 1412724160.79
30.8326621813 1412724161.11
30.8992751842 1412724161.39
30.9080808976 1412724161.7
30.8664850669 1412724162.01
30.7802321013 1412724162.33
30.7397080218 1412724162.65
30.7309657724 1412724162.97
30.7293386835 1412724163.28
30.6558117435 1412724163.62
30.7418581359 1412724163.98
30.5955067773 1412724164.36
30.6652915263 1412724164.69
30.6280989875 1412724165.2
30.7589921042 1412724165.66
30.6458746653 1412724166.03
30.5375041536 1412724166.44
30.5875712476 1412724166.84
30.5825292243 1412724167.14
30.4623010669 1412724167.44
30.7042805103 1412724167.76
30.4704996714 1412724168.11
30.3314527083 1412724168.43
30.3443218542 1412724168.78
30.284026423 1412724169.1
30.3217472998 1412724169.43
30.3287371272 1412724169.77
30.2637326916 1412724170.11
30.2796326889 1412724170.43
30.3102607593 1412724170.8
30.3156371199 1412724171.12
30.3285640715 1412724171.45
30.3668337491 1412724171.8
30.3449312327 1412724172.14
30.138597506 1412724172.45
30.1466362271 1412724172.8
30.0374289039 1412724173.15
29.937993057 1412724173.51
29.8577054846 1412724173.83
29.710018946 1412724174.14
29.6295525571 1412724174.6
29.6204791959 1412724174.94
29.6630607247 1412724175.22
29.6088234294 1412724175.58
29.562306959 1412724175.84
29.6200134667 1412724176.13
29.4745638212 1412724176.43
29.5109143911 1412724176.72
29.3758399958 1412724176.99
29.3338104009 1412724177.26
29.2225055528 1412724177.53
29.2441727507 1412724177.8
29.1591442129 1412724178.09
29.1279904335 1412724178.46
29.1837970286 1412724178.86
29.082382047 1412724179.27
29.0692029973 1412724179.66
29.0693122955 1412724180.0
29.0626255343 1412724180.29
28.9358505109 1412724180.59
28.9439287433 1412724180.86
29.0467995018 1412724181.27
28.9045658795 1412724181.66
28.9104099703 1412724182.02
28.7403968391 1412724182.31
28.7151948413 1412724182.64
28.7364282119 1412724182.92
28.5428371997 1412724183.23
28.4501388072 1412724183.54
28.4471549529 1412724183.82
28.3747227088 1412724184.13
28.1987096688 1412724184.43
28.1622629666 1412724184.71
28.0797263949 1412724185.03
28.0706860949 1412724185.35
27.9280365948 1412724185.65
27.9383563063 1412724185.95
27.9921260386 1412724186.27
27.9692472921 1412724186.61
27.8476551895 1412724186.95
27.7799824823 1412724187.25
27.7001787104 1412724187.57
27.5819092772 1412724187.89
27.574997254 1412724188.34
27.3827216423 1412724188.68
27.6400125906 1412724189.02
27.5919065801 1412724189.35
27.640013518 1412724189.65
27.5598169984 1412724189.92
27.6138480335 1412724190.19
27.5428520592 1412724190.52
27.521054938 1412724190.87
27.4638449141 1412724191.29
27.4931868165 1412724191.67
27.5080106619 1412724192.05
27.446423223 1412724192.51
27.4422110837 1412724192.97
27.4260431005 1412724193.38
27.3525672941 1412724193.7
27.1684544932 1412724194.08
26.9817954648 1412724194.35
26.9385526698 1412724194.65
26.919573995 1412724195.04
27.00624423 1412724195.34
26.7890030592 1412724195.67
26.8023191633 1412724195.96
26.72432371 1412724196.24
26.568677848 1412724196.56
26.2900404586 1412724196.87
26.2234947848 1412724197.2
25.9799160284 1412724197.47
25.8645279966 1412724197.8
25.7780298869 1412724198.08
25.7181829078 1412724198.4
25.62160266 1412724198.66
25.5786821905 1412724198.92
25.4204072962 1412724199.19
25.2753009624 1412724199.46
25.238341041 1412724199.73
25.082583921 1412724199.97
24.9866843896 1412724200.26
24.8035491266 1412724200.59
24.8754297799 1412724200.97
25.0440332615 1412724201.27
25.0599833753 1412724201.56
25.1363159432 1412724201.86
25.1949419275 1412724202.18
25.1598458375 1412724202.54
24.9939065181 1412724202.82
24.9128485533 1412724203.12
25.000339201 1412724203.39
24.9655586236 1412724203.67
24.883721133 1412724203.96
24.8885854178 1412724204.23
25.04748842 1412724204.49
24.9958006577 1412724204.76
25.0756508955 1412724205.05
25.0726673119 1412724205.34
25.1305008854 1412724205.6
25.1644222079 1412724205.87
25.0500154061 1412724206.17
24.9547165408 1412724206.43
24.9807352892 1412724206.73
24.976769546 1412724207.04
24.9265578909 1412724207.29
24.9613810026 1412724207.57
24.846264896 1412724207.86
24.9601573143 1412724208.16
24.8377797275 1412724208.47
24.9273102358 1412724208.76
24.7489429722 1412724209.05
24.8231303441 1412724209.33
24.7050897349 1412724209.61
24.8136326748 1412724209.86
24.727581104 1412724210.13
24.7261666959 1412724210.41
24.7327097018 1412724210.71
24.6912188703 1412724211.0
24.6626710639 1412724211.36
24.5779508432 1412724211.64
24.6281765018 1412724211.9
24.6135016575 1412724212.2
24.4534579573 1412724212.5
