20.4415782292 1412732611.29
20.1526764923 1412732611.93
20.7227242788 1412732612.58
20.6472908808 1412732613.24
20.6029977115 1412732613.91
21.0011249561 1412732614.53
21.1365325712 1412732615.13
21.108804938 1412732615.77
20.9164634414 1412732616.38
21.0051168594 1412732616.98
20.7928674034 1412732617.59
20.8119667686 1412732618.17
20.7718968273 1412732618.77
20.953845896 1412732619.33
20.7381107106 1412732619.9
20.7080053163 1412732620.49
20.3828554524 1412732621.08
20.168089979 1412732621.67
19.8560881125 1412732622.26
19.8232572143 1412732622.82
19.723692204 1412732623.44
19.7044122894 1412732624.05
19.3511061538 1412732624.65
19.4026892263 1412732625.23
19.193292429 1412732625.81
18.9509880931 1412732626.45
18.9263917544 1412732627.05
19.0139031268 1412732627.62
18.9475223208 1412732628.23
18.7494896264 1412732628.8
18.9016590565 1412732629.43
18.8059329999 1412732630.01
18.831386489 1412732630.58
18.7995079899 1412732631.18
19.1112909953 1412732631.83
18.9973950113 1412732632.43
19.0482559292 1412732633.02
19.0599793288 1412732633.64
19.0781628463 1412732634.23
19.3805520907 1412732634.8
19.3069190218 1412732635.37
19.27029138 1412732635.95
19.242181451 1412732636.52
19.1505815455 1412732637.16
19.2593345656 1412732637.78
19.1548297165 1412732638.41
19.0946645745 1412732639.01
19.2190823184 1412732639.62
19.1201305366 1412732640.21
19.2091090931 1412732640.8
19.1149077398 1412732641.39
19.1145494904 1412732641.96
18.9339893238 1412732642.58
18.9989581892 1412732643.17
18.987989936 1412732643.76
18.9237201263 1412732644.37
18.9020378096 1412732644.97
18.6712411861 1412732645.54
18.5586651941 1412732646.16
18.5277122031 1412732646.78
18.6080904882 1412732647.39
18.6202385809 1412732648.01
18.6444780821 1412732648.6
18.67772799 1412732649.17
18.5562879057 1412732649.79
18.546933395 1412732650.37
18.5201667587 1412732650.97
18.4917667645 1412732651.53
18.4668646545 1412732652.13
18.5130532792 1412732652.71
18.5537607084 1412732653.3
18.5632923999 1412732653.88
18.5488765674 1412732654.49
18.4409874769 1412732655.07
18.468179113 1412732655.67
18.4789537479 1412732656.26
18.613299278 1412732656.87
18.7022107122 1412732657.47
18.7578322737 1412732658.04
18.6439668 1412732658.66
18.7280733458 1412732659.27
18.8247594095 1412732659.88
18.6669952834 1412732660.47
18.6656746541 1412732661.08
18.634395782 1412732661.7
18.5842188926 1412732662.28
18.7345951999 1412732662.86
18.5767676391 1412732663.47
18.6499352236 1412732664.08
18.6864646681 1412732664.65
18.5910607338 1412732665.24
18.6095881369 1412732665.81
18.4901352818 1412732666.43
18.4153451803 1412732667.01
18.4502894389 1412732667.63
18.4911066173 1412732668.25
18.4142970945 1412732668.85
18.4467092908 1412732669.44
18.3758881542 1412732670.03
18.458589299 1412732670.64
18.4008099438 1412732671.21
18.4460545348 1412732671.8
18.4391525152 1412732672.39
18.3645840978 1412732672.97
18.3528919135 1412732673.57
18.3144403936 1412732674.2
18.3840038106 1412732674.79
18.5198364567 1412732675.42
18.5106647746 1412732676.02
18.5599419704 1412732676.61
18.5381811661 1412732677.21
18.6141301773 1412732677.8
18.6611427402 1412732678.4
18.5684400468 1412732679.0
18.5235274127 1412732679.61
18.5132951567 1412732680.22
18.5834429501 1412732680.84
18.5769355203 1412732681.43
18.5551237804 1412732682.06
18.5926119089 1412732682.65
18.5822066801 1412732683.26
18.6024693107 1412732683.86
18.713138096 1412732684.45
18.6926301879 1412732685.05
18.7816379929 1412732685.65
18.5387554282 1412732686.23
18.7256884323 1412732686.83
18.5717667186 1412732687.43
18.6733878061 1412732688.04
18.6606337881 1412732688.64
18.5533439371 1412732689.24
18.5549040633 1412732689.86
18.605227976 1412732690.47
18.6012853975 1412732691.07
18.5816806191 1412732691.68
18.5857493564 1412732692.28
18.7603933971 1412732692.9
18.7219263637 1412732693.52
18.6740460854 1412732694.15
18.6836952863 1412732694.8
18.7207222054 1412732695.46
18.7115829233 1412732696.08
18.6959374373 1412732696.66
18.6898121369 1412732697.27
18.6838057943 1412732697.87
18.7084466184 1412732698.46
18.8336099076 1412732699.07
18.769293218 1412732699.69
18.7757470083 1412732700.33
18.695353665 1412732700.95
18.669945049 1412732701.57
18.6658769774 1412732702.19
18.6275262238 1412732702.8
18.623799325 1412732703.42
18.7427004104 1412732704.0
18.6098455844 1412732704.63
18.7356311605 1412732705.24
18.6141815099 1412732705.85
18.68090831 1412732706.47
18.6885223691 1412732707.09
18.6725720893 1412732707.68
18.6520303273 1412732708.32
18.6090673229 1412732708.9
18.602222335 1412732709.52
18.5952919922 1412732710.12
18.5831300996 1412732710.75
18.5752650331 1412732711.38
18.5741783962 1412732711.98
18.5789942894 1412732712.59
18.6351775256 1412732713.24
18.6301510387 1412732713.85
18.625122991 1412732714.49
18.6176110474 1412732715.11
18.6158248447 1412732715.73
18.6652280901 1412732716.37
18.6204679896 1412732716.98
18.6696549184 1412732717.58
18.6249004628 1412732718.2
18.6278804391 1412732718.83
18.6746546629 1412732719.43
18.6348642298 1412732720.02
18.682966863 1412732720.64
18.7016916921 1412732721.25
18.7044548998 1412732721.87
18.5946340956 1412732722.47
18.6077887699 1412732723.08
18.5798004453 1412732723.71
18.4394982082 1412732724.36
18.4219214333 1412732724.99
18.370503924 1412732725.59
18.462967306 1412732726.26
18.5694405905 1412732726.89
18.462167711 1412732727.5
18.4828971727 1412732728.14
18.4785882902 1412732728.79
18.4591437423 1412732729.47
18.3864947807 1412732730.11
18.4397532722 1412732730.74
18.4703398535 1412732731.36
18.5061355053 1412732731.99
