18.7809284953 1412736284.23
17.4825462115 1412736285.25
17.7404883502 1412736286.33
17.9718638242 1412736287.79
18.1594795016 1412736288.87
19.2903594443 1412736289.9
19.8556457369 1412736290.89
20.2647464767 1412736291.86
20.4885678551 1412736292.86
20.8932005589 1412736293.84
20.864108621 1412736294.84
21.0087922619 1412736295.78
20.8699750717 1412736296.72
20.8682630121 1412736297.67
21.2902013347 1412736298.63
21.374557493 1412736299.6
21.5247637478 1412736300.58
21.7449390141 1412736301.61
21.69634821 1412736302.59
21.4678129785 1412736303.62
21.4713983744 1412736304.61
21.3805117651 1412736305.66
21.5319215198 1412736306.75
21.7137754857 1412736307.82
21.7334113825 1412736308.84
22.0333283725 1412736309.87
22.0168282493 1412736310.87
22.2123434718 1412736311.89
22.1659528657 1412736312.9
22.1397606561 1412736313.92
22.1056196172 1412736314.94
22.0735796712 1412736316.01
21.979197515 1412736317.05
21.8379011436 1412736318.08
21.7229807721 1412736319.11
21.7989103527 1412736320.09
21.6239925834 1412736321.15
21.7287975548 1412736322.13
21.5835595277 1412736323.13
21.6271799226 1412736324.06
21.2965697303 1412736325.03
21.6662544284 1412736325.95
21.4609130461 1412736327.03
21.7794187471 1412736328.04
21.5226044312 1412736329.02
21.3789452053 1412736330.02
21.0749564084 1412736330.97
20.9884710001 1412736331.96
21.2403485624 1412736332.93
19.7167968921 1412736333.95
18.5499488356 1412736334.95
18.685210432 1412736335.98
19.1437964956 1412736336.98
19.4768412846 1412736338.0
19.4733790742 1412736339.01
19.0200176975 1412736340.07
19.1397356984 1412736341.15
19.300960735 1412736342.22
19.008148794 1412736343.21
18.791380198 1412736344.19
18.5912908053 1412736345.24
18.3573302731 1412736346.27
18.2943122133 1412736347.27
18.0819208768 1412736348.31
17.8507043022 1412736349.34
17.5794969728 1412736350.32
17.3947339081 1412736351.4
17.1791724235 1412736352.48
17.0552469796 1412736353.53
16.7534781574 1412736354.57
16.6726412967 1412736355.64
16.4177549051 1412736356.72
16.2450440906 1412736357.79
16.2315260831 1412736358.86
16.4351029782 1412736359.94
16.8651928865 1412736361.08
17.2418131092 1412736362.12
17.415233665 1412736363.18
17.4409690774 1412736364.19
17.5561045935 1412736365.22
17.4741100355 1412736366.22
17.4419575681 1412736367.2
17.4914646074 1412736368.19
17.4821375763 1412736369.21
17.3277492804 1412736370.17
17.2508857238 1412736371.14
17.0971904389 1412736372.17
17.0095539172 1412736373.21
17.0160763091 1412736374.26
16.9424649529 1412736375.34
16.9467345166 1412736376.37
16.9655304101 1412736377.48
16.8802094233 1412736378.53
16.9044176419 1412736379.51
16.9173599357 1412736380.54
16.8868171609 1412736381.59
16.8520710543 1412736382.6
16.82560009 1412736383.67
16.8042710838 1412736384.73
16.7605620437 1412736385.81
16.74794487 1412736386.86
16.721492879 1412736387.88
16.6634720871 1412736388.85
16.7238641315 1412736389.81
16.8087911511 1412736390.85
16.8630969482 1412736391.87
16.8699620865 1412736392.91
16.8539753503 1412736393.93
16.8960180697 1412736394.95
16.957686114 1412736395.92
17.0508658325 1412736396.96
16.9957449731 1412736397.97
16.9411541853 1412736398.98
17.0947739739 1412736400.01
17.1058561782 1412736401.08
17.0134814722 1412736402.08
17.0523579261 1412736403.07
17.069255765 1412736404.08
17.1113371266 1412736405.11
17.1143240391 1412736406.18
17.1593810399 1412736407.2
17.2200042033 1412736408.29
17.187383092 1412736409.26
17.1859936772 1412736410.25
17.1681115158 1412736411.25
17.15441572 1412736412.25
17.2577310934 1412736413.28
17.1119872263 1412736414.3
17.1239872974 1412736415.28
17.1479789489 1412736416.3
17.2863350393 1412736417.35
17.2932359143 1412736418.33
17.3123524602 1412736419.29
17.3667187837 1412736420.28
17.4158645749 1412736421.29
17.1917467047 1412736422.29
17.2003368921 1412736423.24
17.2221103081 1412736424.28
17.3228935822 1412736425.29
17.3626089947 1412736426.29
17.308628924 1412736427.29
17.337806487 1412736428.29
17.3111916598 1412736429.25
17.354717932 1412736430.24
17.3490881637 1412736431.27
17.2564530729 1412736432.27
17.3649886943 1412736433.27
17.3630471262 1412736434.26
17.2819917339 1412736435.27
17.3773622801 1412736436.25
17.3921516468 1412736437.24
17.3026497462 1412736438.26
17.2366232309 1412736439.22
17.2419439747 1412736440.27
17.380168994 1412736441.27
17.2795058828 1412736442.25
17.1747912837 1412736443.27
17.1969765199 1412736444.31
17.1391465321 1412736445.35
17.106376909 1412736446.45
17.166613404 1412736447.49
17.1407780942 1412736448.52
17.169426881 1412736449.55
17.0002953113 1412736450.54
16.9274678939 1412736451.57
16.8576877774 1412736452.6
16.8137398274 1412736453.61
16.8196922266 1412736454.6
16.8404698616 1412736455.62
16.8756319931 1412736456.61
16.8015049231 1412736457.64
16.8444926894 1412736458.65
16.8293983211 1412736459.67
16.849174557 1412736460.68
16.7448672099 1412736461.71
16.7273832387 1412736462.75
16.7100640266 1412736463.79
16.6332211025 1412736464.79
16.6911878032 1412736465.83
16.6713519533 1412736466.85
16.6976742666 1412736467.86
16.5324992853 1412736468.86
16.5443172245 1412736469.86
16.5034390078 1412736470.91
16.59399345 1412736471.96
16.6795596705 1412736472.97
16.6714819674 1412736474.01
16.7163307891 1412736475.07
16.7453399113 1412736476.13
16.7659126648 1412736477.2
16.7654515244 1412736478.24
16.7852501485 1412736479.24
16.8255757667 1412736480.24
16.8337337827 1412736481.24
16.8075942894 1412736482.25
16.8249747653 1412736483.26
16.8398721158 1412736484.25
16.7546143871 1412736485.26
16.7918422183 1412736486.27
16.7165778401 1412736487.28
