16.0354764753 1412727767.73
16.4576553575 1412727768.33
17.3175363537 1412727768.91
19.1427006572 1412727769.55
20.1612977465 1412727770.17
20.6910798775 1412727770.8
20.7458373364 1412727771.44
20.6296931787 1412727772.09
20.6714804048 1412727772.71
20.4661105767 1412727773.37
20.6912043864 1412727774.05
20.63173052 1412727774.69
20.6702274312 1412727775.35
20.6436963786 1412727776.0
20.6003574825 1412727776.73
20.7985902797 1412727777.38
21.1302778282 1412727778.0
21.1063134321 1412727778.59
21.2482004749 1412727779.2
21.382203335 1412727779.84
21.2521163318 1412727780.43
21.2121078869 1412727781.06
21.2692013866 1412727781.7
21.5140000231 1412727782.47
21.5576111687 1412727783.18
21.7861359971 1412727783.89
21.8694969909 1412727784.62
21.8626527671 1412727785.35
21.8662531175 1412727786.11
21.9233645626 1412727786.87
21.9391333877 1412727787.6
21.7870577407 1412727788.33
21.5641835386 1412727789.05
21.6964931008 1412727789.79
21.6280842189 1412727790.52
21.5664756674 1412727791.25
21.5597941882 1412727791.99
21.6209507476 1412727792.71
21.6247131834 1412727793.41
21.5948937052 1412727794.14
21.5925601723 1412727794.87
21.6250469656 1412727795.61
21.666673461 1412727796.36
21.6546604518 1412727797.17
21.6734849981 1412727797.99
21.6027570861 1412727798.81
21.6778661736 1412727799.61
21.7289675745 1412727800.37
21.7055281134 1412727801.09
21.706628814 1412727801.82
21.7657888708 1412727802.55
21.6711898627 1412727803.29
21.7069355222 1412727804.09
21.8081357628 1412727804.85
21.813356272 1412727805.58
21.8709953104 1412727806.31
21.8708059875 1412727807.03
21.8895974424 1412727807.77
21.9347333187 1412727808.5
21.9892031357 1412727809.25
22.0080751522 1412727809.98
22.0453207771 1412727810.73
22.0496632886 1412727811.45
22.1573467475 1412727812.15
22.2275819315 1412727812.87
22.2392763853 1412727813.63
22.2570702412 1412727814.4
22.2429055252 1412727815.21
22.1488778377 1412727816.0
21.7901258005 1412727816.74
21.7009720177 1412727817.52
21.7344698702 1412727818.26
21.6065496511 1412727819.06
21.5211617485 1412727819.8
21.4473835262 1412727820.53
21.4160530538 1412727821.25
21.2666498599 1412727821.98
21.2600723363 1412727822.75
21.2502582794 1412727823.57
21.240194714 1412727824.31
21.1401858543 1412727825.05
21.1136415452 1412727825.78
21.2020830431 1412727826.48
21.1557343123 1412727827.14
21.1695416647 1412727827.83
21.3054507418 1412727828.51
21.2542515141 1412727829.21
21.363853362 1412727829.88
21.5468268989 1412727830.59
21.7059883672 1412727831.28
21.7303734284 1412727832.0
21.7172200642 1412727832.71
21.7369533785 1412727833.43
21.8748109795 1412727834.13
21.8763982777 1412727834.82
22.0203469056 1412727835.51
22.1522593905 1412727836.16
22.2860346823 1412727836.88
22.21109775 1412727837.59
22.3422849824 1412727838.26
22.421697835 1412727838.96
22.5278223581 1412727839.67
22.6128792592 1412727840.41
22.5377410755 1412727841.12
22.8110360124 1412727841.85
22.2586077264 1412727842.59
21.8306407392 1412727843.31
21.4184586262 1412727844.08
20.9580448243 1412727844.79
20.8992305554 1412727845.52
20.6867865902 1412727846.28
20.2219823137 1412727847.01
20.1267706239 1412727847.74
19.4182569708 1412727848.47
19.111574029 1412727849.21
18.8729187768 1412727849.95
18.617183 1412727850.71
18.6592238184 1412727851.49
18.484622206 1412727852.24
18.2193907523 1412727853.05
18.1449888442 1412727853.85
18.5007145597 1412727854.65
18.653370504 1412727855.47
18.5882708556 1412727856.23
18.3191673768 1412727857.02
18.3013934757 1412727857.8
18.3201438588 1412727858.57
18.0993515503 1412727859.38
18.0567485671 1412727860.19
17.8098630219 1412727861.04
17.96880448 1412727861.84
18.0394396198 1412727862.63
18.2362343561 1412727863.49
17.6641806799 1412727864.32
17.9567472618 1412727865.19
18.2743362905 1412727866.08
18.6254330327 1412727866.93
18.9875884721 1412727867.76
19.0755897275 1412727868.54
19.2329662171 1412727869.32
19.3320320709 1412727870.15
20.3835802475 1412727870.95
19.7029353472 1412727871.77
19.2809327587 1412727872.58
19.4790292184 1412727873.39
20.0156510717 1412727874.2
19.2638737136 1412727875.04
19.2567653193 1412727875.84
19.4167048097 1412727876.66
18.7880940918 1412727877.53
18.9156637763 1412727878.4
18.4181844747 1412727879.25
18.4827135705 1412727880.13
19.3706321625 1412727880.97
19.3612752592 1412727881.83
18.538679981 1412727882.67
18.5613748472 1412727883.55
17.8391474317 1412727884.41
17.8189526692 1412727885.22
17.824190263 1412727886.05
17.8769597692 1412727886.88
17.7343804582 1412727887.72
17.6192014122 1412727888.6
17.4699683848 1412727889.42
17.5296684515 1412727890.27
17.1424328022 1412727891.08
17.2285526883 1412727891.87
17.3005021785 1412727892.67
17.371913599 1412727893.48
17.3823653684 1412727894.34
17.5650069049 1412727895.12
17.496432456 1412727895.88
17.4247750097 1412727896.68
17.472275615 1412727897.49
18.4654696041 1412727898.29
17.983415672 1412727899.06
18.0487065576 1412727899.82
18.2896936256 1412727900.62
18.3330971305 1412727901.4
16.9949157173 1412727902.16
17.084329867 1412727902.93
17.1527134869 1412727903.68
17.0351229627 1412727904.43
16.9596748378 1412727905.15
16.9903922793 1412727905.93
16.8591797147 1412727906.67
16.8854261909 1412727907.42
16.9084516311 1412727908.2
16.8090819554 1412727908.98
16.8717008243 1412727909.73
16.9908511843 1412727910.52
16.9275746362 1412727911.3
17.0868479255 1412727912.07
17.0970708724 1412727912.83
16.8914744905 1412727913.64
16.9052323701 1412727914.4
16.9179538058 1412727915.15
16.9269276556 1412727915.94
16.9352311067 1412727916.68
16.9409779853 1412727917.42
