86.3638109734 1412758829.88
86.2593561051 1412758830.99
86.8461331705 1412758832.02
86.6884385829 1412758833.06
87.4574584165 1412758834.09
88.4887021548 1412758835.08
87.2816673074 1412758836.12
85.9153265558 1412758837.18
85.8163429987 1412758838.27
84.9815232523 1412758839.33
85.0668146945 1412758840.42
83.856852965 1412758841.48
83.0928768717 1412758842.53
83.6067116292 1412758843.57
83.0519788173 1412758844.6
83.0706928721 1412758845.61
83.169584571 1412758846.74
82.960677562 1412758847.79
82.7298732338 1412758848.82
82.5320893387 1412758849.9
82.4249192714 1412758850.98
82.1033154263 1412758852.03
80.6312655405 1412758853.04
80.7275897015 1412758854.09
80.2246998331 1412758855.06
79.6933461039 1412758856.07
78.7771646609 1412758857.06
78.3357887398 1412758858.08
77.7927592089 1412758859.1
77.2548979184 1412758860.11
77.5052233801 1412758861.14
76.9040632627 1412758862.16
76.7086441936 1412758863.15
76.4701672931 1412758864.18
75.8794820308 1412758865.19
75.4458059746 1412758866.18
75.2518039366 1412758867.17
75.3445824852 1412758868.2
74.7722622675 1412758869.2
74.8471177871 1412758870.23
74.7385107017 1412758871.25
74.484946567 1412758872.29
73.8168197007 1412758873.38
73.2743030474 1412758874.47
73.3118049929 1412758875.58
72.8715333469 1412758876.68
72.7829944244 1412758877.75
72.5986835244 1412758878.84
72.1981155983 1412758879.94
71.9218890393 1412758881.03
71.5969632859 1412758882.12
70.8118921012 1412758883.24
70.4385621642 1412758884.42
69.335058831 1412758885.59
69.3725353952 1412758886.76
69.2580077691 1412758887.91
69.0718249277 1412758889.03
68.2507242311 1412758890.17
68.2542225857 1412758891.26
67.6554004445 1412758892.38
68.0906585578 1412758893.5
67.3963644369 1412758894.62
67.3910903153 1412758895.69
67.0639824501 1412758896.8
65.9647797896 1412758897.94
65.8450109145 1412758899.06
64.9293651067 1412758900.22
64.9753675811 1412758901.35
63.8534816476 1412758902.46
65.0260730676 1412758903.55
64.0755025394 1412758904.7
63.8159660827 1412758905.84
62.9503929505 1412758906.94
62.7476405869 1412758908.06
62.8927177346 1412758909.19
63.0367508464 1412758910.31
63.7290463418 1412758911.4
64.5232280211 1412758912.46
63.9430128606 1412758913.51
63.3400004719 1412758914.59
63.179203536 1412758915.7
62.9909974651 1412758916.8
62.595482523 1412758917.91
62.5464991746 1412758919.0
62.8704949796 1412758920.09
63.4796574785 1412758921.16
63.1390177402 1412758922.26
63.5912901458 1412758923.35
63.7766757419 1412758924.38
64.4162154442 1412758925.41
64.7876265426 1412758926.51
64.754424941 1412758927.59
65.3371314338 1412758928.66
65.8058299974 1412758929.68
66.4540706244 1412758930.71
66.6483563661 1412758931.72
67.1476861692 1412758932.74
67.6672070287 1412758933.75
67.3784304326 1412758934.77
67.4543344114 1412758935.76
67.0662150311 1412758936.78
67.3435986839 1412758937.81
67.6791353425 1412758938.83
67.5023695483 1412758939.89
67.0063069082 1412758940.92
67.6174237841 1412758941.95
67.8502221908 1412758943.03
68.1824923013 1412758944.08
68.2223912103 1412758945.15
68.1779490088 1412758946.22
67.859205174 1412758947.3
67.7111221127 1412758948.37
67.856074993 1412758949.43
68.3282514333 1412758950.47
68.5301727419 1412758951.53
68.6583412558 1412758952.56
68.2506246389 1412758953.61
67.8203951916 1412758954.68
68.0807625827 1412758955.76
68.1679803461 1412758956.83
68.6974722449 1412758957.88
68.3525136207 1412758958.94
68.0130276504 1412758960.03
68.1308012212 1412758961.08
67.8823838763 1412758962.14
67.8803885522 1412758963.24
67.8583775229 1412758964.32
67.7634850463 1412758965.42
67.2883772933 1412758966.62
67.4854610548 1412758967.74
67.2215607075 1412758968.88
66.1017148067 1412758970.02
66.1285141433 1412758971.19
66.0758819509 1412758972.34
66.3745720185 1412758973.48
66.7934204589 1412758974.63
66.4592877812 1412758975.8
66.6832633784 1412758977.0
66.3601657629 1412758978.18
66.2272236097 1412758979.36
66.0385450142 1412758980.57
66.2613142293 1412758981.73
66.1571058345 1412758982.99
66.2805867724 1412758984.2
66.1537261295 1412758985.43
65.5692198329 1412758986.67
65.541396865 1412758987.91
65.5453958088 1412758989.16
65.1576762591 1412758990.46
64.7093818346 1412758991.72
64.5416817619 1412758993.0
64.2257381829 1412758994.3
64.207600444 1412758995.57
63.8721698854 1412758996.86
63.4178525941 1412758998.12
62.8002851588 1412758999.42
62.3785381815 1412759000.7
62.0610842019 1412759001.95
61.7518364653 1412759003.28
60.980576981 1412759004.57
61.2967286593 1412759005.85
61.690380021 1412759007.15
61.83820028 1412759008.45
61.7808521203 1412759009.76
61.5609368253 1412759011.13
61.7390315915 1412759012.46
61.5161690118 1412759013.8
61.3828442527 1412759015.12
61.3689985961 1412759016.52
61.6610996578 1412759017.9
61.7107729096 1412759019.27
61.2196994865 1412759020.65
60.4834689469 1412759022.01
60.4566350813 1412759023.42
60.2013679982 1412759024.81
60.0009846452 1412759026.2
59.890517178 1412759027.59
59.1558803629 1412759028.97
58.8419559796 1412759030.42
58.6775883993 1412759031.85
58.3575739208 1412759033.22
58.1730806787 1412759034.58
58.6163883525 1412759035.97
58.1997639727 1412759037.34
58.1336916306 1412759038.7
57.9599285921 1412759040.08
57.9369170361 1412759041.44
57.4067199745 1412759042.81
57.2812073378 1412759044.16
57.5259739836 1412759045.57
57.2950008334 1412759046.96
57.3532445791 1412759048.33
57.4377093787 1412759049.69
57.4073592281 1412759051.09
57.4195549047 1412759052.46
57.0959261255 1412759053.83
57.1892461864 1412759055.22
56.9285561484 1412759056.62
56.7447978497 1412759058.05
56.3255675699 1412759059.43
