44.2003454768 1412733229.99
47.5542458172 1412733230.65
48.4643024793 1412733231.36
48.1932531554 1412733232.02
46.5075730333 1412733232.68
45.8911502095 1412733233.36
45.9287039862 1412733234.0
46.7305314905 1412733234.64
47.1470590178 1412733235.3
47.95651208 1412733235.91
48.1728826269 1412733236.49
48.6091663381 1412733237.08
49.1556653622 1412733237.74
49.0524154156 1412733238.34
49.1728775108 1412733238.93
48.8699114648 1412733239.57
49.054783995 1412733240.18
48.2752178031 1412733240.83
48.2305087818 1412733241.46
48.271213445 1412733242.08
48.6412205485 1412733242.69
48.5325710224 1412733243.27
48.5102864863 1412733243.85
48.3720405644 1412733244.48
48.5512970848 1412733245.08
48.8480806663 1412733245.68
48.9846295576 1412733246.31
49.095112191 1412733246.9
48.8447678222 1412733247.52
48.7568057934 1412733248.15
48.7246181932 1412733248.77
48.844420393 1412733249.38
48.6459981249 1412733249.96
50.6479860645 1412733250.56
47.5466952533 1412733251.15
48.9855117653 1412733251.75
50.6485250887 1412733252.33
47.2877691375 1412733252.9
47.4343036018 1412733253.5
47.6086381495 1412733254.14
47.5847803585 1412733254.72
47.6884882086 1412733255.31
47.8226144426 1412733255.9
48.2503809091 1412733256.5
47.4427670884 1412733257.08
47.5973872541 1412733257.66
47.7588486149 1412733258.27
47.7916317185 1412733258.86
47.8284753136 1412733259.42
47.3944901836 1412733260.0
47.4172718643 1412733260.62
47.1711652425 1412733261.21
47.6358376751 1412733261.82
47.6113892663 1412733262.44
47.3346262867 1412733263.05
47.1580983064 1412733263.64
46.9309396843 1412733264.21
46.5314953407 1412733264.78
46.2561950251 1412733265.36
46.8190380445 1412733265.96
46.0053559272 1412733266.54
46.3807754619 1412733267.16
45.5263234379 1412733267.71
46.0314700348 1412733268.29
44.9474579154 1412733268.85
44.8425869121 1412733269.42
45.740109389 1412733270.0
43.9335354497 1412733270.57
44.5753815608 1412733271.14
43.2052655883 1412733271.74
43.4006963248 1412733272.3
44.4628011513 1412733272.88
42.1186797861 1412733273.48
42.4590047318 1412733274.06
42.308629634 1412733274.66
40.8659630746 1412733275.24
41.8392068232 1412733275.85
39.9667234374 1412733276.45
39.7842085272 1412733277.08
39.3824850436 1412733277.72
39.1812348573 1412733278.32
39.2874784628 1412733278.95
38.5444188503 1412733279.63
38.2698076909 1412733280.24
37.986797626 1412733280.85
37.8591494203 1412733281.46
37.1543271197 1412733282.08
36.4438250607 1412733282.7
35.6378818218 1412733283.31
35.2419748781 1412733283.92
34.4470455103 1412733284.57
34.0457007737 1412733285.22
33.5052357145 1412733285.85
33.0890689374 1412733286.49
32.291287741 1412733287.17
31.7349888443 1412733287.81
31.3550231245 1412733288.47
31.1109888823 1412733289.1
30.4361718295 1412733289.78
29.8786188079 1412733290.41
29.2638045697 1412733291.08
28.8549770266 1412733291.75
28.5266919684 1412733292.39
28.3745754006 1412733293.09
28.2434066153 1412733293.71
28.2967534517 1412733294.36
28.3190843711 1412733295.02
28.4076675206 1412733295.67
28.4147641876 1412733296.36
28.4404382341 1412733297.02
28.3833318048 1412733297.68
27.9201272188 1412733298.31
27.9986227712 1412733298.97
27.9138978271 1412733299.64
28.1149166501 1412733300.34
27.6692660747 1412733301.01
27.7172618098 1412733301.69
27.806950278 1412733302.36
27.955391985 1412733303.01
28.0315356502 1412733303.66
27.8203676862 1412733304.35
27.9160921666 1412733305.04
27.9179689043 1412733305.7
27.6960747966 1412733306.34
27.4227014202 1412733307.03
27.1743985689 1412733307.69
26.8827492445 1412733308.32
26.9806427488 1412733308.95
27.0208624244 1412733309.55
26.8357145057 1412733310.2
26.7143763569 1412733310.86
26.5229250234 1412733311.5
26.2043181182 1412733312.13
26.239030774 1412733312.8
26.2033258162 1412733313.45
26.2553352415 1412733314.1
26.3118298879 1412733314.75
26.1412744537 1412733315.4
26.2035034128 1412733316.04
26.2733902712 1412733316.68
26.2449886186 1412733317.31
26.1433703032 1412733317.94
26.019921889 1412733318.58
25.9843152687 1412733319.21
25.8794603343 1412733319.86
25.9713818683 1412733320.48
25.8409365221 1412733321.1
25.6254954809 1412733321.73
25.7243055591 1412733322.39
25.5926182731 1412733323.03
25.6178379961 1412733323.64
25.49446677 1412733324.27
25.2955532633 1412733324.91
25.4198488452 1412733325.54
25.1771978958 1412733326.13
25.2759634309 1412733326.74
25.3004696558 1412733327.37
25.1741577087 1412733327.99
25.2013336176 1412733328.66
25.0536906544 1412733329.31
24.9228653687 1412733329.89
25.0122475416 1412733330.52
25.1221730211 1412733331.14
24.9233324391 1412733331.76
25.051489449 1412733332.4
24.8128533678 1412733333.0
25.0197931682 1412733333.66
24.778653594 1412733334.28
24.9227060817 1412733334.91
24.7208126052 1412733335.56
24.8047079709 1412733336.2
24.6979785458 1412733336.77
24.4918767972 1412733337.4
24.5555554364 1412733337.97
24.4176734677 1412733338.63
24.5115428612 1412733339.26
24.5790809852 1412733339.92
24.4457778932 1412733340.57
24.3461454674 1412733341.19
24.3574709085 1412733341.8
24.263769675 1412733342.52
24.3350494668 1412733343.16
24.1878964036 1412733343.84
23.9871595729 1412733344.5
24.087263296 1412733345.12
24.1600100222 1412733345.81
24.1954924074 1412733346.41
24.1182807675 1412733347.04
24.0173155081 1412733347.68
23.9831052148 1412733348.29
23.8631508627 1412733348.91
23.7817777936 1412733349.53
23.7737453602 1412733350.17
23.6500299119 1412733350.8
23.7572647155 1412733351.4
23.7934083157 1412733352.07
23.869881592 1412733352.69
23.7484533426 1412733353.3
23.8737297205 1412733353.88
23.7020315769 1412733354.49
