34.0994376833 1412739812.45
34.7877599502 1412739813.47
35.4121197843 1412739814.46
34.4253876521 1412739815.52
34.1197296161 1412739816.55
33.7541766003 1412739817.61
34.9556129413 1412739818.62
34.6374528909 1412739819.66
35.1635830427 1412739820.69
35.4475316074 1412739821.72
36.0875889562 1412739822.72
36.1351170622 1412739823.72
36.845302295 1412739824.65
36.6510627032 1412739825.66
37.2673044271 1412739826.62
37.0701495714 1412739827.6
37.3693953279 1412739828.57
37.1514676609 1412739829.51
37.3271885141 1412739830.57
37.4491440434 1412739831.58
37.8738732568 1412739832.54
37.6399519003 1412739833.52
37.7402463066 1412739834.46
37.5356412878 1412739835.44
37.5923704672 1412739836.42
37.4267484155 1412739837.39
37.5020124105 1412739838.3
37.6175381125 1412739839.28
37.3769370974 1412739840.23
37.6549788952 1412739841.25
37.1654893951 1412739842.25
37.4408640291 1412739843.24
37.3679290659 1412739844.36
37.4212716304 1412739845.45
37.4636323082 1412739846.51
37.5158587286 1412739847.64
37.5303096128 1412739848.7
37.5734097115 1412739849.73
37.6047148456 1412739850.8
37.0478549682 1412739851.88
38.2791285207 1412739852.93
37.724113784 1412739853.97
36.3409437571 1412739855.0
37.0566149125 1412739856.03
35.942381622 1412739857.05
37.3783543518 1412739858.05
35.7066464103 1412739859.09
37.6222409736 1412739860.13
35.7685906753 1412739861.14
38.156830862 1412739862.12
35.4013981159 1412739863.19
34.6787049215 1412739864.18
34.8175333972 1412739865.13
34.975365275 1412739866.13
35.8247407285 1412739867.04
36.5434511935 1412739867.99
37.2160651487 1412739868.98
36.5930007483 1412739869.98
35.7812746673 1412739870.93
36.3915258156 1412739871.87
37.0666209916 1412739872.87
35.823380888 1412739873.82
36.7728514342 1412739874.75
34.4891334556 1412739875.69
34.6550594576 1412739876.62
35.9403627294 1412739877.57
32.6887939194 1412739878.49
33.2888717412 1412739879.41
33.8722676122 1412739880.34
34.213134706 1412739881.29
33.4421550708 1412739882.19
33.4440880082 1412739883.13
33.432784755 1412739884.04
33.3036330875 1412739884.96
33.1320049292 1412739885.86
33.2683185566 1412739886.78
32.9235934998 1412739887.73
32.7002537625 1412739888.66
32.6310977811 1412739889.59
32.456692558 1412739890.52
32.2250961306 1412739891.46
31.5005742517 1412739892.34
31.017799405 1412739893.25
31.6089281125 1412739894.21
32.0692390149 1412739895.16
32.2666509518 1412739896.12
31.9768155826 1412739897.08
31.8904279095 1412739898.06
31.550838432 1412739899.05
31.2685374684 1412739900.01
30.8476653274 1412739900.98
30.4167951591 1412739901.97
29.7653511668 1412739902.9
29.5125925175 1412739903.89
29.0590798002 1412739904.83
28.8870022492 1412739905.82
28.627214698 1412739906.82
28.9290262 1412739907.8
29.1349252076 1412739908.8
29.3308503861 1412739909.75
28.9861060222 1412739910.74
29.3351600211 1412739911.73
29.0162267851 1412739912.68
29.2017490153 1412739913.67
28.9326380965 1412739914.62
29.1645413187 1412739915.59
29.0347973901 1412739916.58
29.2369035499 1412739917.56
29.1227552975 1412739918.52
28.9892118413 1412739919.5
29.1774106858 1412739920.46
29.0587555237 1412739921.46
28.9502869308 1412739922.44
29.1279561289 1412739923.41
29.0217492836 1412739924.43
29.1749326298 1412739925.54
28.995070423 1412739926.55
28.8241704612 1412739927.52
28.8957770699 1412739928.48
29.0449866713 1412739929.49
28.9615046488 1412739930.49
29.0753481757 1412739931.53
28.984485618 1412739932.52
29.0843754324 1412739933.53
29.0346147153 1412739934.52
28.98382393 1412739935.52
28.9192776553 1412739936.58
28.9371525942 1412739937.61
29.0422550109 1412739938.6
28.9964080517 1412739939.6
29.0916434233 1412739940.6
29.0406553622 1412739941.6
28.902807055 1412739942.63
28.7868903283 1412739943.62
28.7612382822 1412739944.59
28.6281796526 1412739945.56
28.5316399545 1412739946.57
28.2021430251 1412739947.56
28.3066644309 1412739948.56
28.2654093744 1412739949.53
28.3428593023 1412739950.51
28.3189179718 1412739951.49
28.3903034245 1412739952.49
28.3658837765 1412739953.48
28.3122023412 1412739954.44
28.3900770665 1412739955.41
28.3118256457 1412739956.36
28.3533014991 1412739957.32
28.4215098632 1412739958.29
28.3876426908 1412739959.28
28.3442627247 1412739960.25
28.3085271448 1412739961.22
28.0753790185 1412739962.21
28.0319125488 1412739963.22
27.9773297449 1412739964.2
27.9649670961 1412739965.19
27.8770666637 1412739966.21
27.8339664301 1412739967.2
27.7700858598 1412739968.2
27.7178991534 1412739969.24
27.6665026667 1412739970.2
27.093943504 1412739971.17
26.9656726239 1412739972.15
26.9633104691 1412739973.13
27.0041152032 1412739974.15
27.0566597688 1412739975.1
27.0074924718 1412739976.05
27.0341616237 1412739977.02
27.0784300914 1412739978.0
26.9651508525 1412739979.0
27.0441073499 1412739980.0
27.0235174147 1412739980.99
27.076554676 1412739981.96
27.14366852 1412739982.94
27.1965388692 1412739983.93
27.2483707334 1412739984.93
27.201401817 1412739985.92
27.1569483665 1412739986.89
27.1415957448 1412739987.89
27.0990381409 1412739988.87
27.0794522701 1412739989.87
27.0430863622 1412739990.86
27.0152858528 1412739991.88
26.9855094815 1412739992.85
26.8414636938 1412739993.84
26.8806153165 1412739994.84
26.8204019457 1412739995.8
26.851946226 1412739996.85
26.8853086298 1412739997.82
26.8705849308 1412739998.79
26.9093341533 1412739999.77
26.9211655113 1412740000.76
26.9497252163 1412740001.74
26.9842220843 1412740002.7
27.0035407992 1412740003.68
27.1890715066 1412740004.66
27.2151411379 1412740005.67
27.2113880252 1412740006.65
27.1900610886 1412740007.63
27.1615497553 1412740008.59
