6.99864993191 1412727192.88
8.22182677439 1412727193.49
9.42715840678 1412727194.11
11.3217152089 1412727194.74
12.5041745814 1412727195.38
14.4192898942 1412727195.98
15.2601329112 1412727196.6
16.6333886749 1412727197.22
16.1612917039 1412727197.77
17.007346143 1412727198.32
16.3968170269 1412727198.93
15.78285408 1412727199.59
15.1726552285 1412727200.14
15.2896413049 1412727200.77
14.7403553381 1412727201.51
14.4248303125 1412727202.19
14.2005127942 1412727202.75
14.038998409 1412727203.35
14.0909299564 1412727203.94
14.2008581978 1412727204.51
14.2373937995 1412727205.13
14.2538757643 1412727205.62
14.5435645054 1412727206.12
14.0798108101 1412727206.64
14.2741684029 1412727207.13
13.8870266584 1412727207.6
14.167829004 1412727208.12
14.3860683844 1412727208.64
14.0085445038 1412727209.22
14.2708808176 1412727209.76
14.4925171157 1412727210.35
14.732940605 1412727210.86
14.9058185009 1412727211.34
14.6315591291 1412727211.89
14.7640089648 1412727212.46
14.4384833313 1412727213.1
14.0656031367 1412727213.65
13.6682487836 1412727214.19
13.2477528323 1412727214.76
12.8779102237 1412727215.24
12.8648523171 1412727215.72
12.4274409267 1412727216.23
12.3830508162 1412727216.7
12.148564885 1412727217.2
11.7758344032 1412727217.71
11.782856891 1412727218.2
11.2695312452 1412727218.7
11.3284815576 1412727219.16
11.3361165002 1412727219.72
10.9549370883 1412727220.23
11.0735487217 1412727220.73
10.7148746488 1412727221.26
10.8698874668 1412727221.77
10.4515255097 1412727222.32
10.6022450677 1412727222.95
10.8661249137 1412727223.49
10.4582549382 1412727223.99
10.7679862081 1412727224.48
10.3536056227 1412727224.95
10.5470051219 1412727225.44
10.1709800846 1412727225.94
10.3716827268 1412727226.43
10.069013123 1412727226.98
10.223184263 1412727227.51
10.6140874522 1412727228.01
10.1859506983 1412727228.48
9.85094657606 1412727229.08
10.071489473 1412727229.6
9.74432450904 1412727230.17
9.98073611719 1412727230.73
9.55423264301 1412727231.3
9.80647568282 1412727231.83
9.52473270104 1412727232.42
9.74954651368 1412727232.94
9.41112115768 1412727233.42
9.54991672654 1412727233.93
9.27237324239 1412727234.44
9.47248260049 1412727234.94
9.21307988268 1412727235.51
9.25940439337 1412727236.01
9.01616465444 1412727236.52
9.19904058814 1412727237.01
8.95711977878 1412727237.5
9.14227662503 1412727238.0
8.86957866064 1412727238.46
8.92904077278 1412727238.94
9.20018237151 1412727239.39
9.42670780939 1412727239.89
9.56204900827 1412727240.38
9.63736881515 1412727241.01
9.68070841137 1412727241.64
9.69276210547 1412727242.12
9.63851871004 1412727242.62
9.6073068593 1412727243.1
9.62231164046 1412727243.75
9.63103919047 1412727244.46
9.59767092202 1412727245.07
9.60446432525 1412727245.54
9.59008457482 1412727246.0
9.54706511489 1412727246.49
9.49671303052 1412727247.03
9.45643848282 1412727247.61
9.45959658141 1412727248.15
9.45735978964 1412727248.66
9.40842463317 1412727249.17
9.42724490942 1412727249.66
9.42843653322 1412727250.16
9.42674831584 1412727250.68
9.39248574071 1412727251.2
9.39102745684 1412727251.69
9.41902861469 1412727252.18
9.35054910621 1412727252.71
9.33353035349 1412727253.26
9.31659516991 1412727253.8
9.29899303893 1412727254.34
9.28233317327 1412727254.87
9.32459863449 1412727255.44
9.28217639827 1412727256.02
9.26631843552 1412727256.52
9.2464275216 1412727257.01
9.22572907568 1412727257.51
9.21149025667 1412727257.98
9.19551881301 1412727258.49
9.19719076023 1412727258.97
9.18176134498 1412727259.45
9.16466446477 1412727259.94
9.14810514901 1412727260.42
9.13359525828 1412727260.91
9.1159047913 1412727261.4
9.0783825264 1412727261.9
9.05564743724 1412727262.37
9.03340568911 1412727262.95
9.00944598209 1412727263.56
8.99249622909 1412727264.07
8.97913792737 1412727264.57
8.95595983272 1412727265.07
8.94080667723 1412727265.55
8.92016958421 1412727266.07
8.86685242308 1412727266.56
8.84374922878 1412727267.03
8.79997537771 1412727267.62
8.7998273937 1412727268.19
8.7722872634 1412727268.73
8.75800035719 1412727269.26
8.7318054047 1412727269.81
8.7134397915 1412727270.49
8.68388183233 1412727271.0
8.69841785959 1412727271.57
8.6547214034 1412727272.15
8.61477400743 1412727272.67
8.54410299624 1412727273.26
8.4354904501 1412727273.76
8.38005477126 1412727274.25
8.33990719065 1412727274.74
8.29181106652 1412727275.27
8.33056500548 1412727275.81
8.26340412223 1412727276.42
8.18219705627 1412727276.98
8.16586587732 1412727277.52
8.12962382966 1412727278.0
8.12180123406 1412727278.55
8.05513039658 1412727279.03
7.97631520825 1412727279.59
7.88673802877 1412727280.14
7.79498790907 1412727280.61
7.77349340399 1412727281.17
7.76451647494 1412727281.67
7.72977589657 1412727282.15
7.66167870899 1412727282.63
7.60837162993 1412727283.12
7.57917314408 1412727283.58
7.53179662662 1412727284.08
7.41726880761 1412727284.59
7.37073256114 1412727285.16
7.26137433192 1412727285.67
7.22820336856 1412727286.21
7.16375623952 1412727286.71
7.14291269655 1412727287.26
7.10561523313 1412727287.87
7.06865181332 1412727288.34
7.01828373136 1412727288.81
6.93527172806 1412727289.3
6.91796170895 1412727289.8
6.79516020803 1412727290.27
6.71773458704 1412727290.77
6.72150319301 1412727291.22
6.67899207459 1412727291.73
6.59382617155 1412727292.2
6.56596112165 1412727292.71
6.47936806004 1412727293.19
6.40095058469 1412727293.68
6.37170854372 1412727294.2
6.33340641634 1412727294.7
6.30740446683 1412727295.16
6.21127301993 1412727295.73
6.20024908957 1412727296.26
6.17228048913 1412727296.83
6.1507384174 1412727297.37
6.1118208761 1412727297.96
6.12688712922 1412727298.5
