37.5019216045 1412731124.79
35.2436963354 1412731125.44
35.6416798207 1412731126.11
36.1518926312 1412731126.76
35.9561318405 1412731127.38
36.2431939772 1412731128.03
35.9390571639 1412731128.68
36.0909926747 1412731129.31
36.1310947035 1412731129.9
36.2254804813 1412731130.49
37.2272446709 1412731131.12
38.3251345525 1412731131.75
39.1875140237 1412731132.36
40.0973855504 1412731132.98
41.04357306 1412731133.66
41.7524458471 1412731134.32
42.3776542338 1412731134.96
42.937435939 1412731135.54
43.2186021933 1412731136.15
43.5784831447 1412731136.73
43.2429092062 1412731137.33
43.0327856643 1412731137.93
42.8127418557 1412731138.53
42.9634087513 1412731139.17
42.8380694414 1412731139.79
42.8127453494 1412731140.41
42.6832549285 1412731141.02
42.5967355674 1412731141.59
42.566934541 1412731142.17
42.5773008495 1412731142.78
42.6662284401 1412731143.4
42.7007589074 1412731144.02
42.5414320521 1412731144.7
42.5523158049 1412731145.33
42.5037837934 1412731145.94
42.3822606447 1412731146.59
42.2424775679 1412731147.21
42.1565829288 1412731147.82
41.9172737693 1412731148.41
41.9718257018 1412731149.01
41.8486964517 1412731149.62
41.6757794138 1412731150.21
41.426593197 1412731150.8
41.1733464964 1412731151.39
41.1347679255 1412731151.98
40.9111266487 1412731152.57
40.9454537039 1412731153.18
40.9238093469 1412731153.76
40.8019931915 1412731154.36
40.5662581066 1412731154.98
40.7873557257 1412731155.58
40.6532857793 1412731156.18
40.8315429055 1412731156.79
40.8249750257 1412731157.42
40.7425645787 1412731158.0
40.9885761401 1412731158.62
40.6073710934 1412731159.21
41.2714802993 1412731159.81
40.9163682361 1412731160.39
40.2288709672 1412731160.99
39.4373809299 1412731161.57
38.6653006038 1412731162.18
37.9508442374 1412731162.77
37.2778488975 1412731163.37
36.6692100553 1412731163.95
36.0342000334 1412731164.54
35.267332499 1412731165.17
34.8661912603 1412731165.77
34.3568512501 1412731166.35
33.8873956182 1412731166.95
33.1410353084 1412731167.55
32.5809583464 1412731168.11
31.953418887 1412731168.7
31.0561893073 1412731169.27
30.6950681465 1412731169.87
30.1921389784 1412731170.49
29.581281053 1412731171.06
28.9964245532 1412731171.64
28.6497789053 1412731172.24
28.3803803235 1412731172.83
27.7764732628 1412731173.41
27.1565990961 1412731173.98
26.5323298904 1412731174.56
25.7653577463 1412731175.15
25.2347840297 1412731175.73
24.5070842958 1412731176.34
23.7808545701 1412731176.9
23.1736937401 1412731177.48
22.5158766079 1412731178.05
21.8505805408 1412731178.59
21.1459071406 1412731179.15
20.5231221406 1412731179.7
20.3381580098 1412731180.28
20.0452821485 1412731180.81
19.6849180274 1412731181.37
19.5896077879 1412731181.95
19.2143485455 1412731182.52
19.1432463666 1412731183.09
19.0885415021 1412731183.69
18.8528050705 1412731184.24
18.6441277169 1412731184.8
18.3757682852 1412731185.38
18.1081913772 1412731185.93
17.852354136 1412731186.5
17.5707548363 1412731187.06
17.3999658114 1412731187.67
17.2478372457 1412731188.24
17.0338005269 1412731188.84
16.8382188353 1412731189.41
16.7498117872 1412731189.99
16.67119983 1412731190.6
16.5677290938 1412731191.16
16.4807051727 1412731191.75
16.3956908279 1412731192.33
16.2000349828 1412731192.91
16.1678294487 1412731193.51
16.1628257642 1412731194.1
16.1601688061 1412731194.65
16.1802297021 1412731195.23
16.1672204691 1412731195.84
16.2200694228 1412731196.46
16.2160849243 1412731197.06
16.2059773251 1412731197.66
16.2001802322 1412731198.25
16.2027722827 1412731198.83
16.2092833955 1412731199.42
16.1741136451 1412731200.03
16.1480266604 1412731200.65
16.0905842933 1412731201.24
16.0990909246 1412731201.85
16.1032819678 1412731202.44
16.0644990804 1412731203.07
16.0384240622 1412731203.69
16.0602353721 1412731204.3
15.951486724 1412731204.91
15.9325913621 1412731205.54
15.9458628812 1412731206.14
15.9764648491 1412731206.77
15.9325252525 1412731207.38
15.9194862581 1412731208.01
15.954273619 1412731208.64
15.9726416805 1412731209.26
15.9624558658 1412731209.85
15.9799521572 1412731210.46
16.012586025 1412731211.03
16.0427986657 1412731211.62
16.0073759941 1412731212.27
15.995975211 1412731212.87
15.9686523341 1412731213.49
15.925609488 1412731214.11
15.9395307251 1412731214.76
15.914931675 1412731215.38
15.8934489592 1412731216.0
15.8610306457 1412731216.61
15.7974052535 1412731217.26
15.7796370877 1412731217.88
15.7309583265 1412731218.49
15.7088876055 1412731219.09
15.7161534132 1412731219.75
15.7679989192 1412731220.38
15.7647517693 1412731221.02
15.7491472946 1412731221.65
15.7304423276 1412731222.27
15.7100110245 1412731222.88
15.6615130395 1412731223.49
15.6915313723 1412731224.14
15.7032532053 1412731224.73
15.6764841368 1412731225.34
15.6669295325 1412731225.97
15.6641352366 1412731226.59
15.6579945126 1412731227.22
15.6835027944 1412731227.89
15.638601844 1412731228.52
15.677226773 1412731229.14
15.6574718259 1412731229.76
15.7289811739 1412731230.35
15.7040916013 1412731230.98
15.6975262398 1412731231.59
15.687040952 1412731232.2
15.6934804344 1412731232.81
15.6764945133 1412731233.39
15.6585033803 1412731234.0
15.6400457598 1412731234.59
15.6559179503 1412731235.21
15.6655003927 1412731235.82
15.6236982479 1412731236.45
15.6309972643 1412731237.07
15.6252028276 1412731237.69
15.5959221231 1412731238.32
15.5693947327 1412731238.95
15.5877568878 1412731239.56
15.592927224 1412731240.19
15.5268186823 1412731240.8
15.5407268866 1412731241.39
15.5398251119 1412731241.99
15.4690136148 1412731242.61
15.4837306892 1412731243.22
15.477486143 1412731243.82
15.4380069993 1412731244.42
15.4191760507 1412731245.05
