48.3721561586 1412725412.45
49.4814295476 1412725412.77
49.1256930156 1412725413.11
50.4823175878 1412725413.46
49.9888396885 1412725413.78
51.1763871043 1412725414.15
50.9414346262 1412725414.48
52.2230172739 1412725414.81
52.2045550279 1412725415.15
52.7515782445 1412725415.49
53.4479812444 1412725415.82
53.6456134643 1412725416.18
52.625249614 1412725416.52
53.1389317149 1412725416.84
52.4068691099 1412725417.16
53.5742762871 1412725417.5
54.0350450633 1412725417.82
55.0416212782 1412725418.15
57.2557877087 1412725418.48
58.9928680435 1412725418.79
59.1063892171 1412725419.1
60.8072726544 1412725419.42
59.1522867129 1412725419.75
61.4737372241 1412725420.06
59.4354717655 1412725420.41
60.4323982945 1412725420.73
60.6132255454 1412725421.05
62.6870383459 1412725421.4
59.4712771849 1412725421.76
66.7560570771 1412725422.13
52.8352630336 1412725422.52
77.1488855494 1412725422.83
26.2328374765 1412725423.2
27.6036615226 1412725423.52
29.3560271393 1412725423.83
29.3259921217 1412725424.15
29.1824375235 1412725424.5
29.9734264296 1412725424.82
29.718113511 1412725425.14
29.6334058315 1412725425.47
29.8033513057 1412725425.82
29.9669130648 1412725426.14
30.4974465432 1412725426.46
30.6740113483 1412725426.76
30.5737665483 1412725427.07
30.4820038725 1412725427.38
30.4647428772 1412725427.68
30.2367564801 1412725428.0
30.1336850217 1412725428.35
30.2114554438 1412725428.65
29.8785182035 1412725428.94
29.7618995951 1412725429.26
28.8981697774 1412725429.6
28.8550518015 1412725429.9
28.1948757867 1412725430.2
28.0393630304 1412725430.5
27.3655668932 1412725430.8
26.8783245637 1412725431.07
26.30842517 1412725431.39
26.1596466082 1412725431.72
25.6820767497 1412725432.05
25.5266932545 1412725432.36
25.3539764357 1412725432.69
25.1806485382 1412725433.04
25.135633558 1412725433.39
25.014725756 1412725433.75
25.2872413517 1412725434.07
25.2439257852 1412725434.4
25.3399593295 1412725434.76
25.2431579394 1412725435.11
25.5402973194 1412725435.49
25.3809365411 1412725435.85
25.2237431233 1412725436.23
25.3033994101 1412725436.61
25.3011403352 1412725436.98
25.3991639481 1412725437.35
25.4387016638 1412725437.7
25.4111805178 1412725438.07
25.5663943775 1412725438.44
25.5958356654 1412725438.8
25.7225872312 1412725439.16
26.0050109773 1412725439.55
25.890568945 1412725439.94
26.1566710021 1412725440.35
26.2118469801 1412725440.75
26.2839684515 1412725441.14
26.2308797404 1412725441.54
26.0637646814 1412725441.94
26.1032116341 1412725442.36
26.1370540026 1412725442.75
26.130518079 1412725443.14
26.296058637 1412725443.57
26.3307257212 1412725443.98
26.2853486549 1412725444.41
26.155347517 1412725444.81
26.4199308676 1412725445.21
26.5336352471 1412725445.6
26.3666445212 1412725446.02
26.4836925945 1412725446.43
26.447756075 1412725446.85
26.4537604879 1412725447.29
26.3398280233 1412725447.73
26.4172627369 1412725448.16
26.6359821554 1412725448.59
26.800239642 1412725449.0
26.743370024 1412725449.43
26.7903697208 1412725449.88
26.7068900209 1412725450.3
26.7241332713 1412725450.73
26.6658745054 1412725451.15
26.5777392713 1412725451.6
26.4498027766 1412725452.02
26.3635980142 1412725452.45
26.4071235378 1412725452.89
26.5258442135 1412725453.29
26.4630422017 1412725453.73
26.4604636409 1412725454.14
26.3323934256 1412725454.57
26.3002408581 1412725454.99
26.3177199701 1412725455.42
26.2988712917 1412725455.82
26.3013562423 1412725456.27
26.227615589 1412725456.7
26.2366221048 1412725457.12
25.9162258418 1412725457.56
25.9203780536 1412725458.02
25.9950538209 1412725458.44
25.9885477895 1412725458.93
25.5674426966 1412725459.37
25.8557464769 1412725459.82
25.6073198791 1412725460.27
25.9205133547 1412725460.71
25.8195838883 1412725461.16
25.6533460652 1412725461.63
25.6699339421 1412725462.08
26.0786371572 1412725462.54
26.111782646 1412725462.98
26.1474235552 1412725463.43
26.1321515385 1412725463.87
26.2810710799 1412725464.3
26.3332494401 1412725464.78
26.3668983598 1412725465.24
26.3037720153 1412725465.72
26.4733375978 1412725466.17
26.5117877381 1412725466.62
26.4438655165 1412725467.09
26.4779710572 1412725467.54
26.5136597327 1412725467.99
26.5992874825 1412725468.42
26.6099462798 1412725468.85
26.7220365819 1412725469.29
26.7143513959 1412725469.71
26.7589609648 1412725470.13
26.5632636178 1412725470.59
26.80862176 1412725471.06
26.6187231165 1412725471.55
26.866757103 1412725472.01
26.8869433203 1412725472.46
26.7569394462 1412725472.92
26.7705752134 1412725473.4
26.7851435448 1412725473.87
26.9105959503 1412725474.31
26.6918271291 1412725474.75
26.6996403297 1412725475.19
26.860095661 1412725475.66
26.868414035 1412725476.13
26.8898983021 1412725476.57
27.1302949631 1412725477.03
27.2597762289 1412725477.5
27.2677081982 1412725477.98
27.2764771057 1412725478.47
27.3109821747 1412725478.98
27.3916168843 1412725479.43
27.5924964166 1412725479.87
27.5202180297 1412725480.34
27.5347143757 1412725480.76
27.6786100894 1412725481.19
27.7062391406 1412725481.66
27.5188073776 1412725482.09
27.5278670522 1412725482.54
27.5375366969 1412725483.0
28.0344890149 1412725483.44
27.9772009595 1412725483.89
27.933566206 1412725484.33
27.9537288923 1412725484.76
28.1122170404 1412725485.2
28.1186789058 1412725485.67
28.1428421761 1412725486.11
28.0644877752 1412725486.58
28.01036022 1412725487.03
28.0106231107 1412725487.52
28.1889371732 1412725487.98
28.4261199653 1412725488.44
28.432482331 1412725488.91
28.4391059071 1412725489.35
28.4462746863 1412725489.83
28.609709846 1412725490.33
28.5532409339 1412725490.77
28.6072267599 1412725491.21
28.5223755578 1412725491.62
