20.8735893508 1412721824.72
22.0218310535 1412721824.88
23.0389517753 1412721825.03
23.8827428796 1412721825.2
24.4747753656 1412721825.44
23.727405679 1412721825.59
23.5010980287 1412721825.75
23.336519033 1412721825.89
23.2673811788 1412721826.03
23.7675889869 1412721826.19
23.9928277781 1412721826.38
24.5736679286 1412721826.54
25.000142836 1412721826.69
25.2918969685 1412721826.84
25.365681409 1412721826.99
25.500656919 1412721827.15
25.8442579162 1412721827.32
26.3922732518 1412721827.52
26.4020234137 1412721827.67
27.1147895609 1412721827.84
27.3729297544 1412721827.99
27.7969472951 1412721828.25
27.831135204 1412721828.42
28.5921578691 1412721828.57
28.7323449169 1412721828.77
29.1780252061 1412721828.94
29.5147308838 1412721829.09
29.7117647189 1412721829.25
30.1328946922 1412721829.38
30.3841709436 1412721829.49
30.8144154957 1412721829.58
31.4675389135 1412721829.72
31.6449913197 1412721829.89
32.0650689446 1412721830.03
32.8478244522 1412721830.16
33.2823208606 1412721830.29
33.7265640359 1412721830.42
34.0761417181 1412721830.54
34.5396007913 1412721830.66
35.1080406887 1412721830.77
35.5707797054 1412721830.87
36.5540715406 1412721831.0
37.0730931809 1412721831.12
37.441700467 1412721831.26
37.828093967 1412721831.37
38.2243975798 1412721831.48
38.6123589871 1412721831.62
38.8911444305 1412721831.76
39.1240333496 1412721831.91
39.3796776738 1412721832.08
39.7757700654 1412721832.18
40.0910695601 1412721832.28
40.3400149724 1412721832.41
40.6368089646 1412721832.54
40.9495766857 1412721832.65
41.1149327253 1412721832.75
41.396990759 1412721832.85
41.7376659515 1412721832.95
42.006704422 1412721833.04
42.3043637836 1412721833.17
42.5133681275 1412721833.29
42.756367095 1412721833.43
43.08347246 1412721833.57
43.3498187194 1412721833.67
43.5579604894 1412721833.76
43.8329837637 1412721833.85
44.1030637846 1412721833.94
44.126486597 1412721834.02
44.3691596961 1412721834.1
44.5556455751 1412721834.2
44.8059625757 1412721834.32
45.1017244697 1412721834.41
45.4616040401 1412721834.49
45.7090768336 1412721834.59
45.1122764072 1412721834.68
45.865278313 1412721834.78
46.2216045927 1412721834.87
46.5552926953 1412721834.98
46.7816121367 1412721835.07
46.898469139 1412721835.17
47.4578246785 1412721835.28
47.6551120386 1412721835.39
47.9943241149 1412721835.49
48.3167393557 1412721835.61
48.6662278164 1412721835.76
49.0488506775 1412721835.88
49.3265218224 1412721835.97
49.7138277355 1412721836.07
49.9685044764 1412721836.17
50.5700550834 1412721836.33
50.7795883643 1412721836.49
51.0342222692 1412721836.61
51.2851737655 1412721836.73
51.8121430714 1412721836.87
52.1759212782 1412721836.99
52.8706874749 1412721837.12
52.9346079586 1412721837.22
53.0558194352 1412721837.35
53.2332839536 1412721837.45
52.3688706193 1412721837.57
52.7827541017 1412721837.71
52.8388254921 1412721837.82
52.865264501 1412721837.94
52.3857988508 1412721838.08
52.4178077382 1412721838.23
52.2347521457 1412721838.41
52.2652293032 1412721838.52
52.2920872334 1412721838.63
52.4329089224 1412721838.82
52.2681948855 1412721838.99
52.6218332429 1412721839.14
52.7767923375 1412721839.29
52.801898209 1412721839.41
53.0284119895 1412721839.53
53.0554659312 1412721839.65
52.8292679742 1412721839.77
52.8553328992 1412721839.85
52.6772780799 1412721839.96
52.703027549 1412721840.08
52.7284345061 1412721840.2
52.8627051162 1412721840.35
52.0525758047 1412721840.49
52.0877287377 1412721840.63
52.1015719538 1412721840.74
51.6464483552 1412721840.86
51.4904227772 1412721841.0
51.8121490325 1412721841.11
51.8871686933 1412721841.23
51.8509998443 1412721841.35
51.9323990016 1412721841.5
49.4578944686 1412721841.61
49.5204425901 1412721841.73
49.5824634617 1412721841.86
49.6775393816 1412721841.98
50.319366179 1412721842.11
50.4124281174 1412721842.23
50.7798296976 1412721842.37
51.2671175613 1412721842.47
51.3801557217 1412721842.59
51.2960008817 1412721842.69
51.3625327594 1412721842.79
54.0480006633 1412721842.9
52.3770086337 1412721843.01
52.7140085934 1412721843.16
52.8589417465 1412721843.29
52.9322308303 1412721843.43
53.2627988802 1412721843.54
55.216532133 1412721843.67
53.5455900136 1412721843.82
53.7852332224 1412721844.05
54.1709493237 1412721844.32
54.3870452105 1412721844.5
55.7732244427 1412721844.66
55.4170937129 1412721844.83
56.1548132001 1412721844.94
56.2665604886 1412721845.12
56.8541845784 1412721845.26
56.9485171528 1412721845.43
57.5139153993 1412721845.56
56.5915124412 1412721845.69
56.088326542 1412721845.81
55.6588336015 1412721845.94
56.4375110231 1412721846.07
57.4603180413 1412721846.21
57.6661113225 1412721846.37
55.8237831796 1412721846.53
54.6576447052 1412721846.67
55.5779388835 1412721846.85
55.4684266165 1412721847.02
55.2779347766 1412721847.18
55.6706998548 1412721847.37
56.0952318499 1412721847.5
56.2998154716 1412721847.63
56.0455517225 1412721847.74
55.248287807 1412721847.91
55.0276361605 1412721848.05
53.9914064384 1412721848.2
54.0771378975 1412721848.35
52.5138898017 1412721848.52
51.3912476842 1412721848.65
51.4386609222 1412721848.8
51.4450110191 1412721848.93
50.8820005114 1412721849.07
51.0331672539 1412721849.23
52.4232880156 1412721849.41
52.6452011231 1412721849.55
52.8806202613 1412721849.68
52.9496814157 1412721849.8
52.9241873893 1412721849.94
53.5833535883 1412721850.09
54.0307294995 1412721850.26
53.0686810275 1412721850.4
53.0913958197 1412721850.53
53.2230425092 1412721850.7
53.3733084232 1412721850.82
54.9390192573 1412721850.97
55.15926517 1412721851.11
53.3216910298 1412721851.27
52.8095970141 1412721851.42
52.8370337816 1412721851.56
