53.1554371981 1412725268.53
52.7289215549 1412725268.85
52.4022704756 1412725269.14
51.0837326295 1412725269.48
49.3588559111 1412725269.78
48.4332777746 1412725270.07
47.6710779666 1412725270.36
46.4762587801 1412725270.65
45.9886095892 1412725270.94
45.338223553 1412725271.24
45.69214271 1412725271.55
45.3116215799 1412725271.83
44.9099715411 1412725272.15
44.7869892549 1412725272.46
44.477113757 1412725272.78
44.0618556563 1412725273.08
43.9932461285 1412725273.38
44.0663563927 1412725273.69
44.3364414927 1412725274.0
44.1097119113 1412725274.31
44.144940279 1412725274.62
43.9977284649 1412725274.91
44.0021924856 1412725275.23
43.9815322737 1412725275.54
44.050287664 1412725275.86
44.5331120877 1412725276.17
44.1315131025 1412725276.49
43.8889138099 1412725276.82
44.1286731761 1412725277.14
44.5249365085 1412725277.49
44.3675745911 1412725277.81
44.4003049655 1412725278.1
44.7395618924 1412725278.41
44.3477044109 1412725278.7
44.1858061296 1412725278.98
43.8482826713 1412725279.27
43.9001059549 1412725279.57
43.4053585052 1412725279.88
43.4959323815 1412725280.19
43.5695852198 1412725280.49
43.088214598 1412725280.81
43.008493466 1412725281.1
43.2183645724 1412725281.4
42.6226748415 1412725281.68
42.3724135236 1412725281.97
42.6466101897 1412725282.25
42.1748446698 1412725282.53
42.4793955565 1412725282.83
42.7645090695 1412725283.14
43.1243987763 1412725283.44
42.9841783613 1412725283.74
43.2869794824 1412725284.03
43.4963484088 1412725284.35
43.3495414058 1412725284.66
43.0351489049 1412725284.95
42.7463523637 1412725285.24
42.9198681424 1412725285.57
42.6897313003 1412725285.85
42.4877920607 1412725286.14
42.0583389137 1412725286.44
41.7158767429 1412725286.74
40.9460161196 1412725287.03
40.7931978133 1412725287.33
40.7938565316 1412725287.63
39.8913480518 1412725287.94
39.6761777791 1412725288.22
39.1736376002 1412725288.52
38.5731728679 1412725288.82
38.033532514 1412725289.1
37.7040688155 1412725289.37
37.7193807648 1412725289.65
39.7075831062 1412725289.94
38.4230166771 1412725290.24
39.1834888677 1412725290.54
38.1373566019 1412725290.84
39.0029747648 1412725291.14
38.3795597579 1412725291.45
39.0201738845 1412725291.75
39.7595319104 1412725292.04
40.0696731764 1412725292.33
40.6463753965 1412725292.61
40.5407971185 1412725292.9
40.7699172703 1412725293.2
40.2320523595 1412725293.48
40.4738073937 1412725293.76
39.8872902961 1412725294.06
39.6160747463 1412725294.34
39.5154996419 1412725294.65
39.1857750079 1412725294.94
38.7240952886 1412725295.23
38.3655436384 1412725295.52
37.8782331958 1412725295.81
37.7211300021 1412725296.11
37.3206924198 1412725296.39
37.4298642609 1412725296.69
36.8291581633 1412725296.97
36.638415218 1412725297.25
36.286827381 1412725297.54
35.0191009639 1412725297.83
34.2804088071 1412725298.12
33.4770891575 1412725298.4
31.79995244 1412725298.69
31.2676883937 1412725298.97
29.9640177347 1412725299.25
29.1710634919 1412725299.54
28.2489449481 1412725299.84
27.4687078429 1412725300.13
26.5938408654 1412725300.42
25.8755312241 1412725300.72
25.6978288872 1412725301.0
24.4367063164 1412725301.3
22.6789491124 1412725301.61
22.4534761235 1412725301.91
21.8828673078 1412725302.23
21.8348288156 1412725302.56
21.0842935476 1412725302.88
20.3754895926 1412725303.23
19.8963646403 1412725303.54
19.5963280137 1412725303.85
19.6109959021 1412725304.18
19.3242981252 1412725304.53
18.9864957826 1412725304.87
18.9232575881 1412725305.24
19.0359991636 1412725305.59
19.3221511973 1412725305.9
19.6758331377 1412725306.21
19.6215971344 1412725306.58
80.5895095762 1412725306.9
20.0451437077 1412725307.25
81.5641421931 1412725307.6
21.2188844776 1412725308.03
83.1278114163 1412725308.41
83.6548461496 1412725308.73
85.3042102829 1412725309.08
84.4513852381 1412725309.4
84.8484012979 1412725309.72
83.7899614066 1412725310.01
83.6638610583 1412725310.33
84.3405623976 1412725310.65
84.3475862421 1412725310.99
84.0294464607 1412725311.35
83.6042838117 1412725311.7
83.5015148252 1412725312.15
82.9902911311 1412725312.57
82.3888837845 1412725313.02
82.2913421818 1412725313.43
81.7441022721 1412725313.73
81.6116316781 1412725314.05
81.6844851782 1412725314.35
81.4017056984 1412725314.65
81.3573291743 1412725314.95
80.6826528182 1412725315.28
80.6201375332 1412725315.59
80.2269746919 1412725315.95
80.1859968484 1412725316.26
80.1172434791 1412725316.66
80.303459053 1412725317.06
80.1017004214 1412725317.45
80.1380120721 1412725317.8
80.1014982649 1412725318.23
80.0670510666 1412725318.73
79.964137499 1412725319.55
79.4200588029 1412725320.3
79.8794189977 1412725320.84
79.790726763 1412725321.19
79.7442378565 1412725321.53
79.7986925542 1412725321.85
79.9734397384 1412725322.38
79.8394225066 1412725323.06
79.8067642255 1412725323.54
79.8016056253 1412725324.03
79.9403317932 1412725324.53
79.411927482 1412725325.05
79.4036065653 1412725325.6
79.5017658521 1412725326.08
79.4466305609 1412725326.54
79.4409681401 1412725327.05
79.4357605792 1412725327.47
79.4222605082 1412725327.91
79.2981818125 1412725328.38
79.4020488153 1412725328.82
79.2799146306 1412725329.38
79.5191037608 1412725329.89
79.5357794276 1412725330.25
79.9025538845 1412725330.63
79.9140060271 1412725330.98
80.2739080143 1412725331.31
80.4070003079 1412725331.62
80.5427317397 1412725331.94
80.548671822 1412725332.28
80.5702783144 1412725332.74
80.5632631475 1412725333.05
80.5563624129 1412725333.39
80.6894136422 1412725334.2
80.7714035978 1412725334.74
80.7762227883 1412725335.21
80.7786846109 1412725335.55
80.7995187171 1412725336.03
80.8037937447 1412725336.47
81.04335961 1412725337.2
