70.7956781872 1412726254.6
71.7305119041 1412726255.07
73.3884078308 1412726255.42
74.5812057556 1412726255.84
74.6466322062 1412726256.17
74.2483583088 1412726256.48
74.1323684571 1412726256.79
74.1446163789 1412726257.21
74.0240577323 1412726257.57
73.154779495 1412726257.9
71.7926036708 1412726258.23
70.4921669754 1412726258.54
69.2907578695 1412726258.83
68.4793700592 1412726259.13
68.3784133009 1412726259.43
68.6733361713 1412726259.76
69.210403685 1412726260.09
69.8729133686 1412726260.58
70.4772265504 1412726260.91
70.0151681784 1412726261.2
70.2748692718 1412726261.64
70.5207328192 1412726261.96
71.3638700549 1412726262.27
71.6706438747 1412726262.57
71.9044915076 1412726262.86
72.7302869416 1412726263.16
73.2703027591 1412726263.45
73.2693802582 1412726263.99
28.3103982127 1412726264.4
28.9337196832 1412726264.84
29.9812444657 1412726265.18
30.871105622 1412726265.51
31.9632127659 1412726265.79
32.9492484489 1412726266.11
33.7097093737 1412726266.39
33.83232529 1412726266.66
34.2108652706 1412726267.01
34.3345135538 1412726267.38
34.6971734466 1412726267.76
35.7076725553 1412726268.05
35.7559656578 1412726268.38
35.8762017487 1412726268.66
35.7346119208 1412726268.94
36.3677104071 1412726269.26
37.0620971026 1412726269.54
36.9409991535 1412726269.84
36.9715789601 1412726270.16
37.7720993177 1412726270.45
38.1075324268 1412726270.77
38.0137729953 1412726271.13
38.6324944228 1412726271.51
38.9203754115 1412726271.85
38.7883573542 1412726272.19
39.1978751959 1412726272.57
39.1866257511 1412726272.94
39.3106882443 1412726273.26
40.1044018221 1412726273.58
40.485778983 1412726273.95
40.7717320491 1412726274.28
40.9733134996 1412726274.63
41.1699889348 1412726275.03
41.1579649462 1412726275.36
41.3362297468 1412726275.68
41.3928138391 1412726276.01
41.6189344793 1412726276.35
41.4451515008 1412726276.68
41.4876617452 1412726277.06
41.3531115445 1412726277.42
41.2548467923 1412726277.78
41.524171704 1412726278.12
41.2768377012 1412726278.46
41.3288552213 1412726278.82
41.4903593327 1412726279.17
41.2813934461 1412726279.56
41.3397241731 1412726279.93
41.3090681424 1412726280.29
41.5166419924 1412726280.64
41.7313967301 1412726280.99
41.7820850724 1412726281.34
41.6686282995 1412726281.7
41.7370692665 1412726282.12
41.9248965109 1412726282.59
41.990933272 1412726282.97
41.8726303687 1412726283.32
41.8823073179 1412726283.67
41.9633750589 1412726284.02
41.8614061608 1412726284.37
41.8842185545 1412726284.72
41.8416204801 1412726285.08
42.0031029096 1412726285.42
41.9103729785 1412726285.77
42.0759341229 1412726286.12
42.6006510134 1412726286.47
42.5680494721 1412726286.82
42.6599231464 1412726287.19
42.8180141338 1412726287.5
42.9222915989 1412726287.88
42.6604476509 1412726288.18
42.7382612751 1412726288.5
42.8142754713 1412726288.85
42.8885199276 1412726289.23
42.9148218991 1412726289.6
42.7561836186 1412726289.95
42.8258111449 1412726290.35
42.8912161139 1412726290.72
43.1364200174 1412726291.08
43.2036985611 1412726291.42
43.2496918202 1412726291.78
43.3152706259 1412726292.14
43.1186583371 1412726292.5
42.5372415008 1412726292.85
42.5426633267 1412726293.23
42.1171238595 1412726293.58
41.4940513322 1412726293.95
41.5488268157 1412726294.3
41.502474773 1412726294.67
41.4922715643 1412726295.04
41.482176229 1412726295.4
40.7810303816 1412726295.77
40.7462397586 1412726296.15
40.7006511024 1412726296.53
40.7408275685 1412726296.94
41.2764609935 1412726297.34
40.8611232912 1412726297.71
40.9009920577 1412726298.11
40.940557368 1412726298.48
40.6248100832 1412726298.84
40.6734767835 1412726299.18
40.6921436813 1412726299.52
40.5171253142 1412726300.07
40.5481628375 1412726300.48
40.6128079693 1412726300.86
40.3079446894 1412726301.3
40.8023588163 1412726301.7
40.6125970704 1412726302.08
40.6778846097 1412726302.48
40.7422442876 1412726302.9
40.8163795186 1412726303.34
41.1746379781 1412726303.83
40.2859264321 1412726304.27
40.2731824804 1412726304.7
40.3142706331 1412726305.18
40.6355459306 1412726305.61
40.4441349212 1412726306.04
40.1349770782 1412726306.51
38.8738606513 1412726306.93
38.8354949381 1412726307.37
38.5619370766 1412726307.8
38.4382001715 1412726308.22
38.0669517124 1412726308.62
37.6854821575 1412726309.03
36.8127168144 1412726309.44
36.7390504164 1412726309.88
36.6964977974 1412726310.31
35.8456086752 1412726310.76
35.9668652734 1412726311.21
35.884323047 1412726311.66
35.992765665 1412726312.07
36.0837345263 1412726312.54
35.5384597818 1412726312.95
35.5364301917 1412726313.39
35.5621138952 1412726313.82
35.7973680007 1412726314.25
35.7549486652 1412726314.66
36.0880590153 1412726315.08
36.5128695757 1412726315.49
36.5280842198 1412726315.93
36.5261967986 1412726316.37
36.3254937082 1412726316.8
36.3497183382 1412726317.25
35.8501355071 1412726317.68
36.3705403326 1412726318.21
36.0679426911 1412726318.62
36.1637253311 1412726318.98
35.7332204322 1412726319.42
36.3928579921 1412726319.87
36.37007131 1412726320.27
36.4214746561 1412726320.72
36.3805513319 1412726321.15
36.2027202191 1412726321.6
36.1622091963 1412726321.99
36.2862454474 1412726322.41
36.2006729381 1412726322.99
36.1218779645 1412726323.47
36.0845442744 1412726324.06
35.206799305 1412726324.67
35.0586051613 1412726325.13
34.1705671346 1412726325.55
34.148448704 1412726325.96
34.1294078027 1412726326.38
34.1349326707 1412726326.82
33.1183941654 1412726327.27
33.0510994898 1412726327.7
33.0401698308 1412726328.13
32.5951072901 1412726328.6
32.6004452443 1412726329.09
32.2635802049 1412726329.61
31.3740341817 1412726330.21
31.3105295336 1412726330.79
31.3579893607 1412726331.38
