35.90612702 1412738413.14
35.7752291226 1412738414.09
36.1137174509 1412738415.09
36.8938943858 1412738416.11
37.3104011807 1412738417.23
39.1283754359 1412738418.21
37.7306061341 1412738419.23
37.572654547 1412738420.23
37.3907200646 1412738421.3
37.4062266663 1412738422.32
37.3480538396 1412738423.34
38.1986717175 1412738424.37
36.7247390466 1412738425.4
36.0625587793 1412738426.4
35.9614954459 1412738427.36
35.9911028768 1412738428.4
36.062537841 1412738429.36
36.1899764685 1412738430.41
36.2324161478 1412738431.45
36.4635351304 1412738432.52
36.8511131226 1412738433.56
36.8673291782 1412738434.61
37.0239781318 1412738435.69
37.0347286502 1412738436.76
34.3847963389 1412738437.78
35.2196864047 1412738438.83
34.6755035102 1412738439.83
34.783891162 1412738440.87
34.5071984397 1412738441.88
34.6441201773 1412738442.98
34.4587301875 1412738444.01
34.1163537625 1412738445.05
34.1002948626 1412738446.11
34.2176113985 1412738447.22
34.1527745446 1412738448.24
34.2187100023 1412738449.33
34.0049070206 1412738450.35
33.7055200245 1412738451.39
33.8790446092 1412738452.48
33.6492401609 1412738453.54
33.6777643775 1412738454.6
33.4955281545 1412738455.68
33.4616719444 1412738456.75
33.3944670656 1412738457.81
33.3642613619 1412738458.89
33.568251593 1412738459.99
33.3974372494 1412738461.07
33.4108975276 1412738462.14
33.3941255345 1412738463.25
33.2536182232 1412738464.34
33.2729719198 1412738465.43
33.1517689072 1412738466.5
33.0871977883 1412738467.61
32.9678209394 1412738468.71
33.0218538467 1412738469.77
32.9143975382 1412738470.9
32.8419182043 1412738471.97
32.863191559 1412738472.99
32.9718751262 1412738474.07
32.631006743 1412738475.13
32.5339164335 1412738476.23
32.5029861699 1412738477.3
32.4700004622 1412738478.35
32.5174890149 1412738479.44
32.4751034388 1412738480.51
32.4713093043 1412738481.56
32.386929898 1412738482.63
32.309335295 1412738483.72
32.3127866981 1412738484.79
32.1895313243 1412738485.84
32.239056823 1412738486.87
31.9797500603 1412738487.94
31.9619904829 1412738489.05
32.0107702756 1412738490.09
31.9513584429 1412738491.18
31.9071684818 1412738492.26
31.8827318666 1412738493.34
31.6156258346 1412738494.39
31.4224701267 1412738495.46
31.2963497498 1412738496.52
31.2802546605 1412738497.57
31.4162996985 1412738498.63
31.2843153561 1412738499.73
31.3042747341 1412738500.81
31.1998028982 1412738501.89
31.0754476683 1412738502.97
30.9552139129 1412738504.07
30.8536484702 1412738505.22
30.829605137 1412738506.37
30.9150807225 1412738507.54
30.7398960409 1412738508.77
30.8226064039 1412738509.98
30.7114764696 1412738511.19
30.7372804837 1412738512.39
30.5933171835 1412738513.57
30.5850549067 1412738514.81
30.5353130166 1412738516.03
30.4205404498 1412738517.23
30.2746436728 1412738518.46
30.2243452493 1412738519.63
30.1464877638 1412738520.84
30.2391267623 1412738522.08
30.2426613067 1412738523.24
30.2791749189 1412738524.44
30.3474836331 1412738525.62
30.1547684779 1412738526.85
30.113502175 1412738528.08
30.1200318398 1412738529.33
30.0069111414 1412738530.51
29.9423051869 1412738531.73
29.9111981337 1412738532.94
29.9848611159 1412738534.14
30.0048238301 1412738535.33
30.0063148643 1412738536.55
29.9958578938 1412738537.72
30.0403840133 1412738538.94
29.98659602 1412738540.14
30.0301876389 1412738541.37
29.9563865154 1412738542.55
29.9572069 1412738543.77
29.986584247 1412738544.93
29.899254346 1412738546.16
30.0126186527 1412738547.41
30.1427427587 1412738548.62
30.048726715 1412738549.89
30.0071713132 1412738551.1
30.0798336673 1412738552.36
30.062050369 1412738553.58
30.2069410087 1412738554.88
30.2531948769 1412738556.17
30.2400077792 1412738557.47
30.209126244 1412738558.65
30.2479496993 1412738559.8
30.189608109 1412738560.96
30.2586465669 1412738562.04
30.3919669421 1412738563.21
30.321458667 1412738564.41
30.3323321753 1412738565.65
30.2889590318 1412738566.88
30.5002922969 1412738567.99
30.5308253288 1412738569.18
30.5595335948 1412738570.29
30.5687291107 1412738571.45
30.5917639083 1412738572.65
30.6157768218 1412738573.82
30.5477119577 1412738574.92
30.6448880549 1412738576.09
30.5723714163 1412738577.2
30.5886296738 1412738578.31
30.55658153 1412738579.45
30.5129849286 1412738580.6
30.5125283658 1412738581.76
30.318389781 1412738582.88
30.3474471338 1412738583.97
30.4183495567 1412738585.09
30.4046283725 1412738586.22
30.4320693652 1412738587.36
30.4048495775 1412738588.52
30.287584435 1412738589.71
30.3189519707 1412738590.95
30.3860346093 1412738592.16
30.3336887699 1412738593.41
30.4379572585 1412738594.59
30.454085051 1412738595.77
30.4633830268 1412738597.04
30.5271469024 1412738598.22
30.3962158534 1412738599.5
30.356199328 1412738600.8
30.2566327287 1412738602.06
30.2431582231 1412738603.32
30.2591305967 1412738604.63
30.2871276351 1412738605.96
30.3580451596 1412738607.15
30.3318101949 1412738608.3
30.290607045 1412738609.5
30.3899290696 1412738610.65
30.4435650527 1412738611.8
30.3263174177 1412738612.99
30.2406948992 1412738614.17
30.3291529051 1412738615.28
30.3460309972 1412738616.5
30.2850772454 1412738617.79
30.2830497965 1412738619.04
30.2581063724 1412738620.65
30.2265171523 1412738622.26
30.3686264004 1412738623.94
30.3854647389 1412738625.56
30.3393343752 1412738627.13
30.1027399772 1412738628.67
30.1263040621 1412738630.18
30.1629036755 1412738631.67
30.0532730553 1412738633.17
30.155173768 1412738634.7
30.0719717349 1412738636.2
30.1600924803 1412738637.71
30.1485264753 1412738639.21
30.1748375289 1412738640.75
30.2849052541 1412738642.26
30.3031022057 1412738643.77
30.388378521 1412738645.28
