19.2865354733 1412722636.38
19.7478311657 1412722636.5
20.3974551071 1412722636.66
21.0178094921 1412722636.81
20.3514458459 1412722636.97
20.4537921834 1412722637.11
20.2935443651 1412722637.23
20.4474106578 1412722637.36
21.0564632648 1412722637.49
22.0630331718 1412722637.61
22.8789207295 1412722637.76
24.0460213544 1412722637.89
25.1408433544 1412722638.01
25.8839402637 1412722638.09
26.329855025 1412722638.21
26.286463166 1412722638.37
26.7694963953 1412722638.5
27.1104301331 1412722638.65
27.0408724986 1412722638.78
26.8285283956 1412722638.89
26.5268362603 1412722638.99
26.4833968149 1412722639.1
26.3115684819 1412722639.22
26.2488912819 1412722639.34
26.1877548259 1412722639.45
26.1387142396 1412722639.58
26.0324187896 1412722639.77
25.7604449127 1412722639.88
25.6824647079 1412722639.99
25.3689023202 1412722640.1
25.3227422818 1412722640.21
25.2525216662 1412722640.32
25.3048941008 1412722640.44
25.2529986783 1412722640.55
25.3492308233 1412722640.78
25.3610688724 1412722640.9
25.1877194011 1412722641.02
25.1607843889 1412722641.13
25.1805596628 1412722641.25
25.2361802531 1412722641.34
25.5175375816 1412722641.47
25.8336308772 1412722641.6
26.1098905017 1412722641.7
26.3077710973 1412722641.83
26.2307726945 1412722641.97
25.8483232976 1412722642.09
25.8471809578 1412722642.2
25.8336189981 1412722642.34
25.7932671276 1412722642.46
25.7077237216 1412722642.59
25.664679122 1412722642.72
25.6074082846 1412722642.83
25.5702454794 1412722642.94
25.5255252688 1412722643.05
25.2260840016 1412722643.21
24.9045442008 1412722643.31
24.7320962313 1412722643.43
24.6166626745 1412722643.58
24.2772736365 1412722643.71
24.1196517098 1412722643.84
24.0925643023 1412722643.94
23.8299260137 1412722644.05
23.7529653329 1412722644.15
23.4760233676 1412722644.28
23.369097212 1412722644.44
23.0956955086 1412722644.54
23.0977011645 1412722644.64
22.9420688311 1412722644.8
23.1261023609 1412722644.96
22.9929107033 1412722645.12
23.1263814669 1412722645.27
22.9923073215 1412722645.55
22.6896992688 1412722645.75
22.0920837726 1412722645.99
20.5426872494 1412722646.17
18.5993256229 1412722646.35
16.5016089203 1412722646.47
15.9644599014 1412722646.56
14.5504288838 1412722646.72
14.9332573251 1412722646.88
15.0806948833 1412722647.03
14.6905741245 1412722647.18
14.9098526447 1412722647.3
14.8728241742 1412722647.42
14.980674535 1412722647.53
15.0435989035 1412722647.63
15.08250906 1412722647.8
15.1045275545 1412722647.94
15.139954932 1412722648.05
15.1031254528 1412722648.14
15.0263691571 1412722648.24
14.9617492124 1412722648.36
14.8390441928 1412722648.48
14.9384241589 1412722648.6
14.8876760109 1412722648.73
14.7769774513 1412722648.85
14.8954776996 1412722648.97
14.8018986303 1412722649.09
14.6877301933 1412722649.21
14.5837728539 1412722649.33
14.6787047386 1412722649.44
14.6088360474 1412722649.55
14.6927595103 1412722649.69
14.8405349059 1412722649.81
14.8022028522 1412722649.92
14.9073632824 1412722650.03
14.8313195206 1412722650.15
14.9388366836 1412722650.27
14.8805096643 1412722650.39
14.6234994595 1412722650.5
14.5589369752 1412722650.61
14.6305344588 1412722650.74
14.5878526284 1412722650.86
14.6664498614 1412722650.96
14.6296041884 1412722651.06
14.5855044999 1412722651.2
14.6683648399 1412722651.35
14.6165324372 1412722651.46
14.677576571 1412722651.57
14.6874121077 1412722651.71
14.7387407598 1412722651.8
14.778594269 1412722651.91
14.8127012104 1412722652.02
14.6052550242 1412722652.15
14.5917497703 1412722652.27
14.5846363115 1412722652.39
14.8200841452 1412722652.49
14.7860345086 1412722652.6
14.7678911307 1412722652.72
14.7449676536 1412722652.83
14.7165952721 1412722652.94
14.6803826474 1412722653.06
14.7571169327 1412722653.18
14.7266098228 1412722653.3
14.7965442874 1412722653.4
14.7581938711 1412722653.51
14.8231485945 1412722653.62
14.893232385 1412722653.77
14.9511633252 1412722653.89
14.9478652678 1412722654.01
14.8144339835 1412722654.14
14.8043604328 1412722654.24
14.7899658999 1412722654.37
14.7377111539 1412722654.48
14.7990646693 1412722654.59
14.7809520153 1412722654.72
14.7576648574 1412722654.84
14.8190936654 1412722654.93
14.8009910001 1412722655.06
14.8567453013 1412722655.19
14.8418692291 1412722655.31
14.8434153415 1412722655.42
15.3296122675 1412722655.53
15.3999765317 1412722655.65
15.5575844485 1412722655.76
15.5579791033 1412722655.89
15.5587321133 1412722656.02
15.0049843815 1412722656.14
14.9985530474 1412722656.25
14.9912764109 1412722656.36
14.979872539 1412722656.51
14.9651233457 1412722656.66
15.0178179501 1412722656.81
15.0054463178 1412722656.93
15.0549926793 1412722657.05
15.0448771304 1412722657.16
15.0315649132 1412722657.3
15.0543794817 1412722657.42
15.1003709285 1412722657.55
15.1397285445 1412722657.66
15.1540985734 1412722657.77
15.0871784801 1412722657.89
15.1479300324 1412722658.05
15.1461805245 1412722658.17
15.1419616774 1412722658.29
15.1350796883 1412722658.41
14.7382682053 1412722658.54
14.7130484485 1412722658.64
14.7707857431 1412722658.75
14.7679218338 1412722658.86
14.7696204249 1412722658.98
14.8153055029 1412722659.1
14.8174868237 1412722659.22
14.8120082413 1412722659.34
14.825971159 1412722659.46
14.8502636086 1412722659.58
14.8914925213 1412722659.69
14.8869301814 1412722659.83
14.9325808788 1412722659.94
14.8776559226 1412722660.06
14.9193523126 1412722660.18
14.955283692 1412722660.28
14.9861658831 1412722660.4
15.0113361868 1412722660.53
15.0452772203 1412722660.66
15.0744900935 1412722660.77
15.1434590843 1412722660.9
15.1522959647 1412722661.02
14.6974783724 1412722661.13
14.7033327575 1412722661.24
