31.7405353034 1412738194.38
32.0961277909 1412738195.42
32.3496310152 1412738196.46
32.9465784253 1412738197.53
33.2941523748 1412738198.62
33.3821656097 1412738199.75
33.4101867789 1412738200.85
33.6987099745 1412738201.91
33.3322272742 1412738202.98
33.6657132122 1412738204.01
33.555417931 1412738205.11
33.2340933225 1412738206.19
33.134285709 1412738207.27
32.5937125384 1412738208.36
32.6438562243 1412738209.46
32.4976573877 1412738210.55
32.3451865538 1412738211.68
32.4419464188 1412738212.77
32.0690265523 1412738213.88
32.0002087203 1412738215.01
31.8255781968 1412738216.11
31.3544729819 1412738217.3
31.240317542 1412738218.54
30.9896654525 1412738219.68
30.9617079424 1412738220.78
30.7651098367 1412738221.89
30.6910769296 1412738222.97
30.6666432205 1412738224.05
30.4453133091 1412738225.13
30.7552753599 1412738226.17
30.8685598143 1412738227.25
30.8517019314 1412738228.32
30.7948837658 1412738229.42
30.7931621067 1412738230.47
30.6710666443 1412738231.51
31.1959900186 1412738232.6
31.0399113525 1412738233.71
30.8847054937 1412738234.79
30.8176103196 1412738235.86
30.7110997876 1412738236.9
30.5410386449 1412738237.95
30.4901056604 1412738239.02
30.5026815581 1412738240.05
30.2572341244 1412738241.07
30.2647565279 1412738242.17
30.2386705728 1412738243.27
30.4761766727 1412738244.32
30.3373165023 1412738245.39
30.3765837193 1412738246.5
30.4059258773 1412738247.57
30.2466650404 1412738248.59
30.1394749111 1412738249.62
30.2960395298 1412738250.68
30.1762420136 1412738251.73
30.3258272021 1412738252.79
30.3030700835 1412738253.83
30.1479588272 1412738254.86
30.2540400639 1412738255.95
30.2500617103 1412738257.04
30.3604078496 1412738258.1
30.3079470982 1412738259.15
30.2970523663 1412738260.28
30.221780508 1412738261.4
30.1728643035 1412738262.46
30.250137068 1412738263.52
30.2655222037 1412738264.59
30.360611576 1412738265.71
30.3159474269 1412738266.83
30.3654846459 1412738267.91
30.3708624763 1412738268.99
30.2327947771 1412738270.04
30.216902235 1412738271.18
30.1343678799 1412738272.27
30.1169443419 1412738273.38
30.0809686173 1412738274.42
29.9238223846 1412738275.47
29.9800504617 1412738276.58
29.9015199349 1412738277.65
29.8987023339 1412738278.67
29.7875922161 1412738279.74
29.6791520561 1412738280.81
29.6441299799 1412738281.87
29.5497564998 1412738282.92
29.4424391088 1412738284.01
29.447395708 1412738285.08
29.3586945296 1412738286.15
29.3403365456 1412738287.19
29.2667422918 1412738288.26
29.2216975224 1412738289.36
29.124729148 1412738290.42
29.186853434 1412738291.5
29.1929197666 1412738292.6
29.1157612038 1412738293.7
29.0642481033 1412738294.79
28.9816031255 1412738295.88
28.869100821 1412738297.02
28.9391142524 1412738298.19
28.9226535589 1412738299.52
28.8735940656 1412738300.76
28.8526343477 1412738302.06
28.7912606816 1412738303.24
28.6428684943 1412738304.46
28.6962460704 1412738305.74
28.6373355811 1412738306.99
28.6430808022 1412738308.29
28.6652472291 1412738309.59
28.6932460205 1412738310.8
28.6816667128 1412738312.06
28.7611798312 1412738313.31
28.6978748225 1412738314.46
28.8116311727 1412738315.58
28.7232431719 1412738316.66
28.7996560296 1412738317.74
28.8646742735 1412738318.81
28.7927436508 1412738319.88
28.7489553349 1412738321.0
28.7100647661 1412738322.1
28.6536902386 1412738323.2
28.6079063495 1412738324.28
28.5633813051 1412738325.4
28.5177149154 1412738326.46
28.4650356349 1412738327.57
28.478797516 1412738328.66
28.3795713525 1412738329.76
28.3713877201 1412738330.83
28.3955078351 1412738331.93
28.3962413511 1412738333.04
28.3785354055 1412738334.13
28.3923774349 1412738335.25
28.3537641253 1412738336.3
28.294638313 1412738337.34
28.203928475 1412738338.38
28.2517620533 1412738339.51
28.2859178549 1412738340.59
28.2121993457 1412738341.68
28.1402580815 1412738342.77
28.206599235 1412738343.87
28.251794794 1412738344.97
28.1521472077 1412738346.13
28.1735002331 1412738347.2
28.0652417344 1412738348.25
28.0489485541 1412738349.31
27.9834450318 1412738350.33
27.9409708022 1412738351.36
27.8798260614 1412738352.42
27.8356347418 1412738353.53
27.8804220651 1412738354.56
27.9245937608 1412738355.68
27.9397321854 1412738356.71
27.870402441 1412738357.77
27.8301190668 1412738358.84
27.8303904853 1412738359.9
27.7030349311 1412738360.92
27.725124444 1412738361.98
27.8472452764 1412738363.04
27.7370064743 1412738364.07
27.8197450617 1412738365.17
27.797492918 1412738366.2
27.8674651833 1412738367.29
27.9353667797 1412738368.35
27.9103051367 1412738369.4
27.965288286 1412738370.44
28.0016259002 1412738371.52
28.0917984344 1412738372.6
28.1318532095 1412738373.72
28.2309115886 1412738374.8
28.2380206037 1412738375.88
28.2293416818 1412738376.98
28.2360084802 1412738378.05
28.210330796 1412738379.11
28.1473361625 1412738380.17
28.1107089557 1412738381.24
28.0962897666 1412738382.36
28.0094931334 1412738383.39
28.0251215364 1412738384.49
28.0027476997 1412738385.59
28.0256849052 1412738386.67
28.0410968089 1412738387.75
28.1194924051 1412738388.78
28.136671575 1412738389.85
28.1593090726 1412738390.94
28.1090813373 1412738392.02
28.125439992 1412738393.17
28.1372540093 1412738394.3
28.1251361738 1412738395.41
28.1311998666 1412738396.52
28.1384775635 1412738397.57
28.1904273954 1412738398.67
28.2921894372 1412738399.74
28.309209778 1412738400.83
28.3229869899 1412738401.93
28.3138013456 1412738403.01
28.2461421788 1412738404.17
28.2761333866 1412738405.36
28.2963478042 1412738406.5
28.3320730285 1412738407.57
28.3012672157 1412738408.67
28.3466061316 1412738409.74
28.4249528927 1412738410.92
28.3825033964 1412738412.05
