39.8958132497 1412754360.42
39.0518912394 1412754361.95
38.0440221617 1412754363.48
38.9409561988 1412754364.96
39.1988190318 1412754366.43
39.6358452699 1412754367.93
40.0154091136 1412754369.42
40.411347005 1412754370.91
41.2253714718 1412754372.51
41.3918910786 1412754374.02
41.6733047769 1412754375.44
41.8831695822 1412754376.9
42.2983070424 1412754378.27
42.2632456716 1412754379.67
42.2160897298 1412754381.04
42.0363467911 1412754382.4
41.590071602 1412754383.75
40.9140188149 1412754385.11
40.2113235244 1412754386.52
39.340978696 1412754387.94
38.612799983 1412754389.39
37.5375009747 1412754390.85
37.687880849 1412754392.29
36.1160849641 1412754393.69
34.7164639205 1412754395.16
34.6149059127 1412754396.56
36.0438904022 1412754397.98
33.8057651273 1412754399.43
35.1764040146 1412754400.86
36.1639796412 1412754402.33
34.4549278755 1412754403.79
35.4120969325 1412754405.23
33.8275196048 1412754406.61
33.9224022794 1412754408.02
34.9462462053 1412754409.4
32.9552318408 1412754410.8
32.9094322881 1412754412.22
33.0738424552 1412754413.68
30.78707314 1412754415.07
31.2242166838 1412754416.48
31.9172323056 1412754417.94
29.0509187103 1412754419.34
28.7579121609 1412754420.79
29.2000214428 1412754422.21
28.1645301562 1412754423.58
28.1390682573 1412754424.96
33.5246481402 1412754426.36
28.8745980502 1412754427.75
29.6869706456 1412754429.11
30.59194764 1412754430.59
28.5468583513 1412754432.02
28.1417838078 1412754433.44
27.7659268742 1412754434.81
29.8132415607 1412754436.25
29.5660283488 1412754437.66
29.2451470535 1412754439.04
29.1586823566 1412754440.45
29.3525076639 1412754441.97
29.2691401219 1412754443.4
29.2941973968 1412754444.85
29.3442611083 1412754446.29
29.3599793908 1412754447.72
29.3948472885 1412754449.21
29.1198226029 1412754450.68
28.8954926556 1412754452.16
28.8375206713 1412754453.63
28.5143632804 1412754455.13
27.9727333449 1412754456.6
27.842994462 1412754458.08
27.5109886884 1412754459.7
26.9813152394 1412754461.22
26.684955729 1412754462.73
26.189870298 1412754464.35
25.8414793083 1412754465.88
25.4097572417 1412754467.43
24.7959981972 1412754469.07
24.5800433104 1412754470.6
23.9719146407 1412754472.32
23.5889379051 1412754474.19
23.0959087158 1412754476.26
22.9300893143 1412754478.31
22.4250435399 1412754480.41
21.992509362 1412754482.42
21.6630856929 1412754484.53
21.4732269825 1412754486.57
21.7556870208 1412754488.62
22.3749819486 1412754490.7
23.0328284494 1412754492.78
23.4118670071 1412754494.89
23.589490661 1412754496.91
23.7652156718 1412754499.1
23.9616529105 1412754501.19
24.0301792231 1412754503.33
24.1779993831 1412754505.56
24.2709947549 1412754507.8
24.2229698761 1412754510.07
24.0815883555 1412754512.23
24.2475628107 1412754514.41
24.3221406507 1412754516.64
24.3640056209 1412754518.8
24.4182370253 1412754521.01
24.4758495822 1412754523.12
24.3019703795 1412754525.32
24.2710057562 1412754527.6
24.275847634 1412754529.82
24.2397956442 1412754532.08
24.2971157631 1412754534.22
24.3371478179 1412754536.43
24.3377126443 1412754538.91
24.284568556 1412754541.24
24.3292672788 1412754543.44
24.3311271993 1412754545.78
24.3511394292 1412754547.98
24.4085448411 1412754550.24
24.427164654 1412754552.49
24.4101997949 1412754554.73
24.3779277097 1412754556.99
24.4363763827 1412754559.17
24.2614768585 1412754561.47
24.5094586219 1412754563.8
24.5466077939 1412754566.04
24.5238597023 1412754568.33
24.5913003475 1412754570.58
24.6551607128 1412754572.84
24.5903712594 1412754575.07
24.5924196589 1412754577.37
24.6253773607 1412754579.71
24.5328269997 1412754582.08
24.3715878039 1412754584.39
24.376689908 1412754586.65
24.4039913086 1412754588.99
24.4298996506 1412754591.32
24.4308688896 1412754593.65
24.467291284 1412754595.97
24.571039458 1412754598.25
24.5939672503 1412754600.54
24.685517368 1412754602.86
24.8408267085 1412754605.14
24.856701007 1412754607.54
24.9039164194 1412754609.91
24.9231915228 1412754612.24
24.8947895431 1412754614.54
24.9438780022 1412754616.86
24.9978125398 1412754619.23
25.0293705428 1412754621.59
25.1527626413 1412754623.92
25.108608144 1412754626.23
25.0739148021 1412754628.58
25.3032286593 1412754630.95
25.1383413612 1412754633.35
24.8894829845 1412754635.67
24.8331143388 1412754637.97
24.7100161476 1412754640.26
24.7277049002 1412754642.59
24.7347164254 1412754645.0
24.7623003556 1412754647.34
25.0185850815 1412754649.74
25.1709854021 1412754652.13
24.8485571183 1412754654.44
24.8427241832 1412754656.8
24.3237348971 1412754659.12
24.3923442299 1412754661.53
24.4116261096 1412754663.86
24.4744402962 1412754666.22
24.5067280118 1412754668.57
24.652526161 1412754670.86
24.6447223084 1412754673.19
24.6841913728 1412754675.63
24.5784793674 1412754677.97
24.2925863389 1412754680.38
24.3514779189 1412754682.84
24.3892347755 1412754685.19
24.398779687 1412754687.48
24.4075185492 1412754689.8
24.5757291033 1412754692.26
24.5810317304 1412754694.6
24.5677886077 1412754696.84
24.5754568151 1412754699.09
24.5504627399 1412754701.38
24.620089838 1412754703.71
24.3699327038 1412754706.0
24.3618837454 1412754708.25
24.4172454325 1412754710.56
24.2866471421 1412754712.87
24.3363825864 1412754715.08
24.3598640575 1412754717.39
24.3834840458 1412754719.77
24.4071876715 1412754722.07
24.4141573271 1412754724.53
24.5025541544 1412754726.9
24.5339090427 1412754729.21
24.5367942813 1412754731.6
24.3694592507 1412754734.05
24.384849809 1412754736.45
24.3752153225 1412754738.84
24.3975628525 1412754741.21
24.187752824 1412754743.58
24.2101335752 1412754746.01
24.2013203882 1412754748.46
24.2120712083 1412754750.77
