42.0823779883 1412724984.88
42.0495154711 1412724985.19
42.0990723421 1412724985.49
42.3322856082 1412724985.77
42.3052325887 1412724986.09
41.8848130241 1412724986.37
41.8081623049 1412724986.7
41.7985372938 1412724986.99
42.1678159271 1412724987.29
42.881955909 1412724987.57
43.0036710275 1412724987.85
43.3804199671 1412724988.13
44.0047506087 1412724988.4
44.3843182688 1412724988.67
44.2218127325 1412724988.95
44.7100662956 1412724989.24
44.5008936229 1412724989.51
44.7634893915 1412724989.81
44.9348000617 1412724990.07
45.3271658202 1412724990.35
45.528384168 1412724990.6
45.3054559628 1412724990.86
45.4412875899 1412724991.12
45.5269919265 1412724991.39
45.769570142 1412724991.67
45.6056696888 1412724991.95
45.354204891 1412724992.23
45.3855581503 1412724992.51
45.3553588011 1412724992.79
45.0752351707 1412724993.05
45.2774954797 1412724993.33
44.4453072497 1412724993.59
45.0248681614 1412724993.86
44.6901969991 1412724994.12
44.4027634079 1412724994.4
44.6742783655 1412724994.68
44.346862328 1412724994.97
44.4799381752 1412724995.24
44.7693222279 1412724995.5
44.3744744835 1412724995.78
44.5707172328 1412724996.05
44.6091337171 1412724996.31
44.7692544546 1412724996.57
44.4348655971 1412724996.83
44.5409528028 1412724997.1
45.0632474325 1412724997.36
44.3829709398 1412724997.62
44.0357383308 1412724997.87
44.5073390729 1412724998.13
44.1104156784 1412724998.38
44.215723736 1412724998.65
43.8652574898 1412724998.9
44.0255653109 1412724999.15
44.5212276627 1412724999.43
44.1070794116 1412724999.69
44.2415923677 1412724999.96
44.0584998704 1412725000.25
44.1457592751 1412725000.49
43.7931580713 1412725000.73
43.6045568765 1412725000.98
43.7569831194 1412725001.27
43.7849880035 1412725001.54
43.8946062026 1412725001.82
43.9339024647 1412725002.08
44.0143132085 1412725002.36
43.4680234352 1412725002.62
43.7326325744 1412725002.89
43.6109260768 1412725003.15
43.8247572143 1412725003.43
43.8643245319 1412725003.71
43.1898396812 1412725003.98
43.2365666847 1412725004.24
42.9503311922 1412725004.48
42.6299323334 1412725004.74
42.7030856142 1412725005.0
42.3181101955 1412725005.3
42.3002150249 1412725005.56
41.9349257085 1412725005.84
41.4695515216 1412725006.08
40.8739194822 1412725006.35
40.413191474 1412725006.62
40.0239930974 1412725006.85
39.4222271077 1412725007.12
38.509472317 1412725007.38
37.9648112217 1412725007.63
37.482564669 1412725007.88
36.997672474 1412725008.11
36.3922225415 1412725008.38
35.9761339078 1412725008.61
35.6998266303 1412725008.86
35.285458345 1412725009.1
34.9616586746 1412725009.34
34.6969723492 1412725009.59
34.288811503 1412725009.85
33.8529355323 1412725010.1
33.5691342943 1412725010.37
33.1256988154 1412725010.62
32.4099988801 1412725010.88
32.012945053 1412725011.14
31.247483974 1412725011.39
31.0793918283 1412725011.67
30.3731051294 1412725011.95
29.7571042356 1412725012.2
29.4164802335 1412725012.47
29.3076607741 1412725012.72
28.6093870386 1412725013.01
28.5562785761 1412725013.33
28.50055038 1412725013.6
28.5688869293 1412725013.87
28.5794149417 1412725014.14
28.5100093418 1412725014.46
28.6459653105 1412725014.77
28.6859800419 1412725015.14
28.6573626347 1412725015.53
28.7165508516 1412725015.93
28.4895270897 1412725016.31
28.5824857785 1412725016.7
28.4396095299 1412725017.05
28.2257587206 1412725017.33
28.2941813488 1412725017.71
27.7491393889 1412725018.01
27.7987515536 1412725018.36
27.5648730664 1412725018.68
27.5205879415 1412725018.95
27.5219356751 1412725019.23
27.4962684921 1412725019.61
27.4921027035 1412725019.94
27.2953672557 1412725020.25
27.3537931996 1412725020.54
27.341037875 1412725020.82
27.452972435 1412725021.1
27.5142368216 1412725021.41
27.2492650368 1412725021.71
27.3096309265 1412725022.02
27.1629784486 1412725022.34
26.8172212759 1412725022.65
26.734993532 1412725022.99
26.3369664465 1412725023.32
26.3160770314 1412725023.68
26.3059953486 1412725023.94
26.6585429748 1412725024.28
26.7437739004 1412725024.59
26.8988205907 1412725024.91
26.9586057108 1412725025.25
26.9442436818 1412725025.59
27.0944626499 1412725025.95
26.8764350183 1412725026.26
26.8039563399 1412725026.62
26.8264079503 1412725026.98
26.541841991 1412725027.33
26.6091616099 1412725027.72
26.7297943489 1412725028.08
26.6452615944 1412725028.46
26.5457889767 1412725028.87
26.6141172238 1412725029.21
26.5550130953 1412725029.53
26.4347700898 1412725029.87
26.2462943403 1412725030.27
26.3626509704 1412725030.71
26.251755659 1412725031.06
26.1047473766 1412725031.41
26.1054034558 1412725031.77
26.3207518999 1412725032.23
26.3821065461 1412725032.62
26.1193306669 1412725032.99
26.1193321073 1412725033.38
26.040347634 1412725033.78
26.0650646184 1412725034.17
26.0839056386 1412725034.59
25.9295903174 1412725035.02
26.5431355871 1412725035.52
26.2929482029 1412725035.91
26.4642828779 1412725036.39
26.2165596196 1412725037.05
26.2192489973 1412725037.96
26.3686747742 1412725038.37
26.3815294705 1412725038.75
26.6716257701 1412725039.43
26.7375752871 1412725039.77
26.9534667358 1412725040.18
26.9825003671 1412725041.02
27.1131471556 1412725041.75
27.2280391993 1412725042.29
27.4133796115 1412725042.8
27.32265221 1412725043.39
27.368661706 1412725044.05
27.2692053811 1412725044.49
27.4099702616 1412725045.03
27.2741762562 1412725045.45
27.2406969117 1412725045.85
27.4733526702 1412725046.24
27.3104693643 1412725046.6
27.3231901602 1412725046.98
27.3762239427 1412725047.33
27.5418087176 1412725047.86
27.1716679111 1412725048.45
27.2117256387 1412725049.01
27.2007804971 1412725049.65
27.2395400801 1412725050.19
27.199924768 1412725050.67
