50.1044075914 1412722245.13
49.0218083458 1412722245.26
49.9886454422 1412722245.42
51.3261831713 1412722245.55
54.9491226316 1412722245.69
54.2060702304 1412722245.83
53.3213721709 1412722245.97
52.2569392638 1412722246.1
52.2112813745 1412722246.24
52.4292696967 1412722246.39
53.2065987422 1412722246.5
52.7968228287 1412722246.62
53.7044899348 1412722246.75
54.4995697772 1412722246.89
55.109720279 1412722247.01
54.6552143339 1412722247.12
54.0846524269 1412722247.25
54.3071911259 1412722247.35
54.3887593725 1412722247.44
54.8905508074 1412722247.54
54.776600602 1412722247.64
54.4750103994 1412722247.9
54.4584786484 1412722248.08
53.7325790212 1412722248.29
53.8397266738 1412722248.49
53.3098549852 1412722248.69
53.7407317339 1412722248.89
53.9706133457 1412722248.99
54.0652579905 1412722249.12
55.4357648556 1412722249.24
55.0070968341 1412722249.39
55.065336621 1412722249.49
54.8594038194 1412722249.64
56.7654242591 1412722249.78
56.0553197009 1412722249.91
56.0981706182 1412722250.02
56.0944387919 1412722250.15
56.4999016726 1412722250.27
56.746550159 1412722250.39
57.0553759588 1412722250.5
56.249257955 1412722250.64
56.9433437388 1412722250.77
57.4497240258 1412722250.89
57.8012459731 1412722251.0
56.8664708038 1412722251.12
56.7613035404 1412722251.25
56.9858915007 1412722251.38
57.2076744831 1412722251.5
56.2218191554 1412722251.67
56.0493063888 1412722251.98
56.1826237668 1412722252.18
57.1170143192 1412722252.51
55.7287605755 1412722252.77
55.7102766721 1412722253.04
55.6970100544 1412722253.31
55.6079716239 1412722253.63
55.7530592958 1412722253.9
55.5487836319 1412722254.21
54.7697632832 1412722254.47
54.5855233344 1412722254.73
54.698126573 1412722254.91
54.4645363489 1412722255.08
54.3424085695 1412722255.25
54.5240690236 1412722255.44
53.8445119353 1412722255.68
53.9595051697 1412722255.87
53.6237516811 1412722256.07
53.2471308215 1412722256.23
52.9796955312 1412722256.47
53.603730894 1412722256.69
54.37316371 1412722256.85
53.7667552089 1412722257.01
54.1356726837 1412722257.26
54.6955004998 1412722257.44
54.8051649829 1412722257.56
55.2562286871 1412722257.7
54.9857584605 1412722257.87
55.3363363905 1412722258.01
55.4266935339 1412722258.18
55.5050122658 1412722258.35
54.1282810662 1412722258.55
54.0486592418 1412722258.68
54.1828070464 1412722258.84
54.3161519395 1412722258.98
54.3765308415 1412722259.11
54.865276302 1412722259.22
55.2221629319 1412722259.32
55.243502967 1412722259.45
55.324869665 1412722259.59
55.3543486416 1412722259.77
55.845843833 1412722259.89
55.5531071142 1412722260.01
55.3995236466 1412722260.15
55.5189286169 1412722260.28
55.4352879528 1412722260.41
55.4426093935 1412722260.59
55.5687258966 1412722260.69
55.1463236139 1412722260.79
55.085344921 1412722260.89
55.7375003785 1412722261.02
55.6476851421 1412722261.16
55.2000486644 1412722261.31
55.3567659187 1412722261.43
55.8170231276 1412722261.6
55.5481833791 1412722261.72
55.6079801952 1412722261.89
55.6641834922 1412722262.02
55.5967104899 1412722262.14
55.6644141257 1412722262.24
55.6225998616 1412722262.36
55.4180376416 1412722262.52
55.1120524757 1412722262.63
55.1936320712 1412722262.8
55.577563764 1412722262.92
55.2107418834 1412722263.02
55.3058863197 1412722263.21
55.4521493097 1412722263.35
55.5383443839 1412722263.53
55.4923852166 1412722263.67
55.8949291637 1412722263.91
56.0134876968 1412722264.09
56.2190983112 1412722264.28
56.4134597443 1412722264.43
56.5602924464 1412722264.55
57.0111692831 1412722264.68
57.2363798849 1412722264.86
58.0697790735 1412722264.99
57.8730547917 1412722265.1
57.5892995064 1412722265.21
56.7994259819 1412722265.38
56.8295094271 1412722265.55
56.838303281 1412722265.68
57.6920506848 1412722265.83
57.8677280411 1412722265.96
57.6501987325 1412722266.09
58.4028330513 1412722266.23
59.4517112003 1412722266.37
58.9988668985 1412722266.52
59.0938019154 1412722266.65
61.1981393915 1412722266.76
88.5503126984 1412722266.88
60.1702223648 1412722267.04
59.6920035643 1412722267.2
61.3379446685 1412722267.37
61.0893540496 1412722267.5
60.6532724079 1412722267.66
61.0384565359 1412722267.84
60.9098460713 1412722267.99
60.1330224239 1412722268.16
59.8508346729 1412722268.33
60.6103537311 1412722268.49
60.8383814146 1412722268.69
59.6423445163 1412722268.95
59.9102996407 1412722269.16
60.8215239203 1412722269.37
63.0786597544 1412722269.59
63.4296570172 1412722269.81
62.3175113518 1412722270.02
64.7501560941 1412722270.21
64.764291359 1412722270.44
67.4574704691 1412722270.76
68.1577437858 1412722270.96
70.0900150032 1412722271.16
72.5688049267 1412722271.35
75.4393651238 1412722271.54
76.0621941195 1412722271.74
78.2708786104 1412722271.9
77.8835508815 1412722272.11
79.6813581078 1412722272.33
77.7543070668 1412722272.72
78.7884127456 1412722273.04
78.8385251423 1412722273.67
78.4209772207 1412722273.98
79.2706331492 1412722274.16
79.7385518326 1412722274.37
74.5729387441 1412722274.58
75.0694507996 1412722274.77
76.5199503183 1412722274.96
74.1171567348 1412722275.16
75.2794806323 1412722275.36
75.6863404934 1412722275.56
75.7425313418 1412722275.75
75.4809251304 1412722275.96
75.5144829251 1412722276.15
75.6512999524 1412722276.34
75.8111860034 1412722276.51
73.0396184071 1412722276.73
77.6340557362 1412722276.95
77.7915755206 1412722277.15
78.0699404172 1412722277.39
76.9623581158 1412722277.58
77.3205414797 1412722277.77
77.6356328081 1412722277.99
79.564593298 1412722278.18
79.4118110249 1412722278.37
79.8281362756 1412722278.55
81.4082056796 1412722278.77
79.8357694634 1412722279.0
80.4553471864 1412722279.2
83.3297231879 1412722279.41
