41.9701203956 1412725051.08
42.292991413 1412725051.42
42.5309707964 1412725051.76
42.8680477717 1412725052.18
43.4476890003 1412725052.55
43.7798217213 1412725052.89
44.3884874315 1412725053.24
44.4198322707 1412725053.56
44.3151646169 1412725053.89
44.1126977349 1412725054.17
44.1143979941 1412725054.45
43.867876717 1412725054.75
43.5594585021 1412725055.04
43.0265118242 1412725055.33
42.9350172333 1412725055.66
42.3502138988 1412725055.96
41.8234674384 1412725056.29
42.1173188697 1412725056.66
41.5753404079 1412725057.03
41.0134863888 1412725057.37
40.8450977811 1412725057.78
40.3888562833 1412725058.14
40.3213953813 1412725058.53
40.0863983674 1412725058.84
39.9996915261 1412725059.18
39.7019819632 1412725059.47
40.0549845827 1412725059.81
39.9049938689 1412725060.16
40.0692000419 1412725060.47
39.7975870268 1412725060.75
39.6751528634 1412725061.03
39.0788296007 1412725061.33
38.9327870455 1412725061.71
38.8292244338 1412725062.27
38.6485088527 1412725062.79
38.2665806841 1412725063.42
38.1232843465 1412725063.82
38.2741782082 1412725064.36
38.7353560069 1412725064.89
38.530715384 1412725065.52
38.2821091414 1412725066.13
38.6093934121 1412725066.75
38.2477296626 1412725067.19
38.892259666 1412725067.7
38.3610473679 1412725068.12
38.6744343328 1412725068.52
38.3443764221 1412725068.88
38.7969346997 1412725069.23
38.6863207656 1412725069.65
38.5515260727 1412725070.03
38.2486340787 1412725070.55
38.3978383025 1412725070.97
38.5494257074 1412725071.42
38.3692080462 1412725071.91
38.3566116835 1412725072.34
38.0418504584 1412725072.93
37.8678080869 1412725073.52
37.9908228999 1412725074.02
37.4901765192 1412725074.54
37.0869235035 1412725074.95
36.8808378672 1412725075.48
36.9825037013 1412725076.01
36.8955212476 1412725076.5
36.6630333767 1412725076.92
36.1256121727 1412725077.33
36.084426839 1412725077.61
35.9116752011 1412725077.92
35.4947613124 1412725078.22
35.6276984066 1412725078.6
35.6184029321 1412725078.96
36.0206371037 1412725079.34
36.0149422065 1412725079.67
36.0085159032 1412725079.99
36.0188010547 1412725080.3
35.5970045165 1412725080.62
35.3503771328 1412725080.94
34.225068951 1412725081.24
33.5181105532 1412725081.57
32.7672363235 1412725081.85
31.7591598413 1412725082.15
30.718338899 1412725082.45
30.3996787097 1412725082.76
30.7634354936 1412725083.09
30.8894905891 1412725083.39
30.8649551622 1412725083.66
30.6346418005 1412725083.95
30.3315895627 1412725084.24
29.8574869478 1412725084.55
29.3057148989 1412725084.92
28.6615691736 1412725085.27
27.8127374934 1412725085.66
26.9096861789 1412725085.98
26.6321167185 1412725086.29
27.9318692797 1412725086.58
29.2975283678 1412725086.89
29.8977146205 1412725087.19
30.2426726395 1412725087.52
30.781398287 1412725087.86
30.5094297589 1412725088.15
30.3096416004 1412725088.49
30.0390891743 1412725088.82
29.788366091 1412725089.19
29.3484213113 1412725089.51
28.8626682567 1412725089.85
28.4080885724 1412725090.17
27.988132497 1412725090.53
27.9989121894 1412725090.84
27.6118559462 1412725091.18
27.2230727298 1412725091.54
26.5272618518 1412725091.93
25.6299836198 1412725092.34
25.5807656182 1412725092.73
24.5542210185 1412725093.09
24.0737709355 1412725093.49
23.6243899708 1412725093.94
22.9947284819 1412725094.42
22.146389483 1412725094.83
21.2486128015 1412725095.33
20.8155595043 1412725095.72
20.4150596337 1412725096.12
19.9032266331 1412725096.51
19.6576593508 1412725096.95
19.445251265 1412725097.41
19.5886271704 1412725097.82
19.5215350007 1412725098.23
19.3716403026 1412725098.65
19.6351341218 1412725099.05
19.921683704 1412725099.43
19.6441260865 1412725099.85
19.7151558697 1412725100.28
19.5566205592 1412725100.74
19.8252382669 1412725101.13
19.728135176 1412725101.51
19.7997472248 1412725101.9
19.9358078108 1412725102.34
19.9872628685 1412725102.75
19.6963718411 1412725103.18
19.5698462355 1412725103.59
19.5559168321 1412725103.98
19.4213632307 1412725104.41
19.5099488208 1412725104.92
19.8431963257 1412725105.43
19.647422397 1412725105.94
19.8385859753 1412725106.49
20.2234343006 1412725106.91
20.3664883263 1412725107.43
20.5693517775 1412725108.0
20.4774875153 1412725108.53
20.6555745255 1412725108.98
20.9112721442 1412725109.43
21.0424364677 1412725109.91
21.1124696805 1412725110.44
20.9792052497 1412725110.93
22.1021478057 1412725111.39
22.3983049533 1412725111.86
22.5711511254 1412725112.33
22.5885282153 1412725112.83
23.0219583157 1412725113.31
23.7050179592 1412725113.8
24.4861226037 1412725114.29
24.9621319357 1412725114.89
24.9685556755 1412725115.39
25.0851677937 1412725115.85
25.252881955 1412725116.32
24.6870909583 1412725116.8
25.9294301199 1412725117.33
26.0448292948 1412725117.86
26.24017424 1412725118.41
26.3426984478 1412725118.87
26.4455072468 1412725119.33
26.5516840136 1412725119.78
25.9938335833 1412725120.23
26.0548299688 1412725120.67
26.1597192288 1412725121.11
26.4095025384 1412725121.55
26.3728269069 1412725122.01
26.610965893 1412725122.44
26.5816816971 1412725122.95
26.4615437641 1412725123.49
26.9445207122 1412725123.97
26.8979092277 1412725124.43
25.4989219817 1412725124.85
25.4173991229 1412725125.34
25.532994214 1412725125.86
25.6384608189 1412725126.32
25.7344034817 1412725126.81
25.7673142949 1412725127.29
25.8700985363 1412725127.8
25.9623619136 1412725128.26
27.0484901717 1412725128.87
27.0831010393 1412725129.4
27.1098019299 1412725129.94
27.1356870852 1412725130.52
27.2340485595 1412725131.07
27.2606162567 1412725131.71
27.2870438507 1412725132.25
27.3818295382 1412725132.85
27.4074010292 1412725133.42
27.4999891626 1412725133.95
27.6631538762 1412725134.49
