22.7679910389 1412725838.35
23.5880660816 1412725838.8
25.7766567527 1412725839.23
27.0801985707 1412725839.65
27.9062488673 1412725840.13
28.2997562422 1412725840.48
29.7308199299 1412725840.84
31.8686362806 1412725841.19
33.8887420539 1412725841.54
35.2085193589 1412725841.92
36.5052815148 1412725842.26
36.8273100623 1412725842.58
38.5015949349 1412725842.91
38.7589683356 1412725843.22
38.9949112692 1412725843.56
40.4910006865 1412725843.87
40.8826658299 1412725844.19
41.1933370016 1412725844.51
41.5717559545 1412725844.8
41.4951394379 1412725845.13
41.7113266388 1412725845.44
40.72248681 1412725845.76
39.7917762313 1412725846.06
39.5000668291 1412725846.38
39.0452180233 1412725846.68
39.4342117949 1412725847.01
39.6395983749 1412725847.33
40.1229376567 1412725847.7
39.5486923908 1412725848.07
40.1078824877 1412725848.41
39.5416609596 1412725848.73
40.3958687261 1412725849.15
40.6930840632 1412725849.46
41.541396707 1412725849.79
41.7041498881 1412725850.1
41.8782751179 1412725850.38
42.6638513165 1412725850.85
40.8647458212 1412725851.51
41.4071250176 1412725852.33
42.9995551298 1412725852.97
42.0477926706 1412725853.54
41.3793007202 1412725854.05
43.558145367 1412725854.39
45.6005992083 1412725854.7
42.9041432585 1412725854.99
42.1859932779 1412725855.32
41.9107639978 1412725855.63
42.8108168876 1412725856.05
42.3399610339 1412725856.36
42.3109777258 1412725856.64
42.0705160794 1412725856.95
42.2009706589 1412725857.23
42.5379949611 1412725857.52
42.031685027 1412725857.88
42.5288624329 1412725858.47
42.5606072697 1412725858.81
42.4404626554 1412725859.09
41.9601929464 1412725859.61
41.9919477894 1412725860.13
41.2826274767 1412725860.52
40.352331615 1412725860.93
39.4105536963 1412725861.41
37.66201512 1412725861.72
35.5778839088 1412725862.18
34.7108082481 1412725862.47
33.6818129383 1412725862.75
33.9104880101 1412725863.19
33.4872837773 1412725863.46
34.0607571451 1412725863.81
35.5145594965 1412725864.2
36.3528760094 1412725864.61
36.6896056031 1412725864.94
37.0085058503 1412725865.28
36.7084205126 1412725865.57
36.1228846623 1412725865.84
35.6438536311 1412725866.15
35.1164345457 1412725866.45
34.9016194605 1412725866.76
35.2029607517 1412725867.06
36.3430007466 1412725867.36
37.5382273811 1412725867.62
38.8900380387 1412725868.07
39.7681078685 1412725868.5
40.2581987682 1412725868.88
40.4384118933 1412725869.18
40.5448006609 1412725869.55
40.552571702 1412725869.89
40.3020829048 1412725870.21
40.2456430855 1412725870.55
39.9273069543 1412725870.88
39.5528134935 1412725871.15
39.6315960524 1412725871.45
39.5895562808 1412725871.75
39.3668415238 1412725872.04
39.2526741548 1412725872.33
38.9838442461 1412725872.62
39.0136112094 1412725872.91
38.3991817569 1412725873.23
38.014527517 1412725873.53
37.9239526397 1412725873.81
37.8380414322 1412725874.1
37.2470362585 1412725874.37
37.3205817842 1412725874.67
36.7126770704 1412725874.93
36.5831366969 1412725875.25
36.9296325389 1412725875.56
37.0727178595 1412725876.07
37.1293336325 1412725876.48
37.0088630991 1412725876.8
36.8191837349 1412725877.12
37.2064586941 1412725877.59
37.0069853905 1412725878.1
36.8653359829 1412725878.44
36.6537657218 1412725878.76
36.6761398349 1412725879.05
36.5774892139 1412725879.34
36.2474646297 1412725879.67
36.0262077261 1412725879.95
35.8279971904 1412725880.24
35.6862309985 1412725880.51
35.2378305139 1412725880.8
35.0707298585 1412725881.09
34.672271366 1412725881.4
34.4566229139 1412725881.7
34.1114830247 1412725882.01
33.7370563764 1412725882.31
33.2722053447 1412725882.61
33.3625542578 1412725882.92
32.560742748 1412725883.46
32.0220312718 1412725883.94
31.99972834 1412725884.5
31.3111876591 1412725884.96
31.0578499225 1412725885.53
30.707118094 1412725886.08
29.808909348 1412725886.53
29.0831841153 1412725886.94
29.0411047343 1412725887.27
28.0424036498 1412725887.6
27.4304048292 1412725887.93
26.6158383677 1412725888.26
26.4933810539 1412725888.56
25.4086868929 1412725888.88
25.8800609484 1412725889.21
25.0738919391 1412725889.57
25.0453036055 1412725889.9
24.5128864424 1412725890.24
24.4341844811 1412725890.57
24.1507984423 1412725890.88
23.7968566681 1412725891.18
23.4568998691 1412725891.52
22.8806328766 1412725891.83
22.7066756059 1412725892.14
22.4777735878 1412725892.48
22.2725324659 1412725892.79
22.6011570883 1412725893.22
22.4663835748 1412725893.56
22.3524082063 1412725893.89
22.2197890159 1412725894.21
22.0967625155 1412725894.53
21.9285514247 1412725894.83
21.8102359045 1412725895.16
22.3751208573 1412725895.49
22.2773363207 1412725895.83
22.1816564056 1412725896.13
22.0814790879 1412725896.52
21.9857230567 1412725896.83
21.9011924026 1412725897.14
21.8315393581 1412725897.48
21.9232015148 1412725897.81
21.8522446288 1412725898.16
21.7857152171 1412725898.49
21.7798547256 1412725898.83
21.7736563784 1412725899.16
21.6386628889 1412725899.5
21.555112596 1412725899.83
21.4878268308 1412725900.16
21.4277313034 1412725900.48
21.4036023946 1412725900.76
21.4304552369 1412725901.11
21.4301359899 1412725901.42
21.4028001787 1412725901.75
21.366496474 1412725902.06
21.3222095986 1412725902.39
21.2690373692 1412725902.72
21.2159901033 1412725903.02
21.200924072 1412725903.32
21.1964158765 1412725903.64
21.1916099864 1412725903.98
21.1590740897 1412725904.28
21.1542919296 1412725904.61
21.334866036 1412725904.91
21.3261929113 1412725905.25
21.3080382296 1412725905.55
21.2920779828 1412725905.87
21.2870432553 1412725906.17
21.2535613383 1412725906.5
21.2459032644 1412725906.79
21.2383346064 1412725907.24
21.2311656598 1412725907.55
21.209751442 1412725907.87
