38.5554698566 1412759253.67
39.2576763529 1412759254.79
39.1997479805 1412759255.86
39.7033332486 1412759256.91
40.3776013106 1412759257.96
41.1520742804 1412759259.03
41.6316729062 1412759260.07
42.0501650139 1412759261.1
42.4386864684 1412759262.15
42.70241864 1412759263.18
42.7295201674 1412759264.19
42.720212616 1412759265.23
42.874200231 1412759266.23
42.8650661743 1412759267.28
42.630211227 1412759268.32
42.2577756117 1412759269.37
41.8206934059 1412759270.43
41.38781449 1412759271.49
40.7983147094 1412759272.58
40.5577114512 1412759273.59
40.2750509539 1412759274.65
40.3353062936 1412759275.69
41.011660122 1412759276.73
41.6142334447 1412759277.71
40.7638390743 1412759278.69
41.7146604805 1412759279.7
40.8104784169 1412759280.72
41.3230772957 1412759281.73
40.8673244949 1412759282.71
40.5384053724 1412759283.7
39.9524872619 1412759284.7
40.0549533455 1412759285.68
40.2914233793 1412759286.67
39.8625359814 1412759287.7
40.0827702268 1412759288.71
40.2133757134 1412759289.7
40.0004459623 1412759290.7
41.2608473769 1412759291.71
40.3950936335 1412759292.69
41.7501847398 1412759293.69
42.4846751177 1412759294.67
40.6622028356 1412759295.63
40.4531896533 1412759296.59
41.0422456253 1412759297.57
39.9611027866 1412759298.54
38.5684555747 1412759299.5
38.6739625268 1412759300.47
37.1685790129 1412759301.45
37.526427517 1412759302.42
35.5666799165 1412759303.4
36.4381376178 1412759304.36
35.7805195657 1412759305.32
35.199341406 1412759306.3
33.5940138891 1412759307.26
33.0710650052 1412759308.25
32.0027379592 1412759309.22
30.9675627996 1412759310.2
30.3693918968 1412759311.18
29.492021312 1412759312.15
29.8821981473 1412759313.12
28.4425098401 1412759314.06
28.2605557904 1412759315.02
27.9582976032 1412759316.0
27.8442719673 1412759316.97
27.9531915881 1412759317.94
27.0798361766 1412759318.91
27.029875155 1412759319.9
26.6369556919 1412759320.89
26.6445840706 1412759321.87
26.4828005166 1412759322.86
26.3823578538 1412759323.83
26.1640018756 1412759324.82
26.0403188789 1412759325.8
25.9531791168 1412759326.79
25.8783349168 1412759327.73
26.1452667028 1412759328.68
26.4653609197 1412759329.62
26.6613770735 1412759330.57
26.0052769495 1412759331.59
26.3574782068 1412759332.58
25.890623317 1412759333.61
26.1490833792 1412759334.63
25.6969479975 1412759335.65
25.9118070972 1412759336.68
26.0320662348 1412759337.67
26.096273332 1412759338.66
25.85667644 1412759339.64
25.9114310073 1412759340.61
25.8485791406 1412759341.61
25.7727246114 1412759342.59
25.5203538485 1412759343.57
25.4618866175 1412759344.6
25.2263509714 1412759345.58
25.099022591 1412759346.55
25.0177403474 1412759347.54
24.825783671 1412759348.53
24.6749599703 1412759349.53
24.3318472763 1412759350.53
24.1234829961 1412759351.52
23.8688500235 1412759352.49
23.8435511656 1412759353.49
23.92364702 1412759354.5
23.9900131093 1412759355.49
24.1075586369 1412759356.51
23.9403531248 1412759357.51
24.0082047625 1412759358.51
23.7703522611 1412759359.52
23.793453109 1412759360.52
23.8992231253 1412759361.54
23.9111490478 1412759362.58
23.7955257133 1412759363.6
23.8395937088 1412759364.61
23.6941365927 1412759365.66
23.7565901388 1412759366.67
23.5210278653 1412759367.7
23.5482951419 1412759368.72
23.3654188373 1412759369.74
23.2554278055 1412759370.78
23.1407433476 1412759371.81
22.9700702307 1412759372.86
22.8563631289 1412759373.91
22.8389037389 1412759374.97
22.6831035067 1412759376.06
22.7409018643 1412759377.15
22.6166362994 1412759378.16
22.6176529082 1412759379.17
22.7135388122 1412759380.24
22.5862909672 1412759381.21
22.657564533 1412759382.21
22.5889947511 1412759383.19
22.5220667291 1412759384.16
22.4398059102 1412759385.13
22.3207336626 1412759386.08
22.2798301329 1412759387.07
22.232820167 1412759388.01
22.2045199596 1412759388.95
22.228433108 1412759389.91
22.3128396504 1412759390.87
22.2148544552 1412759391.82
22.2562208049 1412759392.77
22.3083471302 1412759393.72
22.2951476236 1412759394.67
22.3963333411 1412759395.61
22.3748221248 1412759396.56
22.382652658 1412759397.57
22.301292783 1412759398.52
22.289286843 1412759399.45
22.211163012 1412759400.4
22.1386569579 1412759401.35
22.1459928686 1412759402.3
22.0532330059 1412759403.26
22.0697152804 1412759404.25
21.990520913 1412759405.24
21.9829469998 1412759406.21
21.8825286418 1412759407.2
21.8907141905 1412759408.16
21.8551756886 1412759409.21
21.8732067993 1412759410.18
21.7515240285 1412759411.2
21.7056117662 1412759412.17
21.6345519712 1412759413.17
21.5220455247 1412759414.14
21.3370411553 1412759415.18
21.2389138367 1412759416.15
21.1732443472 1412759417.1
21.1133936641 1412759418.05
21.0460099943 1412759418.94
20.9668483783 1412759419.85
20.8068281397 1412759420.73
20.6296725816 1412759421.62
20.4520009516 1412759422.54
20.3526519029 1412759423.45
20.2379466737 1412759424.31
20.1354015582 1412759425.2
20.0002007858 1412759426.08
20.0085250872 1412759426.95
19.8749518848 1412759427.87
19.8148045822 1412759428.81
19.7088125624 1412759429.76
19.5636880738 1412759430.71
19.4718396323 1412759431.67
19.4542613009 1412759432.59
19.3876047303 1412759433.49
19.3562730885 1412759434.36
19.2551695713 1412759435.22
19.2016592136 1412759436.12
19.0669636703 1412759436.99
18.8771249731 1412759437.87
18.7007358212 1412759438.74
18.6245350725 1412759439.63
18.4534935149 1412759440.51
18.3417308848 1412759441.39
18.2550096015 1412759442.27
18.1955954155 1412759443.15
18.2440307231 1412759444.06
18.1926922671 1412759444.94
18.0461326744 1412759445.82
18.0363254532 1412759446.7
18.0805146986 1412759447.58
18.0161063598 1412759448.47
