39.1906952833 1412745588.64
38.5681360744 1412745590.17
38.5293657858 1412745591.63
37.7209042109 1412745593.1
36.9785146519 1412745594.53
36.5991616661 1412745596.01
36.2647238235 1412745597.54
35.1658677444 1412745599.08
34.5549009273 1412745600.58
34.3345702103 1412745602.11
34.1548789814 1412745603.59
34.157408946 1412745605.05
33.8949544268 1412745606.55
33.4485576557 1412745608.06
33.1014626316 1412745609.57
32.6528834708 1412745611.06
32.6022434598 1412745612.48
32.0926503125 1412745613.96
31.7207972815 1412745615.55
31.1889321175 1412745616.96
30.8874018796 1412745618.38
30.4460813091 1412745619.77
29.7843249697 1412745621.18
29.3599083239 1412745622.66
28.552479704 1412745624.09
27.9563106562 1412745625.46
27.7233895018 1412745626.86
27.7692797774 1412745628.44
28.3522781952 1412745629.95
25.775293726 1412745631.37
25.653489556 1412745632.8
24.8364816334 1412745634.28
24.5595953452 1412745635.7
23.9230247376 1412745637.17
23.5307895859 1412745638.64
23.1512469056 1412745640.09
22.7007814017 1412745641.57
22.1969916997 1412745643.04
21.8540399849 1412745644.51
21.7556114268 1412745645.95
21.660845284 1412745647.42
21.443269014 1412745648.91
21.3091844725 1412745650.39
20.9480546308 1412745651.91
20.6338121969 1412745653.38
20.159951925 1412745654.84
19.6199428262 1412745656.36
19.5458614195 1412745657.84
19.1400543594 1412745659.32
19.1014209104 1412745660.78
18.5428468119 1412745662.27
18.4221307142 1412745663.75
17.9349066146 1412745665.22
17.8032804324 1412745666.74
17.4137367179 1412745668.24
17.4310509599 1412745669.68
16.9953577034 1412745671.13
16.7687996711 1412745672.59
16.3804218229 1412745674.03
16.3817811246 1412745675.56
16.2904387764 1412745676.98
16.071300187 1412745678.41
15.8068706819 1412745679.86
15.6676549804 1412745681.28
15.2880713066 1412745682.76
15.0797565851 1412745684.24
14.9344390172 1412745685.73
14.6290611207 1412745687.23
14.5912754487 1412745688.78
14.4798387641 1412745690.2
14.3800298463 1412745691.72
14.2622830255 1412745693.1
14.2522262387 1412745694.63
14.2385753924 1412745696.07
14.134784249 1412745697.55
14.0636112355 1412745698.97
14.0038515686 1412745700.39
13.9789844738 1412745701.85
14.0426909418 1412745703.32
14.0374693436 1412745704.79
13.9668720061 1412745706.26
14.1935499466 1412745707.71
14.2452836907 1412745709.17
14.200676067 1412745710.61
14.1645907711 1412745712.05
14.2740233302 1412745713.49
14.1471017457 1412745714.92
14.0460077551 1412745716.37
13.9046148641 1412745717.82
13.8400933119 1412745719.27
13.7312363914 1412745720.66
13.5664121247 1412745722.08
13.5593200662 1412745723.47
13.5291883007 1412745724.9
13.3745721587 1412745726.33
13.270218426 1412745727.75
13.187677747 1412745729.15
13.1324385154 1412745730.55
13.0465565699 1412745731.99
12.8896953006 1412745733.38
12.8685965144 1412745734.87
12.8057247639 1412745736.35
12.7257796905 1412745737.77
12.6676388978 1412745739.24
12.5957551307 1412745740.69
12.6024304534 1412745742.15
12.4705541969 1412745743.64
12.4713965557 1412745745.07
12.3264237987 1412745746.55
12.2869795648 1412745747.95
12.2225921827 1412745749.39
12.1350446347 1412745750.83
12.0519152781 1412745752.33
11.9244061802 1412745753.67
11.859339432 1412745755.0
11.8010971823 1412745756.4
11.722564715 1412745757.76
11.6523299681 1412745759.1
11.6023740552 1412745760.43
11.4973743044 1412745761.77
11.4585548823 1412745763.12
11.4195844122 1412745764.49
11.3310269091 1412745765.82
11.2396625779 1412745767.12
11.203353518 1412745768.44
11.1194292243 1412745769.78
10.9594510466 1412745771.06
10.9025848621 1412745772.4
10.8082211242 1412745773.65
10.6912977721 1412745774.94
10.6265579167 1412745776.22
10.5023839842 1412745777.49
10.4046570959 1412745778.77
10.3480852169 1412745780.04
10.2591210583 1412745781.34
10.2244618758 1412745782.64
10.1238585718 1412745783.86
10.0292809978 1412745785.12
10.0523274592 1412745786.38
10.0098863723 1412745787.65
9.94178953425 1412745788.87
9.9192316486 1412745790.11
9.88433573841 1412745791.48
9.84028896337 1412745792.83
9.9061141625 1412745794.13
9.94015832663 1412745795.41
9.98868528864 1412745796.68
10.0172993399 1412745797.97
10.0927598291 1412745799.21
10.1767100014 1412745800.45
10.140408975 1412745801.8
10.0158567819 1412745803.13
9.9608950836 1412745804.36
9.89790755753 1412745805.59
9.78463417761 1412745806.86
9.62738214425 1412745808.16
9.64523763794 1412745809.43
9.65538820341 1412745810.78
9.53301484155 1412745812.06
9.58537039335 1412745813.37
9.49951139028 1412745814.67
9.52146960006 1412745815.9
9.45960372455 1412745817.18
9.50791923257 1412745818.43
9.53855944554 1412745819.68
9.52802174266 1412745820.95
9.40152554965 1412745822.22
9.26714962942 1412745823.46
9.33116232935 1412745824.74
9.24716287605 1412745826.03
9.22230558245 1412745827.33
9.29095245893 1412745828.61
9.21152482239 1412745829.87
9.23299489743 1412745831.13
9.16781782435 1412745832.38
9.02036055818 1412745833.63
9.03237693088 1412745834.9
9.05111873497 1412745836.2
9.02952412953 1412745837.5
9.00934919033 1412745838.81
8.98032546489 1412745840.13
8.97763320295 1412745841.44
8.91183961856 1412745842.74
8.94283112438 1412745844.01
8.87639108123 1412745845.27
8.93441358991 1412745846.57
8.89394499919 1412745847.87
8.84394739448 1412745849.18
8.86070678051 1412745850.44
8.80333860419 1412745851.75
8.81776351474 1412745853.05
8.78569153188 1412745854.36
8.79195531985 1412745855.63
8.79335922739 1412745856.94
8.73917630834 1412745858.23
8.77353556518 1412745859.48
8.75702253171 1412745860.77
8.73292030724 1412745862.1
8.66799079054 1412745863.36
8.70284665892 1412745864.68
