14.5291427695 1412737810.01
14.5874128238 1412737810.99
14.7918686488 1412737811.96
14.7953486354 1412737812.97
14.92105381 1412737813.99
15.0284287293 1412737814.94
14.9832085345 1412737815.89
15.2372855002 1412737816.81
15.2377442867 1412737817.69
15.1848163306 1412737818.63
15.3993186957 1412737819.68
15.416660992 1412737820.66
15.5068892743 1412737821.62
15.3981517414 1412737822.56
15.4639782145 1412737823.56
15.5357674751 1412737824.55
15.5923788557 1412737825.54
15.6197377639 1412737826.52
15.520929364 1412737827.5
15.6809090492 1412737828.46
15.5164491869 1412737829.43
15.5095513001 1412737830.4
15.4934855805 1412737831.36
15.5416723617 1412737832.31
15.57569943 1412737833.3
15.6077835467 1412737834.27
15.3820444699 1412737835.24
15.244053696 1412737836.16
15.0568894522 1412737837.12
15.0439392395 1412737838.08
14.823002087 1412737839.08
14.7498814526 1412737840.02
14.6545313697 1412737841.0
14.6036449566 1412737841.94
14.5670282147 1412737842.91
14.4424199313 1412737843.89
14.3076667048 1412737844.8
14.2722432343 1412737845.73
14.1425925212 1412737846.67
13.9671350255 1412737847.61
13.8018671555 1412737848.6
13.7715579526 1412737849.51
13.6146329296 1412737850.46
13.4219477082 1412737851.39
13.2593530895 1412737852.31
13.2393845305 1412737853.3
13.1464099202 1412737854.29
12.8273499752 1412737855.2
12.8944557911 1412737856.15
12.9490677688 1412737857.1
12.8281912689 1412737858.02
12.7105118081 1412737859.03
12.632064805 1412737860.06
12.5529132515 1412737860.97
12.4340092128 1412737861.89
12.3562079808 1412737862.79
12.2468420107 1412737863.7
12.12151014 1412737864.66
12.0048658993 1412737865.59
11.9336190942 1412737866.55
11.9016522624 1412737867.51
11.8031186528 1412737868.44
11.6672431746 1412737869.35
11.5620617608 1412737870.29
11.4881349877 1412737871.21
11.3804772471 1412737872.12
11.3146248156 1412737873.04
11.2212462856 1412737874.0
11.0966773369 1412737874.94
11.0732394643 1412737875.86
10.9487311073 1412737876.75
10.9678511833 1412737877.65
10.8492814172 1412737878.59
10.6412343239 1412737879.52
10.5634052598 1412737880.43
10.4227860092 1412737881.38
10.4266588496 1412737882.3
10.33328511 1412737883.21
10.2803312786 1412737884.12
10.2183713492 1412737885.11
10.2728513065 1412737886.02
10.1690989869 1412737886.99
10.1438237108 1412737887.94
10.0318292545 1412737888.85
9.95993541202 1412737889.8
9.8619671172 1412737890.72
9.80554658831 1412737891.66
9.84623414671 1412737892.64
9.7514959367 1412737893.6
9.69164092528 1412737894.49
9.71231242048 1412737895.43
9.63407426701 1412737896.38
9.63204958211 1412737897.33
9.62526212763 1412737898.29
9.57087699204 1412737899.25
9.52763529376 1412737900.23
9.55218714846 1412737901.15
9.48148740671 1412737902.1
9.4491413373 1412737903.02
9.41357549745 1412737903.99
9.4478574596 1412737904.95
9.35308719264 1412737905.92
9.33683885303 1412737906.87
9.38120722076 1412737907.8
9.37235630685 1412737908.74
9.31610473331 1412737909.69
9.37277200826 1412737910.67
9.32251098174 1412737911.64
9.25615559945 1412737912.56
9.3047295429 1412737913.57
9.19965537446 1412737914.55
9.214951287 1412737915.51
9.24244826487 1412737916.47
9.23631798463 1412737917.42
9.25988522312 1412737918.39
9.20419559534 1412737919.43
9.25432747604 1412737920.4
9.18700123141 1412737921.35
9.17819775365 1412737922.3
9.17552150988 1412737923.28
9.17204514345 1412737924.25
9.09023477923 1412737925.21
9.10386260911 1412737926.17
9.10408865351 1412737927.12
9.16687582425 1412737928.07
9.17416431668 1412737929.04
9.23882954175 1412737929.99
9.27360489427 1412737930.96
9.21522672844 1412737931.94
9.22822081566 1412737932.88
9.18193116029 1412737933.84
9.1478224812 1412737934.78
9.10644979391 1412737935.75
9.13892628739 1412737936.72
9.07146844072 1412737937.67
9.06625816767 1412737938.63
9.0354447076 1412737939.62
9.07596024341 1412737940.62
9.04221218677 1412737941.61
9.00994113083 1412737942.63
8.99354219689 1412737943.65
9.03424348863 1412737944.63
9.0117202427 1412737945.66
8.96711453616 1412737946.71
9.01380750933 1412737947.78
9.03567197415 1412737948.83
9.02419736917 1412737949.86
9.0529055832 1412737950.91
9.0311094838 1412737951.94
9.02518531221 1412737953.03
8.99317380859 1412737954.11
9.00950605481 1412737955.14
9.03418707594 1412737956.19
9.01494625848 1412737957.24
9.01693457391 1412737958.29
9.04421141581 1412737959.33
9.10569995192 1412737960.4
9.09763053329 1412737961.53
9.07735457629 1412737962.6
9.14652079414 1412737963.71
9.14474560767 1412737964.8
9.15660506671 1412737965.88
9.1684905878 1412737967.0
9.23134128685 1412737968.11
9.23128475561 1412737969.23
9.27845570612 1412737970.32
9.28587369573 1412737971.5
9.26519182538 1412737972.7
9.31129114119 1412737973.92
9.29791900037 1412737975.07
9.32833126604 1412737976.19
9.31301173469 1412737977.33
9.29160803393 1412737978.57
9.32353854979 1412737979.74
9.33238106796 1412737980.94
9.26887566332 1412737982.09
9.2487859817 1412737983.3
9.21883335119 1412737984.49
9.24356177851 1412737985.67
9.24596317242 1412737986.86
9.16779914777 1412737988.01
9.1386419373 1412737989.22
9.12280408478 1412737990.42
9.0808590424 1412737991.65
9.0770481038 1412737992.85
9.04196242255 1412737994.07
9.02176350198 1412737995.28
9.00592193506 1412737996.54
8.96796802455 1412737997.8
8.86863704199 1412737999.1
8.85093900252 1412738000.42
8.81882074255 1412738001.68
8.79756878393 1412738002.96
8.8134523873 1412738004.25
8.78049614536 1412738005.55
8.77611518187 1412738006.89
8.79374003835 1412738008.18
8.76949935703 1412738009.49
8.77712113744 1412738010.83
8.73686911707 1412738012.11
