19.9328329873 1412726036.49
20.5950431358 1412726036.81
20.9163544142 1412726037.11
21.3443936084 1412726037.43
21.8032802499 1412726037.76
22.0734955948 1412726038.08
22.5645440085 1412726038.41
22.8219584046 1412726038.73
23.3330979284 1412726039.05
23.477923332 1412726039.38
23.6250083283 1412726039.69
23.8313305952 1412726040.0
23.9152330913 1412726040.3
23.9297316717 1412726040.6
24.1321501432 1412726040.9
24.3508729839 1412726041.21
24.674338603 1412726041.52
24.7587095385 1412726041.82
24.8170586261 1412726042.14
24.8674179855 1412726042.5
24.9754914188 1412726042.8
25.0581345173 1412726043.13
24.9884624965 1412726043.43
25.0017984588 1412726043.72
25.1764555192 1412726044.04
25.0784241584 1412726044.32
24.7517037283 1412726044.64
24.784335485 1412726044.97
24.4757802828 1412726045.28
24.2893887768 1412726045.59
23.9318956414 1412726045.92
23.481728724 1412726046.23
23.2172784191 1412726046.53
23.1340762072 1412726046.82
22.84094402 1412726047.12
22.6052241229 1412726047.44
22.5511463963 1412726047.75
22.5716317814 1412726048.04
22.2398318221 1412726048.35
22.2131809162 1412726048.65
22.2783397014 1412726048.95
21.6180931472 1412726049.23
21.7517756987 1412726049.52
21.9193361163 1412726049.82
21.3007507993 1412726050.1
21.6650117635 1412726050.41
21.0741822006 1412726050.71
21.219052982 1412726050.99
20.6758746798 1412726051.3
20.8458173536 1412726051.58
21.0701442289 1412726051.87
20.7185393473 1412726052.17
20.2434064055 1412726052.48
20.4612002807 1412726052.76
20.0665326405 1412726053.06
20.3678301382 1412726053.34
19.8862834372 1412726053.64
20.1014916757 1412726053.93
19.6155884957 1412726054.21
19.9302265194 1412726054.48
19.5333524537 1412726054.78
19.762418994 1412726055.07
19.3960397974 1412726055.37
19.090727805 1412726055.65
19.2756978812 1412726055.97
19.5916803452 1412726056.25
19.1936126046 1412726056.55
19.4656517798 1412726056.84
19.2032832494 1412726057.11
18.9099345149 1412726057.41
19.1656820858 1412726057.7
18.8936358421 1412726057.99
19.1683490922 1412726058.27
18.9172404478 1412726058.55
18.5914140287 1412726058.85
18.8891632701 1412726059.13
18.6206826363 1412726059.4
18.8939966002 1412726059.67
18.6711024271 1412726059.96
18.8747636693 1412726060.24
18.6815877827 1412726060.52
18.4335657058 1412726060.83
18.623855326 1412726061.1
18.3791425772 1412726061.37
18.6268122344 1412726061.66
18.4251851655 1412726061.96
18.2246952199 1412726062.26
18.4328084778 1412726062.55
18.2275114098 1412726062.83
18.4194375438 1412726063.12
18.2214375751 1412726063.4
18.2708112666 1412726063.7
18.1003170905 1412726064.0
18.3106790088 1412726064.27
18.144465254 1412726064.54
17.8700411443 1412726064.82
18.068445541 1412726065.1
18.2481336917 1412726065.39
18.1348697321 1412726065.68
18.0628739036 1412726065.97
17.8938488573 1412726066.27
18.0837208716 1412726066.57
17.9425218225 1412726066.86
18.1349689967 1412726067.15
18.0030298065 1412726067.42
17.9515304387 1412726067.71
18.1221062209 1412726067.96
18.2977086368 1412726068.25
18.2163395671 1412726068.55
18.1051324263 1412726068.83
18.3459199977 1412726069.11
18.2260074933 1412726069.37
17.9402145481 1412726069.66
18.1672022213 1412726069.93
18.0526989088 1412726070.22
18.1731848713 1412726070.5
17.978830405 1412726070.78
18.1051577572 1412726071.06
18.2051648991 1412726071.33
18.1515147805 1412726071.62
18.0707456115 1412726071.91
18.0969176235 1412726072.19
18.0193865573 1412726072.45
18.1160389528 1412726072.74
18.0545668502 1412726073.01
17.9867562272 1412726073.28
18.1177410391 1412726073.59
18.1147848566 1412726073.9
18.243205465 1412726074.17
18.1965428453 1412726074.46
18.1562926561 1412726074.73
18.2717474513 1412726075.02
18.2254933588 1412726075.3
18.1460065184 1412726075.57
18.2636365702 1412726075.89
18.2023091541 1412726076.19
18.1368589172 1412726076.49
18.2502005541 1412726076.78
18.099757002 1412726077.05
18.0618291902 1412726077.33
18.1569645904 1412726077.63
18.2372750278 1412726077.93
18.2157636608 1412726078.22
18.1746765498 1412726078.5
18.1339083589 1412726078.79
18.0907132331 1412726079.07
18.1650078645 1412726079.36
18.0075088156 1412726079.66
17.9626767049 1412726079.96
17.797264736 1412726080.27
17.7577633704 1412726080.57
17.8347459647 1412726080.87
17.8015966442 1412726081.17
17.7492003215 1412726081.49
17.8165711912 1412726081.81
17.8726571101 1412726082.12
17.7465492154 1412726082.4
17.7214399142 1412726082.69
17.8027605872 1412726083.0
17.7792957326 1412726083.3
17.5064718056 1412726083.59
17.4171053244 1412726083.9
17.4726053843 1412726084.2
17.4509756281 1412726084.49
17.5172120675 1412726084.83
17.5047558634 1412726085.13
17.4876931211 1412726085.42
17.4527969444 1412726085.75
17.5209737243 1412726086.05
17.4523989957 1412726086.41
17.2591181385 1412726086.77
17.3522674368 1412726087.09
17.4516419553 1412726087.36
17.3579181976 1412726087.62
17.3832360891 1412726087.89
17.4266162898 1412726088.17
17.4815605218 1412726088.44
17.4723052775 1412726088.71
17.4618922611 1412726088.97
17.4748644774 1412726089.26
17.4615693699 1412726089.52
17.4216513072 1412726089.79
17.4662902485 1412726090.06
17.5158278806 1412726090.36
17.5157034652 1412726090.65
17.543378315 1412726090.99
17.5187022449 1412726091.29
17.5190522126 1412726091.58
17.5355849687 1412726091.86
17.5759860721 1412726092.16
17.6192604993 1412726092.43
17.6098635671 1412726092.72
17.649637479 1412726093.03
17.6531253631 1412726093.32
17.6486229367 1412726093.63
17.6474875846 1412726093.91
17.6654794938 1412726094.18
17.6604762113 1412726094.47
17.6491398119 1412726094.75
17.6365581908 1412726095.04
