42.8469580584 1412741911.97
43.108562436 1412741913.05
42.4407604283 1412741914.17
41.7299917086 1412741915.22
41.3288874171 1412741916.31
41.659268572 1412741917.34
42.0108595259 1412741918.41
42.2170085324 1412741919.48
42.2182186468 1412741920.55
42.258643642 1412741921.58
42.3446320252 1412741922.6
42.243247855 1412741923.64
42.1048534924 1412741924.69
41.8068623442 1412741925.72
41.7957413007 1412741926.76
41.5887665808 1412741927.78
41.6058905644 1412741928.81
41.6360353909 1412741929.81
41.376546095 1412741930.87
40.8908188412 1412741931.89
40.6461029098 1412741932.94
39.9914149428 1412741934.01
39.6686840261 1412741935.01
39.2679601833 1412741936.04
38.8124636405 1412741937.06
38.5595348808 1412741938.11
38.1201200265 1412741939.2
38.2389262997 1412741940.2
38.0005046502 1412741941.24
38.4008329799 1412741942.32
38.0514390765 1412741943.35
38.3472023882 1412741944.42
38.2776034272 1412741945.44
38.3293243856 1412741946.47
38.3728519756 1412741947.52
38.4827327522 1412741948.57
38.2293642333 1412741949.68
38.4363956671 1412741950.74
38.4125826807 1412741951.77
38.3267169054 1412741952.77
37.5043555146 1412741953.78
36.9537158988 1412741954.83
35.7371303389 1412741955.86
35.2176759453 1412741956.92
34.7748012862 1412741957.96
33.9307688515 1412741959.0
33.0891149686 1412741960.06
32.843773943 1412741961.09
32.8261953684 1412741962.15
32.0399053545 1412741963.22
32.0044457359 1412741964.23
31.6996001081 1412741965.33
31.5829710659 1412741966.3
31.4928882178 1412741967.33
31.1099457145 1412741968.35
30.9277759831 1412741969.37
30.6768216845 1412741970.33
30.3525322367 1412741971.37
29.9895524258 1412741972.34
29.7030446654 1412741973.31
29.7117468023 1412741974.29
29.3642262513 1412741975.24
29.1314074713 1412741976.27
29.0788001875 1412741977.31
29.0492673667 1412741978.38
29.0963233449 1412741979.41
29.0622383836 1412741980.46
29.2136366369 1412741981.56
28.8900567975 1412741982.67
28.9694520519 1412741983.8
28.7313173496 1412741984.87
28.2780921094 1412741985.98
27.9732917951 1412741987.04
28.0675646495 1412741988.11
27.8281742354 1412741989.19
27.5598575748 1412741990.28
27.4467077089 1412741991.35
27.4187658938 1412741992.42
26.9098703762 1412741993.54
26.7033023694 1412741994.68
26.8814938737 1412741995.78
26.5034863783 1412741996.83
26.6220370902 1412741997.94
26.4101103347 1412741999.08
25.9754587008 1412742000.19
25.526281982 1412742001.25
25.553440527 1412742002.36
25.2092201543 1412742003.45
25.0031638848 1412742004.53
25.0986820995 1412742005.66
25.155063138 1412742006.66
24.9623483959 1412742007.66
25.0129123297 1412742008.65
25.2374133739 1412742009.76
24.8378676359 1412742010.79
24.5725832379 1412742011.76
24.4524004668 1412742012.74
24.1355335908 1412742013.78
24.0590648894 1412742014.87
23.8233273266 1412742015.9
23.7373352613 1412742016.92
23.9390908029 1412742017.95
24.0449019743 1412742019.11
24.1032430674 1412742020.26
24.2938527546 1412742021.35
24.4965044063 1412742022.47
24.5656439304 1412742023.59
24.6104777854 1412742024.7
24.6580842921 1412742025.83
24.6961755761 1412742026.96
24.7460656005 1412742028.11
24.7294665167 1412742029.2
24.7624118001 1412742030.34
24.765249282 1412742031.45
24.7097518146 1412742032.63
24.7111020555 1412742033.81
24.7749976824 1412742034.93
24.7403229634 1412742036.09
24.7179739132 1412742037.25
24.6874038383 1412742038.4
24.5170434132 1412742039.6
24.4450933052 1412742040.76
24.4461729779 1412742041.93
24.3294629039 1412742043.02
24.3020447191 1412742044.17
24.2319237403 1412742045.35
24.2310969814 1412742046.46
24.1923915427 1412742047.61
24.1383342855 1412742048.75
24.0502379543 1412742049.89
23.9629916851 1412742051.02
23.895670546 1412742052.13
23.8512834056 1412742053.22
23.7672633222 1412742054.4
23.5965028719 1412742055.59
23.5458446385 1412742056.74
23.4535547548 1412742057.86
23.4154897499 1412742059.06
23.2500289708 1412742060.23
23.1632297576 1412742061.64
23.0992599318 1412742062.87
23.0365474849 1412742064.1
22.9128961681 1412742065.46
22.801088346 1412742066.89
22.5792848562 1412742068.65
22.465653732 1412742070.14
22.3474655061 1412742071.65
22.3354880024 1412742073.21
22.1271608319 1412742075.08
21.8144180147 1412742076.48
21.7399195865 1412742077.69
21.6121951313 1412742078.87
21.5133402087 1412742080.22
21.3438933646 1412742082.18
21.3389637838 1412742084.53
21.1613544946 1412742086.32
20.8744794637 1412742087.95
20.7364382042 1412742089.37
20.3725907612 1412742090.55
20.2841157316 1412742091.84
19.9808579291 1412742093.04
19.9421173915 1412742094.13
19.6757804948 1412742095.18
19.531551115 1412742096.24
19.3508695247 1412742097.55
18.941496919 1412742098.88
18.7727141471 1412742100.47
18.6649140784 1412742101.78
18.6318938799 1412742103.14
18.2168271269 1412742104.38
18.0825004739 1412742105.5
17.9334974786 1412742106.57
17.7968120956 1412742107.62
17.4677193687 1412742108.62
17.2646000225 1412742109.65
17.191276358 1412742111.01
16.9250014225 1412742112.16
16.6392950811 1412742113.37
16.6750071927 1412742114.48
16.4430443732 1412742115.76
16.3219297268 1412742116.84
16.3648716022 1412742117.95
16.2772790371 1412742119.73
16.3514855974 1412742121.4
16.2650325806 1412742123.19
16.0535638577 1412742124.91
16.0663702012 1412742126.15
15.9480335618 1412742127.5
15.8646634715 1412742128.94
15.8554272407 1412742130.58
15.9015035051 1412742132.26
15.9230315185 1412742133.99
15.9549601548 1412742135.8
15.937911681 1412742137.59
15.9904884397 1412742139.44
16.0147074727 1412742141.11
15.906331936 1412742142.3
15.9105282008 1412742143.42
15.9403376705 1412742144.53
15.8565907261 1412742145.63
