31.2494306242 1412756912.34
32.0489613465 1412756913.77
32.6535468979 1412756915.25
32.3735987852 1412756916.71
32.2192028202 1412756918.11
32.0833442473 1412756919.55
32.3303486174 1412756920.99
32.2771803221 1412756922.41
32.2924029421 1412756923.81
32.3289949205 1412756925.25
32.0394784402 1412756926.67
31.9472215709 1412756928.12
32.120726693 1412756929.55
31.7444527181 1412756931.02
31.0406658398 1412756932.56
30.8837786875 1412756934.07
30.6366460853 1412756935.56
30.4486670864 1412756937.05
30.1082868866 1412756938.55
30.059221298 1412756939.99
30.1070144288 1412756941.43
29.7239637351 1412756942.85
29.7274747418 1412756944.31
29.4971371628 1412756945.77
29.4965451077 1412756947.22
29.4206065413 1412756948.75
29.1289483507 1412756950.24
29.1034076822 1412756951.69
28.8423076795 1412756953.16
28.623341267 1412756954.66
28.4552841709 1412756956.17
28.0871051912 1412756957.68
27.8051459839 1412756959.18
27.7793782544 1412756960.74
27.6802983374 1412756962.19
27.5803446656 1412756963.68
27.6611267486 1412756965.13
27.701669417 1412756966.62
27.4982734215 1412756968.13
27.4573584225 1412756969.61
27.2454732229 1412756971.05
27.153645666 1412756972.5
27.1797484217 1412756973.99
27.0692915016 1412756975.48
27.1785876252 1412756976.94
27.1352108936 1412756978.4
27.1987197881 1412756979.87
27.1560949399 1412756981.3
27.0769605432 1412756982.81
27.077500999 1412756984.29
26.920028453 1412756985.79
27.0073601539 1412756987.26
26.8919234687 1412756988.73
26.9043819889 1412756990.21
26.6471872008 1412756991.73
26.3839052475 1412756993.17
26.1574366127 1412756994.64
25.917990808 1412756996.12
25.7294801529 1412756997.58
25.5808689307 1412756999.07
25.3799445514 1412757000.58
25.2492178389 1412757002.07
25.2241983314 1412757003.56
25.3447033037 1412757005.03
25.1324739573 1412757006.53
25.2522067361 1412757007.97
24.9877872535 1412757009.45
24.8973638345 1412757010.89
24.9309852233 1412757012.38
24.9413436663 1412757013.92
24.8768290354 1412757015.36
24.8778623968 1412757016.82
25.0090346288 1412757018.3
24.7861714535 1412757019.76
24.9055057745 1412757021.26
24.9775179514 1412757022.76
24.7990547088 1412757024.22
24.7010126404 1412757025.77
24.7769143628 1412757027.28
24.850758129 1412757028.78
24.6226995191 1412757030.31
24.5241194724 1412757031.79
24.5042417614 1412757033.26
24.4469826897 1412757034.67
24.5564201326 1412757036.15
24.4851144554 1412757037.64
24.4642181683 1412757039.11
24.4833436238 1412757040.58
24.500360448 1412757042.02
24.5327953831 1412757043.51
24.5609536091 1412757044.99
24.6036369506 1412757046.53
24.640838484 1412757048.06
24.5566966498 1412757049.58
24.5988096844 1412757051.13
24.5192888598 1412757052.72
24.5346210327 1412757054.25
24.5696162221 1412757055.77
24.4653198528 1412757057.28
24.436677966 1412757058.74
24.5459575902 1412757060.23
24.5377680692 1412757061.82
24.5081443873 1412757063.55
24.5356967117 1412757065.35
24.4740676775 1412757067.05
24.5095792127 1412757068.87
24.3886800777 1412757070.58
24.3523557896 1412757072.29
24.277997268 1412757074.01
24.2230686633 1412757075.77
24.1447287039 1412757077.51
24.0196869611 1412757079.23
23.9302287509 1412757080.97
23.89024022 1412757082.65
23.856739634 1412757084.35
23.8252877288 1412757085.99
23.6566773751 1412757087.64
23.586533883 1412757089.34
23.4768015119 1412757091.07
23.2557898095 1412757092.71
23.2752901862 1412757094.44
23.2873282809 1412757096.24
23.2566100003 1412757097.98
23.165869069 1412757099.62
23.1642080857 1412757101.33
23.1345887803 1412757102.99
23.0608453763 1412757104.63
22.946902232 1412757106.3
22.7760245928 1412757107.92
22.6789656571 1412757109.48
22.6295491571 1412757111.04
22.6739448896 1412757112.63
22.5371003726 1412757114.19
22.451667998 1412757115.72
22.3091842354 1412757117.22
22.2626798093 1412757118.75
22.144617219 1412757120.29
22.0171302385 1412757121.84
21.9195385749 1412757123.38
21.8919562283 1412757125.0
21.7202092451 1412757126.52
21.5977970572 1412757128.05
21.4802580623 1412757129.58
21.2847098104 1412757131.12
21.2760381099 1412757132.74
21.1283910956 1412757134.32
21.2226320754 1412757135.9
21.2435114131 1412757137.74
21.3181034944 1412757139.65
21.3156612008 1412757141.52
21.3082183029 1412757143.37
21.2566864653 1412757145.19
21.3183133758 1412757147.08
21.3901871155 1412757148.98
21.3767742192 1412757150.92
21.4587027128 1412757152.88
21.3402099756 1412757154.85
21.438086935 1412757156.74
21.3249628607 1412757158.61
21.3986604494 1412757160.62
21.1914008812 1412757162.62
21.2813254893 1412757164.54
21.2170501739 1412757166.45
21.1817708144 1412757168.35
21.1331148474 1412757170.22
21.2427197602 1412757172.19
21.1852574981 1412757174.11
21.203835948 1412757176.03
21.1700882027 1412757178.04
21.0737524628 1412757179.98
21.0485099365 1412757181.91
20.971714515 1412757183.91
20.9175874503 1412757185.94
20.8956955768 1412757187.96
20.7347714394 1412757190.05
20.7123809558 1412757192.17
20.6736337669 1412757194.24
20.6184990205 1412757196.29
20.4685238052 1412757198.35
20.477975303 1412757200.48
20.3446781839 1412757202.59
20.3321416923 1412757204.68
20.1723451755 1412757206.81
20.1588982666 1412757208.8
20.0752894594 1412757210.91
19.9493105509 1412757213.01
19.8508635278 1412757215.08
19.8546660821 1412757217.21
19.8002648321 1412757219.3
19.7699373717 1412757221.37
19.7142513626 1412757223.41
19.6311740417 1412757225.55
19.5761633319 1412757227.65
19.5324450451 1412757229.78
19.5055092407 1412757231.92
19.5173803514 1412757234.04
19.2853892459 1412757236.21
19.1200439117 1412757238.32
18.8543892511 1412757240.44
18.8304005187 1412757242.58
