59.3068944596 1412755538.25
59.102643854 1412755539.78
59.0359954017 1412755541.32
59.1770051813 1412755542.82
59.002784339 1412755544.31
58.9613799124 1412755545.79
59.0015831011 1412755547.3
58.407492102 1412755548.8
58.868202771 1412755550.36
58.6331211974 1412755551.96
58.3169867863 1412755553.54
58.3207006275 1412755555.1
57.3315711341 1412755556.67
57.3447811801 1412755558.18
56.9354980766 1412755559.71
56.862973688 1412755561.29
56.1428869925 1412755562.87
55.2522850805 1412755564.43
54.8761279623 1412755566.0
54.8155285687 1412755567.54
54.6160084577 1412755569.13
54.7163287691 1412755570.64
54.9019517959 1412755572.2
54.8472075119 1412755573.73
54.6796209434 1412755575.23
54.7605873436 1412755576.72
54.1614662663 1412755578.26
53.9857697533 1412755579.8
53.2741613714 1412755581.35
52.2898589328 1412755582.92
52.6149087783 1412755584.42
51.9225573452 1412755585.94
52.705150897 1412755587.37
52.0870190297 1412755588.92
52.2264958904 1412755590.45
51.9176468718 1412755591.96
51.9894245551 1412755593.49
51.5561507668 1412755595.03
52.0211275712 1412755596.54
52.2118554476 1412755598.16
52.0324391554 1412755599.75
52.7261525006 1412755601.39
52.6279283236 1412755603.04
52.2985696463 1412755604.66
52.4532804818 1412755606.3
52.3019398441 1412755607.94
52.194987673 1412755609.61
52.5686624957 1412755611.34
52.3355544654 1412755613.08
52.1659688434 1412755614.76
51.8621936615 1412755616.47
52.9269714977 1412755618.15
52.4573640262 1412755619.8
52.0152270121 1412755621.48
52.5323312759 1412755623.25
52.7418294028 1412755625.15
53.0264558109 1412755626.88
53.1005069365 1412755628.53
53.0551819317 1412755630.28
53.0161795295 1412755632.01
53.2773514371 1412755633.71
52.7005731511 1412755635.4
53.1284452578 1412755637.01
53.340004098 1412755638.75
53.269764459 1412755640.49
53.0641434902 1412755642.14
52.9267355346 1412755643.74
52.7646475938 1412755645.34
52.6082236072 1412755646.97
52.2813865204 1412755648.63
52.339453906 1412755650.28
52.8425965793 1412755651.99
51.9864645832 1412755653.69
52.4310971933 1412755655.5
52.4242652868 1412755657.27
52.5444417802 1412755659.09
52.8117449054 1412755660.87
52.6707673008 1412755662.61
52.7227429426 1412755664.37
52.4184310279 1412755666.12
52.9325868083 1412755667.86
53.3502964476 1412755669.61
53.634157375 1412755671.34
53.8068255786 1412755673.11
53.6559714585 1412755674.91
53.5168992079 1412755676.67
53.5689526476 1412755678.45
53.4137688162 1412755680.18
53.4914877681 1412755681.89
53.3609898292 1412755683.73
53.4050189852 1412755685.57
53.4764510354 1412755687.43
53.46708669 1412755689.24
53.3719421605 1412755690.92
53.8877864905 1412755692.73
53.4091011243 1412755694.48
54.0756921784 1412755696.29
54.0917517951 1412755698.03
54.3298422698 1412755699.83
54.4875847483 1412755701.57
54.6924282427 1412755703.28
54.6465070219 1412755705.0
54.1462915736 1412755706.77
53.9082400264 1412755708.45
54.0932200355 1412755710.11
54.5955108884 1412755711.87
54.5541283438 1412755713.65
54.1541024267 1412755715.51
54.1023672117 1412755717.33
54.2565605889 1412755719.22
53.5189732208 1412755721.12
53.7498474489 1412755722.97
52.7435071976 1412755724.86
52.6634762532 1412755726.66
52.349164551 1412755728.55
52.2018952607 1412755730.5
51.8684969306 1412755732.49
52.0911796771 1412755734.5
52.4429448425 1412755736.48
52.4465209515 1412755738.45
52.1852118608 1412755740.42
53.0104951073 1412755742.43
52.7453631321 1412755744.6
52.241772831 1412755746.61
51.6057814778 1412755748.73
51.0661978714 1412755750.75
51.3465557978 1412755752.79
51.0954568253 1412755754.87
51.2729555362 1412755756.94
51.0706880344 1412755759.05
50.441228457 1412755761.18
50.4891945753 1412755763.24
50.0998767931 1412755765.31
49.4947199511 1412755767.41
49.2978395153 1412755769.52
49.6632957835 1412755771.72
49.3692072386 1412755773.94
49.644071991 1412755776.19
49.383339246 1412755778.56
49.9099745544 1412755780.89
49.844254248 1412755783.25
49.1897484634 1412755785.76
49.411170417 1412755788.17
48.8240055332 1412755790.45
49.6803635089 1412755792.88
49.1368359881 1412755795.26
49.8667576369 1412755797.62
49.5376739057 1412755799.81
49.3849135953 1412755802.09
49.2944369552 1412755804.25
48.8028193682 1412755806.28
49.1399613981 1412755808.4
49.0188717 1412755810.45
48.4646687169 1412755812.46
48.3323920816 1412755815.84
48.6378857286 1412755817.93
48.5918683627 1412755820.03
48.8449929053 1412755823.18
48.3621522431 1412755826.3
48.7083909285 1412755829.51
48.2999556688 1412755832.66
47.8737406225 1412755835.8
47.6067108962 1412755838.94
47.1607584212 1412755842.11
46.9477842391 1412755845.21
47.458768787 1412755847.29
47.6306996785 1412755849.33
46.7942558967 1412755852.44
46.8884296028 1412755855.59
45.5370329183 1412755858.59
44.3813673239 1412755861.53
44.2033957497 1412755864.48
44.3485118644 1412755867.54
43.7593770141 1412755870.62
43.5255733369 1412755873.69
43.855224368 1412755876.82
43.3537935486 1412755879.9
43.1929412449 1412755882.87
42.8437966906 1412755885.83
42.1462469792 1412755888.74
41.3767014396 1412755891.66
40.9267536994 1412755894.65
40.1155094018 1412755897.54
39.7675741338 1412755900.34
39.0852240665 1412755903.0
38.667015376 1412755906.05
38.6570179476 1412755909.08
39.0888241201 1412755912.05
39.1360883589 1412755915.07
39.545263715 1412755918.11
39.2457649413 1412755921.22
38.7562881253 1412755924.33
38.5124462001 1412755927.52
38.5263602685 1412755930.71
37.8136779808 1412755933.94
37.820641039 1412755937.36
37.7502840123 1412755940.53
37.916299575 1412755943.86
37.8227310303 1412755947.22
38.141803197 1412755950.64
