35.8893865055 1412744003.8
36.0051056082 1412744004.81
35.9058762552 1412744005.86
35.812711095 1412744006.82
35.5913469813 1412744007.76
35.4075160592 1412744008.71
35.2160238969 1412744009.73
34.8648467376 1412744010.68
34.7036581882 1412744011.65
34.6665045483 1412744012.63
34.3154969162 1412744013.58
34.1684561883 1412744014.5
34.0195773473 1412744015.45
33.755181747 1412744016.39
33.2714783467 1412744017.41
33.1023214618 1412744018.37
32.604793526 1412744019.35
32.2673808493 1412744020.3
32.6360693649 1412744021.29
33.0022660179 1412744022.28
32.7536063293 1412744023.3
32.5468739452 1412744024.25
32.8529775663 1412744025.24
33.1668851253 1412744026.17
32.8917588357 1412744027.2
33.1349678799 1412744028.13
32.8502354775 1412744029.13
33.0469812526 1412744030.15
33.106429443 1412744031.1
32.9489113646 1412744032.07
33.1227868397 1412744033.05
32.9467323661 1412744034.02
32.8747443324 1412744034.98
32.7993479092 1412744035.95
32.6278598539 1412744036.95
32.7530061789 1412744037.89
32.8986018638 1412744038.85
32.6133346416 1412744039.85
32.6173643258 1412744040.86
32.5875293992 1412744041.81
32.5893830015 1412744042.75
32.3422583259 1412744043.76
32.6090694008 1412744044.71
32.4131405022 1412744045.66
32.254327451 1412744046.61
32.3449956349 1412744047.58
32.2894300354 1412744048.57
32.1121565608 1412744049.53
32.2493904289 1412744050.5
32.228517697 1412744051.44
32.3134561596 1412744052.44
32.2006936716 1412744053.38
31.9504512561 1412744054.32
32.135191929 1412744055.29
31.8907978607 1412744056.27
32.0269294931 1412744057.21
32.1699397671 1412744058.09
31.9480494032 1412744059.01
32.0720626602 1412744059.94
31.8992176381 1412744060.89
31.7237073951 1412744061.84
31.5864227778 1412744062.8
31.360179409 1412744063.75
31.1630431035 1412744064.71
31.0725503412 1412744065.63
30.9957311465 1412744066.54
30.9949727567 1412744067.45
30.6524318101 1412744068.36
30.0714660474 1412744069.29
29.7915467495 1412744070.18
29.8416058552 1412744071.09
29.729384177 1412744072.04
29.8264205048 1412744072.96
29.5865673571 1412744073.88
29.772670801 1412744074.84
29.5556174847 1412744075.76
29.5832927878 1412744076.73
29.7898359768 1412744077.66
29.6431867918 1412744078.6
29.714215427 1412744079.54
29.8445274743 1412744080.46
29.5845951373 1412744081.44
29.8972427835 1412744082.36
29.9907281052 1412744083.32
30.0252021102 1412744084.33
30.0355825723 1412744085.28
30.1594497551 1412744086.24
30.3981059236 1412744087.14
30.2869260769 1412744088.08
30.1866675315 1412744089.05
30.2974543702 1412744090.02
30.1565090634 1412744090.95
30.0575945216 1412744091.88
30.0267925016 1412744092.95
30.0760391244 1412744093.92
29.9736896885 1412744094.95
29.8610208499 1412744095.97
29.9607496043 1412744096.92
29.8387838573 1412744097.88
29.796636164 1412744098.85
29.8413594315 1412744099.81
29.7762750991 1412744100.78
29.7127013662 1412744101.75
29.8297830598 1412744102.72
29.7490507686 1412744103.69
29.6682598059 1412744104.64
29.6771163374 1412744105.57
29.6158578035 1412744106.53
29.5832070421 1412744107.5
29.5915416499 1412744108.45
29.5717572622 1412744109.44
29.474515836 1412744110.37
29.4302925205 1412744111.32
29.426712743 1412744112.32
29.4621602503 1412744113.29
29.4098956984 1412744114.21
29.4059576061 1412744115.2
29.4158307018 1412744116.15
29.4448919492 1412744117.15
29.4966731986 1412744118.14
29.5788592226 1412744119.12
29.5771469782 1412744120.14
29.5942204448 1412744121.14
29.5948232967 1412744122.15
29.6038943966 1412744123.15
29.5603258891 1412744124.19
29.6417410905 1412744125.18
29.6420044934 1412744126.17
29.6629610975 1412744127.17
29.6257992071 1412744128.1
29.6177723417 1412744129.05
29.5905351856 1412744130.02
29.5330204567 1412744131.0
29.5289518981 1412744131.98
29.5981395612 1412744132.93
29.5777128195 1412744133.89
29.5439286805 1412744134.87
29.5787120809 1412744135.83
29.5049133878 1412744136.78
29.5419514185 1412744137.76
29.5318876709 1412744138.73
29.5548220039 1412744139.69
29.5405397223 1412744140.69
29.5858964168 1412744141.66
29.5365805479 1412744142.64
29.5698305849 1412744143.63
29.6094832542 1412744144.63
29.5585427926 1412744145.64
29.5484720874 1412744146.63
29.5046293331 1412744147.6
29.4920082243 1412744148.59
29.49120992 1412744149.58
29.4834192939 1412744150.56
29.5054684692 1412744151.54
29.5539485517 1412744152.53
29.5886135235 1412744153.48
29.5620131787 1412744154.45
29.5304652399 1412744155.46
29.5349345975 1412744156.43
29.5768693038 1412744157.43
29.6080928748 1412744158.42
29.5919238057 1412744159.41
29.542682153 1412744160.35
29.549460898 1412744161.35
29.5396103122 1412744162.32
29.5478638509 1412744163.29
29.6220311276 1412744164.26
29.5902153635 1412744165.22
29.6088619019 1412744166.21
29.6049187066 1412744167.23
29.6096451765 1412744168.25
29.6014158703 1412744169.26
29.6242852548 1412744170.26
29.630121077 1412744171.33
29.7534732537 1412744172.34
29.8698990222 1412744173.38
29.8380374295 1412744174.36
29.8188399027 1412744175.34
29.8024770374 1412744176.3
29.7838910044 1412744177.35
29.8137750316 1412744178.37
29.8035982707 1412744179.34
29.7996287219 1412744180.33
29.7952403271 1412744181.36
29.7379962803 1412744182.35
29.772314083 1412744183.35
29.7506427992 1412744184.35
29.731187568 1412744185.39
29.6937932362 1412744186.38
29.7811496249 1412744187.39
29.7014539901 1412744188.37
29.6294534409 1412744189.41
29.7287626806 1412744190.41
29.7308773145 1412744191.43
29.7169123195 1412744192.43
29.7406793781 1412744193.44
29.7653053909 1412744194.49
29.7915037617 1412744195.5
29.8716676029 1412744196.51
29.9967082953 1412744197.66
