26.3088578316 1412736488.38
26.3090639383 1412736489.46
26.4693508856 1412736490.53
27.0588844163 1412736491.54
27.7938153174 1412736492.59
28.3607553593 1412736493.63
28.5065531382 1412736494.69
28.6657394072 1412736495.67
28.7051001626 1412736496.66
29.0059181828 1412736497.69
29.2785398879 1412736498.72
29.4501169931 1412736499.74
29.7573292245 1412736500.79
29.8687934297 1412736501.82
29.7153643894 1412736502.9
29.6605595119 1412736503.92
29.3655390887 1412736504.94
28.9169432583 1412736505.97
28.8008400345 1412736507.01
28.9976469343 1412736508.06
29.114807659 1412736509.07
29.2317982688 1412736510.08
28.9008120572 1412736511.13
29.0034928321 1412736512.15
29.1047291519 1412736513.21
28.9122635964 1412736514.29
28.8247157484 1412736515.35
28.5070074248 1412736516.43
28.652346094 1412736517.54
28.6029697163 1412736518.64
28.6258046928 1412736519.61
28.9019011883 1412736520.58
28.775825279 1412736521.57
28.9816509783 1412736522.55
28.9353637661 1412736523.52
29.104785511 1412736524.5
28.6868838498 1412736525.49
28.2740135969 1412736526.66
28.1322316153 1412736527.65
28.2326977758 1412736528.64
28.0261567312 1412736529.8
27.9622830237 1412736530.84
27.7485667104 1412736531.83
27.7445388155 1412736532.86
27.8486899385 1412736534.13
27.9198710829 1412736535.38
27.6150069043 1412736536.47
27.4551339346 1412736537.52
27.3559990851 1412736538.58
27.5363321249 1412736539.59
27.74420113 1412736540.65
27.4736944864 1412736541.73
27.4162598902 1412736542.77
27.4757354508 1412736543.79
27.5610453245 1412736544.83
27.4716266296 1412736545.92
27.3759347318 1412736546.96
27.3941573992 1412736548.04
27.1503461758 1412736549.06
27.2374339032 1412736550.18
27.0866783966 1412736551.2
26.9873210978 1412736552.3
26.7715425767 1412736553.39
26.7094950737 1412736554.46
26.5497764624 1412736555.54
26.1291729482 1412736556.6
25.8484026083 1412736557.65
25.4168102139 1412736558.73
25.1147740139 1412736559.78
25.066687321 1412736560.84
24.6777190536 1412736561.92
24.4010899824 1412736562.98
24.1678204467 1412736564.08
23.7994821352 1412736565.11
23.6443691682 1412736566.18
23.4396983299 1412736567.27
23.0442575203 1412736568.36
22.7654966637 1412736569.41
22.62485309 1412736570.47
22.6524124369 1412736571.53
22.6080680163 1412736572.6
22.5718125371 1412736573.64
22.4897369354 1412736574.72
22.5710513286 1412736575.84
22.6090929185 1412736576.94
22.6706167533 1412736578.02
22.6334356712 1412736579.1
22.6085916858 1412736580.16
22.6082063539 1412736581.23
22.6045015427 1412736582.29
22.6310638477 1412736583.35
22.5433826796 1412736584.45
22.6037753846 1412736585.48
22.5475225718 1412736586.55
22.6237380249 1412736587.62
22.4372525921 1412736588.68
22.4550448048 1412736589.77
22.4436502484 1412736590.85
22.5150940353 1412736591.97
22.4319065892 1412736593.09
22.3653171103 1412736594.16
22.2944611449 1412736595.2
22.3773893135 1412736596.31
22.5014140555 1412736597.39
22.2378161107 1412736598.54
22.3902396459 1412736599.72
22.3173650328 1412736600.82
22.1101793037 1412736601.89
22.0067468295 1412736603.05
21.8828838996 1412736604.17
22.0219403367 1412736605.29
22.0566183674 1412736606.4
22.0026492756 1412736607.45
22.0161657182 1412736608.57
21.9117593075 1412736609.65
21.765164169 1412736610.78
21.7743506774 1412736611.89
21.8692719271 1412736613.06
21.8349394348 1412736614.21
21.7530023874 1412736615.37
21.7678815946 1412736616.53
21.8150295159 1412736617.64
21.7542662251 1412736618.8
21.7056652969 1412736619.95
21.9021382894 1412736621.1
21.8903597187 1412736622.22
21.8581622472 1412736623.35
21.8026557628 1412736624.52
21.7624828798 1412736625.64
21.7628406175 1412736626.78
21.5278243334 1412736627.94
21.4556083827 1412736629.16
21.3842027076 1412736630.36
21.2824756939 1412736631.49
21.2597041131 1412736632.61
21.2320937595 1412736633.72
21.1971873576 1412736634.83
21.1900305486 1412736635.99
21.2129788901 1412736637.12
21.2506931523 1412736638.23
21.2378242876 1412736639.39
21.2074135266 1412736640.56
21.1305181376 1412736641.73
21.0746277999 1412736642.88
21.0071382132 1412736644.0
20.927717238 1412736645.21
20.8519686455 1412736646.37
20.8732363319 1412736647.58
20.8236556915 1412736648.78
20.7778282193 1412736649.97
20.6123843812 1412736651.15
20.6466404929 1412736652.3
20.4647898976 1412736653.42
20.5060170956 1412736654.59
20.5131068598 1412736655.8
20.5229770755 1412736657.14
20.4439479498 1412736658.46
20.3622332436 1412736659.66
20.3285110139 1412736660.87
20.2947741996 1412736662.05
20.2322625828 1412736663.16
20.3027992773 1412736664.33
20.1964188207 1412736665.5
20.1985533661 1412736666.65
20.1272939616 1412736667.87
20.1026431486 1412736669.06
20.1394844565 1412736670.25
20.1150358449 1412736671.4
20.0882915913 1412736672.53
20.0127517544 1412736673.68
19.8795905022 1412736674.85
19.7862839958 1412736676.05
19.8741508273 1412736677.23
19.8094217461 1412736678.42
19.7613039386 1412736679.62
19.7542517721 1412736680.78
19.8214833722 1412736681.91
19.8642444332 1412736683.08
19.8202920869 1412736684.26
19.9445275626 1412736685.43
19.9721325241 1412736686.61
19.9193297921 1412736687.8
19.9838517128 1412736689.15
20.022022543 1412736690.48
20.0823451406 1412736691.88
20.1123916783 1412736693.33
20.1160624714 1412736694.49
20.116641482 1412736695.56
20.1195455181 1412736696.62
20.1865211476 1412736697.68
20.2642971737 1412736698.67
20.2240048143 1412736699.61
20.2678426212 1412736700.51
20.2677930651 1412736701.48
20.3209589816 1412736702.45
20.3928019779 1412736703.47
20.4203017631 1412736704.47
20.4200775021 1412736705.44
20.370560603 1412736706.46
20.388880945 1412736707.46
