27.6126128922 1412724342.01
26.9712451289 1412724342.36
27.1143505464 1412724342.67
27.2371828525 1412724342.98
26.9407518601 1412724343.3
26.6694791281 1412724343.6
26.1655649576 1412724343.93
26.1698164349 1412724344.24
25.6020539468 1412724344.53
25.1556924539 1412724344.83
24.7139928944 1412724345.21
24.1441238914 1412724345.58
23.6783542787 1412724345.89
23.6213309403 1412724346.19
22.7756912792 1412724346.7
22.1266259271 1412724347.0
22.0483850266 1412724347.31
21.5834453057 1412724347.64
21.3751872665 1412724347.9
21.0855813986 1412724348.17
20.4840401874 1412724348.45
20.2671916864 1412724348.9
19.8717185703 1412724349.17
19.8992544146 1412724349.53
19.6007911195 1412724350.0
19.2354481173 1412724350.39
19.5921088472 1412724350.67
19.2269526059 1412724350.98
19.5796669101 1412724351.26
19.4409418983 1412724351.56
19.5562075515 1412724351.85
19.548610633 1412724352.14
19.4061200215 1412724352.42
19.4516721941 1412724352.77
19.1595641457 1412724353.05
19.2585480371 1412724353.37
18.8011026835 1412724353.65
18.6596739859 1412724353.97
18.7666725805 1412724354.23
18.9603031209 1412724354.54
19.0614988888 1412724354.82
18.8225236168 1412724355.14
18.8601180968 1412724355.46
18.8473443515 1412724355.78
18.9360997799 1412724356.04
18.749976503 1412724356.35
18.88875766 1412724356.61
18.9644282187 1412724356.91
18.7693764889 1412724357.2
18.8098755814 1412724357.51
18.9531420884 1412724357.79
18.8282681809 1412724358.05
18.7671408735 1412724358.32
18.7071239691 1412724358.64
18.7695853908 1412724358.95
18.7395993177 1412724359.21
18.7744469817 1412724359.48
18.6548123682 1412724359.75
18.7204685374 1412724359.99
18.554556925 1412724360.29
18.6224525744 1412724360.58
18.6386401932 1412724360.85
18.7030261103 1412724361.16
18.7002561089 1412724361.43
18.2875813244 1412724361.72
18.3189453632 1412724362.04
18.3379449915 1412724362.37
18.0359028041 1412724362.7
18.0632378768 1412724362.99
18.0398977332 1412724363.45
17.8725901768 1412724363.76
17.7235711605 1412724364.08
17.6860282981 1412724364.42
17.804006734 1412724364.72
17.5340601069 1412724365.03
17.7186917515 1412724365.35
17.4949341521 1412724365.66
17.4782069593 1412724366.01
17.4817163337 1412724366.29
17.4587313608 1412724366.64
17.5091163299 1412724366.92
17.5832925328 1412724367.19
17.6181943519 1412724367.51
17.5840050551 1412724367.82
17.8016527695 1412724368.09
17.8451959663 1412724368.4
17.7465959518 1412724368.73
17.7097754611 1412724369.05
17.4624735891 1412724369.36
17.6039175701 1412724369.76
17.5684361758 1412724370.1
17.5863241506 1412724370.49
17.5518073304 1412724370.81
17.5262145165 1412724371.14
17.5207876424 1412724371.45
17.5893275981 1412724371.77
17.755281945 1412724372.1
17.6438810261 1412724372.41
17.7018826232 1412724372.77
17.6272189819 1412724373.09
17.5911520939 1412724373.41
17.5666849006 1412724373.69
17.4282426149 1412724373.99
17.4697288367 1412724374.27
17.3777666291 1412724374.56
17.4218859305 1412724374.84
17.4256077959 1412724375.12
17.4969208264 1412724375.46
17.5060187559 1412724375.8
17.4455034936 1412724376.08
17.423191689 1412724376.42
17.4292667552 1412724376.71
17.5708674155 1412724376.98
17.4996351546 1412724377.3
17.4334186932 1412724377.58
17.405074038 1412724377.89
17.5637933417 1412724378.18
17.4475206992 1412724378.45
17.3853520447 1412724378.79
17.4151002057 1412724379.11
17.391902649 1412724379.46
17.3686258817 1412724379.78
17.2792482263 1412724380.09
17.2541730856 1412724380.42
17.3697836587 1412724380.76
17.3311027306 1412724381.04
17.3279100994 1412724381.38
17.4103621639 1412724381.65
17.2267844582 1412724381.96
17.3748746844 1412724382.29
17.3694619306 1412724382.6
17.2166947812 1412724382.91
17.3668035793 1412724383.19
17.3747328697 1412724383.54
17.1987606408 1412724383.87
17.3711205395 1412724384.15
17.3705957797 1412724384.44
17.191046372 1412724384.72
17.4233767016 1412724385.07
17.1958706915 1412724385.36
17.3417752228 1412724385.72
17.3273024995 1412724386.04
17.1484940652 1412724386.35
17.3153225663 1412724386.73
17.3137300817 1412724387.08
17.0439197571 1412724387.39
17.2795510483 1412724387.71
17.2600170855 1412724388.03
17.1685507 1412724388.33
17.1843115468 1412724388.62
17.0956509876 1412724389.05
17.1486540198 1412724389.45
17.1263812244 1412724389.75
17.1095787657 1412724390.04
17.1460717901 1412724390.35
17.1278169707 1412724390.67
17.1096568519 1412724390.98
17.3176236965 1412724391.28
17.3243615257 1412724391.71
17.3206618627 1412724392.05
17.3085999734 1412724392.36
17.222766145 1412724392.66
17.2223411619 1412724392.95
17.2218498876 1412724393.23
17.2423849263 1412724393.52
17.2424940415 1412724393.84
17.1060959346 1412724394.18
17.1291548555 1412724394.49
17.1148516014 1412724394.78
17.0931520365 1412724395.09
17.0782687592 1412724395.37
17.0494273675 1412724395.68
17.0285547913 1412724395.98
17.0155638746 1412724396.37
17.0904753599 1412724396.71
17.0089021609 1412724397.17
17.028668423 1412724397.5
17.0156065894 1412724397.79
17.0023890333 1412724398.04
17.0117414797 1412724398.38
16.9919874335 1412724398.66
17.0008746636 1412724398.96
16.9554039639 1412724399.28
16.8810926731 1412724399.7
16.8674678974 1412724400.09
16.9244807963 1412724400.37
16.8504008267 1412724400.64
16.8360409501 1412724400.94
16.8920670322 1412724401.26
16.9225873116 1412724401.58
16.9116597537 1412724401.86
16.9006068043 1412724402.13
16.8856678965 1412724402.43
16.8737739151 1412724402.72
16.8616084929 1412724403.0
16.8821295803 1412724403.27
16.9125582562 1412724403.55
16.9020632491 1412724403.84
16.8914668409 1412724404.18
16.8806710741 1412724404.5
