51.7607219517 1412742948.84
50.4185841261 1412742949.85
48.7274089412 1412742950.89
46.986638084 1412742951.88
44.8294278577 1412742952.87
43.1492360222 1412742953.92
43.063251172 1412742954.9
43.1490489928 1412742955.88
43.3773217668 1412742956.87
43.9541936044 1412742957.82
44.9251138885 1412742958.77
43.7520299228 1412742959.74
43.8057243163 1412742960.69
43.4845205673 1412742961.68
43.0924342767 1412742962.66
42.8037772917 1412742963.66
42.0483515194 1412742964.62
41.4948989473 1412742965.55
41.2032286555 1412742966.48
40.5692697469 1412742967.45
40.2524276789 1412742968.37
39.955403099 1412742969.33
39.8658928073 1412742970.29
39.6576628179 1412742971.28
39.3662470343 1412742972.18
39.117066442 1412742973.12
38.8834198109 1412742974.08
38.4280274773 1412742975.0
37.9351500218 1412742975.95
37.648040534 1412742976.88
37.6712769959 1412742977.79
37.1125564644 1412742978.73
37.0526238578 1412742979.67
36.5822803854 1412742980.59
36.5638820382 1412742981.53
35.8582684136 1412742982.49
35.7367653186 1412742983.47
35.4932610396 1412742984.4
35.2999294882 1412742985.37
35.0210702179 1412742986.33
35.141928943 1412742987.34
34.7686122942 1412742988.29
34.3571189296 1412742989.24
33.9012791919 1412742990.18
33.6199332515 1412742991.17
33.5752527573 1412742992.16
33.4886710739 1412742993.17
33.4690543634 1412742994.16
33.4874211702 1412742995.19
33.5252322291 1412742996.2
33.3668068389 1412742997.17
33.1094673553 1412742998.19
32.7360545999 1412742999.23
32.3063221011 1412743000.21
31.9733871927 1412743001.17
31.9955171748 1412743002.19
31.538229722 1412743003.19
31.0715086423 1412743004.16
30.9999400222 1412743005.17
31.0954823895 1412743006.12
30.7737000891 1412743007.1
30.8709845539 1412743008.09
30.5354579835 1412743009.13
30.0416062205 1412743010.09
30.2783624473 1412743011.13
29.8110806125 1412743012.01
30.1216502369 1412743012.97
29.6936619652 1412743013.88
29.9084663434 1412743014.82
29.4067748218 1412743015.74
29.6441569841 1412743016.66
29.3563051863 1412743017.61
29.4224030877 1412743018.56
29.0030363968 1412743019.47
29.2160444419 1412743020.38
28.7881181917 1412743021.28
29.2780456724 1412743022.22
28.7758400295 1412743023.13
28.9777051757 1412743024.08
29.3408767788 1412743025.08
29.1894549168 1412743026.06
29.5059624323 1412743027.05
29.8964519965 1412743028.06
30.1350636938 1412743029.02
29.9759255691 1412743030.01
30.2073337761 1412743031.04
30.0553701901 1412743032.01
29.9696596961 1412743033.02
29.7288020378 1412743034.01
29.4471305472 1412743034.97
29.0523813315 1412743035.93
29.3356006641 1412743036.89
29.1088591421 1412743037.82
29.3607222059 1412743038.81
29.0516728008 1412743039.79
29.2418579011 1412743040.73
29.0295360546 1412743041.7
29.2788844781 1412743042.65
29.0453343254 1412743043.67
29.2829384553 1412743044.63
29.0674770356 1412743045.59
29.3537811087 1412743046.51
29.0666110355 1412743047.47
28.9232657598 1412743048.39
29.1182909333 1412743049.3
28.8753734477 1412743050.25
29.0145320676 1412743051.19
28.694905312 1412743052.12
28.8821280371 1412743053.03
28.6887844794 1412743053.96
28.884468868 1412743054.91
28.6377466747 1412743055.84
28.9063054212 1412743056.8
28.6786966745 1412743057.77
28.7939716827 1412743058.72
28.5877673343 1412743059.66
28.7434174318 1412743060.59
28.5600736356 1412743061.54
28.7204099237 1412743062.51
28.5836009922 1412743063.49
28.7328520314 1412743064.46
28.6923927552 1412743065.43
28.5684575173 1412743066.39
28.7025689663 1412743067.36
28.5501290892 1412743068.32
28.6289142483 1412743069.28
28.412811545 1412743070.23
28.5879598233 1412743071.16
28.4042929599 1412743072.12
28.5454549806 1412743073.1
28.4353839249 1412743074.03
28.2563333837 1412743074.99
28.1203125401 1412743075.96
28.3544401501 1412743076.91
28.066706234 1412743077.85
28.1547790112 1412743078.84
27.9385261783 1412743079.83
27.7901575403 1412743080.81
27.910980455 1412743081.79
27.7420900393 1412743082.75
27.7674255013 1412743083.72
28.0598377621 1412743084.68
27.89848081 1412743085.64
27.6451311188 1412743086.59
27.8262372086 1412743087.52
27.6687264831 1412743088.46
27.7664867367 1412743089.39
27.762489608 1412743090.33
27.895042301 1412743091.3
28.0603153341 1412743092.26
27.8727354373 1412743093.21
27.8343593422 1412743094.18
27.9844535262 1412743095.11
27.7865021212 1412743096.06
27.6433748054 1412743097.0
27.4676360693 1412743097.99
27.6524241644 1412743098.92
27.8079508862 1412743099.92
27.6682571898 1412743100.87
27.7856962237 1412743101.83
27.5711665395 1412743102.77
27.6628084894 1412743103.7
27.7576325051 1412743104.66
27.5796268691 1412743105.62
27.7124636693 1412743106.58
27.4798571125 1412743107.53
27.5581240356 1412743108.47
27.672340696 1412743109.43
27.5353637481 1412743110.39
27.6647639291 1412743111.39
27.5183138791 1412743112.35
27.6481300758 1412743113.37
27.3137147766 1412743114.34
27.1104680768 1412743115.43
27.192905009 1412743116.39
27.4296399342 1412743117.37
27.3075455464 1412743118.39
27.1129514206 1412743119.32
27.1489068305 1412743120.25
27.2474580169 1412743121.24
27.3005541062 1412743122.21
27.3388431431 1412743123.19
27.418184899 1412743124.15
27.3830045605 1412743125.11
27.4392947182 1412743126.11
27.4254393339 1412743127.1
27.3569096314 1412743128.05
27.3989081838 1412743129.02
27.4437212598 1412743129.98
27.2853129384 1412743130.94
27.2715315553 1412743131.89
27.2181208967 1412743132.89
27.0960094299 1412743133.88
27.0409347196 1412743134.96
26.9719199392 1412743135.99
26.9597906577 1412743137.0
27.0111807621 1412743137.95
26.9416980975 1412743138.91
26.9269160137 1412743139.87
26.8739428927 1412743140.88
