41.2456606279 1412745866.23
41.73446375 1412745867.72
41.5271996012 1412745869.28
41.0391403928 1412745870.72
40.3824216155 1412745872.22
39.9274474065 1412745873.66
39.9231794989 1412745875.01
39.7036080825 1412745876.54
39.427757323 1412745878.01
39.3582073824 1412745879.45
39.3086163224 1412745880.89
38.7308698435 1412745882.27
38.3318503617 1412745883.68
38.5896348996 1412745885.1
38.2673968088 1412745886.49
38.1994542436 1412745887.91
38.0707672812 1412745889.28
38.042945992 1412745890.72
37.8892137135 1412745892.19
38.0996505147 1412745893.61
38.1613503703 1412745895.03
37.7507919005 1412745896.45
38.0522767966 1412745897.88
38.0545333621 1412745899.28
38.091383894 1412745900.74
38.0854018087 1412745902.17
38.1658059335 1412745903.59
38.3680432 1412745905.05
37.6915609436 1412745906.5
36.3405700065 1412745907.95
35.7210002617 1412745909.45
35.5123047703 1412745911.0
35.5372648156 1412745912.41
35.1305464047 1412745913.87
34.7145353172 1412745915.32
34.6552414428 1412745916.8
34.2593689954 1412745918.24
33.6590874665 1412745919.71
33.4864733583 1412745921.22
32.9740597204 1412745922.73
32.7237912548 1412745924.23
32.4447458876 1412745925.74
32.2096243413 1412745927.21
31.7184875519 1412745928.74
31.3961865587 1412745930.24
31.0195714512 1412745931.8
30.9489789987 1412745933.38
30.9275044747 1412745934.95
31.0961447599 1412745936.53
31.2319590643 1412745938.14
31.3025783403 1412745939.76
31.4970177724 1412745941.42
31.4356319681 1412745943.03
31.6329229637 1412745944.66
31.3936764025 1412745946.33
31.3383719877 1412745948.01
31.1329376715 1412745949.71
31.118380549 1412745951.38
30.9346543255 1412745952.97
30.8863776569 1412745954.59
30.7432835847 1412745956.22
30.7277920324 1412745957.89
30.7281377958 1412745959.5
30.737687756 1412745961.18
30.870606228 1412745962.78
30.6768666923 1412745964.55
30.3269931218 1412745966.33
29.9208858186 1412745968.15
29.852259152 1412745969.95
29.6306830227 1412745971.69
29.6621450333 1412745973.45
29.2068417978 1412745975.18
29.1003886013 1412745976.92
29.0339335551 1412745978.66
28.8631653411 1412745980.44
29.1014176115 1412745982.26
28.8462663855 1412745984.02
28.9245744447 1412745985.83
28.7920786062 1412745987.65
28.4817721401 1412745989.48
28.1204814562 1412745991.24
27.9989016661 1412745993.03
28.0346198713 1412745994.89
28.0366651454 1412745997.08
27.8432008487 1412745999.44
27.7881423811 1412746001.62
27.7279584354 1412746003.96
27.5470953061 1412746006.24
27.4935073883 1412746008.53
27.4624233329 1412746010.88
27.5204982887 1412746013.26
27.4297355709 1412746015.61
27.3708191888 1412746017.99
27.371207839 1412746020.27
27.3233542848 1412746022.6
27.4431638371 1412746024.86
27.5526692014 1412746027.12
27.5677897953 1412746029.39
27.552710288 1412746031.71
27.4903794825 1412746034.04
27.3375287208 1412746036.4
27.272985038 1412746038.68
27.3633352854 1412746041.01
27.3737890361 1412746043.34
27.4501668994 1412746045.73
27.3981410833 1412746048.16
27.4512637068 1412746050.6
27.408548435 1412746053.0
27.3655489172 1412746055.44
27.3838349251 1412746057.83
27.2791195949 1412746060.26
27.2911671946 1412746062.73
27.2989826887 1412746065.1
27.3113599327 1412746067.58
27.3326593402 1412746070.07
27.3086716823 1412746072.52
27.171408002 1412746074.91
27.2411323023 1412746077.41
27.2390616308 1412746079.74
27.3338276238 1412746082.14
27.3729285658 1412746084.56
27.1742377249 1412746087.06
27.0972973207 1412746089.55
27.1017170818 1412746092.16
26.9553200589 1412746094.74
26.9117000782 1412746097.29
26.9115040217 1412746099.8
26.8934473523 1412746102.35
26.867347024 1412746105.19
26.8968355247 1412746107.85
26.799045271 1412746110.5
26.7961431663 1412746113.09
26.743520839 1412746115.67
26.6747818678 1412746118.24
26.6295999306 1412746120.97
26.5731587489 1412746123.59
26.4678039196 1412746126.46
26.5756500135 1412746129.13
26.6124709111 1412746131.84
26.6415162887 1412746134.55
26.6600163091 1412746137.3
26.6650760325 1412746140.02
26.5607491684 1412746142.68
26.528405725 1412746145.39
26.5625158201 1412746148.09
26.5575226879 1412746150.8
26.5737976714 1412746153.56
26.3883210748 1412746155.94
26.3843816767 1412746158.39
26.4366097428 1412746160.7
26.4681487415 1412746162.97
26.4891371724 1412746165.31
26.4120243701 1412746167.7
26.4879777956 1412746169.92
26.4399663683 1412746172.17
26.3628788868 1412746174.42
26.3777112105 1412746176.61
26.2626601374 1412746178.81
26.259168403 1412746181.0
26.1402705335 1412746183.17
26.2339566749 1412746185.38
26.2986515738 1412746187.49
26.2917188469 1412746189.7
26.3329802837 1412746191.91
26.3199472061 1412746194.04
26.3298153553 1412746196.12
26.3286791197 1412746198.25
26.3285658075 1412746200.43
26.3205042663 1412746202.55
26.2979318097 1412746204.75
26.2777983011 1412746206.91
26.2951010356 1412746209.12
26.2820893062 1412746211.31
26.268560543 1412746213.49
26.2766289141 1412746215.59
26.2845335583 1412746217.73
26.3036001862 1412746219.94
26.2002255725 1412746222.16
26.2092722563 1412746224.38
26.2006928746 1412746226.54
26.1363945276 1412746228.72
25.8458707116 1412746230.86
25.8192513595 1412746232.99
25.8409252406 1412746235.13
25.8540692419 1412746237.28
25.9148112016 1412746239.45
25.9266280505 1412746241.59
25.9287860227 1412746243.76
25.9329451572 1412746245.95
25.9424511498 1412746248.13
25.9553282224 1412746250.26
25.9784610265 1412746252.38
25.9707186988 1412746254.49
25.966404661 1412746256.55
25.9626904605 1412746258.65
25.9553265588 1412746260.82
26.0204653515 1412746262.93
26.1075723568 1412746265.1
26.1100383665 1412746267.26
26.1227048411 1412746269.44
