12.1479203758 1412742348.49
12.0030202268 1412742349.51
11.9909391733 1412742350.46
11.6699521113 1412742351.43
11.8525916812 1412742352.36
11.7724068654 1412742353.29
12.3098021665 1412742354.23
12.7376397291 1412742355.18
13.105956632 1412742356.14
13.6071671889 1412742357.05
13.8916658635 1412742358.0
14.0307041893 1412742358.9
14.0767992862 1412742359.78
13.9865878362 1412742360.69
14.3745683899 1412742361.59
14.322028448 1412742362.48
14.4146863906 1412742363.39
14.4971369448 1412742364.28
14.6496705463 1412742365.14
14.6957423476 1412742366.05
14.5706370244 1412742367.02
14.3476355556 1412742367.95
14.2990335111 1412742368.94
14.1808191014 1412742369.98
14.0162101155 1412742370.88
14.0601966431 1412742371.74
14.029494843 1412742372.6
14.0189304995 1412742373.46
14.064198122 1412742374.35
13.8598629009 1412742375.3
14.1149074009 1412742376.27
14.1980881917 1412742377.22
14.3608443252 1412742378.14
14.3389104177 1412742379.15
14.4793347968 1412742380.1
14.4248450151 1412742381.19
14.5421203653 1412742382.25
14.5136281596 1412742383.3
14.5479627025 1412742384.35
14.3919341551 1412742385.36
13.5782061953 1412742386.4
12.9021228319 1412742387.42
14.0361708173 1412742388.45
13.0529368365 1412742389.46
13.9791046689 1412742390.49
13.0909147224 1412742391.6
13.2832282699 1412742392.63
13.0607009647 1412742393.64
12.9460020801 1412742394.67
13.1990073869 1412742395.73
12.9354221347 1412742396.75
13.0263122696 1412742397.85
13.2474959777 1412742398.87
13.5070035084 1412742399.89
13.2252701807 1412742400.92
13.054731053 1412742401.95
13.3893603077 1412742402.97
13.095564766 1412742403.95
12.8343738547 1412742404.94
12.866442632 1412742405.92
12.8249665996 1412742406.9
12.8629854347 1412742407.91
12.8067911943 1412742408.91
12.7177328588 1412742409.94
12.7362435744 1412742410.95
12.6633878149 1412742412.01
12.6525775317 1412742412.98
12.5849951367 1412742413.93
12.5966482617 1412742414.87
12.6447166725 1412742415.8
12.5940106406 1412742416.75
12.5617288785 1412742417.76
12.5746582193 1412742418.72
12.5029223162 1412742419.72
12.5860678456 1412742420.7
12.5377558519 1412742421.74
12.4750989618 1412742422.74
12.4402900906 1412742423.72
12.4480834452 1412742424.67
12.5123150313 1412742425.62
12.4573811382 1412742426.56
12.4723374979 1412742427.48
12.4417313585 1412742428.42
12.4652352724 1412742429.37
12.4235014513 1412742430.31
12.4532734289 1412742431.26
12.4522726245 1412742432.22
12.45387507 1412742433.22
12.4329821825 1412742434.25
12.4310817852 1412742435.26
12.4735752908 1412742436.31
12.4532526367 1412742437.34
12.4582668329 1412742438.38
12.4100296297 1412742439.44
12.4225767693 1412742440.53
12.4334897608 1412742441.64
12.454127798 1412742442.76
12.48293491 1412742443.91
12.4689405067 1412742444.97
12.4998008432 1412742446.08
12.4470328618 1412742447.18
12.4464679777 1412742448.33
12.435803277 1412742449.43
12.4031679852 1412742450.51
12.4072548968 1412742451.62
12.3973086909 1412742452.79
12.3880477007 1412742453.9
12.3970512862 1412742455.08
12.4404427307 1412742456.25
12.3994851509 1412742457.41
12.3972182524 1412742458.58
12.3440255889 1412742459.71
12.3132650652 1412742460.81
12.2609628424 1412742461.95
12.1971093244 1412742463.08
12.1738447034 1412742464.22
12.1875261271 1412742465.44
12.1780422978 1412742466.61
12.1559354731 1412742467.82
12.0906585746 1412742468.98
12.0620986426 1412742470.15
12.0724446374 1412742471.36
12.0283176862 1412742472.56
12.0012185174 1412742473.81
12.0114501961 1412742474.99
12.0042410364 1412742476.18
11.9680403402 1412742477.34
11.9036053579 1412742478.54
11.8945497792 1412742479.71
11.8872254322 1412742480.89
11.871213616 1412742482.12
11.8893893217 1412742483.33
11.920916965 1412742484.58
11.8931891675 1412742485.79
11.8873157814 1412742487.01
11.8663848367 1412742488.19
11.885261378 1412742489.41
11.873372902 1412742490.66
11.8388278098 1412742491.86
11.8425034701 1412742493.1
11.8579158954 1412742494.33
11.848891912 1412742495.62
11.844080546 1412742496.84
11.8451959562 1412742498.09
11.8017864534 1412742499.34
11.8305298849 1412742500.63
11.8062629189 1412742501.94
11.7456088417 1412742503.2
11.7531774827 1412742504.46
11.7579966654 1412742505.74
11.7489495269 1412742507.03
11.72581985 1412742508.32
11.7340590758 1412742509.62
11.7610194801 1412742510.94
11.7555511211 1412742512.23
11.7633840203 1412742513.56
11.7427059135 1412742514.83
11.7404269066 1412742516.05
11.7546568029 1412742517.33
11.7642877723 1412742518.57
11.7802927059 1412742519.84
11.7937111783 1412742521.16
11.7805912773 1412742522.39
11.7971353885 1412742523.75
11.7617497108 1412742525.16
11.7727433188 1412742526.44
11.7618688219 1412742527.68
11.7632944321 1412742528.95
11.7811265595 1412742530.26
11.8046564724 1412742531.52
11.7798947191 1412742532.78
11.8333379079 1412742534.06
11.8184570246 1412742535.32
11.8202217383 1412742536.57
11.8232163461 1412742537.85
11.8536157639 1412742539.12
11.8332958706 1412742540.44
11.8737182427 1412742541.7
11.8508275957 1412742542.98
11.8512733803 1412742544.25
11.8972138886 1412742545.58
11.9067088236 1412742546.87
11.9026960946 1412742548.19
11.9117170615 1412742549.49
11.9192742899 1412742550.8
11.9539924463 1412742552.11
11.9887007231 1412742553.5
12.0762665981 1412742554.93
12.0707804014 1412742556.31
12.0850804433 1412742557.74
12.0835947388 1412742559.23
12.1643220994 1412742560.62
12.1656250738 1412742562.07
12.1615181702 1412742563.48
12.1980112857 1412742564.92
12.2186053849 1412742566.36
12.2549577258 1412742567.85
12.293944556 1412742569.27
12.2872158061 1412742570.76
12.3574961147 1412742572.26
