73.896068758 1412733475.01
73.386883871 1412733475.62
72.3915569393 1412733476.19
72.1604709441 1412733476.75
71.8057196124 1412733477.3
71.2616499053 1412733477.89
71.1640598988 1412733478.44
70.8798058492 1412733478.98
71.2593900772 1412733479.53
70.5354332488 1412733480.05
71.0292116748 1412733480.63
69.88880005 1412733481.2
70.5060072325 1412733481.78
71.0942607463 1412733482.36
71.7114921838 1412733483.04
72.5327255349 1412733483.63
71.771145048 1412733484.29
72.7861966321 1412733484.89
74.3905554111 1412733485.51
73.4684362511 1412733486.15
74.9909771396 1412733486.73
72.2862881024 1412733487.33
75.0246565094 1412733487.97
71.129321835 1412733488.53
69.6510445457 1412733489.08
70.1764337609 1412733489.64
72.8770146255 1412733490.28
71.7388840278 1412733490.87
69.6384494083 1412733491.46
72.3085164581 1412733492.07
70.9663840027 1412733492.65
69.4704817434 1412733493.27
72.6845510873 1412733493.85
71.1588030154 1412733494.44
68.416409571 1412733495.04
71.8724841468 1412733495.65
69.9852000616 1412733496.26
67.5894525194 1412733496.89
69.5587467312 1412733497.48
68.8149119019 1412733498.07
67.1861215922 1412733498.68
68.5728484807 1412733499.3
68.0114367914 1412733499.93
66.6653888569 1412733500.55
67.339693678 1412733501.18
66.4211668852 1412733501.85
67.2697519833 1412733502.51
66.979841862 1412733503.18
66.3927656313 1412733503.84
66.550564886 1412733504.5
66.1971212804 1412733505.18
65.8556923727 1412733505.87
65.8248242896 1412733506.57
65.5689027285 1412733507.27
66.0285931393 1412733507.98
66.0085616628 1412733508.69
65.3020013577 1412733509.38
65.4687029046 1412733510.1
65.0572365501 1412733510.79
65.1737029799 1412733511.45
65.2694816248 1412733512.11
65.3388887846 1412733512.78
65.267189651 1412733513.46
65.7696008024 1412733514.14
65.0296819733 1412733514.86
65.2413961452 1412733515.54
65.6092425113 1412733516.25
65.6821998271 1412733516.95
65.7047763533 1412733517.63
65.8575569927 1412733518.35
65.8075967226 1412733519.1
65.5032650621 1412733519.81
65.6292919065 1412733520.56
65.4154977361 1412733521.29
65.5144526362 1412733522.0
65.4808418771 1412733522.73
65.7493329342 1412733523.44
65.7170607346 1412733524.15
66.0541812355 1412733524.89
66.1142619435 1412733525.6
66.2525402397 1412733526.33
66.0376810189 1412733527.06
66.2795244225 1412733527.79
66.4166710982 1412733528.48
66.231532642 1412733529.26
66.0419802921 1412733529.96
66.1603417608 1412733530.73
66.250697182 1412733531.47
66.2880310578 1412733532.21
66.3902606861 1412733532.94
66.8743198666 1412733533.69
66.6979091234 1412733534.44
66.8304399007 1412733535.18
67.026598567 1412733535.94
66.9092912868 1412733536.66
66.7159860161 1412733537.42
66.6691363938 1412733538.17
66.7977072418 1412733538.88
67.0518951505 1412733539.6
66.8076789053 1412733540.35
66.8841243028 1412733541.08
66.8492441382 1412733541.82
66.2811108064 1412733542.53
66.0659389631 1412733543.26
66.1556650976 1412733543.94
66.2943681022 1412733544.68
66.5550621071 1412733545.42
66.3584730197 1412733546.14
66.2810271605 1412733546.88
66.0000831609 1412733547.6
66.0680019183 1412733548.29
65.5731990871 1412733549.01
65.7108098607 1412733549.72
65.3047229616 1412733550.45
65.4239375568 1412733551.18
65.4886830306 1412733551.87
65.5659373179 1412733552.62
65.4074891912 1412733553.36
65.2925690623 1412733554.1
65.3867514684 1412733554.84
65.3426382068 1412733555.58
65.3803640536 1412733556.3
64.9792661876 1412733557.07
64.4719147312 1412733557.81
64.7574155389 1412733558.57
64.6677840989 1412733559.3
64.2869048417 1412733560.06
64.4689611209 1412733560.82
64.5604313792 1412733561.57
64.5578055438 1412733562.33
64.3506331492 1412733563.09
64.4300536475 1412733563.86
64.4948151145 1412733564.62
64.407183082 1412733565.39
64.0430395798 1412733566.11
64.0840169752 1412733566.89
63.921705388 1412733567.63
64.0471414786 1412733568.38
64.1322026105 1412733569.07
63.9089906054 1412733569.78
64.0152094029 1412733570.51
63.9996961717 1412733571.25
64.0436643237 1412733571.98
63.7209602911 1412733572.76
63.8462104729 1412733573.49
63.8920352083 1412733574.22
64.1184617925 1412733574.94
64.2265426186 1412733575.65
63.5631921555 1412733576.43
63.5762369564 1412733577.18
63.5749663967 1412733577.92
63.7221197843 1412733578.68
63.9040095666 1412733579.42
64.0274643885 1412733580.16
63.5667384898 1412733580.88
63.6566305322 1412733581.65
63.6888254047 1412733582.4
63.4022329081 1412733583.1
63.558039336 1412733583.85
63.2796048452 1412733584.61
63.3044260289 1412733585.37
62.9365337225 1412733586.08
62.9755101513 1412733586.86
62.9460007816 1412733587.58
63.0408876083 1412733588.31
63.1254118254 1412733589.07
62.8095308629 1412733589.78
62.8649448263 1412733590.53
62.841274353 1412733591.26
62.551589133 1412733592.01
62.5978923761 1412733592.73
62.6592917068 1412733593.47
62.2259481187 1412733594.21
62.267229094 1412733594.92
62.0173342442 1412733595.67
61.5847499042 1412733596.41
61.6259538853 1412733597.18
61.8535832096 1412733597.9
61.5609479736 1412733598.7
61.6206459008 1412733599.45
61.3896242467 1412733600.16
61.4188092982 1412733600.88
61.6123340362 1412733601.62
61.4010912404 1412733602.33
61.6121535567 1412733603.13
61.3467984226 1412733604.23
61.3856940197 1412733605.08
61.284882495 1412733605.85
61.3179236747 1412733606.61
60.9811776578 1412733607.41
60.8289186446 1412733608.2
60.6333491867 1412733609.02
60.1141601578 1412733609.78
60.1578725067 1412733610.53
60.1851603723 1412733611.29
60.2293576805 1412733612.06
60.2292541048 1412733612.8
60.0783479776 1412733613.57
60.1388728487 1412733614.33
60.399372823 1412733615.1
