38.2875297895 1412758595.3
38.3413775576 1412758596.91
35.8272920934 1412758598.38
34.7636579046 1412758599.88
34.8284477827 1412758601.42
35.3981173426 1412758602.91
35.9019491436 1412758604.45
36.775124638 1412758605.94
37.4710418548 1412758607.45
38.2866291493 1412758608.98
38.4678218702 1412758610.43
38.8042846138 1412758611.9
39.0531459923 1412758613.42
39.4914490451 1412758614.87
39.5232882495 1412758616.35
39.4372708234 1412758617.8
39.3452808067 1412758619.21
39.4832653115 1412758620.66
39.1665837487 1412758622.08
38.6216991084 1412758623.45
38.1115690043 1412758624.88
37.7913404042 1412758626.27
37.3101112403 1412758627.64
36.5856817004 1412758629.11
35.8986870677 1412758630.55
35.4878667044 1412758631.99
35.3008924926 1412758633.39
34.5422570877 1412758634.85
34.1689260345 1412758636.28
34.162584714 1412758637.7
33.9972434629 1412758639.1
34.2125985767 1412758640.51
33.5350973873 1412758641.88
33.43076544 1412758643.29
33.8786727664 1412758644.68
33.4840338759 1412758646.1
33.1991590354 1412758647.47
32.0622342229 1412758648.9
32.6276198787 1412758650.27
31.9115676617 1412758651.71
33.9469710274 1412758653.11
31.9780882198 1412758654.53
33.7477111732 1412758655.92
31.0388533361 1412758657.27
32.4124959972 1412758658.62
33.4984491929 1412758659.97
31.2712384136 1412758661.35
33.0856760902 1412758662.73
27.2493191894 1412758664.11
28.0470058544 1412758665.43
28.2151450892 1412758666.74
27.6977665642 1412758668.2
26.758029892 1412758669.59
28.0246848527 1412758670.86
26.2404849557 1412758672.2
27.278732936 1412758673.53
25.9085177367 1412758675.02
26.6274379194 1412758676.34
25.7219908926 1412758677.74
25.8062521522 1412758679.04
24.9919993484 1412758680.51
25.5012848978 1412758681.85
24.962419445 1412758683.3
25.0841361839 1412758684.65
24.7014868827 1412758686.1
24.9034249555 1412758687.41
25.0387153297 1412758688.84
24.9982658691 1412758690.35
24.5438897439 1412758691.76
24.4951653697 1412758693.18
24.5873120778 1412758694.68
24.3162566727 1412758696.16
24.3896413939 1412758697.66
24.3755532828 1412758699.1
24.3392464081 1412758700.63
24.1193475451 1412758702.14
23.9417076051 1412758703.63
23.9084663884 1412758705.06
23.756318493 1412758706.51
23.7424813627 1412758707.82
23.3429353104 1412758709.25
23.2658856014 1412758710.74
23.0731256555 1412758712.2
22.9796513394 1412758713.76
22.9303719194 1412758715.35
22.814402335 1412758716.86
22.7654982015 1412758718.34
22.84629787 1412758719.87
22.8696596449 1412758721.4
22.7814175581 1412758722.88
22.6060195374 1412758724.3
22.763896988 1412758725.78
22.6961145946 1412758726.87
22.6627451737 1412758727.78
22.6094141133 1412758728.82
22.7163821772 1412758729.81
22.7273723351 1412758730.7
22.7298915335 1412758731.63
22.8236617358 1412758732.56
23.0109655445 1412758733.48
22.9941598287 1412758734.41
23.0475785679 1412758735.31
23.0716122429 1412758736.22
23.1375645413 1412758737.13
23.1373749265 1412758738.03
23.2154303042 1412758738.96
23.1634387769 1412758739.89
23.1892983061 1412758740.8
23.2331333816 1412758741.72
23.2192208691 1412758742.65
23.205010474 1412758743.56
23.1009277984 1412758744.47
23.0401050755 1412758745.4
22.8673862478 1412758746.35
22.7217724856 1412758747.26
22.6321278752 1412758748.17
22.5012194341 1412758749.06
22.3278562582 1412758749.95
22.2376425604 1412758750.85
22.1513850144 1412758751.76
22.1609619416 1412758752.67
22.0095487597 1412758753.6
21.9844657009 1412758754.5
21.8518938945 1412758755.42
21.7975394503 1412758756.35
21.6955651678 1412758757.3
21.3548415867 1412758758.22
21.2150832417 1412758759.13
21.2860389676 1412758760.05
21.1661671149 1412758760.95
21.0771670355 1412758761.86
20.9438642398 1412758762.8
20.8429403803 1412758763.76
20.5969909903 1412758764.67
20.5808923526 1412758765.6
20.516114333 1412758766.53
20.3553299932 1412758767.46
20.3634272559 1412758768.38
20.2599513511 1412758769.3
20.14174126 1412758770.25
20.030902847 1412758771.18
19.7930286864 1412758772.13
19.7187827083 1412758773.07
19.6118909803 1412758774.0
19.5815841739 1412758774.94
19.6215681825 1412758775.87
19.5885698551 1412758776.81
19.6088226127 1412758777.73
19.641756859 1412758778.68
19.6194123361 1412758779.6
19.6027399131 1412758780.53
19.5935983886 1412758781.47
19.5503273109 1412758782.44
19.5614770317 1412758783.39
19.5158455792 1412758784.37
19.5320680073 1412758785.31
19.5256430196 1412758786.26
19.5809441303 1412758787.21
19.531392512 1412758788.16
19.5016502941 1412758789.13
19.4816948255 1412758790.07
19.5653657013 1412758791.04
19.5188896638 1412758792.02
19.588712484 1412758793.02
19.5696523292 1412758793.99
19.5330633882 1412758794.96
19.5061376211 1412758795.94
19.4404806073 1412758796.91
19.3960360706 1412758797.88
19.3957263667 1412758798.88
19.3594631782 1412758799.87
19.3526436854 1412758800.86
19.2990507442 1412758801.84
19.2458853096 1412758802.87
19.127115291 1412758803.91
19.1090737221 1412758804.95
19.0677752139 1412758805.94
19.0846163118 1412758806.93
19.1120454489 1412758807.92
18.8024582515 1412758808.91
18.8044213549 1412758809.94
18.8171867322 1412758810.93
18.8200704944 1412758811.92
18.8258638889 1412758812.93
18.835755981 1412758813.94
18.7851407739 1412758814.94
18.6494071239 1412758815.96
18.6315631876 1412758816.96
18.6638184152 1412758817.96
18.6936796446 1412758818.94
18.6173787726 1412758819.92
18.5481171255 1412758820.92
18.5234127277 1412758821.9
18.447047573 1412758822.87
18.4308326709 1412758823.85
18.4223877123 1412758824.85
18.396001231 1412758825.82
18.3862334633 1412758826.8
18.3992552414 1412758827.79
18.2467777433 1412758828.78
