47.7325473015 1412742146.77
47.6432360662 1412742147.79
47.7243563942 1412742148.82
47.5744736799 1412742149.8
50.2025509378 1412742150.79
51.1805107662 1412742151.82
51.8664041162 1412742152.88
51.9302308701 1412742153.84
52.4348397717 1412742154.81
52.7166518258 1412742155.79
53.013738741 1412742156.82
52.9319477904 1412742157.81
52.6781001827 1412742158.82
52.8611579495 1412742159.78
52.6600640968 1412742160.82
52.7833431751 1412742161.78
52.7043709848 1412742162.7
52.4831192482 1412742163.64
52.8799101603 1412742164.6
52.4628454626 1412742165.51
52.5001458911 1412742166.42
52.1674264745 1412742167.36
52.5435166378 1412742168.31
52.2060358605 1412742169.24
51.9153108979 1412742170.13
52.3735469365 1412742171.06
51.8367450207 1412742171.97
51.9262393888 1412742172.89
52.1277543268 1412742173.93
52.2232760856 1412742174.93
51.9945000387 1412742175.9
52.0820351753 1412742176.88
51.2550838098 1412742177.89
51.4199164286 1412742178.88
50.6935780474 1412742179.86
50.8917559604 1412742180.88
50.2573758329 1412742181.84
50.7056797381 1412742182.84
49.8327320601 1412742183.83
49.7900953853 1412742184.94
50.5261817685 1412742185.9
49.5334847883 1412742186.92
50.454190953 1412742187.9
49.2886964302 1412742188.94
50.2897760859 1412742189.92
48.9295320399 1412742190.86
49.8800993804 1412742191.86
48.1918808894 1412742192.88
49.0855919714 1412742193.88
50.1752041797 1412742194.81
48.1438592865 1412742195.79
48.5900948874 1412742196.74
46.3332546591 1412742197.73
46.7107991896 1412742198.68
44.2153785708 1412742199.6
44.1764262885 1412742200.61
43.075519371 1412742201.54
42.4923574972 1412742202.38
41.6894611595 1412742203.28
41.6736342921 1412742204.16
40.9168501429 1412742205.03
39.9053547334 1412742205.89
39.3690080696 1412742206.8
38.646031061 1412742207.73
38.1607574212 1412742208.66
37.7679981337 1412742209.56
37.5009610748 1412742210.5
37.3955129059 1412742211.5
37.1870159867 1412742212.44
37.051950694 1412742213.37
36.646148228 1412742214.29
36.5833900674 1412742215.23
36.6849265705 1412742216.18
36.4440240214 1412742217.14
36.4582105626 1412742218.09
36.3782622723 1412742218.99
36.5627972137 1412742219.86
36.6638312189 1412742220.74
37.1042277267 1412742221.6
37.4348954291 1412742222.48
37.6348598152 1412742223.38
37.9841186292 1412742224.3
38.5295123655 1412742225.18
38.8393096511 1412742226.07
38.8135240089 1412742226.98
38.6040414116 1412742227.89
38.9195063925 1412742228.8
39.1465394172 1412742229.79
39.3712634121 1412742230.75
39.4186272678 1412742231.71
39.3006384796 1412742232.66
39.3623183979 1412742233.62
39.418443642 1412742234.58
39.3366789883 1412742235.56
39.2198292983 1412742236.52
39.0027515965 1412742237.47
38.7126972433 1412742238.46
38.3233718589 1412742239.4
38.2679462832 1412742240.35
38.4297937406 1412742241.35
38.4688365624 1412742242.3
38.5824619314 1412742243.39
38.6916934036 1412742244.39
38.5574933203 1412742245.41
38.5902257567 1412742246.38
38.6792093609 1412742247.35
38.4143999867 1412742248.3
38.2053505942 1412742249.26
38.1183156367 1412742250.22
37.9536591538 1412742251.21
37.9044589715 1412742252.18
37.6480086969 1412742253.13
37.7053074811 1412742254.09
37.669162773 1412742255.06
37.6060055195 1412742256.05
37.5542533108 1412742257.02
37.4321366108 1412742257.99
37.4491233726 1412742258.94
37.4203621231 1412742259.95
37.4695516842 1412742260.94
37.4694260814 1412742261.91
37.106060725 1412742262.87
36.8533034271 1412742263.9
36.780957739 1412742264.99
36.8122439606 1412742266.01
36.7755124761 1412742267.08
36.0077392369 1412742268.15
35.7748191213 1412742269.26
35.6430706725 1412742270.33
35.5493557529 1412742271.35
35.4747584405 1412742272.45
35.4662401417 1412742273.47
35.4110942813 1412742274.51
34.40917015 1412742275.54
34.3222470086 1412742276.58
34.1583588386 1412742277.64
34.1516176975 1412742278.69
34.1041017677 1412742279.75
34.1638112219 1412742280.82
33.8668510943 1412742281.91
33.7520049357 1412742282.97
33.5494514516 1412742283.99
33.4298173032 1412742285.04
33.488960649 1412742286.02
33.4798538623 1412742287.06
32.9380756322 1412742288.11
32.7439520435 1412742289.17
32.4934707103 1412742290.19
32.4687623624 1412742291.23
32.374005757 1412742292.35
32.3755428948 1412742293.39
32.2998475733 1412742294.48
32.2936325338 1412742295.53
32.1959109103 1412742296.57
32.0488778377 1412742297.65
32.0344313262 1412742298.72
31.9889158817 1412742299.79
31.9731530155 1412742300.89
31.9829889242 1412742301.98
32.0230580391 1412742303.06
31.9716418419 1412742304.14
31.9705306006 1412742305.23
31.9138377888 1412742306.33
31.8287274535 1412742307.44
31.7254738455 1412742308.54
31.3730664871 1412742309.65
31.2548966308 1412742310.79
31.2470829282 1412742311.91
31.0439902462 1412742313.01
30.8345013673 1412742314.11
30.8828560636 1412742315.27
30.8195917505 1412742316.38
30.8439268586 1412742317.47
30.8459043032 1412742318.59
30.7846624437 1412742319.71
30.7877770214 1412742320.85
30.8484630128 1412742321.96
30.9042601156 1412742323.07
30.8195207453 1412742324.18
30.8537265791 1412742325.32
30.8553033609 1412742326.38
30.8949095948 1412742327.45
30.9492736095 1412742328.54
30.9275785751 1412742329.63
30.9204039942 1412742330.78
30.8471982036 1412742331.9
30.8854216309 1412742333.05
30.8872706446 1412742334.18
30.83084091 1412742335.29
30.773519798 1412742336.39
30.7789149283 1412742337.49
30.771426731 1412742338.57
30.7665789659 1412742339.69
30.7464284578 1412742340.82
30.7791272924 1412742341.9
30.7699708876 1412742343.03
30.7185444751 1412742344.15
30.7085892167 1412742345.23
30.7279011236 1412742346.36
30.7191170693 1412742347.43
