15.8896961863 1412734740.85
16.6301080197 1412734741.84
17.4043178238 1412734742.86
17.6876500467 1412734743.83
17.6855465207 1412734744.8
17.5751815398 1412734745.78
17.5366886663 1412734746.78
17.5965463665 1412734747.79
17.6719580452 1412734748.76
17.8186515023 1412734749.76
18.1969827661 1412734750.76
18.5164207947 1412734751.77
18.62833177 1412734752.78
18.672694457 1412734753.75
18.7223643584 1412734754.73
18.828926914 1412734755.8
18.6647426629 1412734756.75
18.6078049545 1412734757.77
18.5357145139 1412734758.78
18.5718497341 1412734759.76
18.4101388981 1412734760.68
18.4997038876 1412734761.66
18.4189483933 1412734762.58
18.459994061 1412734763.59
18.4328902981 1412734764.55
18.5514830482 1412734765.55
18.3708913389 1412734766.58
18.3452423855 1412734767.57
18.3099753447 1412734768.57
18.3530335749 1412734769.59
18.3478585148 1412734770.54
18.1511603714 1412734771.54
18.0882063782 1412734772.58
18.0771949467 1412734773.56
18.0404282425 1412734774.59
17.9021921087 1412734775.57
17.8439768846 1412734776.54
17.8616105833 1412734777.56
17.7297904055 1412734778.54
17.6813342028 1412734779.56
17.5205696473 1412734780.57
17.5649487682 1412734781.59
17.5109601781 1412734782.61
17.5316039406 1412734783.61
17.4504117945 1412734784.61
17.236426855 1412734785.6
17.0211338096 1412734786.55
17.1069937293 1412734787.55
17.0241818364 1412734788.53
17.0764259058 1412734789.51
16.8887295286 1412734790.45
16.8122973921 1412734791.43
16.5853617062 1412734792.45
16.6280047227 1412734793.44
16.5628715828 1412734794.43
16.5148140452 1412734795.43
16.2539260481 1412734796.44
16.154650951 1412734797.47
15.9966073769 1412734798.5
15.9700597854 1412734799.55
15.9921795966 1412734800.55
16.0788454931 1412734801.59
16.0067230442 1412734802.59
16.123673638 1412734803.63
15.9071165851 1412734804.65
15.8031443429 1412734805.68
15.7362303171 1412734806.67
15.6272691593 1412734807.7
15.5104173613 1412734808.66
15.5666800172 1412734809.71
15.6106755923 1412734810.69
15.5211284762 1412734811.69
15.3916800236 1412734812.72
15.4871363952 1412734813.72
15.3451191989 1412734814.73
15.217564152 1412734815.72
15.1259336268 1412734816.73
14.9962489476 1412734817.77
14.9346196249 1412734818.77
14.800628267 1412734819.8
14.709032737 1412734820.84
14.4578222637 1412734821.85
14.2542820113 1412734822.85
14.0634408987 1412734823.84
13.8761464947 1412734824.89
13.5433356054 1412734825.9
13.576051253 1412734826.92
13.3028788729 1412734827.94
12.9245921596 1412734828.97
12.5036973577 1412734830.03
12.299084178 1412734831.07
12.4490784426 1412734832.08
12.2099678173 1412734833.15
12.4316028585 1412734834.19
13.0035738024 1412734835.24
13.2566647873 1412734836.3
13.2214872042 1412734837.29
13.0535245731 1412734838.33
12.9212976171 1412734839.39
12.9905607588 1412734840.41
12.9948257226 1412734841.41
12.8290134536 1412734842.54
12.9922811619 1412734843.74
12.8986589566 1412734844.87
13.0349521201 1412734845.89
12.857303274 1412734846.99
12.9826771593 1412734848.03
12.8121373667 1412734849.07
12.8504180835 1412734850.2
12.6021024524 1412734851.32
12.4603539162 1412734852.38
12.2300792691 1412734853.47
12.0021374186 1412734854.51
11.7369761403 1412734855.59
11.6598886334 1412734856.62
11.7321947118 1412734857.64
11.7523458284 1412734858.78
11.7947402294 1412734859.85
12.0059368416 1412734860.91
12.1871449443 1412734862.0
12.2576244672 1412734863.1
12.1863761766 1412734864.23
12.3061656554 1412734865.32
12.2752405684 1412734866.41
12.161469533 1412734867.52
11.9698424082 1412734868.6
11.9943963565 1412734869.71
11.8417095624 1412734870.8
11.8871672284 1412734871.85
11.6870000483 1412734872.99
11.5021337584 1412734874.1
11.5139510462 1412734875.26
11.4236990159 1412734876.36
11.4590359257 1412734877.49
11.3803635567 1412734878.57
11.3668309369 1412734879.73
11.2932724548 1412734880.83
11.2607733551 1412734881.97
11.1808836134 1412734883.16
11.1725005247 1412734884.28
11.0920325555 1412734885.41
10.9002571105 1412734886.59
10.8203798642 1412734887.79
10.9379193069 1412734888.98
10.8897988608 1412734890.18
10.9166538443 1412734891.37
10.8289645059 1412734892.59
10.8989210026 1412734893.82
10.9911061405 1412734895.0
11.1369118932 1412734896.2
11.3145209458 1412734897.4
11.3255379832 1412734898.57
11.4915628888 1412734899.74
11.5191486312 1412734900.95
11.5267864722 1412734902.11
11.5564876809 1412734903.29
11.6337559691 1412734904.48
11.6378510864 1412734905.66
11.5758042798 1412734906.87
11.6050058456 1412734908.12
11.6191694027 1412734909.4
11.5410854357 1412734910.64
11.5295358716 1412734911.83
11.6039504773 1412734913.06
11.6355157746 1412734914.35
11.5618228453 1412734915.66
11.5861529875 1412734916.93
11.5613119132 1412734918.16
11.5625717322 1412734919.4
11.636578062 1412734920.65
11.581823067 1412734921.93
11.5908215608 1412734923.22
11.4211337454 1412734924.45
11.4756119452 1412734925.72
11.476668785 1412734927.07
11.497694768 1412734928.8
11.5078602394 1412734930.05
11.5183808132 1412734931.36
11.5879276468 1412734932.66
11.5396337098 1412734933.9
11.5273580757 1412734935.22
11.5721254094 1412734936.5
11.5409287398 1412734937.78
11.5454898425 1412734939.1
11.564667179 1412734940.43
11.693824344 1412734941.79
11.7163838284 1412734943.12
11.7211958694 1412734944.5
11.784702864 1412734945.87
11.9253812419 1412734947.25
11.8641100263 1412734948.64
11.8834549428 1412734950.01
11.960757069 1412734951.39
11.9525940216 1412734952.83
12.070867574 1412734954.18
12.0911674781 1412734955.6
12.1219385368 1412734956.95
12.0808336651 1412734958.37
12.0990543127 1412734959.77
12.1578810347 1412734961.19
