48.0766867995 1412721920.61
46.3838103661 1412721920.73
45.8468299379 1412721920.82
44.4470058469 1412721920.91
44.3069423811 1412721921.03
43.484453423 1412721921.14
42.6493913722 1412721921.24
41.5783106045 1412721921.36
40.1325592953 1412721921.47
39.8287030531 1412721921.57
38.9820387163 1412721921.67
38.2089125416 1412721921.77
38.085238261 1412721921.86
37.5290961951 1412721921.96
36.883390064 1412721922.09
36.5955854734 1412721922.21
36.0620746514 1412721922.35
35.6467752541 1412721922.47
35.6688204617 1412721922.55
34.6615395541 1412721922.7
34.9244195323 1412721922.81
34.9078051117 1412721922.91
34.7072966963 1412721923.01
34.5579302664 1412721923.1
34.4000556464 1412721923.23
34.1349599328 1412721923.32
34.5555126386 1412721923.44
34.2657324665 1412721923.55
33.9638945819 1412721923.65
33.7035987118 1412721923.74
33.2703339434 1412721923.82
32.9618053816 1412721923.9
32.3332848925 1412721923.99
32.2541771576 1412721924.09
31.9250149421 1412721924.18
31.3797417573 1412721924.28
31.278498632 1412721924.41
31.133086412 1412721924.51
30.461984 1412721924.63
30.3163597561 1412721924.72
30.0487604626 1412721924.81
29.9947298817 1412721924.93
29.758000332 1412721925.03
29.6877067881 1412721925.15
29.490396764 1412721925.24
28.9450069914 1412721925.32
28.8071144716 1412721925.42
28.4246747859 1412721925.52
28.3086939562 1412721925.63
28.6034762451 1412721925.72
28.5990099647 1412721925.82
28.1797310722 1412721925.9
28.084619619 1412721925.99
28.0316704647 1412721926.07
27.7041972547 1412721926.17
27.6456935326 1412721926.46
27.6133147673 1412721926.65
27.7502768214 1412721926.76
27.71994717 1412721926.9
27.5639245299 1412721927.01
27.5407191163 1412721927.13
27.5175564225 1412721927.23
27.4945081332 1412721927.34
27.4717036531 1412721927.46
27.3123015116 1412721927.54
27.287092941 1412721927.64
27.3525067845 1412721927.74
27.2835635832 1412721927.84
27.0485244915 1412721927.9
27.0382497134 1412721927.99
27.0280681592 1412721928.09
27.0179441595 1412721928.17
27.0078481076 1412721928.27
26.9978493825 1412721928.46
26.9879581622 1412721928.56
26.9780224064 1412721928.65
26.9682394866 1412721928.73
26.9584477284 1412721928.82
26.90475527 1412721928.92
26.8961371385 1412721929.03
26.8874144542 1412721929.15
26.7889220863 1412721929.28
26.7808897081 1412721929.39
26.77296335 1412721929.49
26.7650320527 1412721929.61
26.4786877045 1412721929.73
26.4156804811 1412721929.82
26.4117999174 1412721929.91
26.4080403835 1412721930.02
26.3471186278 1412721930.12
26.2556392191 1412721930.22
26.2497109799 1412721930.37
26.2438299878 1412721930.48
26.2379857687 1412721930.67
26.2321314568 1412721930.8
26.226289074 1412721930.94
26.2204294788 1412721931.12
26.214638003 1412721931.27
26.2087771906 1412721931.4
26.2011888998 1412721931.52
26.193566923 1412721931.64
26.1859742164 1412721931.78
26.1783411325 1412721931.89
26.1706361362 1412721932.0
26.1629383612 1412721932.11
26.1552595227 1412721932.22
26.139885144 1412721932.33
26.1316366865 1412721932.49
26.1233965855 1412721932.61
26.1150592696 1412721932.71
26.1067336403 1412721932.81
26.0409086683 1412721932.92
26.0328736407 1412721933.03
26.024948927 1412721933.12
26.0170816079 1412721933.22
26.0093088036 1412721933.32
26.0016297339 1412721933.42
25.8598014265 1412721933.62
25.8542520402 1412721933.76
25.8487723898 1412721933.88
25.8442563436 1412721934.09
25.8389055187 1412721934.25
25.8335384358 1412721934.46
25.8282466527 1412721934.58
25.8239196703 1412721934.7
25.8186827482 1412721934.81
25.8134999669 1412721934.94
25.8093216611 1412721935.07
25.8042335687 1412721935.2
25.7991705498 1412721935.33
25.7950940009 1412721935.45
25.7901312079 1412721935.58
25.7851329268 1412721935.7
25.7812943462 1412721935.81
25.776446056 1412721935.94
25.7726340325 1412721936.05
25.659773981 1412721936.2
25.654130132 1412721936.36
25.6493832428 1412721936.49
25.6437397095 1412721936.62
25.6381177309 1412721936.71
25.6333833047 1412721936.82
25.6277388014 1412721936.97
25.622089573 1412721937.08
25.5919897918 1412721937.17
25.5887224588 1412721937.26
25.5844590257 1412721937.36
25.580180137 1412721937.48
25.5769427302 1412721937.57
25.5726811176 1412721937.66
25.5684604308 1412721937.75
25.5652291591 1412721937.82
25.5030896216 1412721937.92
25.498873861 1412721938.03
25.4947514346 1412721938.16
25.4906961978 1412721938.27
25.4866838429 1412721938.39
25.4828268604 1412721938.52
25.4788650875 1412721938.62
25.4206434064 1412721938.7
25.4157870744 1412721938.81
25.4108253225 1412721938.96
25.4058319224 1412721939.06
25.400819596 1412721939.16
25.3957415514 1412721939.27
25.3906671018 1412721939.37
25.3855042293 1412721939.45
25.3802652129 1412721939.55
25.3280553382 1412721939.66
25.3240372658 1412721939.76
25.3200548826 1412721939.85
25.3160262951 1412721939.95
25.3119323451 1412721940.1
25.3077719829 1412721940.21
25.3036120842 1412721940.39
25.2994555788 1412721940.51
25.2952253066 1412721940.64
25.2400546655 1412721940.74
25.1799712506 1412721940.83
25.1727910286 1412721940.95
25.1655075757 1412721941.05
25.1581576591 1412721941.15
25.1506471381 1412721941.28
25.13245052 1412721941.42
25.1250842336 1412721941.54
25.1176030272 1412721941.68
25.0636436417 1412721941.82
25.0529180292 1412721941.96
24.9927662112 1412721942.1
24.9833497487 1412721942.24
24.9738473687 1412721942.41
24.9641429463 1412721942.58
24.9253616226 1412721942.71
24.9135491996 1412721942.84
24.9015567608 1412721942.96
24.8893926241 1412721943.09
24.8770856228 1412721943.25
24.8646043597 1412721943.35
24.8519731612 1412721943.47
24.7038554338 1412721943.6
