50.9979514648 1412730934.34
48.0628016333 1412730934.97
45.8313966496 1412730935.57
44.890265285 1412730936.23
45.2846420622 1412730936.85
45.6173414946 1412730937.49
46.5971386074 1412730938.11
47.1979695235 1412730938.7
47.7457963215 1412730939.32
47.1074774873 1412730939.89
47.109554487 1412730940.55
46.2868353464 1412730941.19
46.5104664075 1412730941.77
45.675353696 1412730942.32
45.8904826085 1412730942.9
45.941438979 1412730943.48
45.7924068972 1412730944.13
45.4724108406 1412730944.72
45.5834558324 1412730945.37
45.0652880512 1412730946.02
45.1500233085 1412730946.67
44.8578064723 1412730947.27
44.8266302845 1412730947.89
44.1975501668 1412730948.49
43.9300895671 1412730949.13
43.8327301306 1412730949.74
43.4563326128 1412730950.34
43.7142189864 1412730950.97
44.0811588921 1412730951.61
44.1680175823 1412730952.22
44.4301974074 1412730952.85
44.8661282504 1412730953.47
44.9463463185 1412730954.1
44.6525012153 1412730954.76
44.7043890355 1412730955.36
44.6764988456 1412730955.97
44.5252228311 1412730956.63
44.4862057531 1412730957.28
44.4768079822 1412730957.93
44.8725068002 1412730958.54
44.7985980511 1412730959.17
44.6177824827 1412730959.81
44.8153433959 1412730960.43
44.9316192156 1412730961.06
45.105693794 1412730961.69
45.7010923926 1412730962.28
46.0784103313 1412730962.87
45.9408651648 1412730963.49
45.8632909825 1412730964.15
45.7989983104 1412730964.74
45.8943355897 1412730965.36
46.1538459393 1412730966.01
46.5662235705 1412730966.79
46.9093262437 1412730967.56
47.0352581182 1412730968.26
47.332951523 1412730968.98
47.5523314866 1412730969.65
48.0552758041 1412730970.48
48.3418618952 1412730971.41
48.5939494752 1412730972.17
48.4769181876 1412730972.96
48.2815128888 1412730973.7
48.7144797916 1412730974.37
48.5218054066 1412730975.27
48.7173771171 1412730976.37
48.4768176428 1412730977.17
48.7223702933 1412730978.18
47.9386526435 1412730979.11
48.3218870915 1412730980.2
48.3403472399 1412730981.62
48.2369505481 1412730982.54
48.2869746741 1412730983.43
48.4504075888 1412730984.31
48.2381960488 1412730985.17
47.4962385343 1412730985.96
46.8250759833 1412730986.82
46.8908517251 1412730987.66
46.5098466013 1412730988.48
46.1395200579 1412730989.32
45.6890417436 1412730990.21
45.5642992877 1412730991.06
45.9953227408 1412730992.03
45.564969738 1412730993.05
45.5001337499 1412730994.08
45.4470276957 1412730995.09
45.3351597573 1412730996.08
45.0623399819 1412730997.09
45.0121084189 1412730998.03
44.6941502177 1412730999.03
44.6249823177 1412730999.97
44.3257890177 1412731000.91
44.1641503302 1412731001.88
44.0534268629 1412731002.89
43.5454735538 1412731003.85
43.8888016495 1412731004.83
44.2616843106 1412731005.8
44.0964557833 1412731006.7
43.6532081938 1412731007.69
43.9138165696 1412731008.66
43.9727012838 1412731009.56
43.9240381766 1412731010.46
44.200160042 1412731011.37
43.9072564031 1412731012.32
43.2152255622 1412731013.26
43.3458868735 1412731014.21
42.9834706888 1412731015.18
41.7838370456 1412731016.18
41.8537072637 1412731017.1
42.3972468972 1412731018.07
41.6771908516 1412731019.04
40.0328463336 1412731019.99
40.462385828 1412731020.91
40.0661078081 1412731021.91
38.7865646509 1412731022.84
38.579365326 1412731023.9
38.6304666743 1412731024.89
38.4888310073 1412731025.87
38.1545382727 1412731026.87
37.9161200963 1412731027.76
37.5538743233 1412731028.76
38.4775739592 1412731029.75
39.1551036026 1412731030.79
38.67812452 1412731031.82
38.0719496724 1412731032.94
38.1278374118 1412731034.02
39.0295258622 1412731035.12
38.72967411 1412731036.25
39.3169214215 1412731037.42
39.6754100049 1412731038.5
39.2059862339 1412731039.63
38.4673558383 1412731040.71
38.3385985553 1412731041.82
37.8084713133 1412731042.91
37.5930848865 1412731044.07
37.8921198051 1412731045.21
36.7171733281 1412731046.29
36.3907488758 1412731047.37
37.0645480471 1412731048.46
36.4094270697 1412731049.54
36.8507246193 1412731050.66
36.8147003462 1412731051.83
35.9094793338 1412731052.9
36.2049846327 1412731054.01
36.183098155 1412731055.1
35.7011357661 1412731056.21
36.627422731 1412731057.37
37.4334971841 1412731058.58
36.6833127333 1412731059.72
35.7697612219 1412731060.84
35.0108007418 1412731062.02
33.5406553683 1412731063.17
33.3402007852 1412731064.38
33.0610139363 1412731065.51
31.905479828 1412731066.62
31.5519799265 1412731067.7
30.9885920045 1412731068.85
30.6382222078 1412731069.99
30.6917340579 1412731071.1
29.6742866644 1412731072.19
29.465421344 1412731073.42
29.2992571321 1412731074.59
29.132179166 1412731075.72
29.0438765882 1412731076.87
28.9468799522 1412731078.02
28.4472840029 1412731079.18
27.7077417528 1412731080.39
27.3444608176 1412731081.56
27.2009104001 1412731082.7
26.7135312075 1412731083.89
27.3156887881 1412731085.03
26.5069063278 1412731086.21
27.4264535432 1412731087.44
26.6282778263 1412731088.63
26.5442954709 1412731089.77
25.9287885687 1412731090.94
25.9972256813 1412731092.1
26.1242507236 1412731093.26
26.2255231188 1412731094.52
26.3744833583 1412731095.76
26.5931207943 1412731097.04
25.9013227214 1412731098.36
25.9147545435 1412731099.72
26.0464417847 1412731101.02
26.5220776118 1412731102.26
26.5225128409 1412731103.6
26.7059445624 1412731104.83
26.5767711127 1412731106.12
26.3867399086 1412731107.46
26.3387144476 1412731108.82
26.3869733134 1412731110.15
26.1943654054 1412731111.56
26.6588817845 1412731112.86
27.1297602223 1412731114.23
27.1400307786 1412731115.6
27.0842283596 1412731116.96
27.1653490037 1412731118.37
27.1094348919 1412731119.76
26.6295868158 1412731121.19
25.9994286419 1412731122.6
26.2853185715 1412731124.02
