32.3955127311 1412759853.8
30.442153999 1412759854.76
31.843072356 1412759855.8
29.0788588062 1412759856.78
27.0297162896 1412759857.74
26.9664690032 1412759858.7
27.692356484 1412759859.64
27.4595415869 1412759860.57
27.5728649121 1412759861.49
27.802139816 1412759862.41
27.9967620185 1412759863.33
27.6958224601 1412759864.26
27.737259885 1412759865.19
27.7612786098 1412759866.12
27.8895722015 1412759867.04
27.918515416 1412759867.96
27.9768035511 1412759868.88
28.1169991518 1412759869.85
28.0403672785 1412759870.79
28.0307187411 1412759871.74
28.039113929 1412759872.67
27.8493357241 1412759873.63
27.7274628313 1412759874.57
27.6618031128 1412759875.51
27.6220827589 1412759876.42
27.2128301472 1412759877.34
27.3851120786 1412759878.29
27.2463618477 1412759879.18
27.341162357 1412759880.13
27.5849260577 1412759881.1
27.2208559244 1412759882.03
27.4183444983 1412759882.98
27.5162393304 1412759883.95
27.2443406521 1412759884.92
27.4258703688 1412759885.93
27.6380531983 1412759886.93
27.3912005217 1412759887.94
27.5986385831 1412759888.96
27.7459295172 1412759889.98
28.0029811637 1412759891.04
28.0459837916 1412759892.07
28.333848882 1412759893.1
28.4529397155 1412759894.15
28.5508666408 1412759895.18
28.7539673882 1412759896.22
28.9630748919 1412759897.27
28.8666747949 1412759898.3
28.7796683447 1412759899.34
28.9852150796 1412759900.41
29.1685587016 1412759901.45
29.0853301437 1412759902.48
29.0390733992 1412759903.53
29.0400791747 1412759904.57
29.0665658114 1412759905.63
29.0503995 1412759906.65
29.0975359592 1412759907.68
29.1237162621 1412759908.73
28.9085041109 1412759909.77
28.8191362954 1412759910.84
28.6717168605 1412759911.89
28.4191139645 1412759912.95
28.4918211817 1412759914.01
28.6457465212 1412759915.03
28.314948306 1412759916.06
28.0668810592 1412759917.07
27.7304646468 1412759918.09
27.3828422882 1412759919.13
27.1796190763 1412759920.11
26.9042054451 1412759921.13
26.5703231557 1412759922.16
26.4399708521 1412759923.19
26.1177756684 1412759924.19
25.8096320679 1412759925.23
25.6052842278 1412759926.25
25.2716199702 1412759927.31
24.8896442945 1412759928.3
24.696159754 1412759929.29
24.4643805635 1412759930.25
24.2354765461 1412759931.21
24.1070762864 1412759932.16
23.7426096647 1412759933.11
23.4695410669 1412759934.06
23.2877106943 1412759935.0
23.0761058169 1412759935.98
22.8639272113 1412759936.94
22.5879418457 1412759937.9
22.4385251023 1412759938.87
22.2922411358 1412759939.84
22.2351168987 1412759940.81
22.1533185854 1412759941.78
22.2308860814 1412759942.76
22.513952851 1412759943.78
22.7362847341 1412759944.81
22.3880612464 1412759945.78
22.7241441752 1412759946.76
22.3426045953 1412759947.77
22.2073251868 1412759948.76
22.1737907659 1412759949.75
21.9599245705 1412759950.73
22.0512510805 1412759951.71
21.810283693 1412759952.7
21.9745676602 1412759953.68
21.6567571007 1412759954.67
21.692946659 1412759955.65
21.4770098287 1412759956.65
21.5245955825 1412759957.65
21.2660780078 1412759958.63
21.4518825917 1412759959.62
21.2079836475 1412759960.61
21.3867928423 1412759961.59
21.0924279204 1412759962.57
20.7749504124 1412759963.55
20.9459960797 1412759964.54
20.5812835446 1412759965.53
20.6353881695 1412759966.51
20.3581428074 1412759967.49
20.5275087413 1412759968.47
20.1108389383 1412759969.45
20.4038251928 1412759970.43
20.0312467167 1412759971.4
20.2711898683 1412759972.37
19.9186583343 1412759973.35
19.999376244 1412759974.32
19.7741608626 1412759975.3
19.9302274884 1412759976.28
19.587860343 1412759977.27
19.8316667627 1412759978.26
20.0123656169 1412759979.25
19.7579565685 1412759980.26
19.9426449069 1412759981.26
19.7165349828 1412759982.26
19.9639044318 1412759983.26
19.7422498565 1412759984.23
19.4773428336 1412759985.21
19.6584533787 1412759986.19
19.4325521843 1412759987.16
19.0428904092 1412759988.15
19.2954809477 1412759989.12
19.0758912596 1412759990.1
19.1516630687 1412759991.08
19.3803481356 1412759992.05
19.1328084192 1412759993.04
19.3753257028 1412759994.03
19.0454247673 1412759995.01
18.8011894002 1412759995.99
18.8916897832 1412759996.98
19.1263234985 1412759997.99
18.867233897 1412759998.98
19.1129848704 1412759999.99
18.9708889435 1412760000.98
19.0965777213 1412760001.97
18.926501915 1412760002.97
18.7254310738 1412760003.94
18.8826761218 1412760004.91
18.6498688739 1412760005.9
18.8304816071 1412760006.9
18.6038944379 1412760007.91
18.7475925407 1412760008.89
18.9718182287 1412760009.9
18.7500195114 1412760010.88
18.9050978565 1412760011.87
18.6695791174 1412760012.86
18.8752923129 1412760013.88
18.6754683085 1412760014.89
18.8537334335 1412760015.91
18.5535537261 1412760016.9
18.7052392829 1412760017.93
18.5724629853 1412760018.94
18.385355414 1412760019.96
18.508651412 1412760020.97
18.3062043896 1412760021.97
18.5044219891 1412760022.99
18.6684731852 1412760024.02
18.4946151557 1412760025.04
18.3529949038 1412760026.04
18.5096434436 1412760027.07
18.7097285293 1412760028.11
18.5514673349 1412760029.16
18.3065696795 1412760030.19
18.4948728223 1412760031.23
18.2780308517 1412760032.27
18.4803952745 1412760033.3
18.2940415521 1412760034.32
18.4818369186 1412760035.35
18.2782105025 1412760036.36
18.4861876792 1412760037.39
18.3052955854 1412760038.45
18.0739644494 1412760039.5
18.2644793589 1412760040.58
18.0003528226 1412760041.61
18.12927359 1412760042.64
17.8180370288 1412760043.67
17.9724879996 1412760044.71
18.1220450017 1412760045.76
17.9089061957 1412760046.78
18.0599031368 1412760047.83
17.8936301996 1412760048.88
18.0165882941 1412760049.96
17.8400450677 1412760051.02
18.0330011714 1412760052.07
