25.3414360028 1412724600.1
25.6463206373 1412724600.4
25.0597516064 1412724600.71
25.0606761456 1412724601.0
23.6319564265 1412724601.33
23.5036807791 1412724601.63
22.9101133225 1412724601.98
22.1909907331 1412724602.4
22.0520664022 1412724602.74
22.1022689583 1412724603.05
22.1377901446 1412724603.36
21.9934320928 1412724603.65
22.2780516409 1412724603.99
22.3097806252 1412724604.31
22.4825304987 1412724604.62
22.4080931313 1412724604.94
22.3092767895 1412724605.23
22.5232648013 1412724605.54
22.7423655073 1412724605.81
23.0186667291 1412724606.11
23.2373742732 1412724606.43
23.3477577585 1412724606.74
23.6727868138 1412724607.05
23.6729446111 1412724607.32
23.7772783729 1412724607.61
23.605215912 1412724607.89
24.0284816298 1412724608.24
23.9512297171 1412724608.56
23.6559537441 1412724608.83
23.3776577324 1412724609.12
23.5370220263 1412724609.44
23.1885454922 1412724609.72
23.3099855891 1412724610.03
23.1782203828 1412724610.3
23.1213537947 1412724610.57
23.2068528899 1412724610.87
23.1884953709 1412724611.16
22.9902585623 1412724611.46
22.6541152489 1412724611.74
22.5871419255 1412724612.0
22.3020741842 1412724612.27
21.914304831 1412724612.54
21.9332561208 1412724612.81
22.0177629944 1412724613.06
22.0275511411 1412724613.33
21.9028381391 1412724613.61
21.7356347474 1412724613.88
21.7540406458 1412724614.15
21.6298136203 1412724614.44
21.7957421608 1412724614.76
21.730681173 1412724615.07
21.4428841944 1412724615.39
21.2314610587 1412724615.67
21.2115055137 1412724615.94
21.1694180905 1412724616.22
21.0187223225 1412724616.49
20.9124110015 1412724616.75
20.4683812225 1412724617.01
20.5186338962 1412724617.3
20.2360285316 1412724617.6
20.0835228316 1412724617.88
19.6795584667 1412724618.15
19.422582363 1412724618.41
19.166963945 1412724618.69
19.0759744629 1412724618.96
18.8482883469 1412724619.24
18.7421047363 1412724619.53
18.6808748841 1412724619.83
18.4392215914 1412724620.13
18.256823303 1412724620.42
18.2509786803 1412724620.71
18.0551130855 1412724621.04
18.0538206284 1412724621.41
17.8491160467 1412724621.73
17.9841176294 1412724622.02
18.0496981563 1412724622.29
17.8946149186 1412724622.62
17.6514122764 1412724622.9
17.237324223 1412724623.16
17.0170221305 1412724623.46
17.021174934 1412724623.77
17.1308648178 1412724624.06
16.8956669811 1412724624.33
16.9473370788 1412724624.61
16.6093049714 1412724624.89
16.7297472453 1412724625.15
16.5151157897 1412724625.44
16.6596778111 1412724625.75
16.3705510389 1412724626.03
16.5919155764 1412724626.3
16.691745252 1412724626.6
16.6898380817 1412724626.86
16.535371505 1412724627.14
16.3814262227 1412724627.42
16.3887989258 1412724627.69
16.4528042859 1412724627.97
16.4971169699 1412724628.25
16.5303086089 1412724628.52
16.5844424915 1412724628.79
16.729355911 1412724629.07
16.6408781934 1412724629.32
16.5538925503 1412724629.59
16.4282442586 1412724629.87
16.3951918729 1412724630.16
16.3790416733 1412724630.43
16.3341699412 1412724630.73
16.2564872631 1412724631.01
16.2830850863 1412724631.31
16.311342608 1412724631.6
16.2935438516 1412724631.89
16.2225100862 1412724632.17
16.1264736001 1412724632.43
16.0205066839 1412724632.67
15.906490851 1412724632.94
15.8532875534 1412724633.21
15.5705026775 1412724633.46
15.5179823499 1412724633.72
15.4201953893 1412724634.07
15.3231350185 1412724634.42
15.2886318551 1412724634.7
15.1815252578 1412724634.96
15.0335759084 1412724635.24
14.8676985411 1412724635.5
14.8885782757 1412724635.72
14.7794618639 1412724635.96
14.7512788833 1412724636.25
14.7695167504 1412724636.51
14.811160102 1412724636.8
14.7217406649 1412724637.11
14.4863204594 1412724637.37
14.5105595146 1412724637.72
14.5975814911 1412724637.96
14.6599798801 1412724638.2
14.7130555012 1412724638.44
14.6580311734 1412724638.71
14.7483754697 1412724638.98
14.674549288 1412724639.25
14.6811465315 1412724639.51
14.6960625994 1412724639.78
14.7393068643 1412724640.08
14.617055556 1412724640.34
14.6442608413 1412724640.62
14.6915559573 1412724640.89
14.596622419 1412724641.16
14.6447328414 1412724641.43
14.6549486395 1412724641.73
14.566687479 1412724642.0
14.5829810038 1412724642.29
14.6053466396 1412724642.58
14.5261624594 1412724642.86
14.5229818146 1412724643.14
14.5596691917 1412724643.42
14.4905672198 1412724643.71
14.4197947019 1412724643.98
14.3447906139 1412724644.29
14.4062959131 1412724644.57
14.4262821341 1412724644.86
14.4551777907 1412724645.15
14.4391727961 1412724645.46
14.4438841375 1412724645.76
14.4516961706 1412724646.02
14.5563791291 1412724646.32
14.5184950463 1412724646.62
14.45336288 1412724646.9
14.5023277249 1412724647.19
14.3744039026 1412724647.48
14.4692238959 1412724647.79
14.498712331 1412724648.08
14.5255357735 1412724648.36
14.5514779142 1412724648.65
14.5580891735 1412724648.91
14.5807556683 1412724649.21
14.5937180211 1412724649.48
14.6418522369 1412724649.77
14.661708918 1412724650.07
14.6495293911 1412724650.36
14.6566692334 1412724650.64
14.67121415 1412724650.94
14.6506107104 1412724651.25
14.6313442845 1412724651.53
14.6488268151 1412724651.85
14.6233486692 1412724652.13
14.6028137925 1412724652.4
14.4865902978 1412724652.71
14.4993299825 1412724652.97
14.5037101449 1412724653.27
14.4673402159 1412724653.57
14.4595594979 1412724653.85
14.4707775745 1412724654.16
14.4740376263 1412724654.44
14.4173997884 1412724654.74
14.3781114754 1412724655.03
14.3905841339 1412724655.34
14.4003260998 1412724655.67
14.4094888496 1412724655.96
14.4079066452 1412724656.25
14.3157713075 1412724656.56
14.3213557767 1412724656.87
14.2947985191 1412724657.17
14.1836985438 1412724657.47
