43.6260677966 1412740843.14
42.0499479524 1412740844.17
40.559716672 1412740845.23
37.607008534 1412740846.3
33.4518929136 1412740847.33
31.3709384414 1412740848.38
30.6139618826 1412740849.4
31.1306455284 1412740850.36
31.317496165 1412740851.4
31.7923442477 1412740852.41
32.2818931044 1412740853.39
32.6805466873 1412740854.38
33.0559780137 1412740855.35
33.387234848 1412740856.41
32.9533333516 1412740857.39
32.6894831129 1412740858.4
32.4451190158 1412740859.38
32.1225641281 1412740860.33
31.7029445961 1412740861.3
31.2733749813 1412740862.22
30.9332956591 1412740863.16
30.6553679984 1412740864.1
30.3530306924 1412740865.12
29.9955731767 1412740866.02
29.7976756202 1412740867.04
29.9570650417 1412740868.04
30.2137710913 1412740868.99
32.8068495314 1412740869.97
32.1263383661 1412740870.96
30.3796395546 1412740871.95
33.4234311251 1412740872.96
32.6848556057 1412740873.95
32.9480803484 1412740874.93
31.0112960766 1412740875.88
33.1371727088 1412740876.87
33.006973612 1412740877.79
32.4616369079 1412740878.77
32.9876585453 1412740879.71
30.6950358279 1412740880.82
29.370046056 1412740881.78
31.6410617176 1412740882.75
33.1441832334 1412740883.69
32.8573872956 1412740884.67
32.7433397991 1412740885.61
32.5968836546 1412740886.58
32.9053862876 1412740887.52
32.7650860019 1412740888.46
32.7365030897 1412740889.4
31.7366539283 1412740890.38
32.5503063231 1412740891.34
31.8819082305 1412740892.31
32.0541111631 1412740893.25
31.9774270582 1412740894.23
31.7719492027 1412740895.18
31.6877853195 1412740896.09
31.6666501559 1412740897.0
31.2219696953 1412740897.96
30.8435529779 1412740898.92
30.4200708483 1412740899.87
29.9257553112 1412740900.8
29.3847332255 1412740901.76
28.8342894934 1412740902.72
28.3365022126 1412740903.67
27.9712650211 1412740904.66
27.6955652367 1412740905.64
27.530329104 1412740906.64
27.6431277633 1412740907.57
27.8273392797 1412740908.5
27.9006223096 1412740909.43
28.1505333152 1412740910.4
27.5024898446 1412740911.35
27.6024350415 1412740912.32
27.6741487006 1412740913.33
27.3569907281 1412740914.24
27.1861092969 1412740915.17
27.3361486589 1412740916.12
27.8058224265 1412740917.08
27.804369448 1412740918.05
27.5129704175 1412740919.02
26.9152948832 1412740919.99
26.0218957698 1412740921.01
24.3983076065 1412740922.0
22.4358928212 1412740922.97
21.0898946519 1412740923.98
20.0686623418 1412740924.97
19.0184083638 1412740926.01
18.1309203793 1412740926.98
17.3581885551 1412740927.97
16.8971666884 1412740929.02
16.5370812331 1412740930.02
16.1416198071 1412740931.02
15.9429345324 1412740932.05
15.7491628602 1412740933.08
15.5188674725 1412740934.12
15.6867149106 1412740935.16
15.7008793442 1412740936.28
15.6713277222 1412740937.36
15.3497943059 1412740938.41
15.3657299699 1412740939.47
15.2204739839 1412740940.6
15.0374323727 1412740941.74
14.6746637323 1412740942.86
14.371122355 1412740944.03
14.1981350356 1412740945.13
13.9855785597 1412740946.29
13.8978859375 1412740947.48
13.3386089256 1412740948.67
12.9829541622 1412740949.81
12.9053907112 1412740951.04
12.689124352 1412740952.25
12.4999086677 1412740953.44
12.3953383384 1412740954.65
11.9902240603 1412740955.85
11.6073702788 1412740957.04
11.5282764766 1412740958.29
11.382447761 1412740959.58
11.1276751296 1412740960.85
11.221039381 1412740962.08
11.1691837974 1412740963.39
11.1117708902 1412740964.71
11.0814393805 1412740965.99
11.0370721484 1412740967.33
10.7300920062 1412740968.63
10.7017291728 1412740970.01
10.6084306344 1412740971.31
10.5652317443 1412740972.66
10.4685280464 1412740974.04
10.3359398028 1412740975.37
10.1173057886 1412740976.73
10.066570194 1412740978.17
9.9371905926 1412740979.52
9.84801978822 1412740980.83
9.7823110649 1412740982.14
9.73371448871 1412740983.52
9.40412315025 1412740984.84
9.41279978777 1412740986.23
9.28912993813 1412740987.56
9.2456706264 1412740988.87
9.26872235335 1412740990.23
9.17532256163 1412740991.48
9.23540019924 1412740992.78
9.27480919964 1412740994.14
9.12125719226 1412740995.47
9.1468583616 1412740996.81
9.02374800928 1412740998.15
8.98302569267 1412740999.53
8.93604898408 1412741000.86
8.93590114135 1412741002.26
8.88645415747 1412741003.64
8.66235864091 1412741005.05
8.67049038762 1412741006.51
8.50116822421 1412741007.92
8.44714543338 1412741009.3
8.45453887572 1412741010.72
8.57235934456 1412741012.12
8.37679558663 1412741013.53
8.32380426589 1412741014.86
8.32928282273 1412741016.17
8.26916575365 1412741017.53
8.17012773583 1412741018.88
7.86564800753 1412741020.29
7.85890808584 1412741021.72
7.95997228151 1412741023.17
7.95636161722 1412741024.69
7.88662140954 1412741026.15
7.5651718224 1412741027.54
7.58552659066 1412741028.95
7.44235065651 1412741030.36
7.41111869171 1412741031.81
7.42117600907 1412741033.21
7.20450851287 1412741034.69
7.14919440677 1412741036.14
7.13304470934 1412741037.61
7.14915348431 1412741038.99
7.23431216604 1412741040.44
7.16084844439 1412741041.88
7.14927580846 1412741043.36
7.04555391861 1412741044.79
6.98534186534 1412741046.2
6.79786775368 1412741047.64
6.84430044693 1412741049.02
6.79600662844 1412741050.4
6.73514654597 1412741051.92
6.66369356051 1412741053.41
6.68831416072 1412741054.85
6.6510521393 1412741056.31
6.63006826496 1412741057.77
6.58841646788 1412741059.14
6.64590337914 1412741060.58
6.60113033063 1412741062.05
6.44313365922 1412741063.43
6.34479384844 1412741064.93
6.38752306227 1412741066.41
6.36404076341 1412741067.85
6.34388925312 1412741069.3
6.32681744825 1412741070.68
6.37743495269 1412741072.17
6.35487004801 1412741073.64
6.33649552287 1412741075.16
6.35977295633 1412741076.7
