34.693258412 1412728592.4
35.6665193078 1412728593.05
36.1189935495 1412728593.72
36.2845248472 1412728594.34
36.0688845797 1412728594.98
35.8389286479 1412728595.58
35.5113604699 1412728596.26
35.9451565214 1412728596.92
35.344083708 1412728597.61
35.557905482 1412728598.3
35.1182213474 1412728598.97
34.6502219017 1412728599.61
34.3572977987 1412728600.25
33.8333468533 1412728600.91
33.3287985689 1412728601.55
33.7235954415 1412728602.16
33.2742621794 1412728602.77
33.6417663132 1412728603.41
33.5201532614 1412728604.04
33.7502594965 1412728604.71
33.5568635696 1412728605.33
33.1969603972 1412728605.97
33.8619040087 1412728606.63
33.4922986514 1412728607.27
33.1335585132 1412728607.93
32.9559687712 1412728608.55
32.6548997804 1412728609.16
32.4609529762 1412728609.8
32.3804804169 1412728610.41
31.9863879169 1412728611.05
31.8008662224 1412728611.66
31.6294377132 1412728612.3
31.1597481266 1412728612.92
30.8569840845 1412728613.56
30.6108158082 1412728614.19
30.4156416478 1412728614.84
30.1643999476 1412728615.46
29.6090723181 1412728616.12
29.0994803732 1412728616.71
29.0504113193 1412728617.32
28.4766386988 1412728617.92
28.4437753221 1412728618.51
27.9525131385 1412728619.08
28.2818151109 1412728619.63
28.8919976792 1412728620.22
29.4378258621 1412728620.83
29.6763627161 1412728621.41
29.8205748084 1412728621.99
29.2662840233 1412728622.59
28.9441252261 1412728623.15
28.6717305121 1412728623.77
28.3900732009 1412728624.38
28.1244873546 1412728625.01
28.1430318789 1412728625.67
28.1699143816 1412728626.29
28.0493394614 1412728626.93
27.8251564959 1412728627.53
27.4140687977 1412728628.16
27.3057690874 1412728628.76
27.2267359316 1412728629.35
26.940914043 1412728630.0
26.6678578237 1412728630.59
26.2112796903 1412728631.19
25.8374861187 1412728631.8
25.7043517183 1412728632.42
25.310836998 1412728633.05
25.0652777171 1412728633.67
25.4006277937 1412728634.25
26.0158849817 1412728634.84
25.4887892055 1412728635.41
26.1904920451 1412728636.0
25.6776650397 1412728636.61
25.3497707816 1412728637.22
25.6073025287 1412728637.83
25.4736277689 1412728638.48
25.5740819106 1412728639.1
25.9324981245 1412728639.73
25.6018037197 1412728640.3
25.4758163651 1412728640.9
25.4603230369 1412728641.5
25.6523101012 1412728642.11
25.5313282245 1412728642.7
25.4785283953 1412728643.3
25.3816176231 1412728643.93
25.5833274473 1412728644.55
25.3904990497 1412728645.19
25.3473738257 1412728645.83
25.3432697728 1412728646.49
25.2406914631 1412728647.11
25.1664118057 1412728647.73
25.3223610219 1412728648.38
25.2741942946 1412728649.01
25.2563515791 1412728649.63
25.4155993964 1412728650.22
25.3443027065 1412728650.82
25.5394066531 1412728651.45
25.5375256664 1412728652.07
25.7623822345 1412728652.67
25.7593532475 1412728653.28
25.7774313943 1412728653.88
25.965271279 1412728654.49
25.8436088648 1412728655.11
25.971862241 1412728655.76
25.9345292163 1412728656.39
25.8722331279 1412728657.02
25.7985483302 1412728657.66
25.737783733 1412728658.32
25.7524387439 1412728658.95
25.6398262314 1412728659.57
25.7010459699 1412728660.16
25.728330526 1412728660.79
25.5529752641 1412728661.43
25.6499208096 1412728662.03
25.6332433437 1412728662.63
25.577812589 1412728663.23
25.6368230263 1412728663.85
25.6802819189 1412728664.43
25.5386179002 1412728665.04
25.4763363946 1412728665.63
25.4460515658 1412728666.26
25.2741675047 1412728666.89
25.1524333585 1412728667.5
25.0617988017 1412728668.13
25.0073536799 1412728668.77
24.8970072659 1412728669.37
24.8926921938 1412728669.98
24.7995509623 1412728670.56
24.7117970666 1412728671.17
24.6688836229 1412728671.78
24.6290385088 1412728672.41
24.5286925938 1412728673.03
24.594555998 1412728673.65
24.6293542937 1412728674.25
24.4736466398 1412728674.85
24.4372920125 1412728675.48
24.3315946675 1412728676.11
24.3406973023 1412728676.75
24.1275397646 1412728677.36
24.084094106 1412728677.94
24.0168312133 1412728678.55
24.0144567342 1412728679.16
23.9515172638 1412728679.79
23.927424293 1412728680.41
23.870362988 1412728681.01
23.8598951779 1412728681.61
23.8555947711 1412728682.22
23.7265611717 1412728682.84
23.7319411634 1412728683.44
23.6694099382 1412728684.03
23.5578815804 1412728684.64
23.5749901912 1412728685.27
23.5112809437 1412728685.86
23.504936875 1412728686.46
23.4822225061 1412728687.08
23.3211335378 1412728687.72
23.3496245783 1412728688.34
23.2772662434 1412728688.97
23.2157182004 1412728689.59
23.2407681144 1412728690.21
23.1719124799 1412728690.82
23.1228660566 1412728691.44
23.1472537597 1412728692.04
23.1725779664 1412728692.64
23.1175534383 1412728693.24
23.1233488036 1412728693.87
23.0566640253 1412728694.46
23.0549960747 1412728695.07
23.1326408077 1412728695.7
23.1700618661 1412728696.31
23.1493959201 1412728696.93
23.108469655 1412728697.56
23.096177243 1412728698.21
23.1127117396 1412728698.84
23.1248051537 1412728699.49
23.1440637474 1412728700.14
23.1428513252 1412728700.77
23.1776204491 1412728701.4
23.2097375343 1412728702.03
23.3627161475 1412728702.64
23.3412233693 1412728703.24
23.3424273704 1412728703.87
23.3236026623 1412728704.49
23.3108683434 1412728705.14
23.3592099427 1412728705.78
23.3695896241 1412728706.43
23.3531923222 1412728707.07
23.3897835703 1412728707.72
23.4515879078 1412728708.38
23.4415835756 1412728709.03
23.4261490472 1412728709.67
23.4580744533 1412728710.32
23.5327470948 1412728710.94
23.5254109274 1412728711.56
23.5876834012 1412728712.2
23.59012332 1412728712.85
23.5683146273 1412728713.48
23.6038358004 1412728714.1
23.6129717774 1412728714.77
23.5618859184 1412728715.47
23.5930474055 1412728716.12
