46.5409145103 1412732112.32
44.4780998236 1412732112.96
44.2352237205 1412732113.6
43.2864503766 1412732114.28
43.1938788859 1412732114.9
43.3159764533 1412732115.53
43.1292139941 1412732116.2
43.3738239584 1412732116.88
43.5535070331 1412732117.56
43.9750484069 1412732118.27
43.691656293 1412732118.89
43.7801854646 1412732119.53
43.938089699 1412732120.16
43.9982848767 1412732120.82
44.0797309839 1412732121.49
43.9105743987 1412732122.13
44.0330221854 1412732122.74
44.4810567603 1412732123.32
44.1141131141 1412732123.91
44.1107860106 1412732124.5
44.0654680149 1412732125.14
44.1427726146 1412732125.74
43.8475715622 1412732126.35
43.8018758409 1412732126.96
43.5236858514 1412732127.54
43.5545050409 1412732128.15
43.4099935036 1412732128.74
43.1199569891 1412732129.33
43.2198953878 1412732129.92
43.355748595 1412732130.52
43.160826759 1412732131.1
42.6855206786 1412732131.73
42.8109837427 1412732132.37
42.5519675122 1412732132.96
42.2518628093 1412732133.54
42.1587090106 1412732134.14
41.7697533474 1412732134.73
41.5348081395 1412732135.33
41.6546729893 1412732135.95
41.4092619973 1412732136.58
41.0426102527 1412732137.23
41.1603907428 1412732137.86
40.7263400416 1412732138.5
40.4202103403 1412732139.13
40.2957424239 1412732139.76
39.3525967913 1412732140.41
38.7269789206 1412732141.02
37.2273474266 1412732141.66
35.9663843571 1412732142.25
34.4148305725 1412732142.89
33.2043525677 1412732143.48
33.9198496355 1412732144.08
34.0750622404 1412732144.68
33.2518519784 1412732145.28
33.1115699617 1412732145.87
33.4032027382 1412732146.46
33.4871673702 1412732147.07
33.6230046424 1412732147.7
33.2119232526 1412732148.39
32.7161630955 1412732149.05
32.3756291937 1412732149.66
31.7690974317 1412732150.29
31.3993397665 1412732150.95
30.8004747199 1412732151.62
30.3891049649 1412732152.26
29.6590842074 1412732152.88
28.8903555708 1412732153.5
28.1096472758 1412732154.13
27.5513426146 1412732154.77
27.7312986404 1412732155.42
28.2351389572 1412732156.07
27.4789326703 1412732156.7
27.8230273974 1412732157.32
27.1799211763 1412732157.92
27.2735088905 1412732158.52
27.6125004501 1412732159.16
26.6575333618 1412732159.77
26.440926189 1412732160.37
25.9625492825 1412732161.0
25.9351822368 1412732161.62
25.9633641685 1412732162.22
25.3836559776 1412732162.8
25.3039632216 1412732163.4
25.0677890158 1412732163.98
25.1077196251 1412732164.59
25.1602962466 1412732165.21
25.2329598117 1412732165.78
25.0668413866 1412732166.35
25.1629152597 1412732166.94
25.1611429056 1412732167.55
25.2258826123 1412732168.17
24.9361683863 1412732168.8
24.9392362595 1412732169.42
24.9777384905 1412732170.04
25.0561024146 1412732170.65
25.1712059706 1412732171.27
25.2443114892 1412732171.89
25.1073729453 1412732172.5
24.9900707893 1412732173.12
24.9910255772 1412732173.73
25.1020210063 1412732174.37
25.102925609 1412732175.0
25.1005056337 1412732175.62
25.1160372744 1412732176.25
25.1114507311 1412732176.9
25.1479048771 1412732177.48
25.1437693064 1412732178.12
25.1484770998 1412732178.83
25.140797132 1412732179.44
25.1103474086 1412732180.05
25.0579435927 1412732180.65
25.075689682 1412732181.3
25.0247001106 1412732181.92
25.0517185368 1412732182.54
25.0621274682 1412732183.16
25.0729616351 1412732183.79
24.7411153215 1412732184.44
24.7057490561 1412732185.07
24.7093699334 1412732185.73
24.667631664 1412732186.41
24.680066305 1412732187.07
24.6710726655 1412732187.73
24.6761744512 1412732188.38
24.6969204242 1412732189.04
24.7090395263 1412732189.68
24.7028630277 1412732190.36
24.7388260036 1412732190.99
24.6402177952 1412732191.66
24.6336588722 1412732192.3
24.6293901369 1412732192.98
24.6342702198 1412732193.63
24.6315445567 1412732194.27
24.6438980349 1412732194.93
24.6394642953 1412732195.58
24.6350592155 1412732196.23
24.605102609 1412732196.87
24.5117065362 1412732197.51
24.5064735856 1412732198.17
24.527023844 1412732198.8
24.5266414703 1412732199.43
24.5005612899 1412732200.07
24.5213554892 1412732200.72
24.5108422544 1412732201.38
24.4978294251 1412732202.04
24.5184625145 1412732202.69
24.5148768879 1412732203.34
24.5114300646 1412732204.03
24.507872531 1412732204.71
24.501232317 1412732205.76
24.5006430689 1412732206.49
24.4968752392 1412732207.14
24.5002148571 1412732207.81
24.4961178499 1412732208.47
24.3701567382 1412732209.11
24.3677567392 1412732209.81
24.4874697451 1412732210.48
24.330863433 1412732211.14
24.3284003876 1412732211.79
24.4485576259 1412732212.42
24.4531169457 1412732213.11
24.4575754578 1412732213.76
24.4535678325 1412732214.43
24.457568172 1412732215.07
24.4614392952 1412732215.73
24.4652118593 1412732216.34
24.4688269037 1412732216.99
24.4852919932 1412732217.66
24.4817634474 1412732218.33
24.4794057761 1412732218.98
24.4829243705 1412732219.63
24.4863225623 1412732220.3
24.4850363454 1412732220.97
24.4819092245 1412732221.62
24.478834549 1412732222.25
24.4907025042 1412732222.91
24.4915059719 1412732223.52
24.4923206171 1412732224.16
24.4895422882 1412732224.81
24.4907686021 1412732225.47
24.4918339232 1412732226.12
24.4927476238 1412732226.74
24.4935496054 1412732227.4
24.4987004726 1412732228.01
24.4313411829 1412732228.66
24.4310538866 1412732229.3
24.2812841628 1412732229.91
24.2817201718 1412732230.55
24.2822697302 1412732231.21
24.2828059308 1412732231.88
24.2834869623 1412732232.55
24.2983536726 1412732233.23
24.2902811882 1412732233.87
24.2820378141 1412732234.51
24.3197145508 1412732235.13
24.3313390532 1412732235.79
24.2839559125 1412732236.43
24.180430407 1412732237.06
24.1819014782 1412732237.7
24.1501897888 1412732238.4
24.1434878467 1412732239.02
