56.1949281852 1412744597.78
45.8255969574 1412744598.78
46.5537434383 1412744599.74
47.1611660244 1412744600.7
47.6815584937 1412744601.71
48.3145064935 1412744602.75
48.1345208078 1412744603.81
48.5372915024 1412744604.82
48.8878058598 1412744605.83
49.1450034206 1412744606.87
49.2816279892 1412744607.92
49.7646653111 1412744608.87
49.767704753 1412744609.86
49.7809922803 1412744610.86
50.0737774217 1412744611.92
49.9313405863 1412744612.91
49.8362620627 1412744613.95
49.7661157342 1412744614.99
49.8142396888 1412744616.01
49.5523397056 1412744616.99
49.5307482457 1412744618.04
49.6030038097 1412744619.09
49.452453744 1412744620.19
48.8806226888 1412744621.3
48.860129656 1412744622.43
48.4783073942 1412744623.51
48.6641026725 1412744624.62
48.3195061391 1412744625.75
48.2562701179 1412744626.86
48.0949584077 1412744628.03
47.9098516892 1412744629.14
47.8714654003 1412744630.22
47.9275730364 1412744631.36
47.7898676815 1412744632.45
48.0456640193 1412744633.61
47.9172239249 1412744634.72
47.7878869479 1412744635.85
48.0053319248 1412744636.96
47.9395699136 1412744638.07
48.1194376137 1412744639.24
48.0239823561 1412744640.37
47.9725342368 1412744641.56
47.9524201086 1412744642.66
48.1307242682 1412744643.85
48.0972721637 1412744645.0
48.3221847315 1412744646.12
48.063446519 1412744647.28
48.0971541528 1412744648.45
48.0258749938 1412744649.57
47.8958616437 1412744650.67
47.6132589619 1412744651.83
47.536918751 1412744652.99
47.6970266223 1412744654.11
47.7853230083 1412744655.3
47.8307123792 1412744656.46
47.7387396196 1412744657.63
48.132797432 1412744658.79
47.9785039608 1412744659.92
48.0722419507 1412744661.05
48.0659845564 1412744662.18
48.1353729877 1412744663.35
48.2008176173 1412744664.54
47.9005190313 1412744665.67
47.8861097854 1412744666.87
47.9220790072 1412744668.03
48.0644435853 1412744669.15
48.1789080772 1412744670.33
48.0372187133 1412744671.43
48.0857543622 1412744672.61
47.7767711554 1412744673.74
47.5762066253 1412744674.89
47.4164776379 1412744676.04
47.1877712013 1412744677.2
47.1468986017 1412744678.33
47.1772479752 1412744679.48
47.1709782441 1412744680.63
46.9170431677 1412744681.76
46.8253160202 1412744682.93
46.8597799011 1412744684.06
47.0787826702 1412744685.22
47.0876632822 1412744686.37
46.8574208782 1412744687.51
46.8103557895 1412744688.65
46.7178794591 1412744689.77
46.7081163509 1412744690.94
46.7026029038 1412744692.16
46.6897280334 1412744693.39
46.718536884 1412744694.59
46.7366080808 1412744695.79
46.5739389482 1412744697.03
46.5754877772 1412744698.2
46.5898844468 1412744699.42
46.710273523 1412744700.57
46.6102655488 1412744701.75
46.4735215546 1412744702.92
46.4168370692 1412744704.24
46.3623942513 1412744705.49
46.4060128268 1412744706.78
46.5000341608 1412744708.01
46.5566498964 1412744709.24
46.4245864266 1412744710.59
46.509983143 1412744711.99
46.4320705082 1412744713.43
46.3934812585 1412744714.88
46.4942716313 1412744716.3
46.1578111818 1412744717.78
46.2629279364 1412744719.21
46.182389195 1412744720.72
46.2076715633 1412744722.15
46.1875636771 1412744723.59
46.1723393857 1412744725.15
46.263628411 1412744726.61
46.2195325127 1412744727.94
46.3349287952 1412744729.27
46.216843718 1412744730.59
46.2587581345 1412744731.98
46.5437278902 1412744733.52
46.5264980548 1412744735.01
46.6397411794 1412744736.52
46.8259337063 1412744737.94
46.8094928564 1412744739.46
46.9013478048 1412744740.91
46.8118743896 1412744742.44
46.873886098 1412744743.96
47.0646665505 1412744745.5
46.9827097053 1412744746.95
46.9778176566 1412744748.4
47.1050715067 1412744749.8
47.1364882175 1412744751.21
46.8387794048 1412744752.6
46.9156488683 1412744754.03
46.9596150844 1412744755.43
46.6898028673 1412744756.82
46.6496233572 1412744758.21
46.7715391921 1412744759.64
46.4919485833 1412744761.06
46.5963141692 1412744762.45
46.7344098643 1412744763.79
46.5627281961 1412744765.18
46.6692771702 1412744766.58
46.7795528758 1412744767.93
46.7941168785 1412744769.3
47.0581294433 1412744770.75
46.6582020448 1412744772.18
46.6852656109 1412744773.57
46.1932052434 1412744774.93
46.1177284877 1412744776.25
45.9944644894 1412744777.66
45.3781164075 1412744779.03
45.3023787037 1412744780.47
44.7013752181 1412744781.83
44.8710627859 1412744783.14
44.3382639875 1412744784.59
44.2489020099 1412744785.96
43.5715193451 1412744787.33
43.6543302495 1412744788.74
43.3821487273 1412744790.13
43.2802231928 1412744791.55
43.2742546797 1412744792.92
43.0801351816 1412744794.31
43.0083895703 1412744795.69
43.2685901956 1412744797.05
43.3456387714 1412744798.44
43.2697359734 1412744799.89
43.0285589986 1412744801.42
42.7693940185 1412744802.89
43.2225508761 1412744804.33
43.1371012339 1412744805.76
42.6492994298 1412744807.18
43.0541566466 1412744808.62
43.0691049673 1412744810.02
42.5117874465 1412744811.5
42.6909331234 1412744812.9
42.7983187123 1412744814.33
42.5763241339 1412744815.83
42.8340024348 1412744817.28
42.3548281208 1412744818.74
42.5848606366 1412744820.19
42.6316187486 1412744821.58
42.7741614436 1412744823.01
43.1164831581 1412744824.4
43.0877864689 1412744825.8
43.4764701334 1412744827.15
43.6027470503 1412744828.53
43.8624075173 1412744829.93
43.8959579686 1412744831.35
43.7558233835 1412744832.74
43.8954773713 1412744834.15
44.3506175773 1412744835.58
44.3680409046 1412744837.04
44.0355626281 1412744838.42
44.084407012 1412744839.82
44.0553665758 1412744841.23
44.0848593633 1412744842.59
44.2720098426 1412744843.98
44.2116986488 1412744845.33
44.0421511782 1412744846.75
44.1122193018 1412744848.16
44.1293949962 1412744849.56
44.5899887608 1412744850.99
