32.2276209188 1412759449.58
31.6214442302 1412759450.59
30.945365342 1412759451.58
31.488285017 1412759452.58
32.2116865959 1412759453.61
32.7529478985 1412759454.63
33.0251164817 1412759455.72
33.0350801593 1412759456.79
33.1853865589 1412759457.79
32.8777803978 1412759458.77
32.6559432949 1412759459.73
32.6587340749 1412759460.69
32.3906723921 1412759461.66
32.2993559405 1412759462.63
32.1064211164 1412759463.61
32.0198102592 1412759464.57
31.772955654 1412759465.53
31.607382789 1412759466.57
31.3768322199 1412759467.58
31.386785975 1412759468.66
31.4733542395 1412759469.69
31.4954263993 1412759470.66
31.7091856892 1412759471.64
31.8290898158 1412759472.67
31.6736215069 1412759473.72
31.6235573005 1412759474.66
31.6977896148 1412759475.73
31.8277492714 1412759476.76
31.7721884433 1412759477.82
31.388468646 1412759478.81
31.3743545477 1412759479.89
31.2567373888 1412759480.97
31.1237928138 1412759482.08
31.1102543264 1412759484.14
30.9633470434 1412759485.33
30.6386330619 1412759486.48
30.6554519043 1412759487.59
30.5967239267 1412759488.77
30.3287044475 1412759490.08
30.5178808214 1412759491.2
30.73592309 1412759492.32
30.3374323008 1412759493.5
30.2415778742 1412759494.64
30.6713757686 1412759495.73
30.2652749283 1412759496.73
30.3070547486 1412759497.74
30.4629213909 1412759498.84
30.4723781275 1412759500.0
30.3507909314 1412759500.96
31.5218874842 1412759501.92
31.2416328479 1412759502.92
31.2136674033 1412759503.96
31.6156476142 1412759504.96
31.9822633975 1412759505.9
32.3925342719 1412759506.86
32.8024602836 1412759507.8
32.8076634161 1412759508.73
25.9775674917 1412759509.71
25.3635802328 1412759510.7
25.2079889655 1412759511.66
25.6253595133 1412759512.61
24.8494882896 1412759513.56
24.8271324465 1412759514.54
24.76596724 1412759515.5
24.5379900397 1412759516.44
24.4184030563 1412759517.37
23.8475481198 1412759518.32
23.2710338869 1412759519.27
22.4353006977 1412759520.22
22.1085498775 1412759521.17
21.7358218109 1412759522.1
21.5203952233 1412759523.04
21.740816405 1412759524.01
21.8785791212 1412759524.94
22.5289812934 1412759525.89
21.8310516702 1412759526.87
22.3114040719 1412759527.82
22.3739665457 1412759528.8
22.8847826234 1412759529.79
23.2817586219 1412759530.71
23.6761443718 1412759531.62
23.1938871366 1412759532.54
23.1457648195 1412759533.52
23.0667988462 1412759534.53
22.9404161944 1412759535.58
23.1769321028 1412759536.61
23.3356735567 1412759537.65
23.449118763 1412759538.69
23.4279683634 1412759539.76
23.597069767 1412759540.81
23.4333430213 1412759541.88
23.443513229 1412759542.93
23.3787403964 1412759543.99
23.411052696 1412759545.07
23.309703806 1412759546.15
23.3745332245 1412759547.22
23.2719436182 1412759548.8
23.3623839303 1412759549.99
23.2862298318 1412759551.11
23.378395466 1412759552.21
23.3882690087 1412759553.35
23.4557161342 1412759554.49
23.5714037987 1412759555.56
23.3712795062 1412759556.64
23.4049282851 1412759557.74
23.4966235667 1412759558.86
23.4872634472 1412759560.02
23.5675003957 1412759561.21
23.5655916568 1412759562.32
23.4416701668 1412759563.44
23.5868275082 1412759564.78
23.4282120839 1412759565.95
23.0568950299 1412759567.09
22.8110185004 1412759568.22
22.5713702552 1412759569.54
22.4185409959 1412759570.93
22.3999894448 1412759572.1
22.2085125527 1412759573.28
22.0265674331 1412759574.47
22.0244091781 1412759575.79
21.6365715533 1412759577.04
21.4230595666 1412759578.19
21.27216225 1412759579.31
21.1067868911 1412759580.51
20.8665626773 1412759581.8
20.7595220542 1412759582.99
20.5420399818 1412759584.13
20.548211752 1412759585.29
20.0857697651 1412759586.63
20.1226179554 1412759587.85
19.913125023 1412759589.01
19.5429238385 1412759590.37
19.1862817546 1412759591.68
18.9178708886 1412759592.88
18.6363813372 1412759594.11
18.4755697381 1412759595.3
18.0795076724 1412759596.43
18.1771131368 1412759597.56
18.0339126469 1412759598.92
17.6519018795 1412759600.08
17.5056279313 1412759601.3
17.8779966427 1412759602.53
17.5980410255 1412759603.79
17.2344419696 1412759604.99
16.9656382149 1412759606.17
17.3555142976 1412759607.48
17.0071224607 1412759608.73
17.1728336456 1412759609.9
17.2245891721 1412759611.13
17.148164895 1412759612.32
17.3061710632 1412759613.67
17.545224631 1412759615.03
17.886606783 1412759616.29
17.8167943737 1412759617.64
17.9768330092 1412759619.07
18.1397724804 1412759620.33
18.4238235506 1412759621.56
18.3601685002 1412759623.09
18.314363745 1412759624.53
18.5338627856 1412759625.91
18.2163063933 1412759627.13
18.482451184 1412759628.7
18.6820608933 1412759629.87
18.595471061 1412759631.49
18.8595570409 1412759633.33
18.8683882175 1412759634.52
18.6807282837 1412759635.7
19.2491940735 1412759636.88
19.0514593382 1412759638.07
18.9395714542 1412759639.34
18.8731633101 1412759640.72
19.0285390722 1412759642.04
19.1197143422 1412759643.39
18.8817396608 1412759644.71
19.0620677598 1412759646.12
19.0656137032 1412759647.33
19.1431669818 1412759648.84
18.9890061187 1412759650.28
19.0207431301 1412759651.62
19.1134282233 1412759653.16
18.7860700208 1412759654.61
18.8962705067 1412759655.92
19.0958887721 1412759657.45
19.3008396631 1412759658.93
19.024931555 1412759660.27
18.9516051971 1412759661.78
18.8892498184 1412759663.04
18.9965134697 1412759664.31
18.9076550963 1412759666.1
19.176119661 1412759667.43
18.9903291937 1412759668.8
18.8571941859 1412759670.3
18.5184069702 1412759671.68
18.0353964939 1412759673.3
17.7731783005 1412759674.72
17.6944548831 1412759676.4
17.5994089524 1412759677.87
16.9935204555 1412759679.43
17.1499299067 1412759680.98
17.200978409 1412759682.34
