48.7439187513 1412740194.96
45.8366948544 1412740196.1
44.3409835148 1412740197.27
43.7331402041 1412740198.41
43.6011450601 1412740199.52
43.5255054426 1412740200.62
43.6765561858 1412740201.77
43.4271321445 1412740202.85
43.160170398 1412740203.98
42.692037305 1412740205.03
42.2040714025 1412740206.08
41.9607374594 1412740207.17
41.6262723358 1412740208.28
42.8608797546 1412740209.33
41.5663133627 1412740210.49
40.7272684247 1412740211.62
40.6428534932 1412740212.79
40.5939488509 1412740213.9
40.422506693 1412740215.03
40.1535547794 1412740216.12
40.2813424654 1412740217.26
40.0375695632 1412740218.36
39.5824713927 1412740219.46
39.8739195766 1412740220.59
39.3793408775 1412740221.61
39.5612345128 1412740222.64
39.7667983087 1412740223.68
39.8121604093 1412740224.69
39.4464186259 1412740225.71
39.268385153 1412740226.72
38.305154242 1412740227.74
37.1088680872 1412740228.79
35.893893913 1412740229.8
35.6202277042 1412740230.81
35.642106933 1412740231.85
35.4268277197 1412740232.87
35.2246996109 1412740233.83
35.1277278888 1412740234.82
34.8576497006 1412740235.81
34.6597466837 1412740236.79
34.5485194638 1412740237.81
34.221716515 1412740238.8
34.0804611706 1412740239.76
33.7979561799 1412740240.75
33.3930899897 1412740241.72
33.0532005689 1412740242.74
32.7864042192 1412740243.8
32.4181863387 1412740244.79
32.0719977714 1412740245.76
31.6132701174 1412740246.75
31.2843730781 1412740247.74
30.7912163553 1412740248.72
30.3786599013 1412740249.76
29.8393190753 1412740250.74
29.4518301615 1412740251.71
29.351645367 1412740252.67
29.3034642227 1412740253.66
28.9336422056 1412740254.61
28.89448437 1412740255.56
28.7067536906 1412740256.54
28.6496871598 1412740257.54
28.186998246 1412740258.52
27.8065867235 1412740259.46
27.7163142687 1412740260.48
27.3919387148 1412740261.45
27.1331742151 1412740262.44
26.8503249744 1412740263.46
26.8045559561 1412740264.5
26.5691760861 1412740265.46
26.4572529653 1412740266.45
26.3220581593 1412740267.42
26.3160651138 1412740268.38
26.1447490714 1412740269.35
26.0809082935 1412740270.31
25.9096997858 1412740271.31
25.762356242 1412740272.25
25.4741916982 1412740273.18
25.24545026 1412740274.15
25.1078703647 1412740275.12
24.9632063368 1412740276.07
24.8277887374 1412740277.07
24.6782479765 1412740278.06
24.6327138651 1412740279.02
24.5998897753 1412740280.01
24.4952462833 1412740281.0
24.3389766258 1412740282.0
24.0251668716 1412740283.04
23.9159105143 1412740284.05
23.7766617753 1412740285.03
23.7180562756 1412740286.03
23.447931044 1412740287.06
23.3838185124 1412740288.06
23.2868971402 1412740289.12
23.1561179696 1412740290.14
23.1123973783 1412740291.14
23.023271057 1412740292.17
23.0051039721 1412740293.21
22.9777648215 1412740294.18
22.883384245 1412740295.18
22.8080305942 1412740296.19
22.7149272281 1412740297.24
22.561366962 1412740298.28
22.5006667901 1412740299.34
22.5075289352 1412740300.41
22.4832435438 1412740301.48
22.3752538795 1412740302.6
22.4076264252 1412740303.69
22.3046776378 1412740304.78
22.2095159509 1412740305.85
22.1836528606 1412740306.91
22.1480351407 1412740308.01
22.2069473561 1412740309.12
22.2381832654 1412740310.21
22.1965709018 1412740311.3
22.1879853789 1412740312.41
22.1211667192 1412740313.5
22.0822911822 1412740314.65
22.0176471943 1412740315.8
21.9789290684 1412740316.92
21.9707416512 1412740318.04
21.9161678357 1412740319.12
21.8561870655 1412740320.19
21.8300405292 1412740321.33
21.7772817374 1412740322.43
21.7539062094 1412740323.54
21.7010744584 1412740324.67
21.716451009 1412740325.76
21.6658359431 1412740326.88
21.6685789246 1412740328.01
21.5831041473 1412740329.11
21.5486043031 1412740330.25
21.5807507256 1412740331.4
21.4978985792 1412740332.51
21.4675903319 1412740333.66
21.4702833767 1412740334.82
21.4074219028 1412740335.89
21.3250676543 1412740337.03
21.2467152652 1412740338.18
21.211994915 1412740339.35
21.1982108013 1412740340.53
21.2548671318 1412740341.66
21.2442763375 1412740342.77
21.2513874704 1412740343.89
21.1496741417 1412740345.02
21.1570818606 1412740346.19
21.1558743752 1412740347.33
21.0847877157 1412740348.56
21.0502616177 1412740349.72
21.0636328312 1412740350.9
20.9631738636 1412740352.08
20.9378175922 1412740353.28
20.9036656042 1412740354.41
20.87178969 1412740355.55
20.8699471646 1412740356.68
20.7916712369 1412740357.88
20.8741616911 1412740359.03
20.8889848547 1412740360.21
20.8759849502 1412740361.45
20.8890621261 1412740362.63
20.8779955521 1412740363.93
20.8771738305 1412740365.2
20.8306405436 1412740366.53
20.8194221599 1412740367.84
20.8281571812 1412740369.19
20.8534492159 1412740370.47
20.7905621124 1412740371.74
20.728181348 1412740373.04
20.6865895814 1412740374.3
20.6584741627 1412740375.57
20.5856916726 1412740376.85
20.5054871824 1412740378.1
20.4521896248 1412740379.38
20.4054651046 1412740380.61
20.3379076502 1412740381.87
20.3631834141 1412740383.12
20.3494023893 1412740384.35
20.3281931821 1412740385.58
20.322463847 1412740386.85
20.2693404192 1412740388.09
20.178497303 1412740389.3
20.0533332284 1412740390.56
20.0165023768 1412740391.82
19.9960313054 1412740393.09
20.0043956734 1412740394.33
19.9777322644 1412740395.58
19.9887897296 1412740396.8
20.0075931314 1412740398.02
19.9092969035 1412740399.24
19.8483760586 1412740400.46
19.8519712034 1412740401.73
19.8483572778 1412740403.02
19.9072148014 1412740404.25
19.932900466 1412740405.47
19.9466179843 1412740406.7
19.9403504482 1412740407.93
19.9669614768 1412740409.19
19.9731571527 1412740410.39
19.9959530183 1412740411.61
19.9492193961 1412740412.82
19.8748141764 1412740414.02
