33.6559794376 1412759060.46
33.5153163615 1412759061.47
34.4399166965 1412759062.48
34.4961317601 1412759063.47
34.1623109399 1412759064.45
33.9618519863 1412759065.45
33.6363539818 1412759066.42
33.8015713583 1412759067.43
33.4439772378 1412759068.47
32.7523257236 1412759069.5
32.3766405274 1412759070.53
31.8335716153 1412759071.53
30.9909028258 1412759072.54
30.4553878371 1412759073.54
29.9354429412 1412759074.53
29.2979212608 1412759075.52
28.5435669868 1412759076.49
28.3069521891 1412759077.46
27.7702962199 1412759078.44
27.3230615844 1412759079.42
27.4348072931 1412759080.39
27.4668133913 1412759081.37
27.6513464893 1412759082.33
27.2500284934 1412759083.3
26.9398207671 1412759084.25
26.5769714721 1412759085.21
26.7074030489 1412759086.16
26.6427230752 1412759087.12
26.6655875007 1412759088.11
26.6031226294 1412759089.06
26.687011214 1412759090.04
26.4838624802 1412759091.0
26.0618395476 1412759091.94
25.829832497 1412759092.88
25.7057728298 1412759093.83
25.5647281508 1412759094.76
25.3277608781 1412759095.74
24.8794298971 1412759096.71
24.597293984 1412759097.65
24.2843000721 1412759098.57
24.1158592143 1412759099.5
24.0619673694 1412759100.47
24.1270674585 1412759101.45
24.2878747517 1412759102.41
24.3809950771 1412759103.36
24.040263418 1412759104.31
23.7924373119 1412759105.26
23.6533643374 1412759106.2
23.3040741726 1412759107.11
23.129725598 1412759108.05
22.9866267938 1412759108.98
22.7984335349 1412759109.92
22.6155372499 1412759110.85
22.4940226495 1412759111.77
22.3581087631 1412759112.69
22.4060960685 1412759113.6
22.4209027926 1412759114.54
22.3873403114 1412759115.48
22.4044699012 1412759116.39
22.4332902934 1412759117.31
22.3346199663 1412759118.24
22.4011082142 1412759119.18
22.3061398358 1412759120.14
22.3513350144 1412759121.09
22.2774259852 1412759122.07
22.2841774034 1412759123.05
22.3527219433 1412759124.01
22.4957523222 1412759125.0
22.2137844393 1412759125.96
22.3612068277 1412759126.95
22.1778446689 1412759127.95
21.9466519639 1412759128.93
21.8696631129 1412759129.89
21.7644371923 1412759130.87
21.6569572801 1412759131.86
21.4791886084 1412759132.83
21.3833287363 1412759133.82
21.4306271877 1412759134.77
21.3512481328 1412759135.7
21.3893323982 1412759136.65
21.3867635471 1412759137.58
21.2945694019 1412759138.5
21.2675429471 1412759139.46
21.2744595889 1412759140.39
21.3450051618 1412759141.31
21.4381740245 1412759142.24
21.5134534303 1412759143.18
21.5242181094 1412759144.11
21.4005484037 1412759145.03
21.3745380269 1412759145.94
21.3409044389 1412759146.86
21.4670657634 1412759147.78
21.3752251187 1412759148.7
21.3245308209 1412759149.62
21.1964627212 1412759150.53
21.1727185727 1412759151.42
21.0207334785 1412759152.34
20.8789029422 1412759153.26
20.6985399685 1412759154.18
20.755048559 1412759155.09
20.4824567748 1412759156.0
20.5228207799 1412759156.93
20.3528149682 1412759157.86
20.2080960807 1412759158.77
20.0172830879 1412759159.71
20.0709064249 1412759160.63
19.8834677263 1412759161.58
19.9676120104 1412759162.48
19.6779171401 1412759163.39
19.7773266733 1412759164.3
19.5038201232 1412759165.21
19.5463347065 1412759166.13
19.6223693523 1412759167.05
19.5888592906 1412759167.97
19.6909680489 1412759168.88
19.5718943156 1412759169.8
19.6710013767 1412759170.71
19.6397100891 1412759171.63
19.7647544789 1412759172.54
19.6487004463 1412759173.46
19.5746442378 1412759174.38
19.6262842621 1412759175.29
19.4826821419 1412759176.2
19.5743962153 1412759177.11
19.3918374397 1412759178.02
19.4554575359 1412759178.96
19.4092287947 1412759179.87
19.4143186763 1412759180.82
19.446675103 1412759181.76
19.519244483 1412759182.69
19.4375379172 1412759183.63
19.4713803324 1412759184.56
19.4037904582 1412759185.51
19.4829125392 1412759186.46
19.3755145424 1412759187.41
19.4082265128 1412759188.41
19.4780972061 1412759189.36
19.3337497388 1412759190.28
19.4039890437 1412759191.21
19.4801313127 1412759192.16
19.3735671885 1412759193.12
19.4412533308 1412759194.06
19.4505015851 1412759195.03
19.4181009772 1412759195.98
19.372190509 1412759196.96
19.4181014208 1412759197.94
19.4386122681 1412759198.94
19.3842294955 1412759199.92
19.4548140185 1412759200.93
19.4747345392 1412759201.93
19.5066200669 1412759202.92
19.4472978392 1412759203.91
19.3751171433 1412759204.91
19.4122394486 1412759205.88
19.3344885837 1412759206.87
19.4689304031 1412759207.85
19.3759980781 1412759208.87
19.4077597091 1412759209.91
19.4656809824 1412759210.9
19.403384561 1412759211.9
19.4423092949 1412759212.91
19.328612909 1412759213.92
19.4623806041 1412759214.95
19.3796261604 1412759215.94
19.5092524618 1412759216.95
19.437324134 1412759217.95
19.3999191945 1412759218.97
19.3228581039 1412759219.99
19.3876731468 1412759221.02
19.3269126637 1412759222.02
19.4465113791 1412759223.06
19.379898785 1412759224.09
19.3563303396 1412759225.11
19.5357874511 1412759226.11
19.3732653244 1412759227.12
19.2953105125 1412759228.16
19.2851615468 1412759229.18
19.2990905677 1412759230.21
19.2405751661 1412759231.22
19.3000326294 1412759232.22
19.1484240814 1412759233.25
19.0417785505 1412759234.26
18.974172405 1412759235.29
18.871470248 1412759236.28
18.731500336 1412759237.28
18.6989549611 1412759238.3
18.5903373072 1412759239.32
18.4958328013 1412759240.34
18.4230601761 1412759241.33
18.3199789106 1412759242.34
18.2969163103 1412759243.34
18.333601671 1412759244.35
18.2596297512 1412759245.36
18.207724474 1412759246.35
18.0996264151 1412759247.36
18.0011524315 1412759248.38
17.943397663 1412759249.39
17.8655285496 1412759250.39
17.8937633505 1412759251.39
17.9311733884 1412759252.42
