55.7105431361 1412721715.05
53.6554298753 1412721715.17
50.567121311 1412721715.3
52.0829253924 1412721715.43
52.5795128333 1412721715.55
53.8679563886 1412721715.68
55.1719482845 1412721715.81
55.3978163145 1412721715.96
55.2162765835 1412721716.08
55.5095812382 1412721716.18
55.1192595711 1412721716.37
54.8382241048 1412721716.49
54.8839977038 1412721716.64
54.844349486 1412721716.73
54.0936953689 1412721716.84
53.9599151746 1412721716.98
54.0599592344 1412721717.11
53.5972447995 1412721717.22
52.8810107273 1412721717.38
52.3668150864 1412721717.48
51.5920354141 1412721717.61
52.0219588916 1412721717.72
51.477929916 1412721717.83
50.7755215589 1412721717.93
50.0711055979 1412721718.03
50.7895724544 1412721718.15
51.0764634327 1412721718.33
50.8291174396 1412721718.46
49.6166871515 1412721718.57
48.9110235227 1412721718.68
48.8706140616 1412721718.78
49.018443667 1412721718.9
48.3860895944 1412721719.01
47.9042177049 1412721719.13
47.2185282769 1412721719.28
46.915396429 1412721719.55
46.6216463572 1412721719.71
46.3436559022 1412721719.86
45.4562843825 1412721720.0
45.1755641623 1412721720.13
44.9888559335 1412721720.3
44.4180668902 1412721720.61
43.6775118065 1412721720.78
43.2130339437 1412721720.95
43.7117920521 1412721721.11
42.979788686 1412721721.33
43.3904030201 1412721721.51
43.0246387499 1412721721.71
43.410716426 1412721721.96
43.0702812513 1412721722.15
43.2872605691 1412721722.33
43.1832907623 1412721722.49
43.047448235 1412721722.68
43.0425112419 1412721722.87
43.5781022269 1412721723.0
43.9398390983 1412721723.12
43.9317584883 1412721723.37
44.1695953846 1412721723.57
44.0916912857 1412721723.78
44.0843630749 1412721723.95
44.0764619122 1412721724.1
44.1071365108 1412721724.21
44.7334617094 1412721724.46
44.7210178132 1412721724.62
44.708165534 1412721724.8
45.2068671175 1412721724.94
45.208611945 1412721725.07
45.1979127728 1412721725.19
45.1996628305 1412721725.34
45.1890598516 1412721725.46
45.190929523 1412721725.6
45.1804923126 1412721725.74
45.2312539803 1412721725.89
45.2261532169 1412721726.04
45.2211527578 1412721726.18
45.216069852 1412721726.31
44.9354764097 1412721726.46
45.2122674679 1412721726.61
45.208436858 1412721726.74
45.2047917089 1412721726.86
45.2011570421 1412721727.01
45.1976516134 1412721727.17
44.9194681192 1412721727.31
45.1955810226 1412721727.46
45.2448644251 1412721727.59
45.2307655435 1412721727.71
45.0825295662 1412721727.82
45.0629010841 1412721727.95
45.0437933195 1412721728.06
45.0250539416 1412721728.17
45.0069028784 1412721728.33
44.989100251 1412721728.48
44.9717048449 1412721728.59
44.9369008907 1412721728.73
44.9291208184 1412721728.85
44.9399129221 1412721728.96
44.9503237479 1412721729.09
44.9507991693 1412721729.19
45.3564628308 1412721729.47
45.3448367215 1412721729.6
44.9282114474 1412721729.8
45.3314175424 1412721729.95
45.3151940469 1412721730.07
45.2980877775 1412721730.25
44.8798591281 1412721730.42
45.2802623629 1412721730.58
45.3038051981 1412721730.76
44.8869736261 1412721730.95
45.2846898965 1412721731.11
45.3754572035 1412721731.31
45.4232258418 1412721731.48
45.4309888939 1412721731.64
44.9236131436 1412721731.78
45.0087447516 1412721731.96
44.9900727496 1412721732.11
44.9898647751 1412721732.27
45.0057862985 1412721732.48
45.1847759076 1412721732.64
45.1552473425 1412721732.83
45.1578256141 1412721733.02
45.2973419877 1412721733.21
45.3370645856 1412721733.4
45.3092235831 1412721733.59
45.2506828996 1412721733.7
45.1998710907 1412721733.85
45.1552221822 1412721733.99
45.0982218153 1412721734.14
45.0118437682 1412721734.25
45.4597150338 1412721734.37
45.3167252034 1412721734.49
45.3431856087 1412721734.61
45.3673457819 1412721734.74
44.9959407521 1412721734.84
44.8247374045 1412721734.96
44.7652682574 1412721735.09
44.7474055685 1412721735.25
44.564628023 1412721735.42
44.3617089329 1412721735.58
44.1776173704 1412721735.72
43.779691336 1412721735.84
43.7884771551 1412721735.96
43.5086881313 1412721736.08
43.1769966519 1412721736.21
42.8897861247 1412721736.35
42.8681312943 1412721736.53
42.585180168 1412721736.67
42.086725917 1412721736.79
42.1815736481 1412721736.91
133.584102331 1412721737.04
134.140450727 1412721737.17
134.56535166 1412721737.29
134.631387946 1412721737.45
134.742573638 1412721737.57
134.899830123 1412721737.68
135.144808138 1412721737.82
134.956048455 1412721738.0
134.927714107 1412721738.17
134.890612028 1412721738.3
135.007395517 1412721738.42
135.022764745 1412721738.66
135.202798167 1412721738.83
135.217547506 1412721739.01
135.230110715 1412721739.15
135.242596388 1412721739.34
135.407182036 1412721739.5
135.379133829 1412721739.63
135.358233183 1412721739.81
135.364546531 1412721739.97
135.24507078 1412721740.11
135.322886479 1412721740.26
135.324814863 1412721740.4
135.326131277 1412721740.52
135.185305501 1412721740.62
135.466411174 1412721740.72
135.599220569 1412721740.82
135.48250559 1412721740.95
135.663667585 1412721741.08
135.545206146 1412721741.23
135.717739172 1412721741.42
135.735758951 1412721741.55
135.73259248 1412721741.66
135.77383794 1412721741.81
135.845164847 1412721741.93
135.84317318 1412721742.05
135.963906505 1412721742.19
135.872930753 1412721742.33
135.905580428 1412721742.44
136.178272615 1412721742.53
136.220622832 1412721742.65
136.262620238 1412721742.79
136.304373213 1412721742.88
136.345733191 1412721742.98
136.587716473 1412721743.1
136.610967616 1412721743.2
136.671536441 1412721743.37
136.696030655 1412721743.53
136.656429701 1412721743.65
136.675961718 1412721743.77
136.696085617 1412721743.9
136.716695448 1412721744.02
