17.5372504772 1412741678.71
19.108040521 1412741679.72
20.5281364149 1412741680.75
21.0138207178 1412741681.77
21.0745820015 1412741682.79
21.723256294 1412741683.8
21.9905090198 1412741684.8
23.204027896 1412741685.77
24.5137903963 1412741686.74
25.2252669257 1412741687.71
25.0144223057 1412741688.64
24.850161244 1412741689.58
24.9074718322 1412741690.52
24.5702048617 1412741691.51
24.3614413192 1412741692.46
24.1608161461 1412741693.42
24.1610744667 1412741694.38
24.1858268805 1412741695.36
24.0276546424 1412741696.32
24.1164882381 1412741697.27
24.1981192663 1412741698.3
24.3084062082 1412741699.27
24.4371885095 1412741700.25
24.4540844837 1412741701.23
24.4589579862 1412741702.21
24.6177782781 1412741703.23
24.4495352606 1412741704.26
24.5502485455 1412741705.25
24.4335657764 1412741706.26
24.4016161392 1412741707.3
24.4499341829 1412741708.33
24.41077143 1412741709.34
24.4358089373 1412741710.35
24.4335525917 1412741711.37
24.4744526875 1412741712.41
24.3275348494 1412741713.45
24.2709364863 1412741714.46
23.9885487444 1412741715.49
23.8689463008 1412741716.48
23.7327686985 1412741717.51
23.5800843431 1412741718.53
23.6748755022 1412741719.53
23.5793189963 1412741720.53
23.3648924255 1412741721.51
23.3634430822 1412741722.55
23.3821092521 1412741723.51
23.1642175022 1412741724.55
23.1203519706 1412741725.56
23.031099138 1412741726.59
23.0132593773 1412741727.61
22.822783901 1412741728.71
22.8117661056 1412741729.77
22.83255971 1412741730.76
22.8356886018 1412741731.78
22.6979925681 1412741732.79
22.7557071479 1412741733.79
22.3090046564 1412741734.8
22.9537053434 1412741735.86
23.4437163033 1412741736.8
22.7764801355 1412741737.82
21.671425553 1412741738.84
19.9010056324 1412741739.84
20.2351761639 1412741740.83
20.7690238089 1412741741.84
20.7108936593 1412741742.85
20.8179947984 1412741743.88
20.9981623174 1412741744.9
21.0113088715 1412741745.97
21.0322792804 1412741746.99
20.9806477052 1412741748.0
20.9878360332 1412741749.07
20.9171317764 1412741750.1
20.9042084085 1412741751.12
20.8932234171 1412741752.16
20.9644107088 1412741753.22
20.8471441982 1412741754.22
20.9393643788 1412741755.3
20.8554137452 1412741756.35
20.7527189549 1412741757.39
20.8400941333 1412741758.45
20.8528914482 1412741759.49
20.8268690213 1412741760.55
20.8165855381 1412741761.62
20.6632336889 1412741762.64
20.7311496692 1412741763.77
20.6710447371 1412741764.89
20.7205473975 1412741766.02
20.6861299453 1412741767.22
20.7652568115 1412741768.37
20.6583528002 1412741769.55
20.6287500738 1412741770.71
20.520350895 1412741771.88
20.6471846119 1412741772.92
20.5042868861 1412741774.0
20.6199492792 1412741775.03
20.6289790239 1412741776.1
20.6619490572 1412741777.13
20.67601358 1412741778.17
20.6661539592 1412741779.24
20.6477316361 1412741780.28
20.5872947135 1412741781.37
20.8044042521 1412741782.47
20.778669786 1412741783.56
20.7047645972 1412741784.62
20.6765147169 1412741785.64
20.6464849552 1412741786.68
20.7854013266 1412741787.71
20.6977550821 1412741788.74
20.693587883 1412741789.81
20.6368675349 1412741790.89
20.6706742108 1412741792.0
20.551890339 1412741793.08
20.4366541041 1412741794.18
20.2632643388 1412741795.3
20.0153872819 1412741796.45
19.803656808 1412741797.65
19.6238810933 1412741798.83
19.3315641862 1412741799.99
18.9853154581 1412741801.12
19.0280225573 1412741802.22
18.9438177247 1412741803.38
18.8340218969 1412741804.55
18.8745226443 1412741805.74
18.8225061751 1412741806.9
18.8071942055 1412741808.09
18.3644786312 1412741809.27
18.3700966569 1412741810.43
18.2933810245 1412741811.6
18.3080454478 1412741812.86
18.093218774 1412741814.09
18.1156161298 1412741815.48
18.0045980662 1412741816.84
17.9662410899 1412741818.18
17.8770212183 1412741819.59
17.7244960874 1412741820.96
17.7677205761 1412741822.28
17.8168847912 1412741823.57
17.7399394058 1412741824.85
17.7967933944 1412741826.12
17.8106076282 1412741827.42
17.8915232871 1412741828.77
17.8329744716 1412741830.09
17.9494443511 1412741831.36
17.907489692 1412741832.74
17.8960357226 1412741834.07
17.9016634343 1412741835.4
17.9572023058 1412741836.73
17.9079410255 1412741838.06
17.9321887172 1412741839.39
17.9954184078 1412741840.71
17.9234471377 1412741842.06
17.9469541625 1412741843.39
17.8891632278 1412741844.78
17.863206482 1412741846.16
17.8557747174 1412741847.51
17.6671615013 1412741848.88
17.6326472108 1412741850.22
17.6134886773 1412741851.55
17.5694904647 1412741852.89
17.5639684254 1412741854.18
17.5431027983 1412741855.58
17.4917907417 1412741856.93
17.5139630151 1412741858.29
17.6312670109 1412741859.58
17.4934701166 1412741860.91
17.425681065 1412741862.22
17.2655417549 1412741863.53
17.2962302279 1412741864.84
17.3025832573 1412741866.19
17.3346904641 1412741867.48
17.3059865732 1412741868.83
17.3117220371 1412741870.15
17.3043437253 1412741871.48
17.3131114207 1412741872.83
17.3714476936 1412741874.27
17.3622887843 1412741875.62
17.4172893827 1412741876.96
17.3719273769 1412741878.28
17.360093742 1412741879.66
17.3592249483 1412741881.03
17.3622623975 1412741882.41
17.3777481668 1412741883.86
17.3143196386 1412741885.39
17.3258097804 1412741886.85
17.3490951694 1412741888.26
17.3497914346 1412741889.67
17.3499870208 1412741891.14
17.3551621292 1412741892.63
17.3679880576 1412741894.12
17.27949077 1412741895.59
17.266971499 1412741897.05
17.2487236237 1412741898.5
17.2595219649 1412741899.95
17.2664088591 1412741901.42
17.2732184878 1412741902.89
17.273925613 1412741904.41
17.1341346396 1412741906.05
17.1136895926 1412741907.66
17.0048390179 1412741909.21
17.0059950189 1412741910.8
