24.9766158969 1412725202.86
25.7670850332 1412725203.21
26.9512504894 1412725203.57
27.1788891096 1412725203.98
27.4213036807 1412725204.29
27.1001699887 1412725204.62
27.111840635 1412725204.97
26.9888422408 1412725205.32
26.6725139973 1412725205.69
26.171104951 1412725206.04
26.0101310214 1412725206.4
25.6951721857 1412725206.74
25.2754312408 1412725207.07
24.6709958792 1412725207.41
24.2941502208 1412725207.73
23.6037827162 1412725208.03
23.3524412517 1412725208.29
23.3260459758 1412725208.62
23.3757432842 1412725208.91
23.2165108866 1412725209.25
23.2405644636 1412725209.55
23.0346368338 1412725209.84
23.0085643138 1412725210.11
23.0232131238 1412725210.38
22.9748600414 1412725210.71
23.0942134808 1412725211.04
23.2570320218 1412725211.37
23.2781096694 1412725211.69
23.5046326922 1412725212.07
23.4240781878 1412725212.44
23.3110489352 1412725212.78
22.9180903278 1412725213.09
22.7255339055 1412725213.46
22.5410999863 1412725213.77
22.1407111733 1412725214.13
21.820049994 1412725214.45
21.4663940107 1412725214.8
21.3863454648 1412725215.09
21.4249367124 1412725215.43
21.3063242695 1412725215.82
21.2863184519 1412725216.11
21.2204691662 1412725216.42
21.0701567458 1412725216.75
20.9063050672 1412725217.03
20.9475863864 1412725217.31
21.0065939569 1412725217.59
20.9328342965 1412725217.9
20.839940172 1412725218.23
20.7201201094 1412725218.56
20.7452898334 1412725218.89
20.7236794482 1412725219.27
20.9113337282 1412725219.59
20.8206766726 1412725219.89
20.8133564758 1412725220.19
20.7990287489 1412725220.48
20.7385237159 1412725220.75
20.7541841638 1412725221.06
20.7727718522 1412725221.38
20.7722288149 1412725221.68
20.8869283164 1412725221.99
20.7465054971 1412725222.28
20.748997027 1412725222.6
20.715986826 1412725222.9
20.6824666731 1412725223.2
20.6453416403 1412725223.49
20.6174819625 1412725223.81
20.6168432383 1412725224.2
20.5792577385 1412725224.51
20.3751507322 1412725224.87
20.4011272248 1412725225.17
20.4419675813 1412725225.52
20.4030281339 1412725225.82
20.3070412574 1412725226.13
20.3155106263 1412725226.49
20.2849430574 1412725226.79
20.231265349 1412725227.11
20.3018145481 1412725227.43
20.2575642515 1412725227.77
20.2460971441 1412725228.06
20.1038954759 1412725228.39
20.2678807188 1412725228.69
20.128217786 1412725228.98
20.0227320622 1412725229.25
19.9890360505 1412725229.54
19.7778130897 1412725229.82
19.6318426931 1412725230.14
19.4028259668 1412725230.63
19.3478608058 1412725231.11
19.2205446975 1412725231.66
19.1866886644 1412725232.23
19.0581633961 1412725232.77
18.8334322921 1412725233.09
18.768370118 1412725233.44
18.7411832393 1412725233.74
18.5656770873 1412725234.03
18.3386706267 1412725234.32
18.3668170754 1412725234.63
18.0537701031 1412725235.04
17.9012551346 1412725235.35
17.6616887447 1412725235.75
17.6825395939 1412725236.06
17.6285517044 1412725236.34
17.4972252004 1412725236.7
17.4525386073 1412725237.17
17.4171952253 1412725237.64
17.3515054487 1412725238.13
17.1052872833 1412725238.48
16.9308208699 1412725238.78
16.6714134976 1412725239.08
16.4236955596 1412725239.4
16.1165277555 1412725239.7
16.1094487056 1412725240.02
16.0267123925 1412725240.33
16.1044699796 1412725240.82
16.2038553495 1412725241.2
16.3373537105 1412725241.61
16.1284690196 1412725242.02
15.7711978518 1412725242.5
15.400254282 1412725242.88
15.0543228904 1412725243.22
15.1160205294 1412725243.55
15.3073453433 1412725244.0
15.3821749005 1412725244.29
15.4092296069 1412725244.61
15.4055369856 1412725244.97
15.4591872151 1412725245.29
15.3287000071 1412725245.62
15.0297959925 1412725245.92
14.8274092996 1412725246.31
14.5928774565 1412725246.61
14.6359718888 1412725246.91
14.6527734958 1412725247.21
14.7633044134 1412725247.51
14.7250768275 1412725247.82
14.7599907433 1412725248.17
14.6036098596 1412725248.5
14.4653409779 1412725248.82
14.4972279751 1412725249.13
14.5753501866 1412725249.42
14.5798686199 1412725249.74
14.422516032 1412725250.04
14.4318969646 1412725250.35
14.3153793464 1412725250.65
14.390220457 1412725250.93
14.383150831 1412725251.22
14.3384243054 1412725251.62
14.3271266432 1412725251.99
14.3001459268 1412725252.28
14.3227547793 1412725252.67
14.3557108221 1412725252.98
14.3793208158 1412725253.43
14.3499599394 1412725253.75
14.349193079 1412725254.07
14.2792920094 1412725254.46
14.3008931409 1412725254.89
14.2383875781 1412725255.19
14.3041081589 1412725255.5
14.2509511404 1412725255.87
14.2633357484 1412725256.17
14.1984882534 1412725256.46
14.1724182116 1412725256.74
14.0241282978 1412725257.03
14.1130662001 1412725257.43
13.9531140875 1412725257.72
13.9479165515 1412725258.0
14.1365699171 1412725258.3
13.9484774246 1412725258.58
13.975889363 1412725258.87
13.985849849 1412725259.14
14.0404383863 1412725259.42
13.9600767711 1412725259.7
13.8998279364 1412725259.98
13.9515054706 1412725260.26
13.9778790283 1412725260.54
13.8974112744 1412725260.84
13.9884578808 1412725261.14
13.9018033003 1412725261.42
13.8383019861 1412725261.78
13.9335597189 1412725262.07
13.9032650502 1412725262.36
13.833255087 1412725262.66
13.8749749881 1412725262.95
13.8435520427 1412725263.23
13.7771603396 1412725263.51
13.7627554607 1412725263.81
13.7534845732 1412725264.09
13.6919241243 1412725264.38
13.7543499439 1412725264.68
13.6599101096 1412725264.97
13.7209057135 1412725265.25
13.7403597135 1412725265.53
13.6709752417 1412725265.82
13.6929273095 1412725266.11
13.6962284496 1412725266.41
13.7508143701 1412725266.69
13.7262249577 1412725266.97
13.6984160011 1412725267.26
13.7044420986 1412725267.54
13.7204119392 1412725267.82
13.7122676715 1412725268.11
