25.8931253361 1412727918.18
25.8131601335 1412727918.88
26.5744156863 1412727919.5
26.3377951468 1412727920.14
26.2010465982 1412727920.8
25.7470137683 1412727921.48
25.4444735757 1412727922.16
25.642364451 1412727922.83
25.7835944095 1412727923.52
25.7138661105 1412727924.23
25.5714575177 1412727924.93
25.8611599162 1412727925.62
25.9956773751 1412727926.33
26.1352604501 1412727927.04
26.1616079891 1412727927.8
26.1292613537 1412727928.51
26.0080700141 1412727929.24
25.684838981 1412727929.97
25.420550487 1412727930.64
25.2204117264 1412727931.31
25.0345096194 1412727931.98
24.3794315619 1412727932.67
24.5469643177 1412727933.39
24.1583549691 1412727934.14
24.5955447425 1412727934.86
24.0781529644 1412727935.59
24.0317454064 1412727936.3
24.1241274547 1412727936.98
24.3194644779 1412727937.72
24.3084988555 1412727938.46
24.3817478419 1412727939.15
24.3439172431 1412727939.9
24.5640961173 1412727940.62
24.3011249311 1412727941.32
24.2626238772 1412727942.05
24.0791771152 1412727942.79
24.013183783 1412727943.54
23.9306882822 1412727944.3
24.0377908501 1412727945.02
23.9183743306 1412727945.76
24.1616745392 1412727946.49
24.2358431257 1412727947.24
24.3588087206 1412727948.0
24.3083974402 1412727948.72
24.6186672607 1412727949.45
24.6260852829 1412727950.17
24.5974079652 1412727950.88
24.3592743312 1412727951.64
24.3020936985 1412727952.44
24.2457352519 1412727953.23
24.4393334762 1412727954.07
24.2865054901 1412727954.87
24.271389739 1412727955.67
24.5283067466 1412727956.49
24.4468650795 1412727957.28
24.3434689362 1412727958.09
24.4935495048 1412727958.89
24.4693358101 1412727959.67
24.4341047054 1412727960.43
24.3850559905 1412727961.2
24.3851872669 1412727962.03
24.1796321539 1412727962.84
24.1155132071 1412727963.66
23.8059723111 1412727964.55
23.6426023233 1412727965.36
23.6066738296 1412727966.18
23.5969012073 1412727966.98
23.5442303494 1412727967.83
23.6260052238 1412727968.66
23.6586872304 1412727969.5
23.7457558266 1412727970.33
23.6034884125 1412727971.24
23.6615362187 1412727972.18
23.6488857965 1412727973.06
23.6102187442 1412727973.97
23.7282750719 1412727974.8
23.4400219155 1412727975.67
23.4768109652 1412727976.48
23.5632063526 1412727977.34
23.617117081 1412727978.21
23.5324964133 1412727979.1
23.4618067939 1412727979.95
23.3519121445 1412727980.73
23.4900664939 1412727981.6
23.6753349025 1412727982.45
23.9163604192 1412727983.27
23.9530142295 1412727984.1
23.9719489091 1412727984.92
24.0535546968 1412727985.77
24.2548087229 1412727986.63
24.2915614922 1412727987.5
24.2495206851 1412727988.38
24.7529042217 1412727989.27
24.6152115195 1412727990.19
24.7856310238 1412727991.11
24.5552865284 1412727992.0
24.5634996774 1412727992.85
24.5954804265 1412727993.7
24.494740472 1412727994.6
24.411067086 1412727995.52
24.2241556844 1412727996.4
24.2556483193 1412727997.27
24.1188333851 1412727998.12
24.2047276717 1412727998.99
24.1696605925 1412727999.93
24.0826425344 1412728000.76
23.9791086992 1412728001.6
23.9377270014 1412728002.39
23.820026016 1412728003.23
23.7388086105 1412728004.05
23.8418663371 1412728004.91
23.9286491937 1412728005.76
23.8868209263 1412728006.59
23.6240744519 1412728007.47
23.5322575619 1412728008.33
23.5476932223 1412728009.19
23.4050082072 1412728010.04
23.4776463091 1412728010.89
23.5778998439 1412728011.77
23.2568418598 1412728012.58
23.2605345985 1412728013.43
23.1415855465 1412728014.32
23.1891228813 1412728015.22
23.1568411997 1412728016.14
23.1783126487 1412728017.01
23.2397329819 1412728017.9
23.2031319812 1412728018.8
23.3082579591 1412728019.67
23.1498487324 1412728020.51
23.1120089515 1412728021.37
23.1599849778 1412728022.21
23.1839440422 1412728023.08
23.1753782091 1412728023.96
23.1695710626 1412728024.84
23.1133717553 1412728025.71
23.0833300278 1412728026.55
22.857585739 1412728027.41
22.8566898737 1412728028.25
23.108824804 1412728029.13
23.1003034513 1412728030.04
23.1021874888 1412728030.9
23.0796430528 1412728031.87
23.0708882013 1412728032.81
23.2097956012 1412728033.7
23.312933469 1412728034.76
23.3131858427 1412728035.67
23.3928846405 1412728036.59
23.5294283722 1412728037.55
23.5730932458 1412728038.43
23.4196777124 1412728039.43
23.9048070297 1412728040.42
24.1231028323 1412728041.4
24.318595943 1412728042.37
24.2576414053 1412728043.34
24.1406353497 1412728044.35
23.9578053346 1412728045.28
23.8279746473 1412728046.2
23.8884733887 1412728047.12
23.7592350328 1412728048.13
23.8141847052 1412728049.11
23.8531875833 1412728050.05
23.9116141993 1412728051.0
23.7508629531 1412728051.99
23.9953352957 1412728053.0
23.5985202359 1412728053.93
23.7146469487 1412728054.89
23.5973845019 1412728055.89
23.6003701057 1412728056.9
23.3916511438 1412728057.97
23.6773698808 1412728059.04
23.6016656323 1412728060.07
23.5784622959 1412728061.14
23.9727559661 1412728062.21
23.9179207492 1412728063.31
23.8249793386 1412728064.39
23.8366586853 1412728065.43
23.9013463272 1412728066.46
24.0548937377 1412728067.56
23.978170475 1412728068.72
23.8507071362 1412728069.81
23.7321058083 1412728070.87
23.8256538182 1412728071.94
23.8044704444 1412728073.17
23.8023424135 1412728074.47
23.9070599741 1412728075.68
23.8362062036 1412728076.97
23.8096519971 1412728078.13
23.9994580751 1412728079.38
23.9088813448 1412728080.61
23.9437795148 1412728081.83
24.0019653822 1412728083.04
24.0306435942 1412728084.32
24.0564855749 1412728085.54
24.4092700292 1412728086.71
24.8383068268 1412728087.9
24.9347920252 1412728089.14
24.9538590752 1412728090.44
24.9672553602 1412728091.68
25.5257659823 1412728092.91
25.5740021048 1412728094.21
