81.3934898854 1412723771.55
81.7179480045 1412723771.93
83.743198896 1412723772.29
81.9275228539 1412723772.65
82.6729024956 1412723772.96
83.053732343 1412723773.28
83.7654142271 1412723773.6
84.2341995082 1412723773.89
83.5369262779 1412723774.2
81.5134146495 1412723774.53
79.8642124893 1412723774.82
80.4857904969 1412723775.09
80.8206057316 1412723775.38
79.997734218 1412723775.69
78.0973211323 1412723775.98
78.7240363246 1412723776.3
78.7916393724 1412723776.61
78.4340840523 1412723776.91
77.490530956 1412723777.3
76.9250006425 1412723777.69
77.5786835804 1412723777.99
76.5259046359 1412723778.27
76.092646331 1412723778.61
74.3826775095 1412723778.92
73.3314361878 1412723779.21
73.1410866451 1412723779.51
73.516394618 1412723779.79
72.8510946394 1412723780.1
72.7413166477 1412723780.4
73.3689155787 1412723780.71
74.142641529 1412723781.01
74.290774116 1412723781.34
74.4639897636 1412723781.7
73.9881051886 1412723781.99
73.3762953526 1412723782.28
73.0484518962 1412723782.6
72.8170614464 1412723782.9
72.9564080262 1412723783.19
72.8419260658 1412723783.47
72.5459610361 1412723783.76
72.4392235054 1412723784.03
72.3554832779 1412723784.34
72.6109676962 1412723784.62
72.2497768235 1412723784.94
71.9672369449 1412723785.28
71.9238633874 1412723785.6
71.2255668718 1412723785.95
71.3972227299 1412723786.29
70.9363919534 1412723786.62
70.7940358916 1412723786.91
70.8227453153 1412723787.25
70.8146722171 1412723787.56
71.0811351214 1412723787.89
71.2816766579 1412723788.19
71.5262480002 1412723788.5
71.2907969061 1412723788.83
70.7765898639 1412723789.16
70.5931099529 1412723789.5
70.0661674294 1412723789.81
69.9433164715 1412723790.17
69.5969939512 1412723790.5
69.1314084823 1412723790.8
69.141560124 1412723791.11
68.8725213411 1412723791.42
68.5541651705 1412723791.74
68.3568640511 1412723792.06
68.1683674024 1412723792.37
68.0437749961 1412723792.67
67.9100257199 1412723792.97
67.7989382898 1412723793.3
67.9858189477 1412723793.61
67.4847584432 1412723793.91
67.4958133252 1412723794.22
68.1029731154 1412723794.53
67.7067586647 1412723794.85
67.913713864 1412723795.19
68.0831372728 1412723795.51
208.784069082 1412723795.81
209.087252759 1412723796.13
209.349030593 1412723796.52
68.0514083926 1412723796.92
67.9798573329 1412723797.28
68.0262586796 1412723797.67
68.2051257191 1412723798.08
67.8770837146 1412723798.43
208.84989168 1412723798.79
208.816200584 1412723799.2
67.519406182 1412723799.65
208.731412943 1412723799.99
68.0668855424 1412723800.32
67.7509669409 1412723800.64
67.6492296976 1412723800.96
68.0122828235 1412723801.36
67.9063349297 1412723801.73
68.0295264036 1412723802.05
68.2146301619 1412723802.48
68.1975982196 1412723802.84
210.187996792 1412723803.23
210.293530863 1412723803.54
67.906692535 1412723803.89
67.8561998425 1412723804.31
210.447540925 1412723804.71
210.444542906 1412723805.07
68.0222624541 1412723805.45
68.0032044554 1412723805.79
67.9253191793 1412723806.21
67.9726104956 1412723806.62
67.8661562498 1412723806.97
67.562070895 1412723807.41
67.4626690713 1412723807.8
67.3646982461 1412723808.14
67.2915838403 1412723808.53
67.441776092 1412723808.87
67.4437698459 1412723809.22
67.3363706621 1412723809.59
67.4117293807 1412723810.02
67.6176528748 1412723810.38
67.4613602973 1412723810.79
67.5607256159 1412723811.21
67.7401067162 1412723811.66
67.6729425949 1412723812.06
67.3971546521 1412723812.49
67.6512554509 1412723812.92
67.4832279004 1412723813.29
67.1580433768 1412723813.67
67.2175977412 1412723814.05
67.3257227054 1412723814.55
67.0927201749 1412723815.03
66.936368433 1412723815.35
67.1096219488 1412723815.7
67.0104726912 1412723816.1
67.0185779915 1412723816.48
67.2021952747 1412723816.95
67.3924315041 1412723817.45
67.3554450186 1412723817.9
67.5464653738 1412723818.26
67.416883099 1412723818.83
67.449646548 1412723819.38
67.4208140012 1412723819.88
67.3257714731 1412723820.3
67.415197374 1412723820.69
67.3546296112 1412723821.52
67.3420056601 1412723822.29
67.3419023472 1412723822.73
67.2232759593 1412723823.11
67.3223673301 1412723823.79
67.4063820756 1412723824.38
67.5055592778 1412723824.9
67.5073950717 1412723825.41
67.1991252644 1412723825.92
67.2922196811 1412723826.44
67.2718790662 1412723827.0
67.270908399 1412723827.53
67.1497853288 1412723828.09
67.2299207981 1412723828.62
67.3292007296 1412723829.14
67.1088025482 1412723829.8
67.1886197543 1412723830.3
67.231772547 1412723830.8
67.0693339678 1412723831.31
67.3829008338 1412723832.19
67.3055695295 1412723833.11
67.3740398445 1412723833.84
67.3726676137 1412723834.43
67.4463458926 1412723834.92
67.4484703099 1412723835.47
67.4511666521 1412723835.99
67.2947623777 1412723836.52
67.4314808939 1412723837.03
67.2691371167 1412723837.45
67.2438182359 1412723837.93
67.2196686714 1412723838.25
67.2114653113 1412723838.88
67.1860076425 1412723839.4
67.551288312 1412723839.77
67.5213022588 1412723840.14
67.6715030972 1412723840.52
67.6206400418 1412723841.0
67.5958280335 1412723841.54
67.6652677142 1412723842.24
67.6371161726 1412723842.74
67.6090243742 1412723843.21
67.5004804296 1412723843.69
67.4827929296 1412723844.25
67.4581932402 1412723844.7
67.4173499177 1412723845.12
67.3999021752 1412723845.54
67.3816338018 1412723845.94
67.4040131375 1412723846.38
67.2868424962 1412723846.76
67.4053261366 1412723847.14
67.2876465785 1412723847.56
67.4064094928 1412723847.93
67.3856291045 1412723848.32
67.3020784949 1412723848.73
67.3296250727 1412723849.15
67.4765365627 1412723849.53
67.4312532378 1412723849.97
67.4091731079 1412723850.64
67.4896074961 1412723851.64
