68.2886772733 1412746271.06
67.7843263731 1412746272.66
67.5436985264 1412746274.25
67.3524761563 1412746275.82
66.5646973681 1412746277.36
66.0598790107 1412746278.85
65.7090766491 1412746280.33
65.7974905341 1412746281.89
65.9982230049 1412746283.55
66.1995132566 1412746285.17
66.2319199825 1412746286.75
66.3668590233 1412746288.37
66.4497137821 1412746290.06
66.5125459222 1412746291.67
66.6868397263 1412746293.21
66.8154137056 1412746294.9
67.0110768045 1412746296.52
67.1918927861 1412746298.11
67.419250729 1412746299.67
67.6138408703 1412746301.26
67.5927737838 1412746302.85
67.3646531384 1412746304.44
67.1176484684 1412746306.04
66.941927493 1412746307.67
66.6775580722 1412746309.3
66.178464451 1412746310.86
66.1027965953 1412746312.51
66.0118918452 1412746314.02
65.6629596177 1412746315.56
65.7381884115 1412746317.25
65.4121774644 1412746318.83
65.3911043436 1412746320.38
65.2863239062 1412746321.85
65.4137741624 1412746323.35
65.6565585472 1412746324.8
65.5234615269 1412746326.31
65.8152074415 1412746327.86
65.8225441505 1412746329.62
65.7169202661 1412746331.39
65.8387506008 1412746333.13
66.1618519035 1412746334.84
66.0450026618 1412746336.57
66.1896684398 1412746338.34
65.9669360982 1412746340.03
65.690959784 1412746341.8
64.9090803574 1412746343.52
64.7184558624 1412746345.23
63.6596237335 1412746346.92
63.6265539621 1412746348.65
63.5748102209 1412746350.33
62.5240348487 1412746352.02
62.6220742831 1412746353.69
62.5950738083 1412746355.31
62.823194357 1412746356.75
62.4839541042 1412746358.16
62.1086963615 1412746359.55
62.3422335852 1412746360.94
61.8780808601 1412746362.34
62.3248573283 1412746363.7
61.8116859391 1412746365.08
61.0958281884 1412746366.48
60.0066040416 1412746367.89
60.6684566853 1412746369.3
59.2074857772 1412746370.7
60.04212367 1412746372.11
58.7752003399 1412746373.58
57.1432095271 1412746375.16
58.3593217417 1412746376.74
58.2470313447 1412746378.13
57.5508392206 1412746379.53
56.5175030574 1412746380.98
56.1041343142 1412746382.46
56.2222006829 1412746383.94
55.7825652261 1412746385.54
55.636481811 1412746387.02
55.2772091482 1412746388.56
55.0735933649 1412746390.17
54.4648840139 1412746391.78
54.0306854183 1412746393.39
53.3555491347 1412746394.99
53.0452686795 1412746396.6
52.8322964495 1412746398.31
53.1066050299 1412746400.01
53.5046972174 1412746401.89
52.3613659559 1412746403.65
52.3574488212 1412746405.39
52.2919109755 1412746407.29
52.2897001163 1412746409.25
52.2666817635 1412746411.26
52.7912675163 1412746413.22
52.8252832264 1412746415.19
53.3090820749 1412746417.25
53.5046742267 1412746419.29
53.3189093579 1412746421.34
53.1806634509 1412746423.37
53.2080791241 1412746425.48
53.5617124607 1412746427.53
53.1341222356 1412746429.65
52.7879485171 1412746431.7
52.5501250783 1412746433.71
52.4460763129 1412746435.85
52.5238299115 1412746437.95
52.6873902682 1412746440.17
52.6975032511 1412746442.37
52.9231088725 1412746444.6
52.7823562606 1412746446.88
52.6119039715 1412746449.12
52.4044298375 1412746451.44
52.4361930153 1412746453.75
52.088456299 1412746456.04
52.4514060788 1412746458.33
52.8063136123 1412746460.7
52.9753813456 1412746462.98
52.7863857941 1412746465.37
52.9406731835 1412746467.69
52.7772107778 1412746469.96
52.7779806798 1412746472.33
52.6886458838 1412746474.6
52.8155399905 1412746476.89
52.493960579 1412746479.29
52.4531004433 1412746481.69
52.3448894692 1412746484.02
52.4432029264 1412746486.36
52.3628174367 1412746488.78
52.6354965394 1412746491.24
52.4579277667 1412746493.61
52.4639477143 1412746496.01
52.4126988061 1412746498.44
52.3364867338 1412746500.77
52.3170806151 1412746503.01
52.0949715736 1412746505.17
51.7000163089 1412746507.34
51.6341104503 1412746509.45
51.6266269421 1412746511.67
51.4375230982 1412746513.78
51.2761078185 1412746515.88
51.0753807072 1412746518.0
51.0187757199 1412746520.13
50.9382721854 1412746522.22
50.8957644169 1412746524.21
50.7199471254 1412746526.17
50.230722948 1412746528.09
50.2702215043 1412746530.05
50.3110352879 1412746531.99
50.4028511157 1412746533.94
50.3987987248 1412746535.84
50.4728282382 1412746537.81
50.5275656357 1412746539.8
50.4604268082 1412746541.77
50.4065060859 1412746543.74
50.5411902659 1412746545.7
50.5261611075 1412746547.63
50.4989431205 1412746549.58
50.6696362382 1412746551.53
50.7952438218 1412746553.48
51.013158733 1412746555.46
51.220272106 1412746557.54
51.180671724 1412746559.64
51.022291634 1412746561.71
51.0262477547 1412746563.73
51.0874951716 1412746565.76
51.0273734461 1412746567.86
51.0703017527 1412746569.83
50.4990746566 1412746571.88
50.3540769979 1412746573.92
50.3900975665 1412746575.98
50.4411898168 1412746577.98
50.2934150182 1412746580.06
50.4115252703 1412746582.06
50.3807352987 1412746584.0
50.318380651 1412746585.97
50.3996346865 1412746587.87
50.3655298603 1412746589.82
50.1731471131 1412746591.74
50.1495893492 1412746593.57
50.2097656853 1412746595.45
50.2007801673 1412746597.36
50.1208955166 1412746599.3
50.2617962299 1412746601.35
50.0247622957 1412746603.22
50.201159676 1412746605.05
50.106998154 1412746606.88
50.1508886535 1412746608.7
50.0685248003 1412746610.53
50.114568659 1412746612.42
50.1237551467 1412746614.34
50.2083971403 1412746616.14
50.1275828577 1412746617.93
49.9924211863 1412746619.72
50.0757046301 1412746621.57
50.0799569881 1412746623.37
50.0780196027 1412746625.17
50.0855941282 1412746626.94
50.0830141472 1412746628.73
50.2404980299 1412746630.49
50.2010062071 1412746632.24
50.1956565501 1412746633.98
50.3044820303 1412746635.67
50.2607082566 1412746637.41
50.2258386694 1412746639.18
