43.6265294505 1412723169.52
44.291996369 1412723169.85
45.3060194824 1412723170.15
46.4411731669 1412723170.49
46.1898498861 1412723170.81
45.6592072678 1412723171.14
45.750725811 1412723171.47
46.1647522032 1412723171.8
45.5959354887 1412723172.15
45.8584557428 1412723172.45
45.8413453469 1412723172.77
45.5392753972 1412723173.05
45.7677836986 1412723173.36
45.4651417534 1412723173.7
45.2931728325 1412723173.98
45.0959705251 1412723174.3
44.9230792094 1412723174.64
45.0868990986 1412723174.94
44.6259937542 1412723175.26
44.8625744834 1412723175.58
44.2227019542 1412723175.89
44.0968119834 1412723176.17
43.9607432884 1412723176.49
44.4253929604 1412723176.79
44.8828153002 1412723177.07
44.7755855 1412723177.41
44.5574298172 1412723177.68
44.543047649 1412723177.99
45.0408152289 1412723178.34
45.0799705626 1412723178.67
45.9547773078 1412723178.99
49.9841310737 1412723179.28
52.5507665835 1412723179.62
53.1740103613 1412723180.1
53.4545165159 1412723180.41
52.4909438491 1412723180.7
48.8050400922 1412723180.97
45.1408411577 1412723181.25
43.5309778973 1412723181.53
43.026433415 1412723181.84
41.73029293 1412723182.13
41.4588269191 1412723182.39
41.130874061 1412723182.71
41.2828096527 1412723182.98
40.2373980684 1412723183.27
39.8602704294 1412723183.57
38.9563910871 1412723183.88
39.1091626244 1412723184.36
39.0856703299 1412723184.81
39.1802188131 1412723185.21
39.7260320215 1412723185.65
39.4247239732 1412723186.08
39.9357727197 1412723186.53
40.647479668 1412723186.95
40.6177488844 1412723187.35
40.7774720776 1412723187.78
41.2635098855 1412723188.19
41.2718754825 1412723188.66
41.2750527275 1412723189.07
41.974352052 1412723189.54
42.1781211053 1412723189.95
42.3127663204 1412723190.42
41.5671562774 1412723190.9
40.1459977341 1412723191.35
39.2127721103 1412723191.83
39.8606931354 1412723192.32
39.0498294073 1412723192.77
39.2553458651 1412723193.17
39.075622589 1412723193.65
38.8746938835 1412723194.14
39.290253004 1412723194.64
38.6733898193 1412723195.14
38.2841647294 1412723195.63
37.6839640945 1412723196.14
37.2796351541 1412723196.57
37.2747162154 1412723197.07
37.7224720874 1412723197.58
37.5400140548 1412723198.09
36.6821207529 1412723198.64
36.4450509426 1412723199.12
36.7334481606 1412723199.66
36.7075724551 1412723200.17
36.5140557039 1412723200.68
36.5223086861 1412723201.11
36.6659636766 1412723201.65
36.603802657 1412723202.13
36.4815061218 1412723202.63
36.1702266969 1412723203.07
36.2039962292 1412723203.52
36.235176937 1412723204.06
36.3412401798 1412723204.52
36.8172513855 1412723205.0
36.5444498382 1412723205.5
36.8908027037 1412723205.98
36.2974042566 1412723206.45
36.793934339 1412723206.96
36.7215904866 1412723207.63
36.9336907631 1412723208.22
36.4406306037 1412723208.75
36.4944260175 1412723209.39
36.5075577623 1412723209.98
36.6012671441 1412723210.61
35.7947345795 1412723211.18
35.8507754978 1412723211.94
36.4089500218 1412723212.64
35.8727354763 1412723213.14
35.8736316498 1412723213.67
35.4375088764 1412723214.41
35.2861428681 1412723215.04
34.862621608 1412723215.57
34.5751846845 1412723216.22
34.8582723583 1412723216.85
34.834323132 1412723217.43
35.0621041697 1412723217.95
35.1961251924 1412723218.52
34.31784734 1412723219.09
34.643439959 1412723219.65
34.8345061661 1412723220.25
35.4719924886 1412723220.89
35.8137317592 1412723221.53
35.7938787691 1412723222.06
35.658382728 1412723222.58
35.8178549953 1412723223.13
35.5692758982 1412723223.64
35.5949433081 1412723224.16
36.0600097942 1412723224.68
36.4551675585 1412723225.19
36.5371209768 1412723225.71
37.0794659694 1412723226.27
37.8221902746 1412723226.82
38.0021546711 1412723227.4
37.9590516859 1412723227.93
37.9093065797 1412723228.53
38.0974551341 1412723229.17
38.1751768784 1412723229.75
38.2427003563 1412723230.33
38.1847772802 1412723230.92
38.1985313079 1412723231.52
38.1655766625 1412723232.17
38.2139513611 1412723232.77
38.1104470316 1412723233.23
38.6051411902 1412723233.67
38.5339251496 1412723234.17
38.2717780087 1412723234.63
38.3971077272 1412723235.19
38.1162192982 1412723235.77
38.0651882733 1412723236.33
38.3945378509 1412723236.95
38.0024510776 1412723237.59
38.042258398 1412723238.17
37.8791702811 1412723239.04
37.9807869668 1412723239.84
37.9692052562 1412723240.62
37.7134089664 1412723241.39
38.082193301 1412723242.25
37.9701274116 1412723243.03
37.8817233152 1412723243.86
37.7870161204 1412723244.83
38.235764155 1412723245.43
37.8613263552 1412723246.04
38.0273341472 1412723246.65
38.29686519 1412723247.16
38.0246580518 1412723247.83
38.2628801438 1412723248.51
38.3842327528 1412723249.12
38.573552807 1412723249.79
38.8004346604 1412723250.34
39.1336763922 1412723250.92
39.4499911404 1412723251.57
39.5252277105 1412723252.03
39.4552240752 1412723252.47
39.1709269081 1412723252.93
39.2567505449 1412723253.39
39.5838699607 1412723253.93
39.4259712981 1412723254.44
39.3353240375 1412723254.87
39.9073790343 1412723255.3
40.163871628 1412723255.77
40.5594429743 1412723256.27
40.6106613537 1412723256.78
40.6197686561 1412723257.28
40.5204417932 1412723257.79
40.5032564144 1412723258.34
40.7749994815 1412723258.77
40.7528271916 1412723259.23
40.7323852031 1412723259.69
40.8290032416 1412723260.11
40.7933901756 1412723260.55
40.7459254811 1412723261.04
40.7103280336 1412723261.49
40.695046131 1412723261.96
40.6704526548 1412723262.4
40.63715135 1412723262.92
40.4012107971 1412723263.38
40.6537381888 1412723263.84
40.6234088111 1412723264.34
40.3391864702 1412723264.86
40.6281964781 1412723265.34
40.3249492793 1412723265.92
40.6113934766 1412723266.37
