29.2065998528 1412752928.41
28.4904317205 1412752929.85
27.6639586333 1412752931.3
26.8512543291 1412752932.73
26.2622691545 1412752934.12
25.9631374005 1412752935.49
25.8943237292 1412752936.93
25.8889676838 1412752938.3
25.9545284922 1412752939.64
25.9474056239 1412752940.99
25.8449748222 1412752942.32
25.6344643689 1412752943.64
25.4686812588 1412752944.99
25.3392934592 1412752946.32
25.2394905674 1412752947.68
24.9754165565 1412752949.03
24.6470823742 1412752950.37
24.3646518992 1412752951.68
24.2220716627 1412752953.02
24.1056195902 1412752954.33
24.0637039539 1412752955.66
24.1978276353 1412752956.97
24.1246457236 1412752958.24
23.7171063885 1412752959.51
22.9691457874 1412752960.82
22.4889439287 1412752962.12
23.532837141 1412752963.42
22.3803053208 1412752964.7
23.2969866372 1412752966.0
23.9624748959 1412752967.32
23.7013297105 1412752968.63
23.441910188 1412752969.96
23.6155817395 1412752971.26
23.6637791172 1412752972.61
23.4890510019 1412752973.92
23.621513388 1412752975.2
23.4051668383 1412752976.5
23.4290505509 1412752977.79
23.2992202551 1412752979.08
23.1661425942 1412752980.42
22.9395650191 1412752981.72
22.7694251561 1412752982.99
22.7859373144 1412752984.22
23.0281604675 1412752985.48
23.3898248368 1412752986.77
23.906996596 1412752988.06
24.3414152326 1412752989.39
24.7111972949 1412752990.71
23.8145467769 1412752992.03
23.2294213681 1412752993.35
22.509499699 1412752994.66
22.0526283291 1412752995.95
21.3658309405 1412752997.27
20.8143077581 1412752998.62
20.3505189278 1412752999.97
19.7925974759 1412753001.28
18.9196774426 1412753002.65
17.8532478779 1412753004.02
17.7140302519 1412753005.36
17.4239200351 1412753006.72
17.2963279661 1412753008.1
17.1566020859 1412753009.49
16.8518493758 1412753010.94
16.7680248981 1412753012.33
16.5927832623 1412753013.78
16.5167959248 1412753015.2
16.2236535663 1412753016.65
16.0488079282 1412753018.16
15.8655279717 1412753019.61
15.7843106851 1412753021.08
15.5467593484 1412753022.57
15.4503424858 1412753024.03
15.2955146343 1412753025.47
15.1712243338 1412753026.92
15.1106635684 1412753028.42
15.0281547539 1412753029.97
15.041471105 1412753031.47
15.0446098302 1412753033.02
15.0338708617 1412753034.6
15.0369239141 1412753036.12
15.0347712725 1412753037.7
14.9229495357 1412753039.31
14.9552129888 1412753040.94
14.9521249344 1412753042.62
14.8795865283 1412753044.21
14.9131589368 1412753045.85
14.9195588845 1412753047.46
14.8652450831 1412753049.01
14.8309658931 1412753050.59
14.8098543427 1412753052.19
14.7831337631 1412753053.78
14.758321183 1412753055.37
14.6868169955 1412753056.99
14.6869598126 1412753058.57
14.7034621896 1412753060.1
14.7410344834 1412753061.68
14.634911322 1412753063.28
14.6036803855 1412753064.88
14.522440916 1412753066.51
14.4795669027 1412753068.13
14.4168932494 1412753069.88
14.4098819691 1412753071.31
14.390708379 1412753072.75
14.299663887 1412753074.1
14.3007103807 1412753075.52
14.2830493829 1412753076.94
14.2719444121 1412753078.29
14.2897494784 1412753079.67
14.2704566461 1412753081.08
14.2669497696 1412753082.5
14.2271121967 1412753083.92
14.1837560285 1412753085.28
14.2114980429 1412753086.68
14.1530345626 1412753088.06
14.168877218 1412753089.42
14.1577128609 1412753090.85
14.1610092768 1412753092.24
14.133258539 1412753093.61
14.1637435661 1412753094.95
14.1589131004 1412753096.29
14.1897933932 1412753097.73
14.2328819818 1412753099.09
14.2754330408 1412753100.49
14.3283394825 1412753101.92
14.2318690719 1412753103.28
14.2735885122 1412753104.67
14.3052773246 1412753106.04
14.290639138 1412753107.37
14.2374806288 1412753108.75
14.2458569777 1412753110.11
14.203731815 1412753111.47
14.1337834654 1412753112.85
14.1946782103 1412753114.23
14.1374014757 1412753115.57
14.1125611179 1412753116.94
14.1345281509 1412753118.31
14.088160726 1412753119.7
14.070261483 1412753121.11
14.0280621126 1412753122.51
14.0325574264 1412753123.94
13.9844440222 1412753125.4
13.9625554452 1412753126.85
13.9636644441 1412753128.28
13.8990031311 1412753129.69
13.9117504404 1412753131.08
13.9100282978 1412753132.47
13.914409265 1412753133.94
13.9386505995 1412753135.36
13.9764758891 1412753136.77
13.9233546948 1412753138.23
13.9568529056 1412753139.7
13.9338608499 1412753141.11
13.9546967402 1412753142.53
13.9695903174 1412753143.97
13.9497472337 1412753145.41
13.9298590592 1412753146.87
13.9624482285 1412753148.3
13.9101488036 1412753149.77
13.860963449 1412753151.21
13.8637158732 1412753152.65
13.8332630057 1412753154.09
13.7666863188 1412753155.47
13.7177680152 1412753156.95
13.7096613682 1412753158.43
13.7286595212 1412753159.85
13.7051361913 1412753161.33
13.7179154946 1412753162.78
13.6527279224 1412753164.19
13.6698076393 1412753165.59
13.6363113926 1412753166.97
13.6023276938 1412753168.34
13.6815831139 1412753169.7
13.6237808095 1412753171.08
13.556783075 1412753172.48
13.5570610511 1412753173.86
13.6289088948 1412753175.24
13.5487152035 1412753176.66
13.5723397284 1412753178.06
13.523666697 1412753179.5
13.534427865 1412753180.88
13.4718219324 1412753182.33
13.4841636428 1412753183.67
13.5046012387 1412753185.09
13.4872123715 1412753186.51
13.4763871086 1412753187.88
13.4314732031 1412753189.26
13.4542555584 1412753190.66
13.3887795682 1412753192.07
13.4082753692 1412753193.45
13.3702646067 1412753194.83
13.3778398168 1412753196.24
13.3677231132 1412753197.62
13.3702726579 1412753199.05
13.3301748099 1412753200.42
13.2913845972 1412753201.83
13.2734038951 1412753203.24
13.2041007774 1412753204.67
13.2696795336 1412753206.07
13.2011253217 1412753207.47
13.2656642387 1412753208.87
