33.3866347025 1412732973.26
32.0472695651 1412732973.84
31.3952790004 1412732974.42
31.4799692562 1412732975.04
31.3434248334 1412732975.6
31.4019821083 1412732976.2
31.1757155209 1412732976.76
31.1725318684 1412732977.35
31.3663949343 1412732977.92
31.4072307351 1412732978.46
31.426476576 1412732979.08
31.2011561842 1412732979.67
31.5167008029 1412732980.25
31.5689784043 1412732980.89
31.3255992766 1412732981.54
31.1836476324 1412732982.23
31.0852395949 1412732982.84
31.0616854815 1412732983.5
31.0851603921 1412732984.12
30.8997535348 1412732984.74
30.7045985897 1412732985.35
30.3213731217 1412732985.97
30.6584755797 1412732986.56
30.9270816341 1412732987.19
30.5799349426 1412732987.78
30.0233123729 1412732988.35
29.782630798 1412732988.91
29.5568226987 1412732989.52
29.4778243631 1412732990.15
29.355395161 1412732990.74
29.1844971753 1412732991.37
28.7775660935 1412732991.95
28.8602743715 1412732992.55
29.1658432432 1412732993.15
28.8306901527 1412732993.81
29.4611253453 1412732994.45
29.7549988541 1412732995.05
30.2096541671 1412732995.65
31.0831267479 1412732996.24
31.6146885588 1412732996.86
32.2790580247 1412732997.5
32.2632402913 1412732998.17
32.2869804642 1412732998.83
28.2722720741 1412732999.53
27.222323953 1412733000.21
27.3447773361 1412733000.94
27.5853958925 1412733001.6
28.4482313784 1412733002.34
29.1781448533 1412733002.91
29.2566853611 1412733003.55
29.2361455582 1412733004.31
29.6845580763 1412733005.02
30.0011967396 1412733005.77
29.498872488 1412733006.47
29.3104289863 1412733007.11
29.5215269953 1412733007.73
29.5051483039 1412733008.42
29.7779485995 1412733009.05
29.7114799081 1412733009.69
29.5915835329 1412733010.35
29.3880939953 1412733011.09
29.5765459556 1412733011.81
29.4867345174 1412733012.43
29.1475087016 1412733012.98
28.9193529339 1412733013.55
28.9531320418 1412733014.14
28.8831979358 1412733014.77
28.5950093553 1412733015.34
28.7128653671 1412733015.92
28.6402961096 1412733016.54
28.4884896507 1412733017.14
28.479755839 1412733017.72
28.4552490706 1412733018.29
28.4506663287 1412733018.89
28.0947093241 1412733019.47
28.1114204979 1412733020.07
28.1207306456 1412733020.64
28.0583482254 1412733021.21
27.8907743409 1412733021.81
27.6434927369 1412733022.44
27.6078180862 1412733023.04
27.3712345743 1412733023.6
27.4760342132 1412733024.18
27.1219688741 1412733024.82
27.0136500383 1412733025.42
27.2751999405 1412733026.04
26.9177066392 1412733026.63
27.2561693438 1412733027.21
26.8760027991 1412733027.86
27.2307094153 1412733028.5
26.968428624 1412733029.13
26.9969605212 1412733029.79
26.5405930398 1412733030.42
26.4687064253 1412733031.04
26.4138045608 1412733031.63
26.2604074821 1412733032.25
26.2840657836 1412733032.88
26.3678049188 1412733033.5
26.4906777244 1412733034.11
26.5672254315 1412733034.72
26.6751384912 1412733035.36
26.8237932759 1412733035.99
26.7548160756 1412733036.6
26.8957826904 1412733037.25
26.9398905091 1412733037.88
26.8911864087 1412733038.51
26.8809849208 1412733039.15
27.1021888569 1412733039.8
27.2420125147 1412733040.49
27.3591192165 1412733041.16
27.6084368467 1412733041.75
27.4619648144 1412733042.41
27.367390431 1412733043.09
27.1521662289 1412733043.74
27.2200428113 1412733044.42
27.1514846793 1412733045.06
27.1124631188 1412733045.74
27.1654621504 1412733046.38
27.0148348528 1412733047.06
26.8345987311 1412733047.68
27.0213767384 1412733048.57
26.8184233113 1412733049.43
26.6480756288 1412733050.13
26.5391092283 1412733050.86
26.577716533 1412733051.63
26.6817501444 1412733052.31
26.6830578793 1412733052.97
27.0755865076 1412733053.69
26.9892491287 1412733054.34
27.0455671365 1412733055.03
27.0879963128 1412733055.73
27.0339357855 1412733056.42
26.9390147306 1412733057.07
26.9930785218 1412733057.75
26.920665817 1412733058.45
26.7946984029 1412733059.12
26.7864363082 1412733059.81
26.9274610492 1412733060.44
27.0212191079 1412733061.12
26.929304031 1412733061.79
26.8783327344 1412733062.41
26.9038000985 1412733063.08
26.8244278407 1412733063.74
26.6792841546 1412733064.43
26.6662199214 1412733065.06
26.5516451802 1412733065.7
26.420372882 1412733066.33
26.3026773094 1412733066.99
26.0561684555 1412733067.66
25.9616620235 1412733068.37
25.7814540425 1412733069.03
25.591968567 1412733069.7
25.6648710321 1412733070.38
25.4982474101 1412733071.03
25.374592164 1412733071.68
25.141444656 1412733072.33
25.272894931 1412733072.99
25.2767751688 1412733073.63
25.4366273579 1412733074.31
25.4759651693 1412733075.02
25.6085374638 1412733075.7
25.7517657742 1412733076.39
25.7116768526 1412733077.07
25.8852180048 1412733077.8
25.7335940384 1412733078.47
25.8924607681 1412733079.18
25.7043703965 1412733079.85
25.7291596893 1412733080.51
25.7220747892 1412733081.22
25.6822911474 1412733081.87
25.7537737144 1412733082.54
25.795999335 1412733083.23
25.6873707657 1412733083.91
25.7666258617 1412733084.61
25.72152331 1412733085.28
25.5743488312 1412733085.94
25.5750143843 1412733086.62
25.4904213443 1412733087.32
25.5837708879 1412733088.0
25.6647718849 1412733088.67
25.538999773 1412733089.37
25.4125740838 1412733090.07
25.4355547444 1412733090.76
25.5294898691 1412733091.47
25.4818176106 1412733092.14
25.4982239286 1412733092.84
25.4895897973 1412733093.58
25.5179813899 1412733094.26
25.5162333236 1412733094.96
25.5077169117 1412733095.67
25.4467992119 1412733096.38
25.4348211977 1412733097.1
25.4101164947 1412733097.78
25.2967069194 1412733098.47
25.2228053674 1412733099.16
25.2363232797 1412733099.83
25.0948124134 1412733100.53
25.1354769519 1412733101.21
25.0601017493 1412733101.95
24.9622631211 1412733102.71
