29.0175082071 1412738646.43
29.1200347813 1412738647.51
29.1133281419 1412738648.55
28.9023091775 1412738649.63
28.3430879808 1412738650.98
28.3694446426 1412738652.19
28.315008732 1412738653.25
28.3869243218 1412738654.23
28.0431547616 1412738655.29
27.7412949069 1412738656.38
27.5913307065 1412738657.44
26.8384161005 1412738658.56
26.7738799716 1412738659.67
26.6384363593 1412738660.71
26.5719154116 1412738661.71
26.3512839939 1412738662.72
25.8145569956 1412738663.82
25.5404538275 1412738664.92
25.234133335 1412738666.02
25.0699891198 1412738667.11
24.8041207357 1412738668.18
24.5271275941 1412738669.21
23.9837475948 1412738670.27
23.8886099212 1412738671.27
23.9008848557 1412738672.32
23.8140878666 1412738673.32
23.8316926176 1412738674.31
23.7905723409 1412738675.29
23.7590692654 1412738676.27
23.8555132809 1412738677.28
23.8360337468 1412738678.26
23.817731262 1412738679.29
23.5637864201 1412738680.28
23.5773320981 1412738681.26
23.690348103 1412738682.25
23.6049202431 1412738683.28
23.6900962028 1412738684.26
23.4616571026 1412738685.26
23.5410154062 1412738686.23
23.4316930596 1412738687.21
23.4140214698 1412738688.2
23.4500891415 1412738689.22
23.4490242552 1412738690.22
23.4947635389 1412738691.22
23.3260136808 1412738692.2
23.4930407975 1412738693.18
23.3756755021 1412738694.18
23.4187495092 1412738695.12
23.1436163425 1412738696.08
23.1765519961 1412738697.09
22.9383288871 1412738698.13
22.9656262355 1412738699.16
22.7905849827 1412738700.2
22.7430289845 1412738701.3
22.6964622453 1412738702.36
22.731421112 1412738703.41
22.6751329234 1412738704.48
22.7045208008 1412738705.5
22.8062435231 1412738706.58
22.7601150832 1412738707.67
22.6078616605 1412738708.78
22.6104267321 1412738709.92
22.5936625158 1412738711.04
22.4834132561 1412738712.2
22.4389193268 1412738713.35
22.5343604471 1412738714.47
22.3836693706 1412738715.62
22.286334842 1412738716.69
22.3477737725 1412738717.71
22.3674281034 1412738718.76
22.2606885721 1412738719.85
22.3046129579 1412738721.01
22.2818522465 1412738722.22
22.2368762164 1412738723.43
22.2847356278 1412738724.69
22.2818185927 1412738725.9
22.2285701525 1412738727.1
22.1972751224 1412738728.31
22.3190044852 1412738729.54
22.2965324765 1412738730.76
22.2273048064 1412738731.96
22.1969567388 1412738733.16
21.9983419078 1412738734.38
22.0795746779 1412738735.59
21.8577500872 1412738736.81
21.9233073405 1412738738.14
21.9860326372 1412738739.42
21.8937515851 1412738740.62
21.8964520651 1412738741.9
21.9050809989 1412738743.21
21.9229622128 1412738744.44
22.0201158557 1412738745.74
22.0452220087 1412738747.12
22.0545447702 1412738748.41
22.0643600091 1412738749.67
22.1912916096 1412738750.98
22.0120233913 1412738752.37
22.0774909429 1412738753.72
22.2742437262 1412738755.07
22.1376529346 1412738756.37
22.078277216 1412738757.66
21.9766548426 1412738758.94
22.0860670406 1412738760.22
22.171849258 1412738761.54
22.0710305436 1412738762.9
22.1264532656 1412738764.16
22.3209415652 1412738765.43
22.2791782017 1412738766.72
22.1855394605 1412738768.1
22.1646267376 1412738769.46
21.9449332767 1412738770.79
21.835982377 1412738772.2
21.8946885747 1412738773.54
22.0578762686 1412738774.81
21.9044265339 1412738776.17
22.0205116568 1412738777.47
21.9048740634 1412738778.8
22.0398242333 1412738780.12
22.0305533987 1412738781.41
22.0307470565 1412738782.74
21.991570146 1412738784.16
22.0218167251 1412738785.61
21.932250512 1412738786.95
21.9396648677 1412738788.31
22.1741281039 1412738789.76
21.9600877709 1412738791.14
21.9032903032 1412738792.56
22.1170310836 1412738793.98
21.9595241806 1412738795.36
22.0440300636 1412738796.78
21.9264111067 1412738798.19
22.034900542 1412738799.61
21.8981649122 1412738800.95
21.8525785459 1412738802.26
21.9015919616 1412738803.51
21.9451192385 1412738804.73
22.0194350368 1412738805.96
22.1088665098 1412738807.2
22.172517721 1412738808.45
22.1948554201 1412738809.75
22.3188999578 1412738811.04
22.2326500079 1412738812.3
22.3298742287 1412738813.62
22.2802219277 1412738814.88
22.2655280815 1412738816.13
22.3046873181 1412738817.46
22.3145092124 1412738818.78
22.2837430136 1412738820.1
22.2958793243 1412738821.42
22.2545225101 1412738822.71
22.1765214392 1412738824.05
21.9931705261 1412738825.47
21.9621679312 1412738826.81
21.9215949841 1412738828.14
22.0147800148 1412738829.47
22.0407744437 1412738830.78
22.0788630777 1412738832.24
22.0248640819 1412738833.6
21.9900399154 1412738834.98
22.0816954689 1412738836.38
22.0906454848 1412738837.7
22.086984811 1412738839.07
22.042461576 1412738840.4
22.1120409784 1412738841.78
22.1023148804 1412738843.13
21.9825137658 1412738844.45
21.8807428323 1412738845.8
21.8234255462 1412738847.22
21.7915026742 1412738848.57
21.7002990835 1412738849.94
21.6166959244 1412738851.35
21.5883678366 1412738852.67
21.5968827686 1412738854.03
21.5301745151 1412738855.34
21.514842242 1412738856.7
21.545784144 1412738858.08
21.541707153 1412738859.46
21.4953885813 1412738860.82
21.570369898 1412738862.13
21.6464068652 1412738863.45
21.6000771842 1412738864.79
21.6238863277 1412738866.16
21.6281633638 1412738867.52
21.6931541945 1412738868.8
21.7368975499 1412738870.14
21.7099775373 1412738871.51
21.5695051596 1412738872.86
21.3723527485 1412738874.23
21.3820679432 1412738875.59
21.3232602582 1412738877.05
21.2554620752 1412738878.39
21.2840064596 1412738879.81
21.3521963647 1412738881.21
21.3660220936 1412738882.57
21.237142397 1412738883.96
21.4286814199 1412738885.35
21.4728724469 1412738886.67
21.6502766737 1412738888.05
21.6342837875 1412738889.41
22.077286906 1412738890.77
