4.63495937218 1412740009.74
4.82384347577 1412740010.81
5.6257710725 1412740011.86
6.33036445312 1412740012.89
7.5085097819 1412740013.9
7.99100247612 1412740014.91
8.392575201 1412740015.89
8.66257114875 1412740016.85
8.97796320607 1412740017.81
9.29974602862 1412740018.79
9.56735923869 1412740019.75
9.84808272498 1412740020.7
9.88087877479 1412740021.65
9.89373303803 1412740022.61
9.86119247925 1412740023.55
9.8603767838 1412740024.5
9.95931462015 1412740025.42
10.0266776244 1412740026.33
10.0516102467 1412740027.27
10.0866546121 1412740028.17
10.0431050664 1412740029.08
10.0951132817 1412740030.01
9.95863900685 1412740030.93
9.9566864614 1412740031.84
9.98383894207 1412740032.77
9.97478905949 1412740033.65
9.97495358756 1412740034.56
9.9293264881 1412740035.45
9.92022107476 1412740036.34
9.73878297788 1412740037.24
9.62031330817 1412740038.08
9.55818005333 1412740038.95
9.508932999 1412740039.88
9.40683897281 1412740040.76
9.38006733001 1412740041.64
9.2818158256 1412740042.54
9.2624871243 1412740043.4
9.27118693338 1412740044.31
9.23639661535 1412740045.19
9.22393718589 1412740046.04
9.27029560305 1412740046.89
9.36411352247 1412740047.75
9.36753857324 1412740048.64
9.37566200372 1412740049.94
9.42231021774 1412740050.92
9.46974085536 1412740051.83
9.55371628981 1412740052.66
9.58723189425 1412740053.53
9.6102813783 1412740054.42
9.63241959882 1412740055.3
9.63646317053 1412740056.15
9.6752770016 1412740057.05
9.69010227543 1412740057.91
9.69196162892 1412740058.74
9.70184516585 1412740059.63
9.69927194591 1412740060.5
9.74071271163 1412740061.37
9.7390614359 1412740062.27
9.70564838442 1412740063.18
9.70618060608 1412740064.09
9.69079031812 1412740064.99
9.66715568773 1412740065.88
9.64848489111 1412740066.74
9.62332306024 1412740067.61
9.66174405015 1412740068.44
9.63462096724 1412740069.3
9.65023201565 1412740070.24
9.62713141788 1412740071.12
9.65220037422 1412740072.01
9.67202823265 1412740072.91
9.68434679206 1412740073.79
9.70602659738 1412740074.67
9.69685374144 1412740075.58
9.70061331864 1412740076.42
9.68323963916 1412740077.31
9.69525221554 1412740078.18
9.67929014724 1412740079.03
9.67588711068 1412740079.92
9.6629614508 1412740080.79
9.63927327735 1412740081.72
9.62842407522 1412740082.61
9.63350213307 1412740083.51
9.62278188362 1412740084.4
9.6237085931 1412740085.31
9.64327116838 1412740086.22
9.66329677617 1412740087.13
9.66388940764 1412740088.03
9.71330514765 1412740088.92
9.76258141712 1412740089.81
9.80233866707 1412740090.72
10.017900026 1412740091.6
10.11958085 1412740092.5
10.1489458514 1412740093.41
10.0111859699 1412740094.3
9.87997861515 1412740095.2
10.2276987185 1412740096.17
7.92949235408 1412740097.03
7.73771370769 1412740097.96
7.66569685691 1412740098.89
7.66125157617 1412740099.79
7.47503351312 1412740100.65
7.45486089989 1412740101.55
7.48044391518 1412740102.45
7.31794832118 1412740103.31
7.30011749883 1412740104.21
7.28604217677 1412740105.09
7.22824220649 1412740106.01
7.20128198858 1412740106.96
7.17275081901 1412740107.89
7.15909397751 1412740108.82
7.08997612715 1412740109.73
7.09051707663 1412740110.67
7.0947061284 1412740111.58
7.04553157311 1412740112.51
6.98664743364 1412740113.4
6.8984838453 1412740114.32
6.84494269281 1412740115.24
6.77677601649 1412740116.15
6.73294767045 1412740117.12
6.70422504489 1412740118.1
6.68972823629 1412740119.05
6.66910943962 1412740120.0
6.66311488952 1412740120.9
6.67174799234 1412740121.86
6.64069680314 1412740122.82
6.64150894784 1412740123.76
6.61911858258 1412740124.73
6.58254970082 1412740125.68
6.565049866 1412740126.69
6.52804495201 1412740127.69
6.49617985641 1412740128.64
6.46913924051 1412740129.63
6.44051490012 1412740130.67
6.38790279652 1412740131.66
6.36847401538 1412740132.72
6.29894267963 1412740133.76
6.29302940839 1412740134.83
6.28814034182 1412740135.94
6.28668803794 1412740136.92
6.27147860925 1412740137.86
6.2595628067 1412740138.8
6.26095585293 1412740139.71
6.26600460467 1412740140.62
6.2691383494 1412740141.5
6.23189275193 1412740142.51
6.20539635055 1412740143.48
6.22130999588 1412740144.42
6.21509823862 1412740145.34
6.21643731582 1412740146.26
6.22008976435 1412740147.18
6.22760750488 1412740148.14
6.19740022088 1412740149.11
6.20321018316 1412740150.05
6.21184266839 1412740150.99
6.18208807182 1412740151.91
6.21147104318 1412740152.86
6.18223347328 1412740153.82
6.14961941616 1412740154.75
6.15902017652 1412740155.73
6.17181687091 1412740156.68
6.14709377027 1412740157.68
6.15795189474 1412740158.63
6.1674856864 1412740159.52
6.14917797374 1412740160.43
6.15551269554 1412740161.34
6.17077477454 1412740162.24
6.17720004094 1412740163.21
6.1791605594 1412740164.13
6.18102594285 1412740165.03
6.18212289618 1412740165.92
6.15869963638 1412740166.86
6.14149042393 1412740167.74
6.12311006437 1412740168.63
6.1043219942 1412740169.53
6.08377827552 1412740170.51
6.07118975034 1412740171.48
6.04143372293 1412740172.41
6.01447898594 1412740173.35
5.9884680696 1412740174.27
5.96505508534 1412740175.2
5.96150196061 1412740176.13
5.93503260538 1412740177.1
5.90908210088 1412740178.08
5.89524750744 1412740179.0
5.86966216016 1412740179.93
5.86919843128 1412740180.84
5.84672431116 1412740181.76
5.82090291874 1412740182.69
5.81578025112 1412740183.63
5.7908933422 1412740184.56
5.79057545019 1412740185.45
5.76639249156 1412740186.35
5.75456054552 1412740187.25
5.73598346824 1412740188.18
5.7329200957 1412740189.12
5.72253218245 1412740190.03
5.71323487192 1412740190.95
5.70934386141 1412740191.92
5.70722459283 1412740192.87
5.68988931181 1412740193.78
