25.9885098973 1412732732.71
25.918899774 1412732733.37
25.2948975738 1412732733.97
25.399122125 1412732734.6
25.4205090844 1412732735.19
25.053739735 1412732735.84
24.7618741659 1412732736.44
24.9290473367 1412732737.06
25.2095250872 1412732737.63
25.6352063683 1412732738.32
26.0009553129 1412732738.93
25.9328764642 1412732739.54
25.5768339481 1412732740.17
26.2615760298 1412732740.79
25.820420741 1412732741.38
26.1985048673 1412732741.97
25.73886023 1412732742.57
26.2761668856 1412732743.18
25.8821932202 1412732743.77
25.7544904153 1412732744.34
25.6564743835 1412732744.92
25.8993540839 1412732745.52
26.2769930493 1412732746.13
25.7843748137 1412732746.71
25.2535540003 1412732747.32
25.666124373 1412732747.96
25.6022831784 1412732748.6
25.3376900182 1412732749.18
25.3640528663 1412732749.78
25.4089305586 1412732750.41
25.352571367 1412732751.03
25.2906983891 1412732751.64
25.3306460979 1412732752.27
25.0679075861 1412732752.89
25.3799749106 1412732753.54
24.9329182885 1412732754.16
25.1692015833 1412732754.83
25.2639116919 1412732755.44
25.199609324 1412732756.06
25.1526205564 1412732756.67
25.3197087277 1412732757.28
25.2176170218 1412732757.88
25.0970670966 1412732758.47
25.2333521635 1412732759.1
24.9495257137 1412732759.73
24.2713450037 1412732760.34
24.8425353851 1412732760.97
25.1467306262 1412732761.57
25.0102526853 1412732762.17
24.8065647192 1412732762.79
25.3152958427 1412732763.39
25.2160564953 1412732763.99
25.0550914203 1412732764.56
24.7249727068 1412732765.15
24.6076355794 1412732765.73
24.439710915 1412732766.3
24.417447886 1412732766.91
24.2452119725 1412732767.51
24.6962772312 1412732768.11
24.7604195241 1412732768.73
25.1071273114 1412732769.33
25.1761324988 1412732769.91
25.0614638833 1412732770.51
24.9639553432 1412732771.1
24.8128749419 1412732771.68
24.6770535711 1412732772.29
24.4517125024 1412732772.89
24.1970292144 1412732773.48
24.0289928364 1412732774.08
23.8161596034 1412732774.63
23.9299840503 1412732775.19
23.9255108476 1412732775.8
24.1029000837 1412732776.39
23.9083188611 1412732776.97
24.2430314734 1412732777.58
24.0390951656 1412732778.17
24.3085428568 1412732778.79
24.3659922552 1412732779.39
24.7670686259 1412732780.01
24.7198722265 1412732780.59
24.964249256 1412732781.17
25.0774392767 1412732781.79
25.5198173865 1412732782.4
25.7774631125 1412732783.01
25.8959510197 1412732783.61
26.2768580818 1412732784.18
26.0612176763 1412732784.76
26.1215465809 1412732785.35
26.7156404351 1412732785.93
26.6626556201 1412732786.55
26.7745029285 1412732787.12
26.7529344406 1412732787.68
26.629575067 1412732788.24
26.6377984981 1412732788.82
26.4034407774 1412732789.4
26.5332080767 1412732789.96
26.2524959306 1412732790.56
26.0094975648 1412732791.14
26.0448932783 1412732791.75
25.869424461 1412732792.32
25.6513399252 1412732792.92
25.4122621974 1412732793.52
25.38023707 1412732794.08
25.5836338781 1412732794.66
25.6667697644 1412732795.24
25.4537747174 1412732795.81
25.5005007012 1412732796.39
25.5395556699 1412732796.94
25.1617014101 1412732797.49
25.0652689997 1412732798.07
24.8796639436 1412732798.65
24.7983847802 1412732799.23
24.944498497 1412732799.82
24.8919166637 1412732800.39
24.8843804853 1412732800.96
24.9650371619 1412732801.54
24.8959605246 1412732802.12
24.7759995194 1412732802.68
24.6094102234 1412732803.29
24.552927372 1412732803.9
24.3822565538 1412732804.48
24.2647637267 1412732805.03
24.2034138221 1412732805.59
24.0651624278 1412732806.18
23.8067432714 1412732806.79
23.5622336395 1412732807.33
23.3619166637 1412732807.92
23.0066543691 1412732808.47
23.0577776877 1412732809.06
23.048240319 1412732809.64
22.9090360559 1412732810.23
22.8868308399 1412732810.81
22.9209530268 1412732811.37
22.8105833841 1412732811.93
22.7098191109 1412732812.5
22.5867957595 1412732813.06
22.3303253457 1412732813.66
22.0920433992 1412732814.25
21.945473784 1412732814.88
21.9052524833 1412732815.51
21.7658620132 1412732816.12
21.6106983996 1412732816.66
21.4219613535 1412732817.25
21.2518978746 1412732817.84
21.0705494013 1412732818.4
20.9593355019 1412732818.97
20.8001572668 1412732819.55
20.7640794355 1412732820.12
20.6999293221 1412732820.7
20.6220383779 1412732821.3
20.5459895988 1412732821.89
20.478824973 1412732822.48
20.4153127084 1412732823.08
20.4333239616 1412732823.64
20.4292091805 1412732824.24
20.3318595071 1412732824.85
20.4108468024 1412732825.42
20.4435742567 1412732826.01
20.4194672609 1412732826.61
20.288052483 1412732827.2
20.2760201028 1412732827.82
20.3579009561 1412732828.4
20.308426157 1412732828.98
20.2605208109 1412732829.6
20.3333867228 1412732830.2
20.2816006554 1412732830.82
20.3158009473 1412732831.41
20.2968374072 1412732832.0
20.3265879201 1412732832.61
20.3563127375 1412732833.19
20.3656251579 1412732833.79
20.3787843364 1412732834.41
20.3749323507 1412732835.03
20.3595183839 1412732835.6
20.3396505861 1412732836.21
20.3575868695 1412732836.83
20.3710248525 1412732837.42
20.4057635302 1412732837.99
20.2973593074 1412732838.56
20.2965062565 1412732839.15
20.323227522 1412732839.77
20.3158629978 1412732840.35
20.3240549374 1412732840.94
20.3317918886 1412732841.54
20.3410513533 1412732842.14
20.3546383172 1412732842.72
20.3411338095 1412732843.33
20.3849515608 1412732843.93
20.416440271 1412732844.52
20.3812471733 1412732845.12
20.3558283391 1412732845.75
20.3141083025 1412732846.32
20.350005529 1412732846.94
20.3433900789 1412732847.54
20.339986662 1412732848.14
20.4308919622 1412732848.75
20.3823320234 1412732849.35
20.3733876023 1412732849.95
20.3823818045 1412732850.55
20.4381321072 1412732851.13
