17.2394466729 1412747885.19
18.3543940315 1412747886.63
18.7756770096 1412747888.06
19.2882208048 1412747889.51
20.4853076748 1412747890.97
21.16280649 1412747892.36
21.3175795716 1412747893.77
21.4486228722 1412747895.18
21.2572052103 1412747896.59
21.2162339138 1412747897.98
21.2798937063 1412747899.34
21.2264718579 1412747900.74
21.2284529708 1412747902.13
21.0182831074 1412747903.48
20.9692104645 1412747904.83
20.81907002 1412747906.24
20.8442478643 1412747907.6
20.8335768091 1412747908.98
20.7258571426 1412747910.34
20.5463359747 1412747911.71
20.411752211 1412747913.07
20.4505798353 1412747914.45
20.4140408452 1412747915.82
20.3414721329 1412747917.19
20.3798880227 1412747918.56
19.7701089555 1412747919.89
19.4228066434 1412747921.23
19.2868862575 1412747922.57
18.7981179807 1412747923.9
18.562517677 1412747925.22
18.2949226682 1412747926.56
18.108526113 1412747927.89
17.7384319144 1412747929.23
17.5177758142 1412747930.57
17.1817927344 1412747931.92
16.9110013287 1412747933.27
16.8639319382 1412747934.66
16.6573424828 1412747935.96
16.5987230952 1412747937.27
16.3379019693 1412747938.65
16.3184717119 1412747940.0
16.175412086 1412747941.35
15.9796677827 1412747942.66
15.8914046552 1412747944.03
15.6090385554 1412747945.36
15.6211141571 1412747946.73
15.6349325839 1412747948.01
15.4443251644 1412747949.33
15.3661206881 1412747950.61
15.3658373213 1412747951.9
15.3483265067 1412747953.26
15.3181773373 1412747954.58
15.3063936957 1412747955.97
15.4154689508 1412747957.29
15.4894983301 1412747958.67
14.9233097518 1412747960.07
15.2776320762 1412747961.42
15.7208783715 1412747962.78
14.2817912223 1412747964.18
13.7608542905 1412747965.57
15.5128304181 1412747966.97
14.0287724055 1412747968.34
13.3426679103 1412747969.68
13.6625055326 1412747971.03
14.108125239 1412747972.42
13.419568659 1412747973.76
13.9554487159 1412747975.1
13.2798096738 1412747976.46
12.7425745811 1412747977.85
13.0601419958 1412747979.23
12.4551251617 1412747980.58
12.6731214954 1412747981.91
12.1308678071 1412747983.21
12.3563319597 1412747984.55
11.9254422407 1412747985.87
12.1972011929 1412747987.21
11.7936631033 1412747988.6
11.4407450717 1412747989.9
11.5442436082 1412747991.14
11.2356511341 1412747992.41
10.9337385479 1412747993.7
11.0314172627 1412747994.98
11.2433511225 1412747996.27
11.0015399135 1412747997.57
11.0634057356 1412747998.98
10.7076753097 1412748000.44
10.8397389109 1412748001.69
10.8458142003 1412748003.01
10.8701835866 1412748004.26
10.6308801093 1412748005.61
10.70306904 1412748006.94
10.7767276582 1412748008.27
10.6042283498 1412748009.54
10.7059198431 1412748010.9
10.5300737934 1412748012.16
10.5806331697 1412748013.46
10.6169966117 1412748014.74
10.6581418106 1412748016.06
10.5174029338 1412748017.37
10.5682496574 1412748018.67
10.456234415 1412748019.97
10.5253565265 1412748021.33
10.5361336257 1412748022.64
10.5394206688 1412748023.89
10.5000311069 1412748025.2
10.4690696853 1412748026.5
10.3968509227 1412748027.77
10.2716146777 1412748029.03
10.0794917121 1412748030.32
9.95455405372 1412748031.61
9.85145475518 1412748032.9
9.72460782998 1412748034.16
9.81925873258 1412748035.48
9.62565706384 1412748036.77
9.69731673598 1412748038.05
9.55844467572 1412748039.31
9.56915284609 1412748040.6
9.60385326774 1412748041.87
9.68363801427 1412748043.16
9.58308648019 1412748044.42
9.63119420217 1412748045.69
9.54319840842 1412748046.95
9.44605569224 1412748048.25
9.50166173701 1412748049.55
9.35988929409 1412748050.77
9.41173367821 1412748052.03
9.3011153936 1412748053.28
9.3412343624 1412748054.56
9.23169282044 1412748055.79
9.24914292607 1412748057.06
9.15461266531 1412748058.37
9.18266840379 1412748059.65
9.18997900661 1412748060.9
9.04021328976 1412748062.22
9.06744111438 1412748063.5
8.98475784254 1412748064.73
8.87446784082 1412748066.0
8.89376264785 1412748067.27
8.80130181209 1412748068.54
8.86481882027 1412748069.81
8.75242598648 1412748071.09
8.85381187282 1412748072.34
8.78708845636 1412748073.62
8.69591128194 1412748074.86
8.68262697611 1412748076.1
8.87851005587 1412748077.34
8.7874497791 1412748078.62
8.75136295851 1412748079.87
8.5806341966 1412748081.1
8.64263780907 1412748082.35
8.58236060295 1412748083.63
8.48160669959 1412748084.9
8.54530997551 1412748086.18
8.47497424383 1412748087.45
8.58407227932 1412748088.68
8.49744004883 1412748089.9
8.48657456745 1412748091.13
8.50038094473 1412748092.35
8.51792922279 1412748093.6
8.40333628731 1412748094.8
8.47210576177 1412748096.08
8.32620149533 1412748097.37
8.32448485554 1412748098.62
8.37838430006 1412748099.9
8.27567362046 1412748101.13
8.35481860526 1412748102.38
8.32897951537 1412748103.62
8.36235593588 1412748104.88
8.33540301288 1412748106.11
8.29440537708 1412748107.34
8.23974925539 1412748108.57
8.15342510268 1412748109.77
8.1204493592 1412748110.99
8.09756024897 1412748112.21
8.07690156061 1412748113.43
8.12715051543 1412748114.72
8.13842609778 1412748115.96
8.06501495212 1412748117.19
8.06600209762 1412748118.37
8.00781687148 1412748119.6
8.00797680479 1412748120.81
8.00459824469 1412748122.06
8.0598762139 1412748123.33
8.01466684841 1412748124.56
7.94501565136 1412748125.82
7.92842006594 1412748127.08
7.92741897191 1412748128.31
7.93045110447 1412748129.55
8.00234546836 1412748130.79
7.93955423831 1412748132.05
7.87061496114 1412748133.29
7.9241135834 1412748134.52
7.90579400211 1412748135.75
7.81261714482 1412748137.03
7.76122716654 1412748138.26
7.85748225334 1412748139.5
7.76860229067 1412748140.75
7.76088068753 1412748142.0
7.76604006501 1412748143.26
7.79786336472 1412748144.5
