9.66805394321 1412722065.08
38.3160464722 1412722065.2
38.5599491592 1412722065.32
35.957349266 1412722065.41
35.3245510373 1412722065.5
34.2172560267 1412722065.58
32.9490522652 1412722065.68
33.2106619197 1412722065.8
33.3634114907 1412722065.91
33.3513213235 1412722066.0
33.6958100842 1412722066.1
34.4400538435 1412722066.19
34.5110746109 1412722066.34
34.6569526141 1412722066.44
35.0839768039 1412722066.53
35.2923011569 1412722066.62
36.3323760941 1412722066.71
37.6719910366 1412722066.8
39.0668245922 1412722066.89
40.371587151 1412722067.03
41.5594169609 1412722067.17
25.6718597855 1412722067.32
29.77146251 1412722067.42
32.015031303 1412722067.55
33.7251402263 1412722067.67
23.3414946914 1412722067.89
22.9090236568 1412722068.05
22.3775712258 1412722068.23
22.0477212909 1412722068.44
21.3685642253 1412722068.63
22.039469048 1412722068.78
23.0873539842 1412722068.9
23.7941074628 1412722069.01
23.526544581 1412722069.12
23.732952456 1412722069.25
23.7571032478 1412722069.36
23.0557675361 1412722069.49
23.0785179528 1412722069.62
22.15397213 1412722069.74
21.864171352 1412722069.84
22.1021229472 1412722069.97
21.8397251738 1412722070.09
21.0065335502 1412722070.2
19.6032379544 1412722070.39
18.5243778968 1412722070.51
17.877729579 1412722070.62
17.5859289489 1412722070.75
17.3312212709 1412722070.89
17.4805523271 1412722070.99
16.4457172756 1412722071.08
15.571773653 1412722071.16
15.0719985547 1412722071.26
14.2339491276 1412722071.36
13.8037425813 1412722071.47
13.1672886646 1412722071.57
12.849021374 1412722071.67
12.6925166894 1412722071.75
12.4855250431 1412722071.84
12.1632364344 1412722071.94
11.9478936364 1412722072.05
11.7429473496 1412722072.16
11.440237531 1412722072.34
11.348477309 1412722072.46
11.0739444434 1412722072.57
10.9028656287 1412722072.68
10.6556200754 1412722072.79
10.4551450075 1412722072.91
10.2148654211 1412722073.03
10.0590162706 1412722073.15
10.0383869982 1412722073.24
10.0057072635 1412722073.36
9.84468771411 1412722073.46
9.81101730673 1412722073.54
9.73718870927 1412722073.64
9.54541281796 1412722073.73
9.57880477254 1412722073.85
9.49969563081 1412722073.93
9.2840939293 1412722074.02
9.21994589175 1412722074.13
9.2243356799 1412722074.23
9.04272801443 1412722074.38
8.84722370966 1412722074.52
8.69246333103 1412722074.62
8.55073735357 1412722074.74
8.34902131615 1412722074.87
8.2736813178 1412722074.98
8.12908994439 1412722075.09
8.06685203817 1412722075.2
7.94185472058 1412722075.31
7.90242787651 1412722075.41
7.89190740445 1412722075.57
7.87225999528 1412722075.67
7.77933330293 1412722075.76
7.84760459147 1412722075.87
7.84808993027 1412722075.97
7.85906527872 1412722076.06
7.85293855005 1412722076.15
7.86527554211 1412722076.26
7.87088621052 1412722076.38
7.83570584627 1412722076.48
7.82540718758 1412722076.58
7.81313461166 1412722076.67
7.83803152517 1412722076.76
7.86107766604 1412722076.89
7.83729997407 1412722076.98
7.83489521817 1412722077.06
7.85467851694 1412722077.16
7.85446730108 1412722077.26
7.85503015721 1412722077.46
7.89121220792 1412722077.56
7.9429255775 1412722077.66
7.95759138164 1412722077.76
7.97070939628 1412722077.86
8.03348500249 1412722077.96
8.03543192147 1412722078.06
8.05148347728 1412722078.16
8.07335443587 1412722078.26
8.19723411576 1412722078.37
8.09319482285 1412722078.46
8.10908426847 1412722078.56
8.06391290705 1412722078.66
8.15777331251 1412722078.78
8.16256927564 1412722078.9
8.14890739268 1412722079.1
8.15291139729 1412722079.28
8.20488680604 1412722079.42
8.20878955146 1412722079.56
8.20478983005 1412722079.71
8.1811072905 1412722079.82
8.18367937335 1412722079.92
8.19232062196 1412722080.02
8.19427102702 1412722080.12
8.20268921836 1412722080.22
8.20497590055 1412722080.36
8.22745416425 1412722080.47
8.22834361361 1412722080.65
8.25019142487 1412722080.77
8.22316464128 1412722080.87
8.22883391437 1412722080.96
8.22869828621 1412722081.05
8.23381348734 1412722081.13
8.23326873475 1412722081.24
8.23251019592 1412722081.32
8.27764835762 1412722081.43
8.19034487887 1412722081.52
8.18223535191 1412722081.63
8.17419176107 1412722081.74
8.12538313808 1412722081.86
8.116159997 1412722081.97
8.10726216228 1412722082.11
8.05687762441 1412722082.19
8.04668269038 1412722082.33
8.03658831969 1412722082.44
7.9800044355 1412722082.55
7.97134837471 1412722082.71
7.96266321265 1412722082.84
7.93801467712 1412722082.97
7.92892964035 1412722083.09
7.91987278879 1412722083.2
7.91084701693 1412722083.32
7.90184951981 1412722083.47
7.89282427293 1412722083.58
7.88388082146 1412722083.67
7.87484745107 1412722083.79
7.85019875669 1412722083.97
7.83998545145 1412722084.15
7.78235754082 1412722084.3
7.77318681244 1412722084.43
7.76481191358 1412722084.54
7.75646420393 1412722084.7
7.74816583295 1412722084.81
7.73985894826 1412722084.92
7.73158931996 1412722085.02
7.72332803748 1412722085.13
7.71505401462 1412722085.23
7.70685860495 1412722085.33
7.69869471193 1412722085.49
7.68467510006 1412722085.59
7.67662260843 1412722085.71
7.70293606857 1412722085.81
7.69368838743 1412722085.91
7.68451750767 1412722086.0
7.67536705288 1412722086.09
7.66625432133 1412722086.2
7.65716352136 1412722086.31
7.64810724726 1412722086.42
7.63909595257 1412722086.51
7.6300082944 1412722086.6
7.57708450564 1412722086.71
7.56924524325 1412722086.8
7.56149476918 1412722086.89
7.55372672028 1412722086.98
7.54600395229 1412722087.1
7.53832659453 1412722087.19
7.53067487286 1412722087.31
7.52306281997 1412722087.42
7.46712364399 1412722087.53
7.46098636602 1412722087.63
7.45481209947 1412722087.77
7.4487175029 1412722087.88
