56.0343985849 1412755952.31
57.2317803884 1412755953.89
58.2744501874 1412755955.57
59.3228874825 1412755957.25
60.2087075043 1412755958.77
60.0367124234 1412755960.41
59.9638218464 1412755961.9
60.1113287461 1412755963.41
59.5400991932 1412755964.88
59.5050782632 1412755966.39
59.2129352351 1412755968.02
59.1944985177 1412755969.55
58.8940440392 1412755971.24
59.0677207583 1412755972.91
59.0224831238 1412755974.54
59.0378747589 1412755976.15
58.8535673143 1412755977.82
58.9099845483 1412755979.44
58.8721924639 1412755981.06
58.6923551818 1412755982.65
58.6139043408 1412755984.31
58.5161931895 1412755985.97
59.0370685552 1412755987.58
58.9520974852 1412755989.25
59.0481214906 1412755990.75
58.7068624325 1412755992.37
58.5479077388 1412755993.82
58.4646209908 1412755995.52
58.2341594345 1412755997.22
58.8935002703 1412755998.95
59.0189994849 1412756000.62
59.6736473031 1412756002.31
60.0718455992 1412756004.04
60.5469414383 1412756005.84
60.5000455659 1412756007.61
59.5311668435 1412756009.38
59.561050842 1412756011.13
58.549792258 1412756012.84
59.42996017 1412756014.47
57.8734784299 1412756016.13
56.9005355628 1412756017.8
57.9492294285 1412756019.59
56.6459547016 1412756021.39
55.7705683511 1412756023.21
54.8122482127 1412756025.02
55.0754636843 1412756026.87
55.5488411635 1412756028.76
56.3660243358 1412756030.62
57.0902550557 1412756032.51
56.6652963498 1412756034.53
56.6928603764 1412756036.48
56.4740474843 1412756038.44
57.428350344 1412756040.48
57.455655026 1412756042.5
56.8798324343 1412756044.46
57.360759784 1412756046.48
57.7232749559 1412756048.46
57.6553342882 1412756050.57
58.2905630231 1412756052.77
58.6960006342 1412756054.91
58.4435583522 1412756057.09
58.4709658308 1412756059.31
58.1656227422 1412756061.52
58.4739688561 1412756063.69
58.2268589094 1412756065.86
58.3174281503 1412756067.97
58.0480350897 1412756070.04
58.0620149644 1412756072.1
58.4520459307 1412756074.19
58.1908349938 1412756076.26
58.6182075434 1412756078.33
58.2824607587 1412756080.34
58.6768230103 1412756082.4
58.4229844262 1412756084.45
58.5741698219 1412756086.42
58.4874561934 1412756088.44
58.2966105054 1412756090.41
58.4424220916 1412756092.39
58.2553857566 1412756094.3
58.1044312603 1412756096.25
57.8010487411 1412756098.18
57.7128082593 1412756100.09
57.5756599569 1412756102.03
57.8344819635 1412756104.09
57.9273134173 1412756106.08
58.1587645747 1412756108.07
58.3795042303 1412756110.03
58.4949786798 1412756112.05
58.9092413108 1412756114.1
58.8139339282 1412756116.09
59.0337407625 1412756118.16
59.3766394507 1412756120.17
59.1308011865 1412756122.22
59.1220398345 1412756124.23
59.1743497096 1412756126.2
59.3124646826 1412756128.22
59.5459075426 1412756130.21
59.489442776 1412756132.16
59.4828647473 1412756134.12
59.4032405015 1412756136.1
59.4490087817 1412756138.04
59.4747802144 1412756139.98
59.4027434799 1412756141.93
59.2349340299 1412756143.89
58.9790134347 1412756145.85
59.1378606022 1412756147.85
59.1196921753 1412756149.79
58.8950590393 1412756151.77
58.7399666621 1412756153.8
58.6961338813 1412756155.69
58.5924458234 1412756157.52
58.5754814444 1412756159.37
58.2700596338 1412756161.19
58.2613643503 1412756163.06
57.9309508831 1412756164.97
58.0592484551 1412756166.87
58.2771941747 1412756168.75
58.2474693042 1412756170.63
57.9542758564 1412756172.52
57.9358627656 1412756174.4
57.4504118883 1412756176.27
57.5781704682 1412756178.13
57.7175419394 1412756179.93
57.6400528048 1412756181.78
57.6509150297 1412756183.66
57.5958996551 1412756185.45
57.7124909331 1412756187.22
57.584315019 1412756189.04
57.6809763425 1412756190.86
57.7872697648 1412756192.67
57.7682277896 1412756194.5
57.8208687707 1412756196.34
57.6543940297 1412756198.19
57.7505686236 1412756200.01
57.7944396122 1412756201.91
57.7967738115 1412756203.79
57.9542606848 1412756205.65
58.0472928355 1412756207.58
58.0904894605 1412756209.48
58.1423686769 1412756211.45
57.8764921717 1412756213.31
57.920101357 1412756215.13
57.9609926334 1412756216.96
57.9993819717 1412756218.89
58.2349954767 1412756220.79
58.2055514053 1412756222.65
58.152933573 1412756224.56
58.2687324557 1412756226.32
58.3962042418 1412756228.17
58.2139507966 1412756229.99
58.1228087244 1412756231.85
58.2743377723 1412756233.67
58.2324090312 1412756235.52
58.3829182442 1412756237.48
58.3000373526 1412756239.37
58.4500112627 1412756241.4
58.3686029467 1412756243.35
58.3245073205 1412756245.26
58.429073125 1412756247.16
58.4084451598 1412756248.98
58.6122636259 1412756250.82
58.6018062522 1412756252.73
58.5544840706 1412756254.64
58.6462191221 1412756256.47
58.5946964191 1412756258.39
58.6907914678 1412756260.21
58.6402943091 1412756262.06
58.7405585322 1412756263.92
58.8700119969 1412756265.84
58.800860688 1412756267.73
58.7846834289 1412756269.58
58.87178665 1412756271.48
58.8449274121 1412756273.38
58.8356460856 1412756275.29
58.8918467386 1412756277.15
58.8477399645 1412756279.06
58.8336702355 1412756281.03
58.9071150375 1412756282.89
58.8802952246 1412756284.75
58.9500774978 1412756286.64
58.9166067632 1412756288.5
58.7632966241 1412756290.29
58.806531499 1412756292.11
58.8678789428 1412756294.0
58.8808295844 1412756295.85
58.7807219678 1412756297.63
58.7132717933 1412756299.42
58.6581193345 1412756301.3
58.697052353 1412756303.17
58.56390859 1412756305.02
58.4614779065 1412756306.88
58.367063166 1412756308.72
58.4568403784 1412756310.51
58.3508359375 1412756312.37
58.152152098 1412756314.26
58.1389390763 1412756316.22
58.0490641851 1412756318.11
58.1702733406 1412756319.98
58.0618822984 1412756321.85
58.0487115102 1412756323.75
