44.8319927471 1412729470.39
44.7154075209 1412729471.03
44.9904446653 1412729471.63
44.5529473345 1412729472.28
44.2227575626 1412729472.89
44.4192444433 1412729473.52
44.1911118936 1412729474.16
44.0338525314 1412729474.77
44.2193967766 1412729475.39
43.7315160257 1412729475.98
42.2945052911 1412729476.63
39.0808428973 1412729477.26
38.2306935098 1412729478.0
37.4208041158 1412729478.75
36.856168898 1412729479.47
37.0274069777 1412729480.26
36.3913632399 1412729480.97
35.8466838561 1412729481.61
35.5661288598 1412729482.26
35.0549190614 1412729482.9
35.1163527991 1412729483.52
35.1955023788 1412729484.19
35.1796931966 1412729484.87
35.0124400432 1412729485.54
34.8663222581 1412729486.28
35.2819710458 1412729486.96
35.2856184031 1412729487.63
35.674724114 1412729488.36
35.3864268455 1412729488.99
35.2641746853 1412729489.66
35.2276301934 1412729490.36
35.6594936552 1412729491.05
35.4997123697 1412729491.72
35.7122637281 1412729492.45
35.536292698 1412729493.2
35.4275055503 1412729494.08
35.6756752932 1412729494.89
35.679677062 1412729495.76
35.3750242138 1412729496.63
35.4282707461 1412729497.51
35.3000853774 1412729498.36
35.1414126083 1412729499.3
35.1176229431 1412729500.28
34.9802269226 1412729501.11
35.0675765019 1412729501.92
34.8436375809 1412729502.77
34.9275494863 1412729503.58
34.9310137007 1412729504.36
34.9712801775 1412729505.17
35.1972699735 1412729505.97
35.1719467334 1412729506.78
35.1187510795 1412729507.57
35.1626946306 1412729508.36
35.0142082665 1412729509.19
35.2212558231 1412729510.02
35.1399039985 1412729510.86
35.3975656025 1412729511.68
35.4658575139 1412729512.45
35.0805259323 1412729513.21
35.305399669 1412729513.96
35.4396210603 1412729514.78
35.5135707183 1412729515.56
35.4126921308 1412729516.41
35.5056032957 1412729517.17
35.407231627 1412729517.98
35.2432584195 1412729518.77
35.4153404958 1412729519.57
35.1916244869 1412729520.47
35.1316890211 1412729521.26
35.0036672647 1412729522.01
34.9362174951 1412729522.87
34.8192289553 1412729523.71
34.7107591817 1412729524.57
34.5095501742 1412729525.43
34.719230674 1412729526.37
34.729801806 1412729527.34
35.1043151791 1412729528.24
34.9610074205 1412729529.17
34.872887856 1412729530.09
35.1434587374 1412729530.94
35.1417543422 1412729531.8
35.2198031754 1412729532.64
35.1841181247 1412729533.49
35.0275961094 1412729534.34
35.1005255046 1412729535.17
34.8322858194 1412729535.98
34.7935126122 1412729536.83
34.9476348413 1412729537.84
34.9686411308 1412729538.81
34.8901238243 1412729539.78
34.7454890297 1412729540.72
34.8018230859 1412729541.6
35.0053913435 1412729542.51
35.0409904818 1412729543.37
34.77613233 1412729544.35
34.7322821743 1412729545.27
34.6760165639 1412729546.09
34.8067646527 1412729546.91
34.8214342585 1412729547.82
34.7731144738 1412729548.67
34.8619361738 1412729549.84
34.943811047 1412729551.1
34.8529860453 1412729551.92
34.8716020849 1412729552.78
34.7412142358 1412729553.57
34.8157326228 1412729554.46
35.1665638387 1412729555.34
35.3207041217 1412729556.18
35.2747264476 1412729557.01
35.3439939984 1412729557.88
35.5479325935 1412729558.62
35.3906355719 1412729559.35
35.4279960846 1412729560.11
35.4852440259 1412729560.82
35.3190192973 1412729561.55
35.4551970908 1412729562.27
35.6858500682 1412729563.0
35.5875506259 1412729563.72
35.9908755055 1412729564.47
35.9137566218 1412729565.21
36.0617326857 1412729565.97
36.0266854044 1412729566.67
36.2749193823 1412729567.33
36.265006749 1412729567.98
36.6315849625 1412729568.65
36.7289740759 1412729569.34
36.94861577 1412729569.99
37.4405373979 1412729570.66
37.7142775338 1412729571.32
38.0932853397 1412729572.02
38.7638411824 1412729572.66
38.7864696665 1412729573.34
39.1849573461 1412729574.0
39.4191593488 1412729574.67
39.3227480457 1412729575.42
39.5513822866 1412729576.18
39.9157963364 1412729576.97
39.2194489433 1412729577.63
39.2545561803 1412729578.27
39.6002442133 1412729578.99
39.4526599416 1412729579.61
40.3087075488 1412729580.25
40.2136134199 1412729581.01
40.5770282425 1412729581.71
41.2703647449 1412729582.75
41.3778440913 1412729583.88
41.3996277344 1412729584.9
41.9076826349 1412729585.93
43.0043557195 1412729587.04
43.0756820041 1412729588.53
43.1935641451 1412729589.52
43.4451063351 1412729590.45
44.3986681028 1412729591.41
44.2078991371 1412729592.06
44.2181367254 1412729593.05
43.6962888887 1412729593.82
43.1819493599 1412729594.56
43.0508062648 1412729595.28
42.4362881711 1412729596.81
42.1864868509 1412729598.36
41.8751237782 1412729599.58
41.8035121007 1412729600.77
42.0097607181 1412729601.94
41.6524192975 1412729603.17
41.638545223 1412729604.26
40.8578383259 1412729605.39
41.5898636993 1412729606.44
41.7920308578 1412729607.49
41.1889711216 1412729608.62
41.4239387071 1412729609.66
42.0885301604 1412729610.72
41.6370709279 1412729611.81
41.7398642294 1412729612.94
41.2833120008 1412729614.06
41.2817808465 1412729615.25
41.716218521 1412729616.39
41.6444465425 1412729617.59
42.0187060778 1412729618.7
42.0607168039 1412729619.92
41.9066833446 1412729621.47
42.1010931736 1412729623.0
43.5235204185 1412729624.6
43.8120571716 1412729625.68
44.2445422593 1412729626.85
44.9365190312 1412729627.88
44.4543987914 1412729629.53
44.5523120482 1412729631.17
44.5110081263 1412729632.67
44.8189349546 1412729634.18
45.1646499806 1412729635.59
44.7684931812 1412729637.04
44.1734056246 1412729638.35
45.5351361536 1412729639.66
45.3035893425 1412729640.95
45.2207448544 1412729642.21
45.1423471581 1412729643.41
44.8141508853 1412729644.67
44.451776138 1412729645.87
43.8511584675 1412729647.14
43.2959943907 1412729648.4
