33.6546330252 1412723609.9
30.4797469292 1412723610.24
29.0794936431 1412723610.52
28.3738399491 1412723610.82
28.5011206276 1412723611.09
28.8606666847 1412723611.42
29.0203093624 1412723611.88
29.8331112746 1412723612.19
29.9091711965 1412723612.65
30.1943242727 1412723613.2
30.5059336451 1412723613.65
30.8096246791 1412723614.11
30.9851302812 1412723614.58
31.2486988131 1412723614.94
31.5829456127 1412723615.35
32.1094563667 1412723615.84
32.5209784569 1412723616.21
32.7725831563 1412723616.67
33.1499589528 1412723617.12
33.1198570802 1412723617.53
32.747265827 1412723618.01
32.483212953 1412723618.47
32.0140130565 1412723619.1
31.8534822004 1412723619.58
31.2589290612 1412723619.97
30.7774917423 1412723620.34
30.4110003116 1412723620.75
30.2008569794 1412723621.22
29.9546557215 1412723621.63
29.5611619852 1412723622.01
29.4069928175 1412723622.34
28.8080783736 1412723622.75
28.5017153781 1412723623.08
28.2480209385 1412723623.56
27.9473437495 1412723623.94
27.6192619477 1412723624.29
27.4280154065 1412723624.6
27.1457131576 1412723624.98
26.5251068331 1412723625.26
26.1798557857 1412723625.63
26.2229634289 1412723626.0
25.9827586441 1412723626.48
25.9173445279 1412723626.99
25.8814661264 1412723627.42
25.7322245933 1412723627.92
25.5596386484 1412723628.4
25.4424412782 1412723628.86
25.4885717676 1412723629.35
25.5144056901 1412723629.84
25.6366926832 1412723630.29
25.5492244766 1412723630.77
25.6865368645 1412723631.12
25.7878223558 1412723631.45
25.7122013444 1412723631.82
25.8037188679 1412723632.16
25.7358662705 1412723632.46
25.8049703391 1412723632.76
25.6833461143 1412723633.05
25.583510447 1412723633.34
25.3830640735 1412723633.65
25.4226236779 1412723633.94
25.473097983 1412723634.24
25.1279306928 1412723634.55
25.1575034138 1412723634.82
24.990375533 1412723635.15
24.8910438253 1412723635.44
24.7236298811 1412723635.78
24.7864924381 1412723636.1
24.6164272129 1412723636.43
24.5969641855 1412723636.74
24.5841667661 1412723637.04
24.5574581473 1412723637.31
24.4962294633 1412723637.64
24.4206350047 1412723637.93
24.5091447263 1412723638.21
24.5772938349 1412723638.54
24.4996948251 1412723638.92
24.409862711 1412723639.2
24.4596617931 1412723639.52
24.3693759333 1412723639.82
24.1853103314 1412723640.13
24.3177531967 1412723640.43
24.1848341799 1412723640.73
24.2813579844 1412723641.06
24.1182816654 1412723641.4
24.1029522809 1412723641.76
23.9768319114 1412723642.21
24.0565835861 1412723642.64
24.190687145 1412723643.07
23.911242806 1412723643.41
24.0463465736 1412723643.73
23.880839037 1412723644.07
24.0650909522 1412723644.39
23.9995969897 1412723644.74
23.7841472732 1412723645.06
23.7630389319 1412723645.52
23.620127355 1412723646.03
23.8403695973 1412723646.58
23.6639970141 1412723647.17
23.8753731731 1412723647.78
23.8024536692 1412723648.38
23.7336835764 1412723648.94
23.9547313176 1412723649.41
23.4578742193 1412723649.94
23.284767976 1412723650.35
23.4428622608 1412723650.67
23.2409179875 1412723651.04
23.2180178772 1412723651.6
23.3821636008 1412723652.0
23.2080411223 1412723652.49
23.1955890573 1412723652.9
23.1314592457 1412723653.37
23.0638597006 1412723653.88
22.9958954539 1412723654.49
22.9507956477 1412723654.99
22.9200310902 1412723655.52
22.9272766311 1412723655.94
22.9393525087 1412723656.45
22.7025714591 1412723656.87
22.5539591041 1412723657.25
22.6051482762 1412723657.67
22.5913596914 1412723658.15
22.5657567336 1412723658.62
22.3439036676 1412723659.2
22.3401040937 1412723659.68
22.4108743653 1412723660.15
22.4081111414 1412723660.58
22.3864620822 1412723661.01
22.2440054206 1412723661.42
22.2082134218 1412723661.86
22.2140898256 1412723662.31
22.1160205688 1412723662.79
21.9750869283 1412723663.23
21.9499348894 1412723663.62
21.7775031835 1412723664.01
21.7914914002 1412723664.42
21.6331612378 1412723664.85
21.6392809861 1412723665.19
21.6375658825 1412723665.57
21.5553453146 1412723666.0
21.4663097331 1412723666.36
21.4666654616 1412723666.71
21.5506098656 1412723667.07
21.404123105 1412723667.44
21.4314274211 1412723667.77
21.4234472949 1412723668.1
21.1738336715 1412723668.47
21.0636953509 1412723668.79
21.0222406336 1412723669.12
21.0140142183 1412723669.46
20.9965819065 1412723669.81
20.9929955248 1412723670.19
20.8408129055 1412723670.53
20.8557395156 1412723670.85
20.8679022623 1412723671.21
20.7900005555 1412723671.57
20.7946626541 1412723671.95
20.7817032432 1412723672.33
20.7879428956 1412723672.7
20.7960227371 1412723673.08
20.8590173502 1412723673.45
20.8717662609 1412723673.81
20.8888825856 1412723674.19
20.8900493831 1412723674.54
20.8938471667 1412723674.88
20.8877869322 1412723675.21
20.8423102583 1412723675.53
20.9210625285 1412723675.84
20.9267062441 1412723676.14
20.9520901885 1412723676.42
20.8258358633 1412723676.72
20.8206315045 1412723677.04
20.7652040615 1412723677.33
20.7598404673 1412723677.63
20.7570426294 1412723677.94
20.7544079124 1412723678.26
20.7519039696 1412723678.57
20.7358697702 1412723678.88
20.7292975678 1412723679.19
20.747148444 1412723679.55
20.7384209326 1412723679.85
20.7757937392 1412723680.2
20.7852021403 1412723680.53
20.9431357679 1412723680.87
20.9482766608 1412723681.2
20.9279947734 1412723681.67
20.9221955386 1412723682.13
20.9432743697 1412723682.59
20.6704802732 1412723683.04
20.6727269822 1412723683.46
20.6750351697 1412723683.88
20.6952017628 1412723684.32
20.6994737226 1412723684.78
20.696224618 1412723685.22
20.6201186917 1412723685.7
20.6230187805 1412723686.14
20.6259663418 1412723686.55
20.6242195056 1412723686.93
20.6294891663 1412723687.3
20.6343271195 1412723687.68
