45.8851691643 1412723852.53
48.3079384522 1412723853.22
48.2113955194 1412723853.7
45.6455925053 1412723854.23
46.1376431629 1412723854.68
50.785090149 1412723855.16
51.3326205079 1412723855.53
50.5996689163 1412723855.87
50.292399113 1412723856.22
49.8514590577 1412723856.53
49.7389766138 1412723856.84
49.4052630151 1412723857.27
49.3487496723 1412723857.65
48.2615783851 1412723858.07
47.8897119174 1412723858.42
47.4612564504 1412723858.77
46.7642275018 1412723859.07
45.7937008024 1412723859.45
45.1916616884 1412723859.8
44.1540702632 1412723860.13
43.4600805257 1412723860.47
42.480058252 1412723860.81
41.4557823561 1412723861.21
40.9255617408 1412723861.53
39.6552893908 1412723861.86
38.351923026 1412723862.2
37.183732468 1412723862.51
36.5298676752 1412723862.81
36.1021039965 1412723863.1
36.2354537636 1412723863.43
37.2565378412 1412723863.72
37.1208408026 1412723864.01
36.2211150671 1412723864.32
35.9809085477 1412723864.77
35.1258107499 1412723865.17
35.0042024532 1412723865.48
35.1949840769 1412723865.8
34.7362061443 1412723866.13
34.3395848514 1412723866.47
34.4794930219 1412723867.01
33.5399390034 1412723867.52
32.6176502616 1412723867.9
32.8194131803 1412723868.23
32.5341032951 1412723868.62
32.5011418835 1412723868.99
32.0840326873 1412723869.34
31.7960831169 1412723869.71
31.6926820702 1412723870.05
31.885984969 1412723870.41
31.5559045444 1412723870.76
31.4355206541 1412723871.18
31.9144645697 1412723871.57
32.148237429 1412723871.95
31.8523698154 1412723872.29
31.4989724458 1412723872.65
31.5681638155 1412723872.99
31.6428975246 1412723873.41
31.5830972464 1412723873.87
31.7210121879 1412723874.19
31.4376501263 1412723874.5
31.6817266384 1412723874.96
31.7510880823 1412723875.34
31.7686184912 1412723875.64
32.0248877484 1412723875.91
31.8068190624 1412723876.23
31.6752518544 1412723876.55
31.6636107965 1412723876.88
31.6061766315 1412723877.22
31.7901037307 1412723877.55
31.8816649818 1412723877.87
31.7041214864 1412723878.19
31.8535382842 1412723878.52
31.6479170173 1412723878.82
31.8025058384 1412723879.17
31.7500841586 1412723879.51
31.6719901301 1412723879.86
31.5953485025 1412723880.2
31.442566347 1412723880.51
31.4097733431 1412723880.82
31.2888030655 1412723881.2
31.2675527619 1412723881.53
31.0447521472 1412723881.84
31.4401013895 1412723882.18
31.3862946082 1412723882.53
31.0978384586 1412723882.85
31.1009421892 1412723883.17
30.9974873324 1412723883.51
30.9456965433 1412723883.8
31.2065492685 1412723884.13
31.1714318867 1412723884.47
31.0219502571 1412723884.81
31.1908612989 1412723885.16
31.0709084709 1412723885.51
31.0269692702 1412723885.81
30.8257980614 1412723886.17
30.6834751537 1412723886.47
30.4914781425 1412723886.79
30.4131204061 1412723887.2
30.1876988257 1412723887.6
30.0029520507 1412723887.96
29.3743383527 1412723888.29
29.1813069843 1412723888.6
29.2764134023 1412723888.93
29.2482649177 1412723889.27
29.0582045891 1412723889.64
29.0785348699 1412723890.0
29.1358883614 1412723890.36
29.0507911646 1412723890.7
29.2467033403 1412723891.02
29.6003677959 1412723891.36
29.5135038641 1412723891.7
29.8174109032 1412723892.01
29.6259817039 1412723892.38
30.0314470665 1412723892.68
30.0987201515 1412723893.02
30.513785769 1412723893.35
30.6426022704 1412723893.68
30.7711941107 1412723894.01
30.8602297314 1412723894.33
30.6883615673 1412723894.68
30.6639014865 1412723895.03
30.8520636321 1412723895.39
30.8421235268 1412723895.72
30.7117542904 1412723896.06
30.585270902 1412723896.37
30.3645875219 1412723896.7
30.3768574715 1412723897.05
30.3663429692 1412723897.42
30.4436702846 1412723897.74
30.2134320053 1412723898.06
30.3013302491 1412723898.41
30.200603581 1412723898.73
30.1113089622 1412723899.07
29.896944649 1412723899.41
29.5356401615 1412723899.76
29.9488537434 1412723900.13
29.7027149957 1412723900.47
29.6859470749 1412723900.81
29.8431736672 1412723901.14
29.6051462553 1412723901.5
29.2492928193 1412723901.89
29.3658918666 1412723902.25
28.83606113 1412723902.63
28.6270611044 1412723903.0
28.5723252159 1412723903.35
28.5508006684 1412723903.73
28.0690001194 1412723904.21
27.8886043135 1412723904.61
28.2211965431 1412723905.01
27.7704052168 1412723905.42
27.2421899203 1412723905.78
26.6544366346 1412723906.17
26.115706691 1412723906.57
25.7077183065 1412723906.91
25.7448452688 1412723907.29
25.2678284524 1412723907.64
25.6597064943 1412723908.0
26.063984859 1412723908.39
26.6873590109 1412723908.78
26.4681039307 1412723909.17
26.4726256188 1412723909.59
26.570797657 1412723909.93
26.6739782465 1412723910.27
26.7619543115 1412723910.64
26.9902274277 1412723911.0
27.2023764751 1412723911.35
27.326494244 1412723911.74
27.2120213368 1412723912.08
27.8725240947 1412723912.43
27.8142960495 1412723912.82
27.9110743517 1412723913.21
27.8629994642 1412723913.55
27.7316531549 1412723913.95
27.9092715141 1412723914.33
27.960558216 1412723914.75
27.8649962319 1412723915.14
27.5501428362 1412723915.55
27.6675509638 1412723915.93
27.8242189553 1412723916.33
27.6147071737 1412723916.69
27.2843691387 1412723917.09
27.8136633817 1412723917.42
27.9844355362 1412723917.78
27.5071584274 1412723918.22
27.7589744184 1412723918.72
27.7596735327 1412723919.11
27.7196472699 1412723919.54
27.8509707644 1412723919.96
27.869887127 1412723920.37
27.9760438694 1412723920.76
27.6407319382 1412723921.14
27.4956124292 1412723921.53
27.6260133265 1412723921.94
27.7006698132 1412723922.31
27.9770346166 1412723922.67
27.629983811 1412723923.06
27.6467608713 1412723923.47
27.6658503592 1412723923.91
27.6521608981 1412723924.28
27.7766098436 1412723924.66
