37.2749191156 1412751167.52
35.4465727209 1412751169.02
35.6500928762 1412751170.55
35.8644666778 1412751172.01
35.4270663686 1412751173.42
35.9255331624 1412751174.86
35.5875981041 1412751176.26
35.8935320239 1412751177.71
36.3416197645 1412751179.13
36.8056121024 1412751180.53
36.9504022718 1412751181.88
36.8487754151 1412751183.26
36.8648022097 1412751184.65
36.9886092282 1412751186.09
37.0850486749 1412751187.47
37.3792819115 1412751188.87
37.5320013654 1412751190.31
37.6804279931 1412751191.83
37.8881345536 1412751193.28
37.6591438576 1412751194.74
37.2663115323 1412751196.17
37.0960340672 1412751197.6
36.4102567818 1412751199.05
36.0381780748 1412751200.5
35.5421342341 1412751201.94
35.0290629349 1412751203.41
34.8754664055 1412751204.81
34.531363221 1412751206.25
34.3447877744 1412751207.7
33.8322509553 1412751209.18
33.8426376203 1412751210.56
34.3631829654 1412751211.92
34.7807224714 1412751213.32
33.3854936547 1412751214.76
32.4456857178 1412751216.18
32.6087599259 1412751217.56
31.1511398376 1412751218.91
31.2408876853 1412751220.28
28.1852159605 1412751221.68
27.2607153688 1412751223.03
30.605639856 1412751224.45
30.8349290554 1412751225.83
30.3168724153 1412751227.23
30.0576397514 1412751228.59
29.48495926 1412751229.98
29.2332920021 1412751231.33
29.1408747775 1412751232.7
28.8721277324 1412751234.19
28.725897224 1412751235.63
28.5281592912 1412751237.08
28.5461845402 1412751238.51
28.5299293784 1412751239.96
28.3771020845 1412751241.37
28.2830489746 1412751242.83
28.2672423821 1412751244.43
28.0923153735 1412751245.89
27.9840361927 1412751247.3
27.8341241034 1412751248.74
27.7319605646 1412751250.22
27.6842948188 1412751251.65
27.7039489324 1412751253.1
27.59605205 1412751254.54
27.5455379115 1412751255.98
27.3868390248 1412751257.44
26.9986180767 1412751258.87
26.9956606879 1412751260.3
26.9155456019 1412751261.76
26.8196443515 1412751263.28
26.8200381916 1412751264.76
26.5857624675 1412751266.3
26.584211105 1412751267.81
26.5224717526 1412751269.29
26.4484005805 1412751270.77
26.4103712938 1412751272.2
26.2872629586 1412751273.74
26.0792734963 1412751275.26
25.8909945006 1412751276.74
25.8159597 1412751278.27
25.5416119656 1412751279.76
25.4132441363 1412751281.25
25.2521540353 1412751282.73
25.1494125897 1412751284.28
25.0788852478 1412751285.78
24.8463891798 1412751287.32
24.6752404502 1412751288.87
24.6828204415 1412751290.39
24.6413933632 1412751291.96
24.5242144596 1412751293.54
24.3830151325 1412751295.08
24.3116483745 1412751296.61
24.2238303123 1412751298.15
24.1937838142 1412751299.66
24.0477596487 1412751301.15
24.0555814453 1412751302.69
24.0978290035 1412751304.21
24.151749323 1412751305.71
24.164401302 1412751307.2
24.2344491801 1412751308.77
24.3628286103 1412751310.29
24.3001057687 1412751311.79
24.3204077393 1412751313.33
24.3903040242 1412751314.92
24.3730945999 1412751316.5
24.5317132068 1412751318.06
24.520770516 1412751319.61
24.5851012749 1412751321.17
24.5888968051 1412751322.74
24.6228934499 1412751324.28
24.6558633584 1412751325.87
24.6408602829 1412751327.4
24.6795466954 1412751328.96
24.6708293711 1412751330.53
24.7447638902 1412751332.05
24.7626153598 1412751333.58
24.8800425129 1412751335.15
24.8051825973 1412751336.72
24.8667019199 1412751338.27
24.8422278469 1412751339.9
24.882505954 1412751341.45
24.8698315932 1412751342.98
24.8367967262 1412751344.5
24.8640364299 1412751346.05
24.7989078559 1412751347.59
24.8427208541 1412751349.11
24.8368486152 1412751350.7
24.8467040258 1412751352.2
24.860243539 1412751353.75
24.8543602244 1412751355.32
24.9097477555 1412751356.86
24.9079427071 1412751358.41
24.8295684965 1412751359.97
24.9395402412 1412751361.56
24.9183249455 1412751363.15
24.9226227631 1412751364.72
24.8327699842 1412751366.26
24.9941329818 1412751367.84
24.9295353202 1412751369.4
24.9591159452 1412751370.95
24.9683152584 1412751372.53
24.8785934643 1412751374.1
24.9779984139 1412751375.63
24.9748140821 1412751377.17
24.868632588 1412751378.73
24.8544012959 1412751380.23
24.7863961007 1412751381.75
24.7914736715 1412751383.32
24.8592512813 1412751384.88
24.8596045753 1412751386.4
24.8598834446 1412751387.99
24.873612149 1412751389.57
24.7665589892 1412751391.22
24.7492317482 1412751392.75
24.7468398025 1412751394.31
24.7265435849 1412751395.83
24.7264726079 1412751397.38
24.7564731317 1412751398.93
24.7464494715 1412751400.49
24.6982698821 1412751402.04
24.6905222652 1412751403.62
24.6795933906 1412751405.24
24.4441041001 1412751406.83
24.4201592679 1412751408.43
24.413429315 1412751410.03
24.3846924228 1412751411.61
24.4324233446 1412751413.19
24.4150300139 1412751414.75
24.1946501687 1412751416.31
24.1708154483 1412751417.89
24.1374377742 1412751419.49
24.2017727548 1412751421.07
24.0721808079 1412751422.64
24.0450379495 1412751424.23
23.9454356422 1412751425.81
23.9553868413 1412751427.42
23.9236827642 1412751428.98
23.6130101167 1412751430.62
23.2976101328 1412751432.21
23.2587209819 1412751433.81
23.2377526182 1412751435.45
23.2015378723 1412751437.07
23.0726655989 1412751438.67
23.0259624421 1412751440.28
22.9942070755 1412751441.96
22.8522709097 1412751443.6
22.8414146104 1412751445.2
22.7333166539 1412751446.85
22.6897600291 1412751448.48
22.6252748909 1412751450.11
22.3155759308 1412751451.75
22.1381105546 1412751453.34
22.187858294 1412751454.95
21.9227930272 1412751456.59
21.8327936461 1412751458.29
21.9572088454 1412751459.91
21.945332014 1412751461.5
22.0377336766 1412751463.15
22.0316706398 1412751464.85
22.1187317599 1412751466.54
22.0080237265 1412751468.15
21.8697442606 1412751469.81
