6.55282852546 1412725908.27
6.99270748187 1412725908.6
7.02124212027 1412725908.92
7.26720006773 1412725909.29
7.10097415974 1412725909.57
7.27782448885 1412725909.84
7.38572541524 1412725910.12
7.38513518775 1412725910.41
7.61399375213 1412725910.72
7.77534954009 1412725911.0
7.78104991333 1412725911.28
8.13145672615 1412725911.56
8.20197480729 1412725911.83
8.39542313117 1412725912.12
8.4737173273 1412725912.41
8.79330453739 1412725912.69
8.91874117537 1412725912.96
9.07479816556 1412725913.36
9.13412115581 1412725913.68
9.28476785205 1412725913.95
9.50632862151 1412725914.19
9.7832771065 1412725914.47
10.1509456874 1412725914.75
10.4479143981 1412725915.01
10.8045700062 1412725915.27
11.0257532284 1412725915.53
11.3586967408 1412725915.83
11.5302240423 1412725916.09
11.8759199024 1412725916.32
11.7304704255 1412725916.58
11.6625728975 1412725916.85
11.3560927934 1412725917.12
11.2652180269 1412725917.39
11.1333987325 1412725917.69
10.9159222679 1412725917.97
10.887889082 1412725918.25
10.7631531784 1412725918.51
10.8673370724 1412725918.76
10.9185922891 1412725919.03
10.9646176216 1412725919.3
11.0123914078 1412725919.55
11.1223647047 1412725919.81
11.2029176546 1412725920.06
11.1310393063 1412725920.3
11.0830315006 1412725920.55
11.240094436 1412725920.8
11.400478634 1412725921.06
11.3009071694 1412725921.37
11.2351866815 1412725921.61
11.2352429552 1412725921.88
11.2022554722 1412725922.16
11.1415919886 1412725922.44
11.1342211886 1412725922.7
11.1016293024 1412725922.99
11.0374737722 1412725923.23
11.0281294611 1412725923.48
10.992208173 1412725923.73
10.9172447094 1412725923.96
10.877586587 1412725924.22
10.8010506631 1412725924.46
10.7295560219 1412725924.69
10.6701597183 1412725924.95
10.6104331022 1412725925.19
10.5923347552 1412725925.49
10.5019160174 1412725925.73
10.3968829976 1412725926.05
10.2953002709 1412725926.34
10.2105372027 1412725926.61
10.102946746 1412725926.86
10.0450295928 1412725927.08
9.95102558794 1412725927.34
9.89911682859 1412725927.58
10.0534903176 1412725927.84
10.0011227565 1412725928.1
9.8995384327 1412725928.36
9.87187556008 1412725928.63
9.79138605088 1412725929.09
9.85649544666 1412725929.74
9.76982596874 1412725930.49
9.67298278795 1412725931.2
9.66365286291 1412725931.76
9.94102118804 1412725932.15
9.91338189598 1412725932.56
9.82916158201 1412725932.96
9.7262621732 1412725933.24
12.7455028029 1412725933.53
9.75762024339 1412725933.8
13.2882812309 1412725934.06
9.77716232471 1412725934.33
9.8122930051 1412725934.75
9.89562224922 1412725935.2
9.8082372028 1412725935.76
9.86811810738 1412725936.14
9.82275034299 1412725936.43
9.74291301804 1412725936.78
9.79439317702 1412725937.23
9.83927035168 1412725937.79
9.84674446436 1412725938.26
9.8802387717 1412725938.72
9.92231051202 1412725939.2
9.86259767454 1412725939.71
9.91857294582 1412725940.18
9.98840043712 1412725940.64
10.0095085665 1412725941.11
10.0214961101 1412725941.54
10.0337745523 1412725942.05
9.9440366057 1412725942.53
9.81374649207 1412725942.88
9.75017189279 1412725943.27
9.78339990796 1412725943.7
9.72494165204 1412725944.14
9.5973695456 1412725944.61
9.51396185831 1412725945.03
9.42192099648 1412725945.32
9.36138816712 1412725945.63
9.23952312336 1412725945.91
9.15761165012 1412725946.25
9.12866472643 1412725946.67
9.06475625214 1412725946.95
8.96573256169 1412725947.24
8.85395078006 1412725947.55
8.89455196167 1412725947.82
9.05417444847 1412725948.09
9.30928251801 1412725948.47
9.38018700117 1412725948.81
9.62559997209 1412725949.06
9.61271958939 1412725949.35
9.65522210613 1412725949.62
9.58114895853 1412725949.89
9.69270092058 1412725950.16
9.6823564845 1412725950.56
9.68811508103 1412725950.87
9.83298795077 1412725951.12
9.99957832978 1412725951.38
10.0526059926 1412725951.66
10.149159271 1412725951.92
10.1912114626 1412725952.21
10.3086209697 1412725952.63
10.2841789776 1412725952.91
10.4350020682 1412725953.2
10.5188164115 1412725953.49
10.6549037036 1412725953.76
10.7843669376 1412725954.04
10.871467846 1412725954.32
10.8917787309 1412725954.74
11.0011677145 1412725955.01
11.1048426574 1412725955.28
11.2056762162 1412725955.56
11.3601983543 1412725955.84
11.5283830256 1412725956.12
11.6304608019 1412725956.59
11.7222989546 1412725956.89
11.8640217253 1412725957.18
11.9548122255 1412725957.47
12.0779233026 1412725957.77
12.1761553599 1412725958.05
19.2106922945 1412725958.34
19.2798534474 1412725958.62
19.470249863 1412725959.07
19.6887142054 1412725959.34
19.8976144429 1412725959.64
20.1462721364 1412725959.93
20.3165195119 1412725960.19
20.4841132059 1412725960.47
20.6540312273 1412725960.76
20.7421280467 1412725961.06
20.7734877504 1412725961.43
20.7960289574 1412725961.76
20.8166435955 1412725962.03
20.7835266388 1412725962.33
20.7198147597 1412725962.62
20.5142159031 1412725962.92
20.487968786 1412725963.19
20.470600661 1412725963.55
20.4918944942 1412725963.91
20.558527932 1412725964.26
20.5073992998 1412725964.61
20.5161216212 1412725964.96
20.4081278779 1412725965.29
20.4134634655 1412725965.76
20.4594963899 1412725966.05
20.3961294955 1412725966.36
20.3683211926 1412725966.67
20.439727594 1412725966.96
20.4953403021 1412725967.26
20.5284518758 1412725967.54
20.5367550197 1412725967.84
20.5796348695 1412725968.12
20.600584328 1412725968.43
20.5745341716 1412725968.74
20.4938689763 1412725969.04
20.4888862223 1412725969.36
20.5308110808 1412725969.66
20.5601154929 1412725969.94
20.5892691272 1412725970.23
20.6208990941 1412725970.52
20.6601812059 1412725970.81
20.6925821276 1412725971.11
20.7552059471 1412725971.39
20.7031860013 1412725971.67
