14.4894994622 1412725579.67
14.5344203236 1412725579.99
14.7507609814 1412725580.31
14.8846673005 1412725580.67
15.0063123548 1412725581.01
14.4422980294 1412725581.31
14.0776668644 1412725581.63
14.3992476678 1412725581.92
14.4679879998 1412725582.21
14.8374192425 1412725582.49
15.0619498638 1412725582.78
15.0957635889 1412725583.07
15.1764058176 1412725583.38
15.1372461594 1412725583.68
15.0966608096 1412725584.0
15.0324289439 1412725584.33
15.2606923597 1412725584.64
15.0248712371 1412725584.94
14.7608089794 1412725585.25
14.8139941234 1412725585.6
14.9802332581 1412725585.89
14.9422813338 1412725586.2
15.0384175313 1412725586.49
14.8405152167 1412725586.82
15.057951752 1412725587.12
15.1432404377 1412725587.41
15.1712834705 1412725587.73
15.4297263372 1412725588.03
15.915855678 1412725588.32
16.0031590158 1412725588.61
16.2048998287 1412725588.9
16.3482638062 1412725589.21
16.3836808643 1412725589.51
16.6562344807 1412725589.79
16.7091720008 1412725590.1
16.9536159342 1412725590.41
16.9749026281 1412725590.73
16.9864099564 1412725591.04
16.9096275048 1412725591.35
16.8775530922 1412725591.66
16.9247760976 1412725591.96
16.8692092186 1412725592.25
17.0138517332 1412725592.56
16.9299637686 1412725592.86
16.8547504978 1412725593.13
16.7262695879 1412725593.42
16.7679587295 1412725593.72
16.6505358707 1412725594.0
16.5693076898 1412725594.3
16.818836023 1412725594.57
16.4131079498 1412725594.86
16.2738443875 1412725595.16
16.1657626316 1412725595.45
16.0971870278 1412725595.77
16.0742294831 1412725596.07
15.9251521978 1412725596.36
16.1524203714 1412725596.7
15.7775984364 1412725597.01
15.6883389015 1412725597.33
15.4028360922 1412725597.63
14.9414091752 1412725597.93
14.5962267394 1412725598.22
14.6763453736 1412725598.53
14.265097764 1412725598.83
14.5287800876 1412725599.12
14.1348838202 1412725599.41
14.1004625371 1412725599.71
13.8383273561 1412725599.99
13.66134163 1412725600.28
13.2690487135 1412725600.6
12.9167949117 1412725600.91
13.2646313664 1412725601.21
13.2732266447 1412725601.49
13.3263535497 1412725601.79
13.2194008848 1412725602.1
13.1268959288 1412725602.39
13.069732373 1412725602.69
13.0668976373 1412725602.98
13.0709065373 1412725603.32
12.9800348016 1412725603.61
12.8929383484 1412725603.93
12.8014667262 1412725604.22
12.6186266585 1412725604.5
12.5579315167 1412725604.79
12.384491743 1412725605.06
12.3460742584 1412725605.35
12.2486826614 1412725605.64
12.1639396306 1412725605.94
12.002088866 1412725606.21
11.850491786 1412725606.5
11.8453021171 1412725606.79
11.7354522031 1412725607.08
11.8083888532 1412725607.35
11.6999275089 1412725607.63
11.6701476998 1412725607.92
11.539828333 1412725608.21
11.5450886269 1412725608.47
11.3382240192 1412725608.75
11.2124570176 1412725609.04
11.0351307309 1412725609.34
10.9961842971 1412725609.65
10.984403971 1412725609.95
10.9032345373 1412725610.24
10.8031042984 1412725610.53
10.7780308082 1412725610.79
10.6899831598 1412725611.08
10.6317236063 1412725611.35
10.5508658767 1412725611.65
10.4040641661 1412725611.92
10.4392338614 1412725612.23
10.2768722977 1412725612.52
10.2259294597 1412725612.79
10.182259621 1412725613.05
10.0508255921 1412725613.33
10.0960623235 1412725613.61
10.039222915 1412725613.89
10.0318922262 1412725614.17
10.0607463394 1412725614.45
10.0095923012 1412725614.74
9.80633807174 1412725615.01
9.59720159615 1412725615.29
9.45203049648 1412725615.56
9.31316540875 1412725615.82
9.26184007889 1412725616.09
9.18653929439 1412725616.36
9.13256764897 1412725616.65
9.08292296344 1412725616.95
9.07486357506 1412725617.23
9.09483629307 1412725617.51
9.02189189558 1412725617.78
8.99576856221 1412725618.07
8.94929034417 1412725618.38
8.92403491104 1412725618.67
8.8820210243 1412725618.98
8.85074212365 1412725619.26
8.78790605889 1412725619.53
8.71709647779 1412725619.81
8.71947199438 1412725620.1
8.68465518415 1412725620.44
8.62025477743 1412725620.72
8.59044931622 1412725621.01
8.59397212024 1412725621.28
8.54190369257 1412725621.59
8.44079571491 1412725621.88
8.37096826443 1412725622.16
8.37466543004 1412725622.45
8.33982800874 1412725622.72
8.29216902403 1412725622.99
8.24690820506 1412725623.26
8.16534353036 1412725623.52
8.11312782835 1412725623.8
8.0944285668 1412725624.07
8.05538685227 1412725624.38
8.03617289825 1412725624.67
8.09035333204 1412725624.94
8.07913564341 1412725625.22
8.0751732904 1412725625.51
8.03902078924 1412725625.77
8.06330377293 1412725626.04
8.00625980103 1412725626.31
8.04209296438 1412725626.56
7.98575471823 1412725626.84
8.07439833613 1412725627.08
8.06387879552 1412725627.33
8.03068168406 1412725627.57
7.97521738219 1412725627.84
7.99709361973 1412725628.12
7.99770559957 1412725628.41
8.06131503216 1412725628.66
8.00748013608 1412725628.94
8.03337261512 1412725629.21
8.07671581017 1412725629.46
8.09347208725 1412725629.72
8.09473069506 1412725629.99
8.10299738753 1412725630.31
8.07901951273 1412725630.59
8.08012019294 1412725630.86
8.12508392044 1412725631.13
8.12132387268 1412725631.4
8.11357110594 1412725631.67
8.11661670773 1412725631.94
8.11441074746 1412725632.22
8.1529917305 1412725632.49
8.158883683 1412725632.75
8.15302912796 1412725633.01
8.14639334341 1412725633.28
8.14096741887 1412725633.55
8.12946951117 1412725633.83
8.11911923791 1412725634.1
8.11630444609 1412725634.37
8.08471440341 1412725634.64
8.07605044849 1412725634.9
8.06716689537 1412725635.17
8.04234534554 1412725635.44
8.07900451384 1412725635.72
8.06705224869 1412725635.97
8.03534838389 1412725636.22
8.02366260995 1412725636.48
8.01190963092 1412725636.73
8.00016468273 1412725636.99
