18.4964115771 1412721769.47
18.3480109993 1412721769.59
18.0439952937 1412721769.71
19.0374072918 1412721769.81
19.421806791 1412721769.9
19.6422438618 1412721770.0
20.266409754 1412721770.09
20.2034915187 1412721770.2
20.9365884819 1412721770.33
21.6044407433 1412721770.44
21.3433597453 1412721770.53
20.5804474014 1412721770.65
20.4944162779 1412721770.76
20.503024266 1412721770.87
20.3872379896 1412721770.98
20.6875578161 1412721771.11
20.5777416995 1412721771.22
20.9516910273 1412721771.34
20.6990584142 1412721771.45
21.1209374257 1412721771.61
21.1223532336 1412721771.75
21.4571075087 1412721771.88
21.4628758257 1412721772.0
21.452269084 1412721772.11
21.5021454031 1412721772.22
21.7292662434 1412721772.36
21.7385174118 1412721772.49
21.4591470034 1412721772.62
21.3950307992 1412721772.74
21.7014969278 1412721772.84
21.6376099169 1412721772.99
21.2455108376 1412721773.07
21.2539088413 1412721773.19
21.1751606326 1412721773.29
20.9473222109 1412721773.39
20.8938024729 1412721773.51
20.6684949255 1412721773.62
20.7199544048 1412721773.73
20.3692755056 1412721773.83
20.3736179617 1412721773.91
20.4679464574 1412721774.03
20.1537601074 1412721774.13
20.3454442477 1412721774.22
19.7929544843 1412721774.34
19.9933412632 1412721774.45
20.2924378675 1412721774.55
20.4580469728 1412721774.66
19.9989101304 1412721774.78
19.7236525287 1412721774.89
19.6855354581 1412721775.02
19.4007304742 1412721775.15
19.721640943 1412721775.29
19.1601734177 1412721775.44
18.3052908398 1412721775.58
17.750858322 1412721775.71
17.0777931047 1412721775.86
18.2187260438 1412721776.01
17.8738031566 1412721776.14
23.3363441716 1412721776.26
19.5700925243 1412721776.34
21.4574077936 1412721776.44
19.1469520469 1412721776.51
20.499058172 1412721776.6
21.5667637828 1412721776.7
19.9757210706 1412721776.8
19.2984959298 1412721776.9
19.886716766 1412721776.99
20.2935390208 1412721777.1
20.1260387915 1412721777.17
19.9138386539 1412721777.28
19.6897363069 1412721777.38
19.6256191706 1412721777.47
19.8409161303 1412721777.57
20.0406467421 1412721777.66
20.0234699157 1412721777.74
20.2277726438 1412721777.89
20.4086238242 1412721777.99
20.6702688542 1412721778.07
20.6441355919 1412721778.16
21.1319068508 1412721778.24
21.0952918751 1412721778.36
21.1741990289 1412721778.47
21.531369551 1412721778.56
21.4241148461 1412721778.64
21.4827474396 1412721778.73
21.6557949676 1412721778.82
21.5903061439 1412721778.9
21.3981076121 1412721778.99
21.2985599189 1412721779.1
21.0605828513 1412721779.2
21.1397241545 1412721779.33
21.0324757288 1412721779.45
21.0553322213 1412721779.56
21.002354474 1412721779.66
21.1795196822 1412721779.77
21.136998229 1412721779.9
21.1500643535 1412721780.03
20.823261436 1412721780.13
20.945507744 1412721780.24
20.9832298829 1412721780.35
20.9584054914 1412721780.46
21.135167431 1412721780.58
21.1827714489 1412721780.69
21.1646134878 1412721780.86
21.1416748173 1412721780.99
21.014700436 1412721781.1
21.0446891491 1412721781.23
20.9194603251 1412721781.37
20.7917238867 1412721781.46
21.0190647505 1412721781.57
20.791739461 1412721781.7
20.6574615633 1412721781.82
20.6155053677 1412721781.93
20.6907320263 1412721782.04
20.6140867787 1412721782.15
20.5872989326 1412721782.25
20.2669780759 1412721782.35
20.5947956632 1412721782.46
20.3366602759 1412721782.56
20.6206801022 1412721782.66
20.3622999368 1412721782.77
20.3136277357 1412721782.89
20.4770709732 1412721783.0
20.6856663969 1412721783.11
20.4825364179 1412721783.22
20.4411427719 1412721783.35
20.3269947159 1412721783.47
20.2760904721 1412721783.57
20.3444527813 1412721783.67
20.3243498391 1412721783.78
20.1893003405 1412721783.89
20.1178405599 1412721784.0
20.1995614866 1412721784.1
19.9954549462 1412721784.2
20.2142848518 1412721784.32
20.0096686604 1412721784.43
20.2290166277 1412721784.54
20.023762121 1412721784.63
20.6514486657 1412721784.73
20.9007153851 1412721784.83
20.8835418263 1412721784.95
20.8106747373 1412721785.05
20.6744658169 1412721785.15
20.9144268525 1412721785.26
20.7210509459 1412721785.39
20.932528303 1412721785.51
20.738951069 1412721785.64
20.9502950888 1412721785.75
20.5309118317 1412721785.88
20.965432081 1412721785.99
20.5444296635 1412721786.1
20.7678927776 1412721786.21
20.7904097484 1412721786.35
21.0165712942 1412721786.47
20.7173075774 1412721786.59
20.7382620005 1412721786.74
20.7547473164 1412721786.91
20.8571938834 1412721787.03
20.4597578862 1412721787.13
20.4743222853 1412721787.23
20.6776643116 1412721787.37
20.6848218612 1412721787.48
20.9399210181 1412721787.61
20.6870689016 1412721787.72
20.6415537448 1412721787.85
20.6496725959 1412721787.98
20.6576558915 1412721788.11
20.6654808694 1412721788.28
20.9259316706 1412721788.43
20.6673999225 1412721788.59
20.6276632564 1412721788.76
20.6177593263 1412721788.92
20.6187668211 1412721789.04
20.3965683564 1412721789.16
20.3925752002 1412721789.3
20.2136075045 1412721789.44
20.3966760592 1412721789.56
20.3929308577 1412721789.68
20.2136549963 1412721789.8
20.3983370939 1412721789.9
20.2193677862 1412721790.03
20.4024925308 1412721790.16
20.3990426267 1412721790.33
20.2198314608 1412721790.51
20.4232731227 1412721790.67
20.4270669578 1412721790.8
20.4308482815 1412721790.97
20.4346069589 1412721791.12
20.3981188174 1412721791.23
20.4025010044 1412721791.41
20.4744919124 1412721791.58
20.4777322262 1412721791.75
20.6939418922 1412721791.88
20.6250944265 1412721792.01
20.6290453258 1412721792.11
20.6329263867 1412721792.26
20.6367160773 1412721792.39
20.6404073213 1412721792.5
20.8721158118 1412721792.61
20.8716120241 1412721792.73
