31.7584890769 1412744198.71
31.1509416069 1412744199.64
31.3833080024 1412744200.61
31.4576391387 1412744201.6
31.8103714999 1412744202.57
32.1571997485 1412744203.55
32.3321926559 1412744204.55
32.331028982 1412744205.51
32.2528871181 1412744206.46
32.1320988086 1412744207.53
31.9592240391 1412744208.56
32.0874533674 1412744209.5
31.7366277611 1412744210.43
31.7596603077 1412744211.35
31.7250359241 1412744212.27
31.6842302834 1412744213.27
31.7727837837 1412744214.24
31.4210491767 1412744215.22
31.2454652441 1412744216.17
31.2181503897 1412744217.12
31.1110448379 1412744218.07
31.1417419328 1412744219.04
31.0442470186 1412744220.03
30.8826864038 1412744220.96
30.6896470123 1412744221.89
30.9805280412 1412744222.79
30.8401752025 1412744223.71
31.0123311983 1412744224.59
30.6345999451 1412744225.49
30.7764653852 1412744226.4
30.7577926282 1412744227.33
29.6493547888 1412744228.24
28.7342017121 1412744229.15
28.6627174516 1412744230.06
28.5278326182 1412744230.95
28.4747500487 1412744231.84
28.5708162282 1412744232.76
28.2460090879 1412744233.66
28.4900491508 1412744234.56
28.2063963367 1412744235.5
28.1105159166 1412744236.38
28.1696451082 1412744237.32
28.0032425684 1412744238.29
27.9652146084 1412744239.31
27.8093936119 1412744240.26
27.706465345 1412744241.15
27.6858417505 1412744242.06
27.6504115871 1412744242.98
27.5900581246 1412744243.87
27.673486038 1412744244.82
27.7770196247 1412744245.78
27.7349546606 1412744246.72
27.5216453552 1412744247.67
27.6083756733 1412744248.64
27.5157473037 1412744249.61
27.532741635 1412744250.56
27.5222455602 1412744251.54
27.6495862921 1412744252.52
27.4443718355 1412744253.5
27.4847476098 1412744254.46
27.4757770431 1412744255.43
27.3310856844 1412744256.43
27.403222561 1412744257.49
27.2549445276 1412744258.52
27.3040781534 1412744259.57
27.3339451311 1412744260.64
27.0465128716 1412744261.69
27.2014726148 1412744262.73
27.0411818949 1412744263.84
26.9170749124 1412744264.83
26.9671260838 1412744265.84
26.8781284311 1412744266.84
27.0085989714 1412744267.91
26.8572097797 1412744268.95
26.714443847 1412744269.99
26.8065537381 1412744271.02
26.7783837451 1412744272.05
26.5849786176 1412744273.1
26.7746674114 1412744274.16
26.4720197932 1412744275.25
26.4230338779 1412744276.36
26.2580853877 1412744277.4
26.1356120539 1412744278.45
26.0243310696 1412744279.47
26.0009261644 1412744280.54
25.9416270906 1412744281.56
25.8790747411 1412744282.59
25.8777569283 1412744283.61
25.9237704304 1412744284.68
25.8590902549 1412744285.77
25.7262570773 1412744286.79
25.873066322 1412744287.82
25.8022876346 1412744288.85
25.8628660872 1412744289.86
25.8069550669 1412744290.89
25.8413898386 1412744291.92
25.8068027349 1412744292.95
25.7762266522 1412744293.96
25.7259481837 1412744295.0
25.6094296649 1412744296.03
25.7229075728 1412744297.11
25.7648252725 1412744298.15
25.7991639824 1412744299.16
25.7925144628 1412744300.22
25.7084189186 1412744301.24
25.6323355556 1412744302.29
25.6271544953 1412744303.32
25.581476984 1412744304.38
25.5428378164 1412744305.43
25.5108472303 1412744306.5
25.6174136487 1412744307.59
25.5108171322 1412744308.64
25.4302186467 1412744309.68
25.4610021452 1412744310.8
25.2619736233 1412744311.88
25.176520258 1412744312.91
25.1454936723 1412744313.98
25.2388408046 1412744315.04
25.1456573328 1412744316.16
25.1347948038 1412744317.27
25.1825721091 1412744318.36
25.2601125125 1412744319.42
25.2289321214 1412744320.51
25.2865821647 1412744321.58
25.232369293 1412744322.65
25.1417453619 1412744323.73
25.1458364227 1412744324.8
25.1355596268 1412744325.84
25.0509821323 1412744326.94
25.0279370497 1412744328.06
25.0106298879 1412744329.19
25.0437364813 1412744330.36
24.9895220526 1412744331.49
24.9423562344 1412744332.58
24.9622523832 1412744333.67
24.9614066756 1412744334.79
25.0218661795 1412744335.92
25.0898684448 1412744337.06
25.0648966256 1412744338.23
25.0183191671 1412744339.39
24.9893956275 1412744340.55
24.9097630568 1412744341.71
24.9003559218 1412744342.83
24.8486396981 1412744343.99
24.9014148411 1412744345.16
24.9465481315 1412744346.28
25.0153282552 1412744347.39
24.8767588513 1412744348.5
24.759651805 1412744349.61
24.7337080427 1412744350.77
24.7666089689 1412744351.85
24.7423394349 1412744352.93
24.6867644159 1412744354.07
24.6651074782 1412744355.25
24.6484666846 1412744356.43
24.6284899334 1412744357.6
24.6669481429 1412744358.76
24.6568475007 1412744359.92
24.5565678376 1412744361.06
24.5840045925 1412744362.16
24.7591881789 1412744363.3
24.7624850215 1412744364.5
24.7100673854 1412744365.65
24.8957348803 1412744366.77
24.9152152952 1412744367.94
24.8319459576 1412744369.09
24.7179996999 1412744370.28
24.7829383677 1412744371.43
24.6204217961 1412744372.64
24.6868472782 1412744373.81
24.5528672647 1412744374.96
24.5890377601 1412744376.1
24.5907627938 1412744377.28
24.6822104663 1412744378.44
24.6837382858 1412744379.57
24.6093225427 1412744380.69
24.654627277 1412744381.87
24.6701577016 1412744383.01
24.6361234173 1412744384.13
24.5633317751 1412744385.26
24.6153745029 1412744386.38
24.534887362 1412744387.5
24.6050044946 1412744388.59
24.4742014295 1412744389.72
24.5616292463 1412744390.88
24.5841260771 1412744392.0
24.4928294374 1412744393.12
24.4517338989 1412744394.25
24.3191216065 1412744395.34
24.4042067433 1412744396.49
24.4428722094 1412744397.67
24.3643858969 1412744398.81
24.284628893 1412744399.94
24.2058992067 1412744401.08
24.3680411679 1412744402.22
24.2647900148 1412744403.37
24.2559998779 1412744404.48
24.3737511748 1412744405.64
24.3486110357 1412744406.79
24.4508299127 1412744407.92
