33.0162951311 1412737174.45
32.7535964759 1412737175.61
32.6152423483 1412737176.74
34.1024835246 1412737177.81
34.8573984423 1412737178.95
34.9741905981 1412737179.97
35.5034869866 1412737181.08
36.4803056314 1412737182.17
37.3797726847 1412737183.31
38.050866421 1412737184.46
38.7426679847 1412737185.53
39.361750444 1412737186.72
39.5035510006 1412737187.89
40.1794112978 1412737189.07
40.4396104681 1412737190.24
41.1683035456 1412737191.44
41.3647209745 1412737192.6
41.7718906342 1412737193.74
41.928960695 1412737194.93
42.1855482618 1412737196.12
42.515371502 1412737197.36
42.5148106214 1412737198.6
42.450929732 1412737199.79
42.085828271 1412737201.01
41.8939324967 1412737202.22
41.8465531148 1412737203.45
41.9295743525 1412737204.64
41.8372990842 1412737205.92
41.8926826252 1412737207.1
41.7700285927 1412737208.27
41.5670229515 1412737209.43
41.3782320351 1412737210.62
40.9808837593 1412737211.76
40.8513032102 1412737212.97
40.4541425084 1412737214.12
40.081971202 1412737215.24
39.6879807479 1412737216.36
39.0977861895 1412737217.49
39.1271455671 1412737218.58
38.987187972 1412737219.73
39.4496421632 1412737220.84
39.09474804 1412737221.98
39.4597814462 1412737223.09
39.3943561207 1412737224.17
39.6208526564 1412737225.3
40.1488757143 1412737226.39
40.5297794422 1412737227.56
40.7783109287 1412737228.69
40.9070254755 1412737229.75
40.6311172939 1412737230.83
40.9236044357 1412737231.9
40.2323206969 1412737233.0
40.2624404517 1412737234.08
40.3535731338 1412737235.21
40.3124202803 1412737236.27
40.0278556615 1412737237.36
39.9165773244 1412737238.4
39.5376370342 1412737239.46
38.9240694163 1412737240.51
38.6080144556 1412737241.6
38.598264094 1412737242.71
38.2930661818 1412737243.75
37.7414688308 1412737244.8
37.3644624826 1412737245.88
36.9455276685 1412737246.88
36.4788251287 1412737247.94
36.0396631594 1412737249.0
35.8541941758 1412737249.98
35.686583874 1412737251.05
35.4730409547 1412737252.06
35.1975477056 1412737253.12
35.0569534433 1412737254.12
34.7743946199 1412737255.13
34.4683346098 1412737256.19
34.1555069825 1412737257.22
33.9066028098 1412737258.25
33.6374280871 1412737259.24
33.5209528216 1412737260.26
33.2377197665 1412737261.29
32.9867451713 1412737262.34
32.7448942159 1412737263.38
32.6649136854 1412737264.35
32.5383905121 1412737265.36
32.4118762636 1412737266.42
32.3940967256 1412737267.38
32.2895161045 1412737268.36
32.304052019 1412737269.42
32.2673779791 1412737270.41
32.1822694609 1412737271.42
32.0881935452 1412737272.41
32.0356442262 1412737273.39
31.9180801046 1412737274.39
31.8047463938 1412737275.31
31.5699295264 1412737276.29
31.3284629726 1412737277.29
31.1969240497 1412737278.28
30.8292251478 1412737279.26
30.4834630288 1412737280.26
30.4019644572 1412737281.28
30.2371500407 1412737282.27
30.1438844962 1412737283.25
30.1284346351 1412737284.18
30.1024721701 1412737285.13
30.2117836835 1412737286.09
30.1056644024 1412737287.02
30.0190983273 1412737287.98
29.9125154137 1412737288.93
29.8984572717 1412737289.87
29.892533536 1412737290.81
29.7726949933 1412737291.77
29.6645964165 1412737292.76
29.6388730669 1412737293.74
29.6214099224 1412737294.72
29.5466698199 1412737295.73
29.5205139965 1412737296.69
29.5463509765 1412737297.68
29.5597109569 1412737298.66
29.7344147476 1412737299.73
29.9936510638 1412737300.72
30.3289114068 1412737301.75
30.5849607695 1412737302.77
30.5204198611 1412737303.81
30.7168555622 1412737304.93
88.8535120193 1412737306.01
89.217278309 1412737307.07
89.5998644428 1412737308.11
89.6187916433 1412737309.17
89.8077938162 1412737310.23
90.0752183314 1412737311.28
90.343388784 1412737312.32
90.5558309315 1412737313.41
90.5676936672 1412737314.45
90.3561946606 1412737315.47
90.56316862 1412737316.5
90.8611039891 1412737317.52
91.0590622076 1412737318.55
91.2774786601 1412737319.58
91.5163843543 1412737320.53
91.762225597 1412737321.5
92.098832583 1412737322.52
92.3449851312 1412737323.55
92.6572619091 1412737324.68
92.8942807991 1412737325.88
93.2557366552 1412737326.88
93.5676891987 1412737327.9
94.125945267 1412737328.93
94.3886439584 1412737329.91
94.6474678478 1412737331.02
94.9341299736 1412737332.11
95.2342579054 1412737333.12
95.5985710432 1412737334.14
96.0557172836 1412737335.15
96.3235396897 1412737336.14
96.7668754712 1412737337.2
97.0927917617 1412737338.28
97.3633830816 1412737339.33
97.703435253 1412737340.37
97.9853187446 1412737341.44
98.2601037813 1412737342.47
98.5054462332 1412737343.55
98.8024809302 1412737344.69
98.8909548422 1412737345.8
99.0523025082 1412737346.92
99.3789134269 1412737348.06
99.3830171233 1412737349.19
99.6539562449 1412737350.39
99.8601862927 1412737351.7
100.16841528 1412737353.07
100.308621179 1412737354.48
100.54317706 1412737355.84
36.6697637497 1412737357.21
36.6949880706 1412737358.59
36.8605439522 1412737359.96
36.8401507105 1412737361.37
37.0835200505 1412737362.78
37.2649404356 1412737364.16
37.028562587 1412737365.62
37.2428852698 1412737367.06
37.2756378109 1412737368.44
37.3088818576 1412737369.8
37.5444311696 1412737371.31
37.6338183105 1412737372.81
37.7083627595 1412737374.27
37.7444502893 1412737375.72
37.6659100328 1412737377.1
37.7344977064 1412737378.49
37.8312753899 1412737379.92
37.8568019583 1412737381.37
38.050511273 1412737382.78
38.0846981126 1412737384.22
38.2442855679 1412737385.63
38.264733541 1412737387.03
38.3821883327 1412737388.49
38.4263876797 1412737389.87
38.497260416 1412737391.27
38.7631684663 1412737392.73
38.9564097253 1412737394.11
38.9213994319 1412737395.51
38.8492970003 1412737396.97
38.9337499344 1412737398.49
