38.3120660145 1412742573.38
37.5477868284 1412742574.42
37.2822330636 1412742575.49
36.7645703378 1412742576.55
36.2832923053 1412742577.56
36.4758484051 1412742578.54
36.931991846 1412742579.51
37.4914067291 1412742580.47
38.0827112105 1412742581.43
38.4909360717 1412742582.36
38.7171691922 1412742583.38
38.7703969275 1412742584.33
38.6385038416 1412742585.29
38.3564799644 1412742586.25
38.13275863 1412742587.21
37.8969300387 1412742588.17
38.1354259985 1412742589.15
38.1521725147 1412742590.12
38.4971870016 1412742591.06
38.4344823141 1412742592.14
38.5831740276 1412742593.28
38.7154740781 1412742594.38
39.0042754817 1412742595.45
39.2623626114 1412742596.49
39.1281817864 1412742597.62
39.1070377127 1412742598.68
39.1863342601 1412742599.75
39.1150588095 1412742600.78
39.1646046913 1412742601.81
39.1076253457 1412742602.85
39.0024103633 1412742603.98
38.8823344459 1412742605.08
38.6216070998 1412742606.03
38.4041343777 1412742607.0
38.1306619718 1412742607.98
37.9157397391 1412742609.01
37.7257455177 1412742610.08
37.6993551126 1412742611.1
37.6147967405 1412742612.12
37.4552363437 1412742613.09
37.3999751559 1412742614.1
37.3473684256 1412742615.1
37.5051194535 1412742616.11
37.5191116176 1412742617.07
37.4842031919 1412742618.05
37.2852323846 1412742619.02
37.2277192905 1412742620.07
37.5142197419 1412742621.14
37.3510948909 1412742622.16
36.8423633346 1412742623.18
35.1555451028 1412742624.25
35.9095427735 1412742625.3
35.5960178068 1412742626.3
35.2015713499 1412742627.31
35.1377184313 1412742628.32
35.1134542363 1412742629.29
34.9530295711 1412742630.3
35.1378874402 1412742631.26
35.4094369559 1412742632.2
34.8347492018 1412742633.16
35.1394948637 1412742634.12
34.4263356969 1412742635.08
34.9514142236 1412742636.04
35.673219938 1412742637.03
35.0852363916 1412742637.97
35.4979524101 1412742638.91
35.0385305354 1412742639.89
34.5592987109 1412742640.8
33.8995113408 1412742641.74
34.1976174064 1412742642.68
34.6867442067 1412742643.66
34.2159464645 1412742644.58
33.8099607746 1412742645.49
34.0922190985 1412742646.41
34.3706493694 1412742647.34
34.0074922226 1412742648.21
33.5173712455 1412742649.14
33.9883432544 1412742650.08
33.4425276059 1412742651.02
33.8677212352 1412742651.97
33.3488899834 1412742652.91
33.7124406233 1412742653.86
33.3534423252 1412742654.8
33.6716971254 1412742655.74
33.2469724325 1412742656.79
33.7156210758 1412742657.77
33.2813203679 1412742658.71
33.6797277184 1412742659.71
33.3259882888 1412742660.77
32.842716561 1412742661.81
33.2294000361 1412742662.89
33.5413907966 1412742663.92
33.5927904056 1412742664.99
33.4058001521 1412742666.13
33.2888706487 1412742667.28
33.2464381064 1412742668.32
33.3388010013 1412742669.37
33.3069472874 1412742670.47
33.1435635401 1412742671.54
33.0248412946 1412742672.59
32.6700182928 1412742673.6
32.9526313502 1412742674.61
32.6595041547 1412742675.58
32.9395653788 1412742676.54
32.5438809157 1412742677.54
32.6240661012 1412742678.53
32.4139880418 1412742679.53
32.6502224349 1412742680.53
32.2595517819 1412742681.65
32.6029770682 1412742682.84
32.256991911 1412742684.03
32.4964941818 1412742685.17
32.1840759453 1412742686.2
32.5069247144 1412742687.12
32.2269455339 1412742688.23
32.4815584888 1412742689.33
32.2433697571 1412742690.52
32.4885045164 1412742691.72
32.2291302918 1412742692.88
31.8446191322 1412742693.96
32.0550159045 1412742695.1
31.7890378258 1412742696.38
31.4341187063 1412742697.56
31.0814398985 1412742698.84
31.3046752899 1412742699.93
31.592343554 1412742700.98
31.259943707 1412742702.14
31.5100167864 1412742703.34
31.1880263305 1412742704.51
31.4934928411 1412742705.62
31.2277327916 1412742706.64
30.9183696021 1412742707.74
31.0618193059 1412742708.86
31.2931783083 1412742709.79
30.9791313056 1412742710.75
31.1969054645 1412742711.68
30.9284381263 1412742712.65
30.6859823721 1412742713.58
30.3590921309 1412742714.44
30.5420739618 1412742715.35
30.2507107556 1412742716.21
30.3091082815 1412742717.1
30.4595819338 1412742718.12
30.109838981 1412742718.95
30.1760946521 1412742719.87
29.9560911737 1412742720.76
30.1166926252 1412742721.63
30.3071746806 1412742722.56
30.0670302392 1412742723.46
30.3545025897 1412742724.37
30.1394180431 1412742725.28
29.913128066 1412742726.17
30.1314344308 1412742727.15
29.8967317252 1412742728.07
30.0692340705 1412742728.94
30.1495510459 1412742729.93
30.365696431 1412742730.79
30.2417391649 1412742731.67
30.0519214209 1412742732.55
30.1446168466 1412742733.41
30.0009774109 1412742734.29
29.8590854532 1412742735.18
29.6363254128 1412742736.06
29.7775609685 1412742736.95
29.9822397664 1412742737.79
29.7288280408 1412742738.63
29.8739739777 1412742739.49
30.0939255481 1412742740.37
29.9022797447 1412742741.21
30.0739108583 1412742742.09
30.2105472006 1412742742.97
30.2682838674 1412742743.84
30.30768833 1412742744.74
30.2315443901 1412742745.62
30.1267139062 1412742746.52
30.0586679126 1412742747.38
29.9371068148 1412742748.27
29.9583603321 1412742749.18
29.8011519433 1412742750.05
29.7500523394 1412742750.96
29.7662896188 1412742751.86
29.7044693854 1412742752.78
29.7074130952 1412742753.72
29.6530414545 1412742754.64
29.375349646 1412742755.59
29.2830848488 1412742756.52
29.2333560217 1412742757.44
29.0779384237 1412742758.36
28.8159834687 1412742759.24
28.6792306059 1412742760.14
28.6002759923 1412742761.02
28.4893575712 1412742761.92
28.4092551243 1412742762.85
28.4054335567 1412742763.76
28.2816704241 1412742764.65
28.0282236179 1412742765.57
27.8673292019 1412742766.48
27.7398933675 1412742767.39
27.5168696854 1412742768.35
27.3010950642 1412742769.27
