16.4435063567 1412746971.15
17.0353113616 1412746972.61
17.7702088189 1412746974.03
19.0804441215 1412746975.36
20.0235597929 1412746976.73
21.0207442475 1412746978.14
21.3712677751 1412746979.52
21.2256230792 1412746980.95
21.611330224 1412746982.33
21.873026188 1412746983.73
22.2368489569 1412746985.11
22.7636846703 1412746986.52
23.1256151931 1412746988.01
23.8758373996 1412746989.41
23.7204124908 1412746990.79
23.761051082 1412746992.24
23.8006356679 1412746993.67
23.6937550314 1412746995.06
23.4751002886 1412746996.47
23.4072452627 1412746997.86
22.9947699214 1412746999.23
22.8358622518 1412747000.57
22.6752560689 1412747002.0
22.735356002 1412747003.38
22.6964400215 1412747004.75
22.7427063654 1412747006.15
22.5890466145 1412747007.57
22.7771766185 1412747009.02
22.9740427 1412747010.44
23.1194228541 1412747011.89
22.9957994752 1412747013.3
22.9880435205 1412747014.71
23.0017105537 1412747016.13
22.8340238931 1412747017.57
22.9312711503 1412747019.02
22.7808144105 1412747020.45
22.8133782717 1412747021.85
22.667645426 1412747023.21
22.8278976919 1412747024.61
22.9119857278 1412747025.99
23.191665307 1412747027.4
23.5800068822 1412747028.84
24.1365457006 1412747030.28
23.4913343626 1412747031.68
22.845946934 1412747033.12
22.9529715644 1412747034.51
23.1278045273 1412747035.93
23.1813603791 1412747037.37
23.4723252451 1412747038.85
23.6913391866 1412747040.29
23.7725049459 1412747041.76
23.7912153125 1412747043.21
23.8548367413 1412747044.72
23.7964627864 1412747046.19
23.8091668437 1412747047.68
23.8385592589 1412747049.18
23.8261841959 1412747050.66
23.9977362324 1412747052.11
24.4711280392 1412747053.69
24.6896520691 1412747055.18
24.9422346024 1412747056.66
25.1567130251 1412747058.17
24.9601639009 1412747059.65
24.6883932412 1412747061.16
24.2371961838 1412747062.79
24.009412862 1412747064.56
23.9484487199 1412747066.02
23.5080372545 1412747067.51
23.2122871431 1412747069.05
23.1094954149 1412747070.51
22.8126303453 1412747071.98
23.1485858801 1412747073.54
22.7450787795 1412747075.02
23.5919292725 1412747076.59
24.4759777144 1412747078.13
25.3384010193 1412747079.61
24.9883922838 1412747081.04
24.6177864999 1412747082.55
23.8364790016 1412747083.98
24.2277397119 1412747085.44
24.4907757249 1412747086.83
24.0675615565 1412747088.25
23.2688797988 1412747089.69
22.4497755018 1412747091.16
22.0709094679 1412747092.73
22.1410453106 1412747094.21
21.8414022944 1412747095.73
22.0011203745 1412747097.23
21.6737868946 1412747098.79
21.6759087685 1412747100.29
21.597265294 1412747101.81
21.7014257107 1412747103.43
21.4785847082 1412747105.01
21.395261054 1412747106.56
21.5882734313 1412747108.03
21.4177868606 1412747109.64
21.2289292513 1412747111.18
21.1556483941 1412747112.68
21.101052257 1412747114.22
20.8379665183 1412747115.81
20.6466978731 1412747117.32
20.591788973 1412747118.86
20.1910041297 1412747120.39
20.0382893741 1412747121.92
19.6655600425 1412747123.44
19.1742783905 1412747124.94
18.9414046176 1412747126.47
18.6185854674 1412747127.9
18.7806416727 1412747129.45
18.6992352305 1412747131.01
18.7791185324 1412747132.59
19.2605884174 1412747134.21
19.3773359142 1412747135.78
19.6116345119 1412747137.41
19.3881363604 1412747138.98
19.6461934285 1412747140.52
19.8478675687 1412747142.11
20.0163417328 1412747143.76
19.7631425784 1412747145.4
20.1200950186 1412747147.05
19.8788864696 1412747148.71
20.1545171409 1412747150.4
19.9223139291 1412747152.03
19.7444037712 1412747153.64
19.9122302551 1412747155.26
19.753183724 1412747156.85
19.8357641131 1412747158.52
19.8698436014 1412747160.17
19.5864082987 1412747161.84
19.7774993022 1412747163.56
19.9997350789 1412747165.21
20.1130384723 1412747166.85
20.1102388719 1412747168.52
20.3269899188 1412747170.17
20.5520310091 1412747171.81
20.5309776925 1412747173.47
20.3250962574 1412747175.1
20.279616833 1412747176.78
20.3315929761 1412747178.52
20.2493446995 1412747180.14
20.2451413582 1412747181.78
20.1701883293 1412747183.45
19.8559672823 1412747185.13
20.0866051814 1412747186.87
20.2696772496 1412747188.63
20.1035894336 1412747190.39
20.2011847639 1412747192.18
20.068273581 1412747193.96
19.93817347 1412747195.64
20.1126553876 1412747197.32
20.3591559889 1412747199.07
20.3514657695 1412747200.87
20.4327984393 1412747202.66
20.532441136 1412747204.47
20.4710705204 1412747206.24
20.4521820648 1412747208.01
20.6104703866 1412747209.77
20.7531297686 1412747211.54
20.6166586281 1412747213.36
20.5395363664 1412747215.09
20.5809428161 1412747216.89
20.4923087102 1412747218.72
20.6534046032 1412747220.42
20.4456236884 1412747222.14
20.5261438411 1412747223.84
20.5158311488 1412747225.57
20.6355461593 1412747227.32
20.6627564453 1412747229.06
20.6551780584 1412747230.76
20.6939851752 1412747232.49
20.6084987907 1412747234.15
20.568935565 1412747235.88
20.5050531338 1412747237.53
20.4916478585 1412747239.23
20.4211278724 1412747240.97
20.385156062 1412747242.62
20.0490999366 1412747244.33
20.2862976607 1412747246.11
19.9178183771 1412747247.78
19.7268095645 1412747249.49
19.6020349549 1412747251.19
19.7026630495 1412747252.89
19.5800476734 1412747254.64
19.6228732446 1412747256.4
19.6498722756 1412747258.31
19.7809987978 1412747260.16
20.100643754 1412747261.92
19.6741440382 1412747263.75
19.740179273 1412747265.55
19.914985537 1412747267.3
19.6336759071 1412747269.08
19.5626831847 1412747270.85
19.5822988074 1412747272.63
20.0033071904 1412747274.35
19.8312624377 1412747276.19
19.7000757994 1412747277.91
19.6682591044 1412747279.68
19.5924998531 1412747281.45
19.7191535878 1412747283.2
19.7027442646 1412747284.94
