52.7957275833 1412737597.15
51.217413763 1412737598.33
49.6564896094 1412737599.43
47.8411290485 1412737600.55
45.1145950414 1412737601.62
44.2602176967 1412737602.68
44.9945028408 1412737603.79
44.846380043 1412737604.88
44.810486873 1412737605.95
44.8129418728 1412737607.03
45.0191317063 1412737608.11
45.2115426344 1412737609.19
45.5535987508 1412737610.26
45.5144569779 1412737611.33
46.11486149 1412737612.42
45.9566908062 1412737613.52
46.0323187625 1412737614.59
46.1414335987 1412737615.73
46.4080421207 1412737616.81
46.2133964993 1412737617.89
46.3785747211 1412737618.95
46.3662701502 1412737620.03
46.2131539228 1412737621.09
45.9587909784 1412737622.14
45.9008936997 1412737623.25
45.5109037873 1412737624.33
45.2877662625 1412737625.42
44.8883029499 1412737626.5
44.4071284624 1412737627.57
44.1500434222 1412737628.66
43.7968134929 1412737629.72
43.6695534402 1412737630.76
43.4135853406 1412737631.82
43.0070553769 1412737632.86
42.6676504787 1412737633.91
42.6477580174 1412737634.97
42.4794089961 1412737635.93
42.9182432019 1412737636.98
42.4786729576 1412737638.06
42.5933736529 1412737639.05
42.0431236195 1412737640.08
42.3805257112 1412737641.1
41.9958202873 1412737642.13
41.9780426629 1412737643.2
41.6272531645 1412737644.31
41.8556699131 1412737645.4
41.4419557443 1412737646.43
41.5796213701 1412737647.49
42.0771250512 1412737648.51
41.426826596 1412737649.48
42.1353544256 1412737650.54
41.4845686497 1412737651.54
41.9611367578 1412737652.53
41.3659035314 1412737653.55
42.0497947529 1412737654.53
41.1769161719 1412737655.55
41.8432376796 1412737656.56
40.7390633789 1412737657.54
41.2952627022 1412737658.56
40.3033234017 1412737659.59
40.6428509614 1412737660.6
39.7591566764 1412737661.61
40.1919185255 1412737662.58
39.3119696007 1412737663.58
38.6471359299 1412737664.56
38.9071579062 1412737665.57
37.9884625429 1412737666.56
38.3818175671 1412737667.62
37.3337649945 1412737668.68
37.7295132563 1412737669.79
36.8021830519 1412737670.84
36.8243192533 1412737671.91
36.0965524856 1412737672.94
36.2344211419 1412737674.03
35.701332848 1412737675.09
35.2442733163 1412737676.13
35.1531165814 1412737677.15
34.8626283987 1412737678.21
34.5462686882 1412737679.26
34.2262228627 1412737680.3
34.1285961919 1412737681.4
33.9310839455 1412737682.47
33.8571301624 1412737683.56
33.784644509 1412737684.59
33.6889014456 1412737685.57
33.5187050786 1412737686.59
33.4122576847 1412737687.59
33.350460249 1412737688.66
33.1999653971 1412737689.71
32.8621372921 1412737690.79
32.8811667893 1412737691.86
32.7432352816 1412737692.93
32.7232305688 1412737694.0
32.4866536557 1412737695.22
32.4250681169 1412737696.35
32.4728384036 1412737697.39
32.2373217859 1412737698.44
32.3525081362 1412737699.44
32.2700203585 1412737700.49
32.1514131878 1412737701.52
31.7779181353 1412737702.54
31.7740530865 1412737703.59
32.2244653621 1412737704.62
32.0854063674 1412737705.69
31.6420289384 1412737706.72
31.6815617664 1412737707.84
31.7641292429 1412737708.92
31.568305368 1412737709.97
31.5170932437 1412737710.99
31.3607997602 1412737712.03
31.2332055747 1412737713.11
31.3560082124 1412737714.17
31.0061631775 1412737715.22
30.8346719637 1412737716.29
30.8075254424 1412737717.36
30.9194676479 1412737718.43
30.8541242808 1412737719.48
30.627337497 1412737720.55
30.6950177851 1412737721.62
30.4442479196 1412737722.72
30.5074973903 1412737723.74
30.3720730408 1412737724.77
30.5092033435 1412737725.8
30.6335509626 1412737726.88
30.7466030651 1412737727.92
30.7965408496 1412737728.99
30.878606205 1412737730.04
30.9895274058 1412737731.06
30.749290969 1412737732.15
30.6531696353 1412737733.25
30.6496563509 1412737734.25
30.5172661288 1412737735.34
30.3458368123 1412737736.53
30.231470467 1412737737.73
29.9844014486 1412737739.15
29.9637575551 1412737740.54
30.0426477546 1412737741.68
29.8604597637 1412737742.83
29.8188703278 1412737743.94
29.7326510622 1412737745.03
29.4842324203 1412737746.2
29.3728259049 1412737747.32
29.2966286392 1412737748.35
29.3384383924 1412737749.5
29.4455209002 1412737750.52
29.3859621808 1412737751.59
29.2805126603 1412737752.69
29.3371418742 1412737753.76
29.3900311544 1412737754.86
29.4626742606 1412737755.93
29.5010974461 1412737756.98
29.5141110372 1412737758.05
29.5619189783 1412737759.09
29.6631190752 1412737760.19
29.7001358492 1412737761.24
29.8059397272 1412737762.24
29.8683081299 1412737763.35
29.9092037323 1412737764.4
29.9663043216 1412737765.46
30.0923342288 1412737766.53
30.0929345253 1412737767.6
30.1784259023 1412737768.63
30.3013568904 1412737769.69
30.3227292857 1412737770.76
30.3331619198 1412737771.83
30.3998489656 1412737772.9
30.4220375684 1412737773.96
30.4286049853 1412737775.05
30.4378649219 1412737776.1
30.4682025704 1412737777.19
30.4546917203 1412737778.27
30.4691617498 1412737779.37
30.4773126668 1412737780.45
30.4790598163 1412737781.53
30.5086657644 1412737782.63
30.5228836944 1412737783.73
30.5315350321 1412737784.79
30.5111072245 1412737785.84
30.5235855708 1412737786.99
30.5230068347 1412737788.05
30.5465847478 1412737789.05
30.5179535918 1412737790.1
30.5038600525 1412737791.12
30.5006688422 1412737792.14
30.474694879 1412737793.25
30.4610327624 1412737794.3
30.4471695063 1412737795.33
30.4834723689 1412737796.35
30.5198035053 1412737797.35
30.5847916506 1412737798.43
30.6778294648 1412737799.49
30.6642543208 1412737800.55
30.6856085867 1412737801.63
30.7723662063 1412737802.68
30.8004737576 1412737803.69
30.8181762943 1412737804.74
30.8416119755 1412737805.78
30.8889228446 1412737806.81
30.9046439009 1412737807.88
30.9425465295 1412737808.93
