31.530413679 1412722040.62
31.4202352669 1412722040.77
31.3357209522 1412722040.89
32.3635917984 1412722041.0
32.6337216937 1412722041.11
33.0967467451 1412722041.23
33.2680133154 1412722041.34
32.933586398 1412722041.45
32.7328027832 1412722041.55
32.1176204114 1412722041.66
31.8564134586 1412722041.77
31.5412917669 1412722041.87
31.0228522308 1412722041.98
30.887288485 1412722042.11
30.397074805 1412722042.22
30.1954877661 1412722042.4
29.1847130499 1412722042.52
28.115598901 1412722042.62
27.6003807111 1412722042.74
25.656324198 1412722042.87
25.7261560024 1412722043.04
27.1781043189 1412722043.14
27.8727379054 1412722043.26
28.507106772 1412722043.35
29.1849021785 1412722043.45
29.410793836 1412722043.56
29.7768343336 1412722043.68
29.6911245267 1412722043.78
29.4861377936 1412722043.88
29.1531940471 1412722044.0
29.2492925474 1412722044.13
28.8869120921 1412722044.23
28.649437638 1412722044.42
28.4644473333 1412722044.54
27.9113639711 1412722044.67
28.074293595 1412722044.76
27.4591251544 1412722044.87
27.690050783 1412722044.98
27.2019207397 1412722045.08
27.3089344481 1412722045.19
27.1647877742 1412722045.3
27.3136174432 1412722045.41
27.2338068758 1412722045.5
27.1844443122 1412722045.6
27.1755797389 1412722045.7
27.2142991231 1412722045.78
27.1626662106 1412722045.87
26.8764876318 1412722045.95
26.9078129171 1412722046.05
26.8191874799 1412722046.14
26.7791688461 1412722046.25
26.9648767388 1412722046.35
26.7423519163 1412722046.46
26.9432090079 1412722046.56
26.8770680839 1412722046.66
26.7950939338 1412722046.75
27.1841103596 1412722046.87
27.0113981505 1412722047.0
26.8562097276 1412722047.13
26.8036005308 1412722047.24
26.7322803748 1412722047.36
26.7162105808 1412722047.49
27.0157466136 1412722047.61
26.8897567548 1412722047.72
26.9564448957 1412722047.85
26.7856949023 1412722047.97
26.7222662571 1412722048.11
26.6798850899 1412722048.24
26.8361634743 1412722048.4
26.7121072649 1412722048.53
26.6989446375 1412722048.65
26.9570058202 1412722048.78
26.7967715218 1412722048.9
26.8179273417 1412722049.03
26.8411190647 1412722049.16
26.7953593127 1412722049.28
26.8968247661 1412722049.39
26.8107116063 1412722049.52
26.9131191661 1412722049.65
26.9161637659 1412722049.77
27.0045334264 1412722049.89
27.2396489232 1412722050.02
27.1502009049 1412722050.15
27.1213417337 1412722050.27
27.1268504552 1412722050.4
27.1701540216 1412722050.5
27.267765677 1412722050.58
27.2500367636 1412722050.69
27.2796897494 1412722050.79
27.5362392324 1412722050.89
27.5298884266 1412722051.0
27.4879246668 1412722051.09
27.7090816906 1412722051.23
27.6498813734 1412722051.35
27.7598694712 1412722051.47
27.6925931844 1412722051.57
27.7170311693 1412722051.66
27.6718776025 1412722051.77
27.8763644953 1412722051.87
27.8274153791 1412722051.98
27.8453722073 1412722052.08
27.9485285641 1412722052.32
28.0491008372 1412722052.5
28.0575195361 1412722052.6
28.1075660989 1412722052.72
28.0868134408 1412722052.89
28.0495505704 1412722053.09
27.805071573 1412722053.35
27.6869812665 1412722053.54
27.6264200575 1412722053.68
27.528762969 1412722053.93
27.4669423884 1412722054.12
27.59272648 1412722054.31
27.523444347 1412722054.51
27.5232775817 1412722054.61
27.3007614443 1412722054.69
27.2247145844 1412722054.79
27.2050083186 1412722054.88
27.2223447629 1412722054.97
27.2406760704 1412722055.07
27.3543120568 1412722055.15
27.2857704774 1412722055.25
27.2369901049 1412722055.34
27.2908209187 1412722055.44
27.3236130795 1412722055.53
27.4037527119 1412722055.61
27.2753239342 1412722055.7
27.2700564419 1412722055.79
27.1628113126 1412722055.89
27.1601678948 1412722056.0
27.2808094589 1412722056.09
27.3524076659 1412722056.19
27.2379318184 1412722056.3
27.1140794987 1412722056.4
27.1392556357 1412722056.5
26.9950346799 1412722056.58
27.0374268849 1412722056.68
27.0392751913 1412722056.77
27.025298575 1412722056.86
27.0623890806 1412722056.97
27.1452973314 1412722057.06
27.0505439427 1412722057.15
27.0145462206 1412722057.25
26.9759524546 1412722057.34
26.9627830105 1412722057.45
26.9920151902 1412722057.54
27.1171903703 1412722057.65
27.0424158572 1412722057.81
27.0343798486 1412722057.96
26.8031247944 1412722058.09
26.9817103086 1412722058.2
26.9495080411 1412722058.35
26.9263434827 1412722058.48
26.9308597174 1412722058.61
26.9499109946 1412722058.72
27.1336545357 1412722058.93
27.0589502975 1412722059.07
27.0707627796 1412722059.27
27.0423558546 1412722059.41
26.9436362003 1412722059.57
26.9519221688 1412722059.76
27.0136417426 1412722059.94
27.553100979 1412722060.07
27.2547570929 1412722060.18
27.2732932614 1412722060.28
27.288788978 1412722060.4
27.2616530261 1412722060.51
27.328595539 1412722060.62
27.7155874428 1412722060.72
27.7004999478 1412722060.82
27.68733299 1412722060.91
27.6331994088 1412722061.02
27.639355577 1412722061.12
27.6462709743 1412722061.23
27.6324008918 1412722061.35
27.6393523926 1412722061.45
27.6469549565 1412722061.55
27.6340915828 1412722061.66
27.6416652867 1412722061.78
27.6292676021 1412722061.88
27.5586852583 1412722061.98
27.5470311639 1412722062.09
27.5352573546 1412722062.19
27.5234033157 1412722062.3
27.9279579679 1412722062.43
27.7859676101 1412722062.56
27.8632493435 1412722062.75
28.0872120488 1412722062.89
28.0977805902 1412722063.02
28.0472890311 1412722063.16
27.9773903587 1412722063.33
28.0066430773 1412722063.49
28.0370826542 1412722063.64
28.0598159767 1412722063.81
28.0506232755 1412722063.96
28.0932269313 1412722064.13
28.0884339264 1412722064.42
28.0695176722 1412722064.59
28.1123769312 1412722064.73
28.0945841878 1412722064.88
