51.516928225 1412727299.29
52.2900325255 1412727299.96
52.7941132623 1412727300.66
52.7067703293 1412727301.34
51.6704462666 1412727301.97
51.1767454096 1412727302.67
51.0610997553 1412727303.3
50.7057490452 1412727304.0
50.384517403 1412727304.67
49.9240766196 1412727305.26
49.0319386821 1412727305.88
48.0829638929 1412727306.48
47.4983571494 1412727307.12
47.3721197042 1412727307.76
47.3529946144 1412727308.4
46.7734751367 1412727309.09
46.5009997732 1412727309.73
46.1257785407 1412727310.41
46.1691062972 1412727310.98
45.5547911305 1412727311.63
45.8213025689 1412727312.25
45.6679622176 1412727312.96
45.3834261677 1412727313.59
45.1574980318 1412727314.27
44.9382887124 1412727314.88
44.7977116113 1412727315.5
44.7145849346 1412727316.23
44.8726848569 1412727316.98
44.7856120714 1412727317.68
44.6307528223 1412727318.62
44.4339374065 1412727319.36
44.4590868572 1412727320.13
44.2036195119 1412727320.77
44.1034755037 1412727321.37
43.9324606308 1412727321.96
43.7976829156 1412727322.57
43.7568440756 1412727323.19
43.6077493347 1412727323.91
43.5141458953 1412727324.59
43.2255202661 1412727325.4
43.3491702282 1412727326.09
43.214201329 1412727326.84
43.0469777276 1412727327.64
42.9379659782 1412727328.38
42.6712251956 1412727329.09
42.5723735912 1412727329.75
42.2051604363 1412727330.45
42.0774529469 1412727331.16
42.1505208198 1412727331.93
41.9748549421 1412727332.66
41.8861801061 1412727333.48
41.7773347627 1412727334.23
41.6180971477 1412727334.95
41.5051921048 1412727335.86
41.3334489032 1412727336.6
41.4631804411 1412727337.3
41.3743165936 1412727338.03
41.2490190508 1412727338.93
41.1425335199 1412727339.77
41.2701524276 1412727340.54
41.242061123 1412727341.26
41.2860736761 1412727341.99
41.2380295155 1412727342.72
41.0256418462 1412727343.51
40.9401897672 1412727344.25
40.8706399826 1412727345.01
40.8112635785 1412727345.77
40.7107969789 1412727346.54
40.7281030472 1412727347.36
40.5498387031 1412727348.16
40.5314687597 1412727349.0
40.4581213714 1412727349.73
40.4884500956 1412727350.52
40.4223545915 1412727351.27
40.43253367 1412727352.03
40.4488187684 1412727352.81
40.4589277439 1412727353.59
40.3989768868 1412727354.35
40.4246479027 1412727355.15
40.3505055147 1412727355.91
40.3308860268 1412727356.83
40.3417824075 1412727357.72
40.292784356 1412727358.74
40.3080691917 1412727359.53
40.2776804828 1412727360.31
40.1919244125 1412727361.13
40.1770295597 1412727362.0
40.2021329435 1412727362.89
40.2326532008 1412727363.8
40.2229891397 1412727364.56
40.232301108 1412727365.35
40.2311019626 1412727366.16
40.2752454952 1412727366.93
40.2722003299 1412727367.98
40.2443071137 1412727369.08
40.1776371066 1412727370.04
40.2023572088 1412727370.94
40.0429720172 1412727371.8
40.1052078188 1412727372.64
40.1199744785 1412727373.5
40.0181962699 1412727374.36
40.0198754872 1412727375.3
39.8193542777 1412727376.21
39.9282432754 1412727377.07
39.9471643485 1412727377.95
39.9120918046 1412727378.94
39.7712597286 1412727379.78
39.8584564818 1412727380.58
39.6110021903 1412727381.39
39.6278239162 1412727382.24
39.5168141613 1412727383.18
39.4408764319 1412727384.06
39.4243530718 1412727384.95
39.3035169587 1412727385.84
39.2311441191 1412727386.89
39.1826880741 1412727387.88
39.3083822201 1412727388.94
39.25354752 1412727390.0
39.3721495822 1412727390.86
39.2431864568 1412727391.71
39.3528768779 1412727392.59
39.4106926638 1412727393.5
39.4208621223 1412727394.4
39.3513432925 1412727395.24
39.3993931982 1412727396.09
39.358003896 1412727397.0
39.4677213342 1412727397.93
39.5496150419 1412727398.84
39.5338226094 1412727399.84
39.6030058424 1412727400.79
39.6107114434 1412727401.72
39.5840528028 1412727402.64
39.5955029307 1412727403.45
39.7029455214 1412727404.26
39.667193859 1412727405.09
39.724800629 1412727405.9
39.7529447141 1412727406.71
39.8323619681 1412727407.53
39.8665083062 1412727408.34
39.8932620171 1412727409.13
39.9572700704 1412727410.02
40.1927507768 1412727410.86
40.1492994103 1412727411.75
40.0576387881 1412727412.61
39.9887527966 1412727413.41
40.0607635845 1412727414.3
40.1289928306 1412727415.19
40.273290714 1412727416.16
40.5546533711 1412727417.15
40.9956539765 1412727418.0
41.8808843884 1412727418.84
41.9911241445 1412727419.63
42.1026703348 1412727420.43
41.8370569825 1412727421.24
41.8824124125 1412727422.13
41.679344269 1412727422.98
41.7251015447 1412727423.96
41.543270133 1412727424.85
41.5824741365 1412727425.81
41.2662797873 1412727426.59
41.3054578767 1412727427.4
41.3861341016 1412727428.21
41.2588888864 1412727429.07
41.1938258981 1412727429.89
41.3416061611 1412727430.76
41.4629862982 1412727431.6
41.3221243528 1412727432.44
41.3365835107 1412727433.25
41.4442840569 1412727434.22
41.5434798864 1412727435.03
41.5962893445 1412727435.86
41.4158760409 1412727436.75
41.4224521208 1412727437.61
41.4474077897 1412727438.44
41.4537217685 1412727439.26
41.4655405036 1412727440.12
41.4381104825 1412727441.08
41.2925333153 1412727442.0
41.2926217166 1412727442.85
41.3129400172 1412727443.73
41.3030248327 1412727444.66
41.2999773393 1412727445.47
41.4197789871 1412727446.41
41.5088039709 1412727447.52
41.5724445494 1412727448.45
41.4882477515 1412727449.35
41.5012237094 1412727450.19
41.5600601821 1412727451.07
41.6231476886 1412727451.98
41.4284427765 1412727452.89
41.4469327365 1412727453.75
41.4583250938 1412727454.64
41.4553235842 1412727455.53
41.3809785852 1412727456.52
41.388156334 1412727457.49
41.3983274697 1412727458.41
41.3578368665 1412727459.24
41.3532404501 1412727460.06
41.3591351286 1412727461.0
41.3311650051 1412727462.07
