31.5392807097 1412741388.75
32.3092556823 1412741389.97
32.5315138594 1412741391.26
32.7563532302 1412741392.54
33.2746481961 1412741393.86
33.6618893576 1412741395.23
33.5480583105 1412741396.56
33.9778708783 1412741397.88
33.991053928 1412741399.19
34.349195499 1412741400.52
34.5605216116 1412741401.91
34.3244669601 1412741403.2
34.0110595006 1412741404.53
33.9870514952 1412741405.91
33.9701899003 1412741407.28
33.9315652501 1412741408.69
33.5424055781 1412741410.02
33.6605734324 1412741411.38
33.6578109602 1412741412.73
33.674317162 1412741414.06
33.7442240171 1412741415.39
33.7491183706 1412741416.72
33.4280834316 1412741418.08
33.5782300628 1412741419.41
33.5184724388 1412741420.67
33.0297773567 1412741421.97
33.1333378624 1412741423.2
32.8244842721 1412741424.46
32.6551440951 1412741425.7
32.6024319856 1412741427.0
32.203724859 1412741428.31
31.8856532887 1412741429.64
31.6764958315 1412741431.03
31.3196002889 1412741432.35
31.116652729 1412741433.7
30.8788563438 1412741434.99
30.7984635512 1412741436.3
30.6447822817 1412741437.57
30.578078013 1412741438.82
30.6516700445 1412741440.06
30.5719255966 1412741441.35
30.7123633691 1412741442.65
30.7863141658 1412741443.94
30.7549505992 1412741445.21
30.7263275116 1412741446.53
30.7064124968 1412741447.86
30.4073119127 1412741449.2
30.1543347383 1412741450.45
29.889378137 1412741451.79
29.512881866 1412741453.14
29.0122648237 1412741454.38
28.7172347196 1412741455.68
28.1763727173 1412741456.97
27.9834661842 1412741458.24
27.7590683815 1412741459.51
27.7229203404 1412741460.85
27.6016898169 1412741462.26
27.499374534 1412741463.56
27.4401248477 1412741464.82
27.4115827623 1412741466.1
27.2524991773 1412741467.31
27.3877674981 1412741468.52
27.2781068076 1412741469.79
27.323838849 1412741471.03
27.2831100016 1412741472.24
27.2355967011 1412741473.61
27.1508905634 1412741474.9
27.0796017541 1412741476.25
27.0249591664 1412741477.6
26.7952761765 1412741478.94
26.5971721526 1412741480.33
26.5948001882 1412741481.72
26.5549396667 1412741483.16
26.6324322877 1412741484.53
26.5717967598 1412741485.93
26.6176763469 1412741487.43
26.4938272035 1412741488.87
26.3731756235 1412741490.29
26.2744090321 1412741491.78
26.167546427 1412741493.22
26.0912567725 1412741494.71
25.919441288 1412741496.15
25.973301542 1412741497.61
25.9749236465 1412741499.09
25.7898340987 1412741500.55
25.7470196001 1412741502.09
25.6938747061 1412741503.61
25.5786231109 1412741505.13
25.4745020615 1412741506.71
25.472648221 1412741508.31
25.2932723123 1412741509.82
25.2754159007 1412741511.32
25.2869436879 1412741512.94
25.4678899801 1412741514.57
25.3998522685 1412741516.16
25.2395618213 1412741517.73
25.3136024946 1412741519.25
25.2009411103 1412741520.78
25.1334890072 1412741522.37
25.027152029 1412741524.0
24.9357419533 1412741525.71
25.0006530442 1412741527.25
24.9425456252 1412741528.85
24.8336405718 1412741530.49
24.8316190388 1412741531.98
24.7832073749 1412741533.57
24.7479064799 1412741535.11
24.7103285689 1412741536.65
24.7595511661 1412741538.21
24.6330406644 1412741539.74
24.5051227393 1412741541.35
24.3372888461 1412741542.89
24.311657784 1412741544.39
24.3440306168 1412741545.94
24.4593818534 1412741547.47
24.4248416411 1412741549.15
24.4349282573 1412741550.7
24.4477739031 1412741552.29
24.3801334664 1412741553.88
24.3211153954 1412741555.39
24.3264296255 1412741556.89
24.2322073769 1412741558.49
24.0995531804 1412741560.01
23.9870729981 1412741561.7
23.9118095174 1412741563.34
23.9260692404 1412741564.93
23.9206735273 1412741566.56
23.9795545369 1412741568.25
23.8680647909 1412741569.88
23.8402948594 1412741571.47
23.750924043 1412741573.06
23.6977217 1412741574.59
23.7060137065 1412741576.24
23.669332938 1412741577.8
23.6465700225 1412741579.35
23.5513121089 1412741580.87
23.5427536952 1412741582.37
23.496990357 1412741583.94
23.5212796092 1412741585.45
23.4642720581 1412741586.98
23.485845046 1412741588.52
23.5710762646 1412741590.03
23.4821493878 1412741591.55
23.4544905967 1412741593.09
23.4830578298 1412741594.63
23.4558778413 1412741596.19
23.4323755454 1412741597.73
23.4449771937 1412741599.25
23.430084722 1412741600.84
23.3889049549 1412741602.45
23.3366286304 1412741603.97
23.2825809021 1412741605.48
23.2951525723 1412741607.03
23.3091258573 1412741608.58
23.2658605384 1412741610.09
23.2811523353 1412741611.59
23.2516928631 1412741613.11
23.2401956579 1412741614.66
23.4064203024 1412741616.22
23.3576081036 1412741617.74
23.3799791452 1412741619.31
23.3626738224 1412741620.82
23.312406059 1412741622.33
23.318827758 1412741623.88
23.1917699117 1412741625.42
23.2234041118 1412741626.97
23.1938263436 1412741628.48
23.1201635474 1412741629.99
23.0406131302 1412741631.46
23.0468838526 1412741632.9
23.0674980133 1412741634.39
23.0412660485 1412741635.98
23.0794165776 1412741637.41
23.0779130719 1412741638.88
23.0873978865 1412741640.32
23.1007806747 1412741641.76
23.123881961 1412741643.19
23.1156010772 1412741644.63
23.1219768864 1412741646.04
23.1136294713 1412741647.49
23.1571146873 1412741648.95
23.1273969639 1412741650.38
23.1590981639 1412741651.88
23.0568145658 1412741653.35
23.0857578818 1412741654.91
23.0698407235 1412741656.45
23.0995310316 1412741658.03
23.1003484258 1412741659.66
23.1309352053 1412741661.14
23.1015904067 1412741662.72
23.133308838 1412741664.21
23.1165270679 1412741665.69
23.0827750673 1412741667.17
23.1125961361 1412741668.65
23.1212356307 1412741670.13
23.1172142097 1412741671.61
23.1376311849 1412741673.1
23.1729711746 1412741674.56
23.1869125163 1412741676.02
23.1635256312 1412741677.56
