17.048279137 1412749471.51
17.0882602235 1412749473.04
16.7100213245 1412749474.49
17.486105674 1412749475.95
18.0083677283 1412749477.37
18.1196560727 1412749478.79
18.4763549747 1412749480.19
18.5826102164 1412749481.61
18.624060006 1412749483.02
18.7241930933 1412749484.39
18.663587862 1412749485.74
18.7353089305 1412749487.09
19.2017032455 1412749488.46
19.4505119054 1412749489.77
19.7867906015 1412749491.13
19.7616094338 1412749492.46
19.7775844824 1412749493.83
19.8393911565 1412749495.15
19.7548436918 1412749496.49
19.8113299448 1412749497.85
19.6561508374 1412749499.18
19.6665526709 1412749500.58
19.4985236012 1412749501.93
19.2897130073 1412749503.28
19.1356759009 1412749504.62
19.0770507953 1412749505.96
18.9832788574 1412749507.27
18.7493521808 1412749508.64
18.6860038217 1412749509.95
18.741974762 1412749511.27
18.6904070267 1412749512.62
18.7685905585 1412749514.03
18.8190906883 1412749515.41
18.6950922496 1412749516.8
18.7483183854 1412749518.2
18.7336080157 1412749519.55
18.5130991227 1412749520.95
18.2436877526 1412749522.29
17.0539984362 1412749523.65
17.1077131699 1412749525.0
17.0189076845 1412749526.35
16.7204552855 1412749527.7
16.3832021157 1412749529.07
16.0677503605 1412749530.45
15.3645204031 1412749531.88
15.3308044183 1412749533.29
15.2703315533 1412749534.64
14.9751995951 1412749536.03
14.7091362265 1412749537.39
14.5292052431 1412749538.76
14.2871334002 1412749540.18
14.0379758768 1412749541.58
13.865425893 1412749543.11
13.7615936193 1412749544.53
13.6035230924 1412749545.91
13.4007389162 1412749547.31
13.2796729707 1412749548.64
13.2125430997 1412749549.96
13.1249718536 1412749551.28
13.0448964043 1412749552.6
12.8494578498 1412749553.89
12.7188400741 1412749555.21
12.7001857127 1412749556.5
12.5700097761 1412749557.81
12.5277193629 1412749559.13
12.5239615954 1412749560.44
12.3956884133 1412749561.78
12.1023092586 1412749563.07
12.066687419 1412749564.38
12.0424387482 1412749565.68
12.0507779992 1412749566.96
12.0714876701 1412749568.25
12.1059417525 1412749569.5
12.160179367 1412749570.82
11.9676750719 1412749572.1
12.0557624949 1412749573.43
11.8673249806 1412749574.72
11.9697060847 1412749576.02
11.7605352009 1412749577.29
11.8503992078 1412749578.6
11.8477602796 1412749579.92
11.8137771827 1412749581.24
11.7458349965 1412749582.58
11.8393514811 1412749583.89
11.8802367009 1412749585.28
11.89248802 1412749586.59
11.9312535461 1412749587.93
11.851090202 1412749589.29
11.890598993 1412749590.6
11.7809335382 1412749591.95
11.7945445779 1412749593.3
11.777408158 1412749594.6
11.7848628735 1412749595.93
11.7596976922 1412749597.26
11.7375775985 1412749598.56
11.7450123536 1412749599.87
11.7775455578 1412749601.17
11.7565626018 1412749602.52
11.7530438933 1412749603.83
11.7268998266 1412749605.17
11.7083180473 1412749606.52
11.5990244051 1412749607.85
11.5281547936 1412749609.18
11.5106540444 1412749610.56
11.4424672902 1412749611.9
11.3993324588 1412749613.29
11.2565322537 1412749614.62
11.1650700985 1412749616.01
11.0883064749 1412749617.33
11.0314109029 1412749618.71
10.7778690636 1412749620.06
10.751625899 1412749621.43
10.7930214058 1412749622.81
10.8737278777 1412749624.17
11.0243552763 1412749625.53
10.8769783715 1412749626.91
10.9927614899 1412749628.29
10.8625264297 1412749629.63
10.7656392065 1412749630.99
10.7234303641 1412749632.37
10.8348203808 1412749633.69
10.7768805232 1412749635.04
10.7571151687 1412749636.41
10.7352689972 1412749637.77
10.7278436808 1412749639.11
10.7231991677 1412749640.44
10.7116067693 1412749641.78
10.6987286872 1412749643.13
10.6724266845 1412749644.48
10.6587213382 1412749645.79
10.6522007989 1412749647.15
10.5990844401 1412749648.5
10.5628752782 1412749649.86
10.5604515088 1412749651.17
10.6200954384 1412749652.53
10.6263227008 1412749653.91
10.6479674943 1412749655.3
10.7133979159 1412749656.7
10.7470573503 1412749658.05
10.7507994855 1412749659.46
10.7506047233 1412749660.82
10.7375079314 1412749662.23
10.7372275328 1412749663.61
10.7204287466 1412749665.03
10.6544023299 1412749666.42
10.6481209219 1412749667.85
10.6206295075 1412749669.19
10.5917501656 1412749670.59
10.583996065 1412749671.95
10.6206091573 1412749673.32
10.6607277696 1412749674.68
10.5911911396 1412749676.01
10.6156241786 1412749677.38
10.6333962912 1412749678.71
10.6741218765 1412749680.06
10.6881492076 1412749681.41
10.6665186297 1412749682.74
10.660316957 1412749684.08
10.6692139979 1412749685.42
10.6035895612 1412749686.8
10.5937112148 1412749688.21
10.5956591667 1412749689.59
10.5834324011 1412749690.94
10.514100399 1412749692.27
10.5344611442 1412749693.6
10.5219451045 1412749694.94
10.5156556843 1412749696.28
10.4598278813 1412749697.61
10.424970222 1412749698.96
10.4494577473 1412749700.34
10.4390956936 1412749701.72
10.4329754021 1412749703.15
10.4213278123 1412749704.46
10.4055927849 1412749705.86
10.3853644019 1412749707.19
10.3111863021 1412749708.58
10.3220584941 1412749709.92
10.3436621273 1412749711.24
10.2926820691 1412749712.58
10.2361839643 1412749714.01
10.2006769534 1412749715.35
10.1656490685 1412749716.75
10.1679265346 1412749718.13
10.1158541582 1412749719.5
10.0677923972 1412749720.82
10.0210871229 1412749722.17
9.93894252449 1412749723.52
9.8869350291 1412749724.88
9.94058782585 1412749726.19
9.98093043807 1412749727.58
9.9600912371 1412749728.92
9.94984436825 1412749730.26
9.89447261373 1412749731.58
9.93781513342 1412749732.95
9.8800236501 1412749734.33
9.880337492 1412749735.7
9.825482192 1412749737.05
9.84820836122 1412749738.39
9.90285669072 1412749739.79
9.85542188103 1412749741.12
