40.9882623426 1412739376.11
41.6710170184 1412739377.16
42.3802447493 1412739378.23
40.814987184 1412739379.27
41.2450844899 1412739380.26
41.8810456397 1412739381.3
42.7215327185 1412739382.3
43.6030448535 1412739383.31
43.8996629367 1412739384.29
44.1015018844 1412739385.29
40.649594355 1412739386.3
43.6708487605 1412739387.29
43.2930293425 1412739388.29
43.4225212317 1412739389.29
42.8504415528 1412739390.28
42.5652785191 1412739391.26
42.0525405744 1412739392.24
41.7350001946 1412739393.26
41.6862193119 1412739394.26
40.3844184417 1412739395.19
39.6148068973 1412739396.15
39.1022107866 1412739397.1
38.5682334344 1412739398.07
37.7085286663 1412739399.02
36.2729156269 1412739400.05
34.62809401 1412739401.01
33.1792967432 1412739401.99
32.0754717522 1412739402.97
31.5542768694 1412739403.91
30.44851227 1412739404.91
29.9792618301 1412739405.89
29.6019056861 1412739406.87
29.2023133137 1412739407.84
28.691023531 1412739408.81
28.2994609041 1412739409.82
27.990759857 1412739410.83
27.7176896767 1412739411.83
27.4969563297 1412739412.84
27.0917794016 1412739413.89
26.7612360337 1412739414.96
26.5983567767 1412739415.99
26.3200223677 1412739417.0
25.7747507789 1412739418.0
25.6002810147 1412739419.04
25.2873740588 1412739420.08
24.9300777555 1412739421.1
24.51614838 1412739422.14
24.1513545202 1412739423.11
23.4217431063 1412739424.14
23.1806414747 1412739425.16
22.6473343811 1412739426.16
22.4993774433 1412739427.17
22.1293122602 1412739428.18
22.0596340618 1412739429.17
22.2383737757 1412739430.19
22.0059818191 1412739431.23
21.9827634318 1412739432.26
22.0750291804 1412739433.25
22.0331755534 1412739434.2
22.069366939 1412739435.22
22.1351347524 1412739436.19
22.1906883467 1412739437.12
22.2384911368 1412739438.12
22.3654153737 1412739439.15
22.4618761776 1412739440.16
22.349393552 1412739441.2
22.4480060311 1412739442.18
22.2138831171 1412739443.21
22.3389041248 1412739444.22
22.4731083115 1412739445.24
22.3218205291 1412739446.28
22.4166050701 1412739447.38
22.4639736986 1412739448.43
22.6298347634 1412739449.46
22.4797178892 1412739450.46
22.6224292629 1412739451.48
22.8213803811 1412739452.54
22.7919049366 1412739453.62
22.7192094658 1412739454.67
22.7818383284 1412739455.77
22.8598444054 1412739456.83
22.7902696181 1412739457.93
22.7326289148 1412739459.06
22.6782693923 1412739460.18
22.7850636758 1412739461.28
22.6355760257 1412739462.35
22.6468730467 1412739463.43
22.6726577281 1412739464.57
22.6621271518 1412739465.69
22.6727891579 1412739466.78
22.6867109805 1412739467.83
22.7172525266 1412739468.98
22.7585381866 1412739470.08
22.6936404402 1412739471.13
22.6417221151 1412739472.25
22.5582673799 1412739473.26
22.5630373037 1412739474.32
22.5479198157 1412739475.34
22.6472058379 1412739476.37
22.4821895133 1412739477.39
22.5657309112 1412739478.39
22.501083432 1412739479.46
22.4564576698 1412739480.5
22.4270519807 1412739481.57
22.4054435269 1412739482.68
22.3010750608 1412739483.72
22.3208735227 1412739484.81
22.3553177671 1412739485.87
22.3688877371 1412739486.91
22.3635765594 1412739487.91
22.3765389935 1412739488.95
22.3056284673 1412739490.01
22.3018815501 1412739491.06
22.1514769932 1412739492.13
22.0570474075 1412739493.2
22.0160172501 1412739494.66
22.0908792633 1412739495.81
22.0500683273 1412739496.82
21.9185671846 1412739497.91
21.8165198023 1412739498.94
21.8673267458 1412739500.04
21.7961112758 1412739501.12
21.7200928893 1412739502.18
21.7483978866 1412739503.23
21.7584595746 1412739504.28
21.6467610552 1412739505.37
21.8624957129 1412739506.44
21.7534188859 1412739507.48
21.8141673832 1412739508.57
21.7595457692 1412739509.67
21.6770981441 1412739510.74
21.6178261246 1412739511.83
21.5624590969 1412739512.92
21.6377845673 1412739514.0
21.6014377476 1412739515.28
21.5485113064 1412739516.46
21.4188927531 1412739517.56
21.4037616239 1412739518.65
21.343934296 1412739519.78
21.4513691471 1412739520.93
21.4187952621 1412739522.12
21.1679441008 1412739523.21
21.0960249511 1412739524.36
21.0674366472 1412739525.47
20.8759375477 1412739526.6
21.414788928 1412739527.74
21.3100256022 1412739528.9
21.2410329953 1412739530.05
21.2196332215 1412739531.21
21.1628682276 1412739532.57
21.1702675434 1412739533.88
21.0826973374 1412739535.05
20.9904664686 1412739536.21
20.7188833474 1412739537.42
20.8031009051 1412739538.66
20.8943427122 1412739539.85
21.0299631291 1412739541.05
20.9653192173 1412739542.22
20.9917516336 1412739543.37
21.1851915354 1412739544.49
21.1223742788 1412739545.62
21.0341713959 1412739546.78
21.0001708039 1412739547.9
21.1084820255 1412739549.06
21.0286734347 1412739550.24
21.0113181124 1412739551.39
20.9438059874 1412739552.53
21.2894634654 1412739553.65
21.186623471 1412739554.8
21.310552609 1412739555.96
21.3951396921 1412739557.08
21.3571630194 1412739558.24
21.2500620371 1412739559.36
21.2904044524 1412739560.55
21.2495394379 1412739561.69
21.2296947885 1412739562.83
21.0795626173 1412739563.94
20.9741103994 1412739565.13
21.0059064013 1412739566.31
21.0442518041 1412739567.41
21.3310142889 1412739568.55
21.2914898316 1412739569.72
21.0378372066 1412739570.83
21.2057121711 1412739571.98
21.1494551301 1412739573.1
21.0866432167 1412739574.25
21.2585683312 1412739575.4
21.2699462069 1412739576.56
21.1719295825 1412739577.73
21.1362614655 1412739578.88
21.1346588424 1412739580.04
21.2621423622 1412739581.14
21.2395031942 1412739582.26
21.1030661455 1412739583.38
20.9399046415 1412739584.51
20.7253286887 1412739585.6
20.6484312857 1412739586.73
20.6455665764 1412739587.82
20.559744502 1412739588.99
20.8255933322 1412739590.16
