14.2571658041 1412722379.17
13.7541360306 1412722379.3
13.9391078365 1412722379.44
14.2290201137 1412722379.63
14.6301896211 1412722379.76
14.9541086518 1412722379.85
14.7850456894 1412722379.95
14.971254856 1412722380.08
14.7380098461 1412722380.2
14.8227320291 1412722380.34
14.9337833353 1412722380.47
15.149687923 1412722380.59
15.0752192379 1412722380.73
14.8200698821 1412722380.89
14.4192913642 1412722381.0
14.3722779752 1412722381.11
14.4667085917 1412722381.23
14.4142718995 1412722381.39
14.4329948497 1412722381.56
14.1463093331 1412722381.7
14.0353015389 1412722381.92
14.0576500761 1412722382.08
14.0134023225 1412722382.2
14.0389429182 1412722382.32
13.9599015852 1412722382.46
13.8712509644 1412722382.57
13.6404981044 1412722382.8
13.5785666503 1412722382.96
13.4607912338 1412722383.1
13.7532967079 1412722383.23
13.4142596513 1412722383.39
13.439528877 1412722383.52
13.480342969 1412722383.68
13.160560307 1412722383.84
13.1853961957 1412722384.0
13.2703090522 1412722384.15
13.2907929532 1412722384.31
13.2137724889 1412722384.48
13.2343447701 1412722384.64
13.2544604712 1412722384.79
13.4488376962 1412722384.93
13.4658595446 1412722385.07
13.4825186314 1412722385.19
13.4519885298 1412722385.33
13.4777838144 1412722385.48
13.4960521324 1412722385.64
13.5079825925 1412722385.78
13.5383832315 1412722385.93
13.3744720029 1412722386.06
13.388785626 1412722386.21
13.3312885196 1412722386.35
13.3473356121 1412722386.49
13.3856237574 1412722386.62
13.3949925913 1412722386.76
13.3704177151 1412722386.89
13.2996377612 1412722387.02
13.3484195177 1412722387.18
13.3658167571 1412722387.32
13.3831150711 1412722387.47
13.1826373724 1412722387.63
13.2061662905 1412722387.76
13.1342520805 1412722387.89
13.183138072 1412722388.06
13.3285853403 1412722388.19
13.3461216783 1412722388.32
13.3203730565 1412722388.48
13.3364475602 1412722388.62
13.281354572 1412722388.76
13.3002362733 1412722388.89
13.0311353434 1412722389.07
13.0490348044 1412722389.22
13.0673671953 1412722389.35
13.087496976 1412722389.48
12.9711885317 1412722389.62
12.797450856 1412722389.79
12.6952879278 1412722389.94
12.7173622067 1412722390.09
12.7969133329 1412722390.21
12.7788984674 1412722390.35
12.8025288094 1412722390.48
12.8313833659 1412722390.63
12.8527634613 1412722390.79
12.8786547214 1412722390.93
12.8344192434 1412722391.06
12.8140995656 1412722391.17
12.6708598651 1412722391.32
12.6150594412 1412722391.47
12.4079015105 1412722391.61
12.5987746767 1412722391.75
12.3393068151 1412722391.89
12.2493079792 1412722392.04
12.2744520119 1412722392.18
12.3383257375 1412722392.34
12.3641182682 1412722392.48
12.3990000463 1412722392.61
12.3527627321 1412722392.73
12.3871971822 1412722392.85
12.1098011769 1412722393.0
12.1438982982 1412722393.12
12.0508697662 1412722393.26
11.9796008204 1412722393.4
12.0089842296 1412722393.53
12.0778757256 1412722393.66
12.0621293102 1412722393.81
12.0315156781 1412722393.93
12.035439763 1412722394.07
12.0614546263 1412722394.22
12.2564329538 1412722394.34
12.2538122631 1412722394.48
12.3409716396 1412722394.6
12.5058166875 1412722394.73
12.541376701 1412722394.85
12.54697795 1412722394.99
12.6119980709 1412722395.12
12.5299263776 1412722395.26
12.560449634 1412722395.38
12.6139914952 1412722395.5
12.718318941 1412722395.62
13.1330787271 1412722395.76
13.0064996035 1412722395.88
13.0786513322 1412722396.03
12.4843494253 1412722396.16
12.3897021632 1412722396.29
12.3454300476 1412722396.42
12.1475421511 1412722396.56
12.1747444743 1412722396.69
12.0338973907 1412722396.82
11.9839246129 1412722397.1
12.0257335266 1412722397.29
12.0578274238 1412722397.51
11.9895061966 1412722397.7
11.4525094774 1412722397.86
11.4809630038 1412722398.0
11.2276976083 1412722398.12
11.2485103547 1412722398.26
11.2741544534 1412722398.39
11.2387046326 1412722398.52
11.2637167722 1412722398.66
11.2842075001 1412722398.78
11.3573521172 1412722398.91
11.1480445493 1412722399.03
11.1653200771 1412722399.18
11.1824477566 1412722399.31
11.0496473931 1412722399.45
11.0520820493 1412722399.58
11.0546231099 1412722399.69
10.7723353622 1412722399.85
10.6399548593 1412722399.99
10.6434511147 1412722400.12
10.4310250523 1412722400.27
10.4441081024 1412722400.4
10.4576022125 1412722400.53
10.344544511 1412722400.71
10.3457685714 1412722400.83
10.3470754823 1412722400.98
10.3484336016 1412722401.13
10.3499006912 1412722401.26
10.1929896291 1412722401.4
10.1945045596 1412722401.55
10.1960969461 1412722401.68
10.197736256 1412722401.82
10.0352212875 1412722401.97
9.87346435471 1412722402.09
141.028285481 1412722402.22
141.093618212 1412722402.37
9.31301749363 1412722402.5
9.31295297071 1412722402.65
9.07817797121 1412722402.81
9.01985575614 1412722402.97
8.97446417284 1412722403.13
8.97424574133 1412722403.28
8.9741889411 1412722403.43
8.83127896694 1412722403.58
8.56684131725 1412722403.72
8.5706705571 1412722403.88
8.57444973838 1412722404.04
8.28728258449 1412722404.17
8.12399725035 1412722404.33
8.11867394129 1412722404.48
8.12109581973 1412722404.62
7.95178161318 1412722404.78
7.95291773741 1412722404.92
7.95417315847 1412722405.03
7.72552717939 1412722405.17
7.7266411267 1412722405.32
7.59492947201 1412722405.47
7.59691279757 1412722405.6
7.5991033935 1412722405.74
7.4590837962 1412722405.87
7.52834865505 1412722405.99
7.52450423279 1412722406.14
7.4225058619 1412722406.28
143.127732296 1412722406.42
143.384301463 1412722406.55
6.86685564291 1412722406.68
6.86180036826 1412722406.8
6.78696996862 1412722406.96
6.78036744588 1412722407.1
6.77352975844 1412722407.23
6.80791502842 1412722407.35
