27.4217555066 1412723925.01
26.3766697379 1412723925.28
25.7820429092 1412723925.56
25.2349041639 1412723925.85
25.0615094387 1412723926.13
25.2690623047 1412723926.4
24.9700073942 1412723926.68
24.5728986547 1412723926.97
24.1860178233 1412723927.27
23.6468624433 1412723927.56
24.0412730567 1412723927.85
23.9981724183 1412723928.15
23.9320688587 1412723928.45
24.0515035791 1412723928.75
23.990864384 1412723929.04
24.0708025207 1412723929.33
23.9819286342 1412723929.63
24.3944669807 1412723929.91
23.9772519496 1412723930.17
23.6110821273 1412723930.5
23.7019842659 1412723930.76
23.5342164962 1412723931.06
23.3360221191 1412723931.35
23.4093428068 1412723931.65
23.3756283179 1412723931.96
23.1531105252 1412723932.25
22.8231778712 1412723932.53
22.5285086369 1412723932.82
22.4783309853 1412723933.14
22.1722945674 1412723933.43
21.9972878783 1412723933.73
21.8502067887 1412723934.02
21.8818806681 1412723934.31
21.7830348843 1412723934.62
21.5251299724 1412723934.92
21.2035369522 1412723935.26
21.1365548908 1412723935.58
21.2492042232 1412723935.88
21.1013045261 1412723936.23
20.9354667222 1412723936.55
21.0513299267 1412723936.87
21.4479813953 1412723937.23
21.5235934151 1412723937.54
21.8148059399 1412723937.85
22.0920655008 1412723938.22
22.3528696644 1412723938.54
22.7442582783 1412723938.87
22.8085454694 1412723939.22
22.4795736819 1412723939.52
23.0050660217 1412723939.85
22.403719916 1412723940.16
22.1617687395 1412723940.49
22.0756556656 1412723940.83
22.2441395017 1412723941.14
22.4587600148 1412723941.44
22.2693793494 1412723941.74
21.6390852721 1412723942.05
21.2223838686 1412723942.36
21.5424145062 1412723942.64
21.4932795013 1412723942.98
21.8045197956 1412723943.29
21.5899487989 1412723943.59
21.8652042678 1412723943.89
21.7305569454 1412723944.2
21.4585432702 1412723944.48
21.045494039 1412723944.78
21.7678441656 1412723945.11
21.3204957548 1412723945.42
21.3308784052 1412723945.71
21.4599413672 1412723946.02
21.4353549926 1412723946.32
21.1594736297 1412723946.6
21.142357607 1412723946.93
21.1254132886 1412723947.25
21.217960138 1412723947.56
21.1240238786 1412723947.89
21.2731858201 1412723948.19
21.2653511981 1412723948.46
21.2839687122 1412723948.82
21.0225488052 1412723949.15
21.0161814449 1412723949.53
20.9603743019 1412723949.86
20.9407849945 1412723950.19
20.981444596 1412723950.49
20.9562121682 1412723950.84
21.0261644713 1412723951.17
20.9367391032 1412723951.49
20.7987409887 1412723951.82
20.8732901238 1412723952.14
20.8836615379 1412723952.49
20.8322771869 1412723952.81
20.9411134481 1412723953.16
20.8514297474 1412723953.54
20.9217781053 1412723953.85
21.4324713012 1412723954.23
21.3563899471 1412723954.56
21.4773577313 1412723954.89
21.4163041059 1412723955.26
21.4161250731 1412723955.6
21.4157404985 1412723956.01
21.4150972443 1412723956.4
21.4140290406 1412723956.76
21.3596843965 1412723957.1
21.3620958062 1412723957.48
21.3642031945 1412723957.86
21.3658208908 1412723958.39
21.3021573232 1412723958.75
21.3348484264 1412723959.11
21.2805525906 1412723959.51
21.2841538777 1412723959.86
21.3330956005 1412723960.2
21.2323031007 1412723960.57
21.2340092318 1412723960.94
21.1122543461 1412723961.28
21.1157568195 1412723961.62
21.11182599 1412723961.88
21.1148582959 1412723962.2
21.163626614 1412723962.51
21.1236557285 1412723962.85
21.1272196835 1412723963.17
21.1295799023 1412723963.5
21.1323155867 1412723963.86
21.1350120493 1412723964.18
21.1377169757 1412723964.53
21.1404286536 1412723964.84
21.1001980902 1412723965.16
21.1113906072 1412723965.5
21.1162702015 1412723965.81
21.1568468109 1412723966.14
21.1235445051 1412723966.47
21.1279856858 1412723966.82
21.1679350522 1412723967.17
21.1404596794 1412723967.5
21.208860162 1412723967.81
21.3814802149 1412723968.14
21.3846947996 1412723968.47
21.3880053725 1412723968.81
21.3914008721 1412723969.2
21.4036205192 1412723969.57
21.4412282012 1412723969.92
21.4067608756 1412723970.24
21.4105434617 1412723970.63
21.4143754063 1412723970.97
21.4182390775 1412723971.32
21.4221343268 1412723971.65
21.426118956 1412723971.97
21.4227395249 1412723972.28
21.4267141522 1412723972.72
21.430517202 1412723973.08
21.3869323805 1412723973.38
21.4695063428 1412723973.74
21.4344983206 1412723974.11
21.4327412109 1412723974.46
21.4713250833 1412723974.81
21.4370941577 1412723975.13
21.4749047411 1412723975.51
21.4296364285 1412723975.85
21.3524595611 1412723976.23
21.3546739144 1412723976.58
21.35690143 1412723976.91
21.3915120462 1412723977.32
21.4163846389 1412723977.65
21.417986078 1412723977.94
21.3630577346 1412723978.23
21.419031483 1412723978.54
21.3640317553 1412723978.86
21.4200958166 1412723979.2
21.3650213855 1412723979.56
21.4212150995 1412723979.9
21.4617669208 1412723980.23
21.5201046433 1412723980.54
21.4692201539 1412723980.83
21.5275650307 1412723981.15
21.4509680586 1412723981.49
21.5090997178 1412723981.84
21.4546081611 1412723982.14
21.4539391028 1412723982.49
21.5122772903 1412723982.8
21.4577699945 1412723983.11
21.4577541645 1412723983.44
21.4229418617 1412723983.75
21.501915378 1412723984.08
21.5037278625 1412723984.38
21.5275899472 1412723984.68
21.5569574457 1412723984.99
21.4740523545 1412723985.3
21.6135865763 1412723985.6
21.608474065 1412723985.92
21.6051241959 1412723986.21
21.6087199171 1412723986.65
21.6123580009 1412723987.02
21.6718976765 1412723987.32
21.6899433001 1412723987.66
21.6815117791 1412723987.99
21.5573238963 1412723988.32
21.6177161146 1412723988.64
21.8143955105 1412723988.94
21.8572526241 1412723989.22
21.8605363154 1412723989.53
21.8637353819 1412723989.82
