79.8350934807 1412736897.34
80.2400574765 1412736898.5
80.3227310832 1412736899.76
80.5572952952 1412736900.96
81.084049798 1412736902.1
81.7188719849 1412736903.25
82.0741927397 1412736904.36
81.9217819576 1412736905.47
82.3602755975 1412736906.69
82.0969903091 1412736907.77
82.3405710561 1412736908.89
82.7100437919 1412736909.91
81.8715099672 1412736910.93
82.8228988254 1412736912.04
82.4026662282 1412736913.1
81.5865417456 1412736914.2
81.2786020509 1412736915.34
81.7291554667 1412736916.44
81.6156762118 1412736917.51
81.4363567211 1412736918.51
81.3526668544 1412736919.59
81.5792326174 1412736920.68
81.4528368138 1412736921.76
81.6357660816 1412736922.83
81.745481579 1412736924.0
82.1798645624 1412736925.06
82.1345346205 1412736926.2
82.6024096829 1412736927.25
82.616254603 1412736928.41
82.731380423 1412736929.55
84.3977532893 1412736930.68
85.6670792224 1412736931.77
86.5293880624 1412736932.88
84.4089698732 1412736934.06
79.9465264347 1412736935.22
77.778694091 1412736936.43
77.6311266508 1412736937.58
78.1250950311 1412736938.69
77.8278033573 1412736939.85
78.6893882559 1412736941.02
78.2911021622 1412736942.22
79.8670655483 1412736943.45
79.6088796681 1412736944.63
79.5679879811 1412736945.89
80.7237741545 1412736947.16
80.6600729816 1412736948.38
81.0483561587 1412736949.63
81.674074958 1412736950.85
81.8359132321 1412736952.04
82.2144802915 1412736953.33
82.7467763846 1412736954.54
82.8323036728 1412736955.78
82.9318019986 1412736957.03
83.340114289 1412736958.31
83.6673639722 1412736959.6
83.8140354131 1412736960.9
84.5291430845 1412736962.29
84.8956049542 1412736963.64
85.909935429 1412736964.92
86.1716562516 1412736966.18
86.443494317 1412736967.58
86.7085987927 1412736968.82
86.9219703972 1412736970.02
86.7656050755 1412736971.22
86.7322817751 1412736972.47
87.0157334921 1412736973.96
87.2089146128 1412736975.22
86.9913139661 1412736976.45
87.0050305364 1412736977.62
86.3433597222 1412736978.79
85.9577652844 1412736979.93
85.8915922653 1412736981.06
85.6430934667 1412736982.14
85.37513451 1412736983.29
85.4824084773 1412736984.45
84.7726070371 1412736985.56
84.1280914268 1412736986.69
83.3206144462 1412736987.89
82.7079867933 1412736989.0
82.0528022919 1412736990.14
81.4112375794 1412736991.35
80.5828159313 1412736992.53
80.2503299131 1412736993.67
79.7295812528 1412736994.75
79.387619225 1412736995.9
78.9524404035 1412736997.04
78.1689220466 1412736998.18
77.2752108864 1412736999.34
77.0027660826 1412737000.57
75.9692238639 1412737001.79
74.5925776728 1412737003.32
74.2617409215 1412737004.72
74.1146205473 1412737006.06
74.0261804159 1412737007.38
73.9757649029 1412737008.61
74.4422713421 1412737009.75
74.1345177153 1412737010.98
73.3668667655 1412737012.25
73.5251466782 1412737013.53
73.6843366958 1412737014.83
73.0266308056 1412737016.24
73.0643643786 1412737017.57
72.3532563522 1412737019.01
71.8345561037 1412737020.53
71.8908608576 1412737021.86
71.5786596665 1412737023.25
71.0815942344 1412737024.67
71.1179549755 1412737026.0
70.697292594 1412737027.46
70.1917817158 1412737029.06
70.135375217 1412737030.67
70.156420199 1412737032.17
69.9431422271 1412737033.83
69.9396802787 1412737035.3
69.6630681755 1412737036.76
69.650004616 1412737038.34
69.3983903981 1412737039.92
69.2567585221 1412737041.51
69.1835987303 1412737043.14
69.1369058004 1412737044.72
69.1028574579 1412737046.36
68.9009353421 1412737047.98
68.8733666444 1412737049.64
68.9991651662 1412737051.32
69.0802608725 1412737052.96
69.0248333433 1412737054.68
68.9659283079 1412737056.29
68.9610539236 1412737058.0
68.889890046 1412737059.64
68.8122686024 1412737061.25
68.8613604311 1412737062.83
68.8952653406 1412737064.26
68.9187265122 1412737065.78
69.0808797535 1412737067.29
68.8708975942 1412737068.82
68.7555524725 1412737070.38
68.5358712832 1412737072.01
68.7647452024 1412737073.6
68.7992826753 1412737075.24
68.8403452173 1412737076.84
69.0040684706 1412737078.39
69.1566646722 1412737079.9
69.6813125513 1412737081.59
69.7985372551 1412737083.17
70.1194673825 1412737084.76
69.9116594126 1412737086.31
70.0554633774 1412737087.97
69.9107544903 1412737089.52
69.7244892696 1412737091.24
69.7871773082 1412737092.88
69.4970332768 1412737094.44
69.2602201644 1412737096.03
69.1815603984 1412737097.64
69.3489405736 1412737099.14
69.4426207865 1412737100.72
69.4947250061 1412737102.25
69.8443823713 1412737103.78
69.9930094882 1412737105.42
70.7208968638 1412737106.98
71.3701462394 1412737108.55
70.8170564885 1412737110.27
70.9391490029 1412737111.79
71.2534511293 1412737113.43
71.1835905019 1412737115.03
70.8823516942 1412737116.55
70.3805948895 1412737118.15
70.1052561355 1412737119.78
70.0118111655 1412737121.38
69.832372374 1412737122.91
69.6324172353 1412737124.52
69.5184892719 1412737125.99
70.0217155972 1412737127.51
69.6191911447 1412737129.09
69.4449649259 1412737130.64
69.3214602656 1412737132.19
69.1855548409 1412737133.84
68.9666553544 1412737135.45
68.9358345504 1412737136.99
69.0372038462 1412737138.62
68.8813508809 1412737140.31
68.95353517 1412737141.94
68.7395317654 1412737143.57
68.2997492387 1412737145.12
68.4701158437 1412737146.77
68.315204195 1412737148.37
67.6229145664 1412737149.96
67.5345123617 1412737151.54
67.7587908929 1412737153.15
67.7958906732 1412737154.77
67.8616020627 1412737156.38
67.9627249444 1412737157.89
68.0387176305 1412737159.46
68.209507115 1412737161.03
68.0017395933 1412737162.62
67.173500376 1412737164.2
66.3121621859 1412737166.0
66.1844685377 1412737167.66
66.3031141181 1412737169.32
66.3344914084 1412737170.91
66.3729158245 1412737172.45
