8.31735746444 1412749742.67
9.26029519389 1412749744.15
9.46314627734 1412749745.58
10.1390029716 1412749747.04
10.5287924852 1412749748.48
10.5687130017 1412749749.94
10.4765731142 1412749751.35
10.5158898917 1412749752.74
10.502709222 1412749754.16
10.4137118756 1412749755.57
10.3412580201 1412749756.98
10.0626974486 1412749758.38
9.92536785674 1412749759.72
9.76766304175 1412749761.05
9.64022931356 1412749762.36
9.54254088796 1412749763.69
9.31923944122 1412749765.01
9.31712614643 1412749766.34
9.22570322758 1412749767.64
9.16753218433 1412749768.94
9.19703923406 1412749770.23
9.40553014165 1412749771.54
9.52582074905 1412749772.9
9.71264639133 1412749774.27
9.82648551562 1412749775.6
9.90854819849 1412749776.9
9.93601717338 1412749778.22
10.0195063158 1412749779.54
10.1631931656 1412749780.83
10.1944652111 1412749782.16
10.2864240793 1412749783.5
10.3859338277 1412749784.76
10.4641619244 1412749786.05
10.5246971762 1412749787.33
10.5748193941 1412749788.59
10.6398897305 1412749789.85
10.6024232092 1412749791.14
10.6349921226 1412749792.45
10.6068712098 1412749793.73
10.5391965863 1412749795.04
10.5047834114 1412749796.34
10.5730688179 1412749797.6
10.5988514611 1412749798.91
10.5895774085 1412749800.21
10.5820319643 1412749801.53
10.6121733705 1412749802.78
10.5479361018 1412749804.1
10.4247683279 1412749805.33
10.3898392731 1412749806.6
10.3466715593 1412749807.86
10.3151272304 1412749809.14
10.3244512188 1412749810.44
10.3586236238 1412749811.72
10.3896287704 1412749813.01
10.4082653635 1412749814.32
10.3751923124 1412749815.65
10.376056383 1412749816.96
10.4275652038 1412749818.27
10.4404431168 1412749819.55
10.4378100371 1412749820.81
10.4404920964 1412749822.13
10.4330979216 1412749823.44
10.4180324619 1412749824.7
10.3946924518 1412749825.97
10.3942506339 1412749827.21
10.38197112 1412749828.49
10.2701225357 1412749829.79
10.2775216713 1412749831.08
10.2505702846 1412749832.39
10.1415449804 1412749833.71
10.065584786 1412749835.01
10.0593388554 1412749836.34
9.91550373059 1412749837.63
9.83179427975 1412749838.97
9.77466282371 1412749840.25
9.69648974973 1412749841.53
9.65472058938 1412749842.82
9.59221866783 1412749844.13
9.5427898269 1412749845.43
9.49901999828 1412749846.75
9.4648855305 1412749848.05
9.39462996061 1412749849.34
9.29860845605 1412749850.61
9.22573818577 1412749851.95
9.1285353674 1412749853.25
9.05957705564 1412749854.58
8.97606506564 1412749855.88
8.93428578951 1412749857.16
8.88324731495 1412749858.51
8.85139181512 1412749859.77
8.80858486067 1412749861.04
8.76419898736 1412749862.34
8.6485240488 1412749863.59
8.6217091914 1412749864.92
8.54154582723 1412749866.22
8.51204883413 1412749867.56
8.45585710049 1412749868.88
8.39001522553 1412749870.17
8.29168532255 1412749871.44
8.21142007881 1412749872.76
8.12709648016 1412749874.04
8.07623438126 1412749875.35
8.01506408165 1412749876.63
7.9504140458 1412749877.91
7.91623759875 1412749879.4
7.8638518825 1412749880.74
7.76973465154 1412749882.06
7.70555290142 1412749883.37
7.65129434951 1412749884.63
7.57595573298 1412749885.93
7.52032149474 1412749887.24
7.46426653623 1412749888.52
7.4163563476 1412749889.84
7.39664236688 1412749891.14
7.36192568006 1412749892.42
7.31245962949 1412749893.69
7.29737084808 1412749894.94
7.3047473935 1412749896.23
7.3159315789 1412749897.52
7.3222761007 1412749898.8
7.3734644049 1412749900.09
7.38417079235 1412749901.39
7.38884234139 1412749902.62
7.38677008868 1412749903.91
7.33772080418 1412749905.2
7.19051786537 1412749906.48
6.97862154642 1412749907.83
6.80040694732 1412749909.11
6.76250824827 1412749910.36
6.74153690775 1412749911.61
6.8201566166 1412749912.91
6.69206675381 1412749914.17
6.62177225409 1412749915.44
6.61382513575 1412749916.68
6.56698477878 1412749917.95
6.58446463638 1412749919.2
6.53069770991 1412749920.44
6.51272085448 1412749921.64
6.47593404135 1412749922.89
6.45332151665 1412749924.15
6.42440632925 1412749925.37
6.40877515667 1412749926.67
6.35468862957 1412749927.93
6.34205730041 1412749929.19
6.39588003171 1412749930.48
6.28237313042 1412749931.71
6.23436032167 1412749932.96
6.23456132336 1412749934.24
6.17367424922 1412749935.51
6.19150934742 1412749936.76
6.12611868387 1412749938.02
6.07403110539 1412749939.25
6.13351953548 1412749940.51
6.02809882177 1412749941.7
6.09881473033 1412749942.92
6.00062879159 1412749944.18
6.06906448639 1412749945.42
5.97987377437 1412749946.66
5.99304517632 1412749947.91
5.91294621632 1412749949.14
5.95562990582 1412749950.35
5.81013661906 1412749951.55
5.86245724822 1412749952.81
5.76291208113 1412749954.09
5.80644759561 1412749955.32
5.72018000677 1412749956.53
5.76759449794 1412749957.75
5.68082094301 1412749959.04
5.69838008879 1412749960.22
5.61518455479 1412749961.47
5.64052409081 1412749962.76
5.55619735602 1412749963.99
5.55599983715 1412749965.17
5.49229205198 1412749966.4
5.51675902106 1412749967.64
5.41903700114 1412749968.86
5.44975798863 1412749970.11
5.38158459558 1412749971.39
5.41062011183 1412749972.64
5.33870918047 1412749973.86
5.35727180111 1412749975.12
5.25333913421 1412749976.36
5.25017250767 1412749977.61
5.26821562694 1412749978.85
5.21187229439 1412749980.07
5.21572898691 1412749981.31
5.23237984976 1412749982.55
5.19651845607 1412749983.82
5.19644611198 1412749985.11
5.14520352203 1412749986.35
5.1553405482 1412749987.57
5.17625394956 1412749988.83
5.12934684622 1412749990.08
5.15084887245 1412749991.37
5.0949452521 1412749992.65
5.08714226161 1412749993.92
5.10517956168 1412749995.21
5.10794280564 1412749996.46
5.09555650836 1412749997.7
5.10380350322 1412749998.96
