35.8368283664 1412722845.75
36.4519345478 1412722845.89
36.0774536939 1412722846.0
35.557889015 1412722846.17
35.7203282149 1412722846.32
35.4556524846 1412722846.53
34.9789743256 1412722846.67
35.334385814 1412722846.81
34.7688690517 1412722847.04
34.2322360347 1412722847.24
36.4472592226 1412722847.41
36.4773558388 1412722847.54
36.5063092142 1412722847.71
36.6980335083 1412722847.88
37.0055375771 1412722848.02
36.4060294292 1412722848.19
36.1562610434 1412722848.32
35.6883230551 1412722848.42
36.3824790239 1412722848.54
36.6795577313 1412722848.64
36.2965275678 1412722848.76
36.5223587345 1412722848.88
36.1801281903 1412722848.98
36.1124634697 1412722849.06
36.3385879571 1412722849.17
36.9273101501 1412722849.28
36.6010397046 1412722849.38
36.8372887304 1412722849.52
36.7353860057 1412722849.7
37.0851892719 1412722849.83
37.3988552132 1412722849.97
37.4753925312 1412722850.07
37.9025613153 1412722850.16
37.7912819758 1412722850.25
37.9875120184 1412722850.34
38.6683390352 1412722850.42
38.4193061676 1412722850.52
140.497406147 1412722850.62
141.174608346 1412722850.73
142.362964426 1412722850.86
143.294101081 1412722850.96
143.516127772 1412722851.09
143.94215108 1412722851.19
144.23965065 1412722851.28
144.691914798 1412722851.38
145.012690606 1412722851.49
144.891095274 1412722851.58
145.316525361 1412722851.68
145.593438477 1412722851.78
145.301228308 1412722851.95
145.8818845 1412722852.08
145.870933129 1412722852.19
145.744834548 1412722852.32
145.868471982 1412722852.42
146.137251858 1412722852.5
146.445473582 1412722852.59
146.66839064 1412722852.69
146.995953205 1412722852.79
147.515119849 1412722852.87
147.419015238 1412722852.96
147.563442968 1412722853.04
147.948484243 1412722853.13
148.092600533 1412722853.24
148.320438736 1412722853.32
148.524401495 1412722853.4
148.168657565 1412722853.55
148.699126737 1412722853.63
148.643734269 1412722853.73
148.567591451 1412722853.83
148.271005044 1412722853.93
148.479642529 1412722854.01
148.474973752 1412722854.08
148.436132299 1412722854.17
148.058924467 1412722854.27
148.087134458 1412722854.37
148.112280564 1412722854.47
147.772441131 1412722854.55
148.079510365 1412722854.64
148.041064736 1412722854.72
148.120549173 1412722854.82
147.900522422 1412722854.91
148.087759009 1412722854.99
148.129434195 1412722855.07
148.254686899 1412722855.17
148.148270413 1412722855.26
148.308507632 1412722855.34
148.591468664 1412722855.46
148.63522953 1412722855.59
148.687060218 1412722855.71
148.756815072 1412722855.82
148.849890903 1412722855.94
148.85975421 1412722856.02
148.710710339 1412722856.12
148.781703071 1412722856.21
148.690746615 1412722856.3
148.616856307 1412722856.4
148.904238572 1412722856.51
148.903815865 1412722856.6
148.907612094 1412722856.71
148.804099612 1412722856.81
149.015101084 1412722856.94
149.160236622 1412722857.03
149.18980648 1412722857.11
149.130809357 1412722857.2
149.006015558 1412722857.29
148.920027683 1412722857.42
149.130562761 1412722857.52
149.299709312 1412722857.62
149.639394839 1412722857.73
149.559342585 1412722857.84
149.822180109 1412722857.93
149.975414948 1412722858.01
149.905882171 1412722858.13
150.048043925 1412722858.27
150.249337551 1412722858.37
150.05621265 1412722858.47
150.40410828 1412722858.57
150.67957256 1412722858.65
150.682129409 1412722858.74
150.833826907 1412722858.82
151.123416298 1412722858.92
151.168328806 1412722859.02
151.410209274 1412722859.12
151.588988671 1412722859.23
151.801777472 1412722859.35
151.803562728 1412722859.45
151.862661982 1412722859.54
151.816224013 1412722859.63
151.991412987 1412722859.73
152.286048919 1412722859.84
152.377129705 1412722859.94
152.523610947 1412722860.04
152.633938658 1412722860.14
152.633530791 1412722860.23
152.700462252 1412722860.33
152.534073587 1412722860.44
152.595049959 1412722860.54
152.589956858 1412722860.63
152.377666587 1412722860.73
152.423619067 1412722860.81
152.485113165 1412722860.92
152.514244934 1412722861.03
152.57501563 1412722861.13
152.590204852 1412722861.23
152.389649564 1412722861.33
152.432264197 1412722861.43
152.490191756 1412722861.51
152.67806757 1412722861.63
152.639573404 1412722861.73
152.766435069 1412722861.83
152.622093539 1412722861.92
152.781006254 1412722862.05
152.886759951 1412722862.16
153.058758393 1412722862.26
153.147458725 1412722862.39
153.226230396 1412722862.49
153.144874747 1412722862.59
153.278041519 1412722862.69
153.147114807 1412722862.81
153.270022893 1412722862.92
153.311620023 1412722863.03
153.484765336 1412722863.12
153.650081059 1412722863.22
153.739650305 1412722863.33
153.551359726 1412722863.42
153.727048794 1412722863.51
153.781090339 1412722863.64
153.829936195 1412722863.75
153.785677633 1412722863.85
153.952108713 1412722863.97
154.102308881 1412722864.11
154.12231957 1412722864.22
153.992781043 1412722864.39
154.150205849 1412722864.61
154.13321911 1412722864.77
154.215599871 1412722864.91
154.198413413 1412722865.03
154.252971558 1412722865.16
154.120018188 1412722865.27
154.364541893 1412722865.38
154.27079541 1412722865.48
154.426655169 1412722865.58
154.477355905 1412722865.68
154.608354119 1412722865.78
154.656638627 1412722865.88
154.639195363 1412722866.0
154.468772425 1412722866.11
154.57630726 1412722866.23
154.559055872 1412722866.36
154.603289029 1412722866.48
154.52511633 1412722866.61
154.680558043 1412722866.72
154.702543407 1412722866.84
154.6860652 1412722866.94
154.567672154 1412722867.07
154.555623053 1412722867.16
154.584331107 1412722867.28
154.716323851 1412722867.4
154.802980631 1412722867.53
154.771467277 1412722867.66
