14.4344351977 1412752241.79
15.7461633412 1412752243.3
16.611280385 1412752244.76
17.5145996234 1412752246.23
18.2207502139 1412752247.68
18.5981302731 1412752249.1
18.5433397656 1412752250.56
18.6778555881 1412752251.98
18.9973131052 1412752253.35
19.0142987891 1412752254.77
19.1809380954 1412752256.21
19.3117763404 1412752257.62
19.4462544646 1412752259.13
19.8653136475 1412752260.59
20.1744474536 1412752262.03
20.3686592007 1412752263.51
20.5382657018 1412752264.9
20.3793720802 1412752266.32
20.4181651243 1412752267.71
20.3954247072 1412752269.13
20.5549859596 1412752270.5
20.5057062614 1412752271.93
20.3700566157 1412752273.36
20.3552197249 1412752274.77
20.4277994317 1412752276.24
20.3732587666 1412752277.65
20.322222822 1412752279.06
20.2179349738 1412752280.49
20.2049744225 1412752281.91
20.184757402 1412752283.39
20.094636034 1412752284.83
20.1103617735 1412752286.21
20.2325181346 1412752287.75
20.2942034268 1412752289.23
20.3537371568 1412752290.67
20.4004952269 1412752292.06
20.3219131213 1412752293.49
20.2878632557 1412752294.84
20.2021721096 1412752296.25
20.0811290133 1412752297.64
20.02273906 1412752299.07
20.0009316036 1412752300.47
19.7761769061 1412752301.85
19.632660525 1412752303.26
19.5446042042 1412752304.65
19.5854802208 1412752306.04
19.4905787106 1412752307.41
19.4381292814 1412752308.82
19.3295396438 1412752310.25
19.1738321158 1412752311.66
19.0927030457 1412752313.02
19.0184873065 1412752314.42
19.1105096358 1412752315.78
18.9025112835 1412752317.16
18.7012089912 1412752318.54
18.5003846855 1412752319.93
18.3394914127 1412752321.26
18.3609335152 1412752322.63
18.4153746888 1412752323.96
18.4910949728 1412752325.35
18.5442215824 1412752326.73
18.5372624137 1412752328.12
18.5700975548 1412752329.47
18.5499035108 1412752330.91
18.6147940788 1412752332.35
18.4542476009 1412752333.78
18.4358181199 1412752335.17
18.4298605859 1412752336.57
18.2967114022 1412752337.94
18.0864169015 1412752339.31
17.9198060302 1412752340.67
17.7893373733 1412752342.23
17.7245297064 1412752343.71
17.959180461 1412752345.08
17.8555844204 1412752346.47
17.9857240599 1412752347.84
18.0730648921 1412752349.23
17.9899296961 1412752350.63
17.7588703541 1412752352.04
17.815068478 1412752353.49
17.8008131832 1412752354.88
17.5778165219 1412752356.27
16.8364277419 1412752357.63
16.1440266319 1412752359.01
15.652471079 1412752360.37
15.5806319643 1412752361.71
15.4749083189 1412752363.1
15.3124984221 1412752364.47
15.0814603306 1412752365.82
15.1620738224 1412752367.2
15.4901935293 1412752368.58
15.5880205669 1412752369.97
15.5934051847 1412752371.31
15.8813341102 1412752372.66
15.8683446349 1412752374.08
15.8498602124 1412752375.45
15.9683384739 1412752376.83
15.8975349831 1412752378.19
15.9876405572 1412752379.59
16.0542157251 1412752380.97
15.9062741745 1412752382.28
15.8860507004 1412752383.64
15.7377015842 1412752385.0
15.5144946335 1412752386.39
15.2939014623 1412752387.7
15.1756291913 1412752389.07
15.1355619099 1412752390.46
15.108756365 1412752391.8
15.0724576099 1412752393.16
14.8363515787 1412752394.52
14.5314683466 1412752395.88
14.1769046719 1412752397.2
13.8640710774 1412752398.58
13.6429874281 1412752399.91
13.2440217163 1412752401.25
13.2057629723 1412752402.59
13.4200156463 1412752403.94
13.1140101419 1412752405.26
13.1612278081 1412752406.56
13.2378323506 1412752407.86
12.9700793066 1412752409.19
13.0381498683 1412752410.52
12.6799080295 1412752411.88
12.803590716 1412752413.2
12.9013149544 1412752414.56
13.1583780308 1412752415.92
12.912372068 1412752417.24
12.7006907755 1412752418.57
12.9070935226 1412752419.95
12.5843235921 1412752421.27
12.6770856217 1412752422.6
12.4509919803 1412752423.94
12.607474793 1412752425.3
12.7765804141 1412752426.66
12.6747763048 1412752428.01
12.8833819284 1412752429.35
12.7755695431 1412752430.7
12.6794981518 1412752432.04
12.9045337723 1412752433.41
12.7038151955 1412752434.78
12.8604590784 1412752436.16
12.8924845558 1412752437.51
13.0196360311 1412752438.87
12.8210456824 1412752440.21
12.9292783335 1412752441.56
12.6945372636 1412752442.92
12.754762969 1412752444.46
12.6595006152 1412752445.89
12.5295366078 1412752447.23
12.3998169027 1412752448.53
12.3643821876 1412752449.94
12.3207060527 1412752451.28
12.3530633538 1412752452.64
12.3340098383 1412752453.98
12.3807916162 1412752455.33
12.2943871955 1412752456.68
12.3271599393 1412752458.04
12.310163585 1412752459.37
12.3484959178 1412752460.7
12.3530570526 1412752462.06
12.3195066209 1412752463.4
12.2731732629 1412752464.76
12.2517351998 1412752466.09
12.2242114702 1412752467.44
12.1551247436 1412752468.82
12.0619731273 1412752470.18
12.0310289939 1412752471.54
11.9330885895 1412752472.85
11.8378715247 1412752474.2
11.7329321429 1412752475.58
11.6397041255 1412752476.92
11.5429783689 1412752478.26
11.5470171627 1412752479.62
11.4538115901 1412752480.95
11.4392563899 1412752482.29
11.4399807257 1412752483.63
11.4845533742 1412752484.94
11.5244486799 1412752486.3
11.5826407509 1412752487.64
11.6140470407 1412752488.99
11.5564533864 1412752490.34
11.5879195757 1412752491.69
11.6289241655 1412752493.03
11.559018191 1412752494.42
11.6251846402 1412752495.8
11.5325294023 1412752497.16
11.5824938112 1412752498.55
11.6026904843 1412752499.9
11.5575466361 1412752501.25
11.5851334354 1412752502.61
11.5201635968 1412752503.96
11.3874266877 1412752505.33
11.4250718349 1412752506.69
11.3503995926 1412752508.1
11.3973060887 1412752509.43
11.4208012566 1412752510.8
11.3585540334 1412752512.2
11.3491239862 1412752513.55
11.27326028 1412752514.87
11.219243088 1412752516.31
