48.4982440816 1412724790.47
47.6768620283 1412724790.77
47.4677290678 1412724791.04
47.402353798 1412724791.32
46.6920016725 1412724791.61
46.5861143036 1412724791.89
45.7589216299 1412724792.19
44.9223555541 1412724792.48
44.8243042893 1412724792.74
43.1771434616 1412724793.04
42.5879752288 1412724793.34
42.2750868106 1412724793.65
41.8221091386 1412724793.95
41.5745981218 1412724794.25
41.1857710134 1412724794.56
41.0688131711 1412724794.84
40.4441830934 1412724795.14
40.6275805493 1412724795.44
41.0743395537 1412724795.75
40.621350897 1412724796.17
40.2220055033 1412724796.52
39.7891374144 1412724796.79
39.9251149297 1412724797.07
40.356894761 1412724797.4
39.5699314748 1412724797.7
39.9449223404 1412724798.0
39.2963944046 1412724798.28
38.8392130178 1412724798.56
38.846550857 1412724798.84
39.0821660786 1412724799.13
39.0620263225 1412724799.43
38.9767681993 1412724799.72
38.9769376667 1412724800.03
39.0193915321 1412724800.33
38.9808786384 1412724800.62
39.0636108063 1412724800.97
39.0431486914 1412724801.29
39.0102112921 1412724801.62
38.9972757926 1412724801.9
38.826166253 1412724802.23
38.6864924025 1412724802.55
38.558975551 1412724802.84
38.4697750458 1412724803.17
38.5105285639 1412724803.46
38.4556993498 1412724803.78
38.3941267182 1412724804.08
38.3594987269 1412724804.39
38.3592584219 1412724804.73
38.4391474511 1412724805.04
38.4423269987 1412724805.36
38.4484437273 1412724805.7
38.4087883191 1412724806.01
38.5130598383 1412724806.32
38.5743185173 1412724806.64
38.3784788729 1412724806.96
38.3592075365 1412724807.27
38.324917611 1412724807.61
38.4327200861 1412724807.94
38.33318415 1412724808.26
38.2903589275 1412724808.58
38.2264454369 1412724808.9
38.3574576801 1412724809.21
38.2631373133 1412724809.57
38.4856519083 1412724809.93
38.2506953054 1412724810.24
38.1230887604 1412724810.56
38.0970023333 1412724810.9
38.0998455824 1412724811.22
38.1754964394 1412724811.53
38.2198133908 1412724811.89
38.2340477448 1412724812.2
38.3106358466 1412724812.52
38.3037327891 1412724812.87
38.3143582092 1412724813.22
38.3780508982 1412724813.57
38.2853497647 1412724813.9
38.2418167251 1412724814.21
38.2502024447 1412724814.51
38.2061310187 1412724814.86
38.2396847644 1412724815.21
38.3116814082 1412724815.53
38.1162204911 1412724815.85
38.2661690975 1412724816.17
38.0911993303 1412724816.48
38.2761670517 1412724816.8
38.1938912203 1412724817.09
38.1642001413 1412724817.41
38.1997421176 1412724817.73
38.2087649791 1412724818.05
38.1898236522 1412724818.39
38.0255549879 1412724818.75
38.1483826177 1412724819.1
38.1622962598 1412724819.44
38.1758571009 1412724819.77
38.1023943195 1412724820.09
38.1678537294 1412724820.47
38.0156275005 1412724820.9
37.8587630397 1412724821.24
37.8433541352 1412724821.52
37.7310633517 1412724821.82
37.7186780801 1412724822.13
37.5974671497 1412724822.44
37.5884209493 1412724822.73
37.7409470227 1412724823.02
37.7329830341 1412724823.31
37.7235383808 1412724823.59
37.6776128327 1412724823.89
37.6696340073 1412724824.16
37.6830943335 1412724824.43
37.6753951362 1412724824.71
37.6974184685 1412724825.02
37.6893878722 1412724825.3
37.681362316 1412724825.59
37.6733057099 1412724825.87
37.6646348001 1412724826.14
37.6415636777 1412724826.44
37.6394221971 1412724826.8
37.6369916392 1412724827.19
37.583054343 1412724827.48
37.6434416805 1412724827.76
37.6407803114 1412724828.04
37.6220425009 1412724828.36
37.6120777247 1412724828.66
37.6020985188 1412724828.98
37.5770258771 1412724829.28
37.5656841207 1412724829.56
37.5544110885 1412724829.83
37.543160781 1412724830.13
37.53191525 1412724830.41
37.5805463457 1412724830.68
37.5221672769 1412724830.96
37.5259190432 1412724831.25
37.5293565143 1412724831.54
37.5183802949 1412724831.82
37.5158252575 1412724832.14
37.5094318746 1412724832.45
37.5064178103 1412724832.78
37.4971760303 1412724833.14
37.5051472784 1412724833.47
37.504258133 1412724833.82
37.5141015904 1412724834.16
37.5535611475 1412724834.51
37.5387282262 1412724834.87
37.5233481319 1412724835.2
37.5158403047 1412724835.51
37.4994538779 1412724835.85
37.7499043288 1412724836.16
37.660378464 1412724836.49
37.7470173231 1412724836.79
37.6537970585 1412724837.12
37.6621085249 1412724837.42
37.6432104367 1412724837.71
37.7541586232 1412724838.03
37.7547949237 1412724838.33
37.7156601523 1412724838.63
37.6243018349 1412724838.93
37.4755649034 1412724839.23
37.4467404355 1412724839.53
37.3505270804 1412724839.85
37.1637038193 1412724840.16
37.1562501466 1412724840.47
37.0049772352 1412724840.76
37.1171143228 1412724841.07
37.1830153919 1412724841.4
37.0416930151 1412724841.74
36.9933079773 1412724842.02
36.8420278659 1412724842.33
36.8739564754 1412724842.62
36.7654007335 1412724842.92
36.8035522836 1412724843.21
36.7631710925 1412724843.54
36.7622690737 1412724843.88
36.7226995494 1412724844.16
36.7202213569 1412724844.46
36.6704468809 1412724844.74
36.8122944833 1412724845.05
36.7920737818 1412724845.36
36.7944108705 1412724845.67
36.7339692711 1412724845.98
36.7185044528 1412724846.28
36.6425213696 1412724846.57
36.6248393956 1412724846.9
36.5906103322 1412724847.21
36.6808982678 1412724847.49
36.7444259441 1412724847.77
36.8383458214 1412724848.11
36.6363211301 1412724848.5
36.8040715211 1412724848.8
36.8149873454 1412724849.07
36.9606466322 1412724849.37
36.9211464334 1412724849.71
36.9832232429 1412724850.02
37.0075195737 1412724850.34
36.9912573154 1412724850.78
36.974706429 1412724851.14
36.8749014628 1412724851.46
37.0721909822 1412724851.82
36.974589869 1412724852.13
36.9207938533 1412724852.47
36.9175613073 1412724852.82
