82.7551859201 1412749027.72
82.0947391766 1412749029.31
81.5668384297 1412749030.92
81.4246502435 1412749032.5
81.2773220714 1412749034.11
80.7318035901 1412749035.54
79.4524607221 1412749037.01
78.8198126113 1412749038.59
78.3826152644 1412749040.19
77.9408795403 1412749041.83
77.9271136906 1412749043.49
77.0888874128 1412749045.21
76.942241908 1412749046.91
76.8217636542 1412749048.59
76.8039694138 1412749050.27
76.9166367543 1412749052.02
76.8570937024 1412749053.78
76.9196257801 1412749055.52
77.1112617265 1412749057.31
76.8123705581 1412749059.04
76.4522727954 1412749060.74
76.5015094366 1412749062.53
76.6869912377 1412749064.29
76.6840403041 1412749066.04
76.5968615461 1412749067.73
76.3174911446 1412749069.54
76.4347232622 1412749071.37
76.399206293 1412749073.15
76.5090604196 1412749074.98
76.3449035095 1412749076.77
76.4489156762 1412749078.54
76.6887597482 1412749080.37
76.5636121114 1412749082.25
76.7384673766 1412749084.32
76.6700665063 1412749086.38
76.6469830276 1412749088.44
76.6280454238 1412749090.51
76.7955058061 1412749092.6
76.822132207 1412749094.64
76.8272822221 1412749096.64
76.6013358552 1412749098.61
76.7693486082 1412749100.74
76.6222918448 1412749102.87
76.8177296628 1412749104.96
76.6796035552 1412749107.04
76.9378643193 1412749109.2
76.7960041941 1412749111.35
76.438554306 1412749113.47
76.312995905 1412749115.66
76.2341209534 1412749117.79
76.4446059606 1412749119.76
76.6175628767 1412749121.83
76.4402153582 1412749123.96
76.517767987 1412749126.08
76.4271516062 1412749128.2
76.4369241423 1412749130.56
76.3567004205 1412749132.93
76.3540754723 1412749135.29
76.2845122388 1412749137.69
76.3657452981 1412749140.01
76.1646040289 1412749142.25
76.1917066801 1412749144.58
76.1188744735 1412749146.85
76.2311005278 1412749149.13
76.1286513216 1412749151.37
76.1314623468 1412749153.61
75.9645784079 1412749155.85
75.7671161815 1412749158.07
75.7454751238 1412749160.27
75.5587408659 1412749162.52
75.5327937476 1412749164.83
75.3132768024 1412749167.09
75.3695581952 1412749169.43
75.3829975359 1412749171.69
75.365028638 1412749173.97
75.3451536076 1412749176.28
75.3376738346 1412749178.57
75.2752493876 1412749180.83
75.2178127511 1412749183.13
75.2965335317 1412749185.44
75.1970269126 1412749187.83
75.2508339226 1412749190.21
75.1106278332 1412749192.55
75.0621262266 1412749194.96
74.967188707 1412749197.39
74.8305958257 1412749199.77
74.707391105 1412749202.15
74.9041020001 1412749204.5
74.8957839168 1412749206.85
74.8326315979 1412749209.45
74.9329734905 1412749211.76
75.1697535593 1412749214.17
75.0917392904 1412749216.62
75.1049978032 1412749219.03
75.1547768365 1412749221.5
75.0422985264 1412749224.08
75.0956042891 1412749226.7
75.243116183 1412749229.27
75.18703732 1412749231.81
75.3803774944 1412749234.34
75.5433426801 1412749236.9
75.4648950204 1412749239.48
75.7447509517 1412749242.11
75.9462649936 1412749244.79
76.187692859 1412749247.45
76.015077585 1412749250.27
76.0178376816 1412749252.52
76.1074245149 1412749254.82
76.0239402525 1412749257.07
76.0145710332 1412749259.36
75.9710893026 1412749261.71
76.1303220976 1412749263.99
76.2964468161 1412749266.39
76.3322333601 1412749268.62
76.3069831097 1412749270.98
76.3923015157 1412749273.24
76.5510057274 1412749275.58
76.5472240864 1412749277.92
76.8610724057 1412749280.29
76.64457936 1412749282.61
76.7590368354 1412749284.91
76.752018168 1412749287.23
76.9510999417 1412749289.53
76.9963745743 1412749291.83
77.0115814433 1412749294.09
77.1315937649 1412749296.37
77.3047754257 1412749298.68
77.2107987299 1412749300.99
77.2436008174 1412749303.27
77.4285914556 1412749305.65
77.4973865778 1412749307.87
77.5797098047 1412749310.13
77.6275514383 1412749312.41
77.5924720386 1412749314.74
77.6335062987 1412749316.99
77.6137743645 1412749319.33
77.727650339 1412749321.64
77.8505187349 1412749323.89
77.8794471946 1412749326.17
77.8851454447 1412749328.45
77.9360315202 1412749330.73
77.9284000631 1412749333.01
78.1626463106 1412749335.27
78.2002958049 1412749337.51
78.2020724677 1412749339.71
78.1724017592 1412749342.03
78.3348136004 1412749344.35
78.3440666949 1412749346.72
78.3648059471 1412749349.01
78.4010075753 1412749351.32
78.3776112927 1412749353.61
78.3444296335 1412749355.84
78.368206457 1412749358.11
78.3716787414 1412749360.37
78.5139508795 1412749362.66
78.5238194364 1412749365.08
78.5793712482 1412749367.45
78.683404298 1412749369.75
78.5965295879 1412749372.08
78.709349526 1412749374.36
78.6719965338 1412749376.67
78.6726449898 1412749378.94
78.799133175 1412749381.17
78.8274828968 1412749383.46
78.9647097134 1412749385.85
79.0080021861 1412749388.2
79.0853111645 1412749390.52
79.2292956467 1412749392.93
79.2507310096 1412749395.39
79.2978056478 1412749397.78
79.0681535561 1412749400.35
78.9474517981 1412749402.91
79.0841482834 1412749405.39
79.0341263613 1412749407.94
79.0207135786 1412749410.49
79.0908990672 1412749413.0
79.2432242363 1412749415.46
79.3394728043 1412749417.88
79.2511511549 1412749420.27
79.3587081686 1412749422.72
79.485302693 1412749425.18
79.5710877267 1412749427.62
79.685937066 1412749429.94
79.5462323557 1412749432.24
79.726131198 1412749434.58
79.6273812058 1412749436.84
79.7878648745 1412749439.14
79.856650433 1412749441.49
79.9302855576 1412749443.81
79.9452296626 1412749446.16
79.9303936246 1412749448.47
79.9386416053 1412749450.88
79.6546640857 1412749453.22
79.6767890763 1412749455.59
79.8953621769 1412749458.02
79.793037352 1412749460.35
79.8964916142 1412749462.69
79.915085724 1412749465.17
79.9511430374 1412749467.54
79.9692747636 1412749469.88
