47.3457133079 1412730489.98
50.2752624169 1412730490.63
50.5284038532 1412730491.24
50.3367275195 1412730491.87
51.2862717326 1412730492.54
51.6950823019 1412730493.3
52.7122017772 1412730493.91
52.4860225089 1412730494.55
52.7037674945 1412730495.16
52.4611204943 1412730495.8
52.645686096 1412730496.47
52.3036767364 1412730497.11
52.4073530045 1412730497.77
52.4419106577 1412730498.41
52.4567805789 1412730499.08
52.571785596 1412730499.76
52.3860057909 1412730500.48
52.4638589535 1412730501.17
52.192875555 1412730501.81
51.9993651956 1412730502.49
51.6707608887 1412730503.16
51.4842870454 1412730503.83
50.8575486752 1412730504.52
50.7487755391 1412730505.21
50.5275818558 1412730505.9
50.5037176368 1412730506.62
50.7653457601 1412730507.28
50.5344053441 1412730507.96
50.3471251664 1412730508.66
50.2682354502 1412730509.34
50.1091592907 1412730510.09
49.9828226672 1412730510.8
49.7307598416 1412730511.47
49.5943547908 1412730512.14
49.4168524841 1412730512.91
49.2883622813 1412730513.6
49.5052293298 1412730514.33
49.4639081109 1412730515.14
49.2829807981 1412730515.9
49.579490701 1412730516.7
49.5350840712 1412730517.69
49.4528483248 1412730518.64
49.4869225495 1412730519.49
49.4769954879 1412730520.41
49.6972411987 1412730521.21
49.7251372359 1412730521.97
49.7881031606 1412730522.71
49.8109484109 1412730523.45
49.7385012756 1412730524.2
49.7028259951 1412730525.01
49.6950754236 1412730525.73
49.80746838 1412730526.79
49.8048271674 1412730527.73
49.6977760784 1412730528.6
49.6402491764 1412730529.52
49.6171789572 1412730530.31
49.6268730434 1412730530.96
49.5026904837 1412730531.69
49.2444214242 1412730532.38
49.2587908132 1412730533.11
48.7895911013 1412730533.83
48.732628556 1412730534.58
48.7189867093 1412730535.47
48.5399198773 1412730536.54
48.7262778652 1412730537.69
48.5778193123 1412730538.51
48.1315124229 1412730539.29
48.2309018978 1412730540.11
48.3579188189 1412730541.08
48.2234293918 1412730542.13
48.4552534348 1412730542.89
48.4133734797 1412730543.68
48.3920638675 1412730544.44
48.4476241862 1412730545.22
48.3976521598 1412730545.93
48.0191963904 1412730546.62
48.0073081036 1412730547.34
48.1615863626 1412730548.07
48.0576688026 1412730548.79
48.0713425406 1412730549.5
47.6702255087 1412730550.18
47.6707898569 1412730550.91
47.6419681415 1412730551.64
47.6766927334 1412730552.36
47.72543162 1412730553.07
47.7239173834 1412730553.87
47.803500193 1412730554.55
47.7619129173 1412730555.31
47.7338816717 1412730556.09
47.7070062359 1412730556.84
47.6589647124 1412730557.6
47.6083011178 1412730558.35
47.6984775942 1412730559.1
47.6600419769 1412730559.84
47.6512964012 1412730560.62
47.698458656 1412730561.36
47.6011538525 1412730562.12
47.5287624063 1412730562.91
47.524571191 1412730563.8
47.4031724404 1412730564.73
47.1899586385 1412730565.61
46.9847419376 1412730566.48
46.5440770268 1412730567.31
46.3095405737 1412730568.07
46.3937482981 1412730568.84
46.0788501203 1412730569.64
45.9236654082 1412730570.44
45.7238845719 1412730571.39
45.6367060163 1412730572.21
45.5929391016 1412730572.97
44.7696576298 1412730573.74
44.9593189713 1412730574.55
44.6769423445 1412730575.4
44.4630202692 1412730576.22
44.3038619159 1412730577.38
44.336904131 1412730578.39
44.5544907758 1412730579.42
44.3788200378 1412730580.29
43.998113733 1412730581.15
43.9759884945 1412730582.09
44.0315055028 1412730583.02
44.3891793733 1412730583.84
44.8677098221 1412730584.64
44.9734007551 1412730585.46
45.2569842488 1412730586.31
45.4971553278 1412730587.16
45.2496491541 1412730588.01
45.2287752235 1412730588.88
45.3900988862 1412730589.74
45.4048801953 1412730590.58
45.5443662682 1412730591.46
45.1611502004 1412730592.33
44.5308138149 1412730593.26
45.1347847735 1412730594.12
44.853677412 1412730594.97
45.1929062733 1412730595.84
45.4732932161 1412730596.72
45.6298564833 1412730597.57
45.7530727456 1412730598.45
46.0500262036 1412730599.3
46.1485463536 1412730600.18
46.3268525149 1412730601.12
46.3820634003 1412730601.94
46.2062004795 1412730602.82
46.2933028367 1412730603.66
46.2454494353 1412730604.54
46.2157624848 1412730605.41
46.346954899 1412730606.31
46.2347157787 1412730607.18
46.0814582469 1412730608.1
46.0912762455 1412730608.97
46.0667064504 1412730609.84
45.8751803299 1412730610.71
45.9638408086 1412730611.61
45.8863908727 1412730612.51
45.7584137372 1412730613.41
45.7606494281 1412730614.31
45.7651100822 1412730615.18
45.5568565301 1412730616.05
45.7657936886 1412730617.0
45.7964017679 1412730617.88
45.7178235319 1412730618.8
45.234696813 1412730619.64
45.1304627788 1412730620.51
45.2087925209 1412730621.36
44.7277769776 1412730622.16
44.5999156325 1412730623.0
45.003632905 1412730623.89
44.8260314066 1412730624.76
44.918647554 1412730625.62
44.8269914178 1412730626.48
45.2487503637 1412730627.33
45.1877707023 1412730628.15
45.3085036647 1412730628.99
45.3334755419 1412730629.81
45.4360503561 1412730630.62
45.3306532211 1412730631.42
45.289304882 1412730632.23
45.2446073082 1412730633.16
45.2346086283 1412730633.98
45.1010982585 1412730634.82
45.1400455478 1412730635.69
45.0213895775 1412730636.55
44.9051496667 1412730637.42
44.8463872621 1412730638.24
44.8181899541 1412730639.11
44.8971625251 1412730639.95
44.7479839753 1412730640.79
44.6658531015 1412730641.63
44.753468448 1412730642.47
45.1962997656 1412730643.34
45.2618088227 1412730644.21
45.647496259 1412730645.14
45.7467835547 1412730646.06
45.6666730157 1412730647.07
45.6637402336 1412730648.08
45.7544679697 1412730648.98
45.6459835989 1412730649.86
45.6054191521 1412730650.72
45.666903568 1412730651.62
