68.6610152549 1412722218.11
66.0389071596 1412722218.25
27.4880621485 1412722218.4
31.2986752253 1412722218.55
34.9735549013 1412722218.69
42.9229527565 1412722218.83
41.512644644 1412722218.94
38.9897950812 1412722219.05
37.3730589591 1412722219.18
36.0064642203 1412722219.28
37.1999801655 1412722219.39
36.2665782411 1412722219.5
36.1279489953 1412722219.59
36.3477904645 1412722219.68
36.1836059533 1412722219.82
35.7535781154 1412722219.93
36.0780921454 1412722220.03
35.2217889886 1412722220.12
35.421772993 1412722220.21
35.1390872205 1412722220.31
34.1739579282 1412722220.42
34.5084497743 1412722220.51
34.0619850734 1412722220.61
34.3948151557 1412722220.71
33.8380185 1412722220.84
34.0146823886 1412722220.94
33.9762970265 1412722221.05
33.6607158952 1412722221.15
33.572088081 1412722221.25
33.1751282349 1412722221.36
32.7416553014 1412722221.47
32.9486164574 1412722221.58
32.83693193 1412722221.69
32.9176920773 1412722221.79
32.7025974975 1412722221.91
33.15382952 1412722222.0
33.1650780397 1412722222.11
33.5384477868 1412722222.19
33.6810583009 1412722222.27
33.6107241791 1412722222.4
33.7991825202 1412722222.5
33.8242028048 1412722222.6
33.6953531503 1412722222.68
33.6624644995 1412722222.79
33.9419586468 1412722222.89
34.1250140636 1412722222.99
34.0833218185 1412722223.08
34.0432623063 1412722223.17
33.9120217179 1412722223.27
33.8540069906 1412722223.38
33.7575450658 1412722223.46
33.8645561142 1412722223.6
34.047215271 1412722223.76
34.063001381 1412722223.99
34.0625907029 1412722224.12
33.9181454915 1412722224.25
33.8272635338 1412722224.49
33.8492420189 1412722224.67
33.8783995776 1412722224.92
34.0685157121 1412722225.1
34.0645551894 1412722225.31
34.1794523715 1412722225.44
34.4524963895 1412722225.61
34.5872353881 1412722225.94
34.6391869314 1412722226.09
34.6377483151 1412722226.21
34.6246760427 1412722226.44
34.740129793 1412722226.57
34.9267971611 1412722226.72
34.9054620553 1412722226.84
35.0277173994 1412722226.95
35.0932355539 1412722227.05
35.0450366511 1412722227.16
35.1027943188 1412722227.35
35.0946971135 1412722227.45
35.1147965573 1412722227.56
35.1561126375 1412722227.67
34.9964266857 1412722227.77
35.1546955061 1412722227.86
35.1796352758 1412722227.96
35.20453687 1412722228.07
35.2316256194 1412722228.18
35.169641212 1412722228.31
34.9777050603 1412722228.41
35.1436086041 1412722228.56
35.1250195155 1412722228.69
34.9342588192 1412722228.83
35.0094162829 1412722228.95
35.0302446985 1412722229.07
35.0513139617 1412722229.18
35.0069091693 1412722229.32
35.0303827692 1412722229.43
34.8872227754 1412722229.54
34.7961174237 1412722229.64
34.80718857 1412722229.75
34.818282104 1412722229.84
34.82951564 1412722229.94
34.8408883771 1412722230.05
34.8523386739 1412722230.19
34.8639519453 1412722230.35
34.8757218937 1412722230.5
34.8875536501 1412722230.61
34.8996351842 1412722230.7
34.9118055697 1412722230.8
34.9240996049 1412722230.9
34.9366596896 1412722231.01
34.9048721144 1412722231.11
34.975104599 1412722231.21
34.9987855688 1412722231.37
35.022785549 1412722231.47
35.047402999 1412722231.56
35.0723041192 1412722231.66
34.9429081449 1412722231.74
35.002403241 1412722231.83
35.0426025969 1412722231.94
35.0073710271 1412722232.05
35.0789318948 1412722232.15
35.1466580882 1412722232.24
35.1986408496 1412722232.34
35.2411710627 1412722232.48
35.2852985155 1412722232.64
35.3419073732 1412722232.76
35.2813000439 1412722232.86
35.3340747396 1412722233.01
35.3795947441 1412722233.16
35.5015491322 1412722233.27
35.3416237686 1412722233.4
35.3349539704 1412722233.53
35.3568177263 1412722233.66
35.4497760824 1412722233.77
35.5869825801 1412722233.99
35.5660934945 1412722234.1
35.6542831252 1412722234.21
35.6684482476 1412722234.32
35.7409484038 1412722234.42
35.7442604329 1412722234.54
35.663279956 1412722234.65
35.7448744271 1412722234.77
35.7071945269 1412722234.88
35.6771142662 1412722235.01
35.9026849407 1412722235.12
36.0501336198 1412722235.22
36.0608170728 1412722235.35
36.0398891361 1412722235.46
36.2523915408 1412722235.59
36.3855494171 1412722235.7
36.6368309432 1412722235.82
36.8045487242 1412722235.94
36.5364160291 1412722236.05
36.4824647591 1412722236.2
36.6585420937 1412722236.47
36.6586502736 1412722236.62
36.6543004078 1412722236.76
36.1688155295 1412722237.11
36.2814814507 1412722237.32
36.1022836451 1412722237.48
35.7385822858 1412722237.65
35.4665835052 1412722237.91
35.0305625857 1412722238.11
35.2312765383 1412722238.29
35.2470098914 1412722238.46
35.0460586661 1412722238.71
35.0043917745 1412722238.87
34.8448621435 1412722239.02
34.3347925421 1412722239.16
34.080097394 1412722239.3
33.7781016685 1412722239.44
33.5389017024 1412722239.56
33.4689460842 1412722239.69
33.5168016646 1412722239.84
33.357831297 1412722239.99
33.3475610191 1412722240.13
33.3698175454 1412722240.27
33.3845518258 1412722240.41
33.3800871639 1412722240.55
33.3599966382 1412722240.68
33.3548585192 1412722240.81
33.3705251376 1412722240.96
33.2691743423 1412722241.13
33.3674586244 1412722241.38
33.3159916642 1412722241.62
33.468751288 1412722241.84
33.4451947908 1412722242.26
33.512184733 1412722242.56
33.4856473037 1412722242.75
33.4339134617 1412722242.93
33.5779836827 1412722243.08
33.539385672 1412722243.21
33.5755237365 1412722243.36
33.419477009 1412722243.49
33.3538965994 1412722243.62
33.4411503576 1412722243.77
33.4266557244 1412722243.92
33.4267992721 1412722244.06
33.5031508204 1412722244.2
33.4517099925 1412722244.33
33.4851895164 1412722244.48
33.4759933979 1412722244.61
33.5116387222 1412722244.76
33.5034600601 1412722244.92
