15.563416375 1412736079.73
16.4508811668 1412736080.75
16.7131283897 1412736081.79
16.9577371127 1412736082.81
17.2939731078 1412736083.87
16.9824454667 1412736084.89
17.228100393 1412736085.89
17.2428563191 1412736086.93
17.5390964001 1412736087.96
17.4103666042 1412736088.99
17.365354435 1412736090.0
16.8884064333 1412736091.1
16.5400090432 1412736092.18
16.4123521286 1412736093.26
16.0835705608 1412736094.32
15.9394082028 1412736095.46
15.7746352072 1412736096.56
15.7464775758 1412736097.58
15.7540082471 1412736098.63
15.9694124354 1412736099.8
16.0866314642 1412736100.83
16.1562394787 1412736101.86
15.9732785683 1412736102.97
16.1518568352 1412736104.1
15.9891299584 1412736105.14
15.8897698213 1412736106.12
15.7977660477 1412736107.13
15.7092920396 1412736108.14
15.7274013122 1412736109.14
15.5360665832 1412736110.11
15.3883711459 1412736111.16
15.4129536263 1412736112.19
15.2961658139 1412736113.22
15.1820026473 1412736114.26
15.0423637573 1412736115.3
15.1254736563 1412736116.41
15.0620019944 1412736117.53
15.0513499836 1412736118.64
14.9678984649 1412736119.7
15.0226936249 1412736120.82
15.0937937993 1412736121.92
15.0382325796 1412736122.98
14.9476888018 1412736124.1
14.9744239473 1412736125.14
14.9449200958 1412736126.15
14.8388696962 1412736127.23
14.7546414836 1412736128.23
14.623936685 1412736129.26
14.7598942447 1412736130.3
14.4048320562 1412736131.31
14.5766905871 1412736132.36
14.6263480739 1412736133.38
14.0802665845 1412736134.41
13.32986191 1412736135.41
13.6028272945 1412736136.38
13.2036159629 1412736137.42
13.5601373154 1412736138.43
13.1976473566 1412736139.4
13.1701426914 1412736140.41
13.2050013151 1412736141.39
13.0865815768 1412736142.4
13.0702555624 1412736143.36
13.0612560247 1412736144.41
13.058226869 1412736145.42
12.9846939733 1412736146.38
13.0333117011 1412736147.32
12.9982152884 1412736148.32
13.0117562776 1412736149.3
13.20518117 1412736150.27
13.256858354 1412736151.27
13.3662016909 1412736152.22
13.3002483485 1412736153.22
13.2287580838 1412736154.2
13.4066007656 1412736155.19
13.2398107915 1412736156.14
13.2047012574 1412736157.1
13.1613268893 1412736158.05
13.1627418331 1412736159.03
13.1832136847 1412736160.0
13.2259897567 1412736160.98
13.281208601 1412736161.97
13.0509180864 1412736162.92
13.01313863 1412736163.88
12.9894535713 1412736164.91
12.8455177261 1412736165.9
12.8822270835 1412736166.87
12.7843882323 1412736167.82
12.6643867816 1412736168.76
12.5687950019 1412736169.71
12.4185451942 1412736170.68
12.4184300604 1412736171.65
12.3152038727 1412736172.61
12.295951263 1412736173.61
12.1130234492 1412736174.57
12.1028162519 1412736175.52
11.9393518225 1412736176.46
11.9078605632 1412736177.43
11.8142544471 1412736178.38
11.6737839814 1412736179.32
11.6009683267 1412736180.27
11.5676566912 1412736181.23
11.5617311967 1412736182.18
11.5701498715 1412736183.16
11.6444138375 1412736184.16
11.5446885288 1412736185.14
11.6662552715 1412736186.09
11.5895216574 1412736187.02
11.5078243356 1412736187.97
11.4607702644 1412736188.96
11.4551957734 1412736189.92
11.4138637311 1412736190.85
11.3333031895 1412736191.86
11.3053361166 1412736192.8
11.2625569915 1412736193.79
11.2451833424 1412736194.73
11.1644983089 1412736195.65
11.1686385964 1412736196.63
11.0938414106 1412736197.59
11.025850687 1412736198.54
10.9700520773 1412736199.52
10.842095896 1412736200.49
10.8167084396 1412736201.47
10.7704190341 1412736202.42
10.7299243628 1412736203.44
10.6930238937 1412736204.43
10.5909512309 1412736205.4
10.5163107708 1412736206.37
10.4684219116 1412736207.39
10.30258276 1412736208.39
10.194991911 1412736209.41
10.1134141057 1412736210.4
10.1020188416 1412736211.43
10.0527937033 1412736212.46
9.96647529352 1412736213.47
9.89230715455 1412736214.46
9.9089059172 1412736215.46
9.80755784603 1412736216.47
9.80937524419 1412736217.52
9.7128216591 1412736218.54
9.7555319741 1412736219.57
9.78229516857 1412736220.61
9.78724225137 1412736221.66
9.74269826493 1412736222.7
9.72116539406 1412736223.69
9.69043240574 1412736224.75
9.68020856937 1412736225.76
9.75764768184 1412736226.81
9.71128868671 1412736227.83
9.68910530902 1412736228.87
9.66792200967 1412736229.93
9.65824344179 1412736230.92
9.610279431 1412736231.99
9.60758019694 1412736233.07
9.54412395529 1412736234.19
9.55528779107 1412736235.21
9.54091364846 1412736236.26
9.53229185402 1412736237.3
9.51216549851 1412736238.31
9.49356098677 1412736239.35
9.47840013548 1412736240.41
9.43933985548 1412736241.45
9.46102218049 1412736242.49
9.43864805212 1412736243.59
9.41878371948 1412736244.81
9.45162593809 1412736245.91
9.43822521841 1412736247.0
9.41130666055 1412736248.04
9.34786102197 1412736249.09
9.34969794193 1412736250.21
9.32701487336 1412736251.27
9.32580822638 1412736252.33
9.28428606569 1412736253.37
9.25559643117 1412736254.45
9.26436441932 1412736255.53
9.27431277835 1412736256.58
9.23385405346 1412736257.63
9.22502269751 1412736258.72
9.1771687094 1412736259.75
9.18902526116 1412736260.81
9.16460033884 1412736261.89
9.14621807922 1412736262.92
9.18863663961 1412736264.02
9.15817131957 1412736265.1
9.18163671469 1412736266.13
9.16515125241 1412736267.19
9.15350032864 1412736268.2
9.16410069526 1412736269.23
9.20918228557 1412736270.3
9.18773055972 1412736271.35
9.18703838541 1412736272.4
9.18500976903 1412736273.49
9.19283456725 1412736274.52
9.18067513914 1412736275.62
9.18242522002 1412736276.7
9.21337776746 1412736277.74
9.19525783079 1412736278.77
9.18830836461 1412736279.83
9.17055565736 1412736280.97
9.16052525776 1412736282.06
9.16254787451 1412736283.14
