21.3094113317 1412736708.58
21.2696976326 1412736709.61
21.663434005 1412736710.66
21.8038241041 1412736711.67
21.7823808272 1412736712.71
22.1198671436 1412736713.75
22.0915858345 1412736714.79
22.1143497179 1412736715.84
21.8457347702 1412736716.91
21.5022741068 1412736717.93
21.3641602197 1412736718.96
21.0116329558 1412736719.96
20.7725310013 1412736720.96
20.5769028758 1412736721.99
20.383711586 1412736722.98
20.4188236914 1412736723.95
20.72640629 1412736724.97
21.0352397568 1412736725.94
21.3457756267 1412736726.95
21.616244711 1412736727.93
21.9099800438 1412736728.97
22.0964529816 1412736729.89
22.5515936117 1412736730.83
22.8228890777 1412736731.77
23.2794557747 1412736732.71
23.604744102 1412736733.66
23.8059568049 1412736734.63
23.9543080392 1412736735.6
24.1054500235 1412736736.5
24.1230881075 1412736737.46
24.0959244618 1412736738.42
24.1616713929 1412736739.36
24.0847540567 1412736740.34
23.6577339345 1412736741.32
23.5199676191 1412736742.25
23.8986865819 1412736743.18
23.4716455406 1412736744.09
23.6384572219 1412736745.04
23.4012602165 1412736745.96
23.4834404619 1412736746.91
23.4378634492 1412736747.86
23.3334414371 1412736748.8
23.2997269488 1412736749.79
23.2337026776 1412736750.74
23.1296884773 1412736751.73
22.9357631329 1412736752.63
22.7510932075 1412736753.58
22.5527974521 1412736754.49
22.4872670175 1412736755.39
22.2935332727 1412736756.31
22.0888788822 1412736757.24
21.8283156809 1412736758.12
21.6966382415 1412736759.05
21.5064062423 1412736759.99
21.3511938016 1412736760.91
21.230829949 1412736761.82
21.0271622766 1412736762.71
20.8965807694 1412736763.65
21.0662227835 1412736764.58
21.468012843 1412736765.47
22.1488111613 1412736766.39
21.4468391671 1412736767.29
22.2726524947 1412736768.19
23.1154411859 1412736769.13
23.5545568775 1412736770.06
23.6859080294 1412736770.95
23.6513016749 1412736771.9
23.5822544451 1412736772.86
23.5078251493 1412736773.81
23.4507170219 1412736774.72
23.4140305841 1412736775.64
23.3751006786 1412736776.6
24.7953472306 1412736777.52
24.0908286088 1412736778.45
23.8009748232 1412736779.4
23.7326896183 1412736780.35
20.4489711625 1412736781.28
22.0289110925 1412736782.25
20.9283882315 1412736783.21
20.3348170646 1412736784.16
20.9855342561 1412736785.11
20.3920032212 1412736786.04
20.8884721317 1412736786.94
20.4534527864 1412736787.9
20.7626863837 1412736788.83
20.4583593517 1412736789.75
20.7348287113 1412736790.73
20.5134750469 1412736791.67
20.8267459252 1412736792.58
20.5133459125 1412736793.5
20.769304637 1412736794.38
20.5335760866 1412736795.29
20.8049183289 1412736796.22
20.5571385278 1412736797.13
20.7347754093 1412736798.08
20.9665138837 1412736799.15
20.8318125626 1412736800.06
20.7023790328 1412736800.98
20.9735292655 1412736801.88
20.8371318499 1412736802.76
21.0109237626 1412736803.66
20.8584209501 1412736804.61
20.7451235298 1412736805.53
20.6179462721 1412736806.47
20.7539604753 1412736807.4
20.6378484849 1412736808.35
20.7748157361 1412736809.3
20.6542421714 1412736810.24
20.8033323638 1412736811.22
20.6957433982 1412736812.14
20.8220403809 1412736813.03
21.0033688404 1412736813.94
20.9417167229 1412736814.85
20.8505873302 1412736815.76
20.9593852948 1412736816.68
20.9104770022 1412736817.62
21.0369251395 1412736818.54
20.9708387779 1412736819.48
20.8944449759 1412736820.37
20.9856681613 1412736821.28
21.1514491238 1412736822.19
21.1141653013 1412736823.11
21.0966622323 1412736824.0
21.2183994257 1412736824.9
21.2015153913 1412736825.79
21.1328933864 1412736826.72
21.2246192816 1412736827.66
21.1464506548 1412736828.58
21.1973457903 1412736829.52
21.3138444701 1412736830.46
21.2388381864 1412736831.37
21.3816104049 1412736832.28
21.3316204375 1412736833.22
21.2583411736 1412736834.16
21.305515774 1412736835.06
21.2246420629 1412736835.99
21.2634450815 1412736836.95
21.2724316394 1412736837.88
21.3564220286 1412736838.82
21.5267241009 1412736839.77
21.4684602917 1412736840.7
21.404683824 1412736841.62
21.3679317402 1412736842.56
21.4074878493 1412736843.51
21.4429623379 1412736844.43
21.4242734361 1412736845.37
21.4959464454 1412736846.31
21.4962886686 1412736847.26
21.4548989079 1412736848.19
21.5076129289 1412736849.15
21.6198550515 1412736850.1
21.5820343024 1412736851.02
21.5994561023 1412736851.96
21.5475139622 1412736852.92
21.6565851977 1412736853.86
21.7606408045 1412736854.79
21.7211381083 1412736855.72
21.8089073175 1412736856.64
21.7528421761 1412736857.59
21.732745999 1412736858.51
21.7731563436 1412736859.45
21.7668488412 1412736860.35
21.7266308538 1412736861.29
21.7974716724 1412736862.22
21.7552607797 1412736863.12
21.8489284527 1412736864.03
21.7514788931 1412736864.9
21.8474175691 1412736865.81
21.7886607575 1412736866.77
21.8577559333 1412736867.7
21.8249632039 1412736868.65
21.898367811 1412736869.53
21.9993543082 1412736870.43
21.9720050325 1412736871.36
21.9273489028 1412736872.34
22.0281670195 1412736873.27
21.9948771181 1412736874.24
21.9473938175 1412736875.18
22.0262363947 1412736876.13
21.9999501257 1412736877.06
22.075417598 1412736878.0
22.031504922 1412736878.89
22.0866843612 1412736879.88
22.0375766207 1412736880.8
22.1114963127 1412736881.74
22.061828819 1412736882.69
22.1170654085 1412736883.66
22.0667030157 1412736884.62
22.117551457 1412736885.57
22.1997585913 1412736886.51
22.1355453653 1412736887.46
22.2380717936 1412736888.39
22.1885609631 1412736889.33
22.2679443343 1412736890.3
22.1936180686 1412736891.26
22.2814438634 1412736892.21
22.2048494143 1412736893.14
22.2459069793 1412736894.14
22.3603120451 1412736895.11
22.2749172405 1412736896.07
