19.1560298981 1412751981.67
17.3828193509 1412751983.22
15.5948970255 1412751984.67
14.432030744 1412751986.14
13.6048508755 1412751987.56
12.9752420181 1412751989.06
12.7212003124 1412751990.5
12.4232064684 1412751991.93
12.1180464344 1412751993.37
12.0265701197 1412751994.71
11.8901659437 1412751996.12
11.892143306 1412751997.45
11.8197996707 1412751998.86
11.675173881 1412752000.24
11.6241720838 1412752001.57
11.8373113287 1412752002.92
11.9966393649 1412752004.27
12.063780166 1412752005.62
12.1543974125 1412752006.93
12.2350076568 1412752008.28
12.3047573129 1412752009.58
12.4191259494 1412752010.9
12.5002780503 1412752012.24
12.5682075509 1412752013.56
12.5868236383 1412752014.85
12.6427824945 1412752016.2
12.7344415073 1412752017.58
12.8555325269 1412752018.9
12.9315927357 1412752020.29
12.9676970733 1412752021.68
13.0549127986 1412752023.01
13.1129171522 1412752024.31
13.0310039708 1412752025.65
12.9365216627 1412752026.98
13.0181293344 1412752028.28
12.9553156957 1412752029.58
12.8863620937 1412752030.9
12.82911385 1412752032.18
12.8109680529 1412752033.47
12.785113111 1412752034.77
12.7996477418 1412752036.04
12.7760765454 1412752037.31
12.7234798756 1412752038.59
12.7040265862 1412752039.86
12.7178494804 1412752041.16
12.6841030774 1412752042.47
12.654191095 1412752043.76
12.6732394791 1412752045.04
12.720679973 1412752046.34
12.7591294434 1412752047.66
12.789248634 1412752048.94
12.8252327077 1412752050.26
12.7840468297 1412752051.55
12.801913564 1412752052.84
12.838208478 1412752054.14
12.8932594801 1412752055.43
12.813064416 1412752056.77
12.8784868473 1412752058.1
12.9047178212 1412752059.39
12.8723345104 1412752060.71
12.8316090616 1412752061.98
12.8582810128 1412752063.31
12.8316204033 1412752064.63
12.8100961572 1412752065.91
12.7990641323 1412752067.18
12.8372921967 1412752068.48
12.8455593428 1412752069.81
12.8908891999 1412752071.07
12.9522341346 1412752072.38
12.9878330873 1412752073.67
12.8170502434 1412752074.96
12.0185287947 1412752076.22
12.2266498279 1412752077.52
11.8311608593 1412752078.81
12.0584371218 1412752080.14
11.7684354485 1412752081.36
11.9610850731 1412752082.68
11.730410356 1412752083.98
11.7937618161 1412752085.28
11.8975166099 1412752086.57
12.0788560445 1412752087.88
11.8036278074 1412752089.17
12.0169859754 1412752090.47
12.2686263878 1412752091.75
12.4843283312 1412752093.01
12.2020904545 1412752094.31
12.4759575053 1412752095.58
11.69583848 1412752096.89
11.6509760012 1412752098.19
11.459174209 1412752099.47
10.6256137225 1412752100.8
10.1781093551 1412752102.1
10.9603411757 1412752103.4
10.2318584691 1412752104.67
10.7228190966 1412752105.93
10.1822866729 1412752107.22
10.5314409285 1412752108.47
10.1527928036 1412752109.76
10.426118381 1412752111.03
10.0227844985 1412752112.27
10.2782825338 1412752113.56
9.93527328491 1412752114.88
10.2063325226 1412752116.18
9.85145679597 1412752117.44
10.1038675891 1412752118.68
9.77666301635 1412752119.96
9.98238203224 1412752121.27
9.65529271475 1412752122.54
9.82359509414 1412752123.83
9.54347949149 1412752125.13
9.65054555796 1412752126.39
9.83308080272 1412752127.64
9.53856384928 1412752128.94
9.67215428443 1412752130.22
9.40850844648 1412752131.46
9.54111644807 1412752132.76
9.34710418779 1412752134.07
9.45833410296 1412752135.34
9.26675300303 1412752136.62
9.35358734837 1412752137.89
9.15431477549 1412752139.12
9.24573315772 1412752140.37
9.03560757856 1412752141.62
9.11042757116 1412752142.89
8.97527559312 1412752144.16
9.01889490809 1412752145.39
8.87465084109 1412752146.69
8.94106499354 1412752147.93
8.98266465511 1412752149.25
8.98897397636 1412752150.56
8.99857495135 1412752151.82
8.94078175949 1412752153.08
8.89147069779 1412752154.39
8.8626100507 1412752155.65
8.81588921353 1412752156.96
8.76220142207 1412752158.25
8.76067917723 1412752159.5
8.79555067683 1412752160.77
8.88473094077 1412752162.0
8.80610195822 1412752163.28
8.7269965939 1412752164.62
8.71776305737 1412752165.91
8.72214831452 1412752167.2
8.66927194977 1412752168.53
8.66242145408 1412752169.86
8.64320922118 1412752171.17
8.58979229508 1412752172.49
8.57840895594 1412752173.82
8.53051499027 1412752175.13
8.53118156066 1412752176.45
8.47455286674 1412752177.77
8.46851138673 1412752179.06
8.42292339053 1412752180.39
8.37426300967 1412752181.67
8.31979264444 1412752182.99
8.27985387053 1412752184.29
8.25106584444 1412752185.64
8.26935642814 1412752186.98
8.21860974867 1412752188.25
8.17394979644 1412752189.56
8.13216256439 1412752190.82
8.08172287911 1412752192.06
8.08891063686 1412752193.3
8.12034563329 1412752194.54
8.17169248378 1412752195.78
8.10956114523 1412752197.04
8.11963483338 1412752198.24
8.08143518885 1412752199.52
8.0363791931 1412752200.79
8.0494844069 1412752202.06
8.00293173971 1412752203.27
7.95908158363 1412752204.52
7.91166669201 1412752205.79
7.90828481446 1412752207.03
7.92148574008 1412752208.29
7.9504604387 1412752209.54
7.90721904175 1412752210.81
7.87181018515 1412752212.09
7.84499592043 1412752213.34
7.80227390253 1412752214.58
7.75755925608 1412752215.84
7.6985560975 1412752217.12
7.71358669923 1412752218.36
7.674686006 1412752219.61
7.70009881239 1412752220.9
7.64415887299 1412752222.15
7.66597566722 1412752223.39
7.62057651856 1412752224.64
7.59319359642 1412752225.94
7.53763968528 1412752227.27
7.50592168862 1412752228.52
7.46328042878 1412752229.81
7.39894923716 1412752231.02
7.37602309556 1412752232.27
7.34840900242 1412752233.56
7.33930749214 1412752234.86
7.25615075396 1412752236.15
7.24372313345 1412752237.42
7.20530212446 1412752238.73
7.17959266979 1412752240.01
