27.8587352956 1412721593.59
28.7049186096 1412721593.71
29.7765168453 1412721593.81
30.83668029 1412721593.91
31.5035712468 1412721594.0
32.0778781024 1412721594.12
32.4054294733 1412721594.25
32.8386631931 1412721594.4
32.9757690216 1412721594.52
33.1708232378 1412721594.66
33.2155109541 1412721594.8
33.6129206207 1412721594.93
33.6816355559 1412721595.06
33.9387950658 1412721595.23
34.1691210285 1412721595.42
34.3266149912 1412721595.57
34.5854926008 1412721595.73
34.8131842953 1412721595.89
35.1172578016 1412721596.05
34.1749560691 1412721596.21
35.7500383193 1412721596.38
35.3699221703 1412721596.51
35.4960793996 1412721596.66
35.8859113145 1412721596.81
35.9948078174 1412721596.93
36.0828931277 1412721597.06
36.5525762838 1412721597.2
36.4605247405 1412721597.36
36.291417453 1412721597.49
36.058580458 1412721597.62
35.8809573843 1412721597.74
35.9890832941 1412721597.85
35.9700778626 1412721597.98
36.2594266735 1412721598.1
36.6486351579 1412721598.22
37.4574763521 1412721598.36
37.2381775809 1412721598.5
37.6940454048 1412721598.64
37.3938465618 1412721598.78
36.8094907468 1412721598.91
37.7694878754 1412721599.03
37.7452602 1412721599.17
37.7569358562 1412721599.32
37.9328061606 1412721599.45
38.2394068516 1412721599.6
38.883664904 1412721599.75
39.2763774435 1412721599.87
39.1345066107 1412721599.99
39.555094413 1412721600.11
39.6285685353 1412721600.23
39.9369277034 1412721600.38
39.8404286307 1412721600.49
39.7330284578 1412721600.62
39.6478083913 1412721600.75
40.2070856184 1412721600.87
40.383684225 1412721600.99
40.8619275986 1412721601.12
40.8903004025 1412721601.25
40.2650684073 1412721601.39
40.7868941988 1412721601.51
40.816351799 1412721601.66
40.8476112333 1412721601.82
40.5101994258 1412721601.94
40.4851354956 1412721602.1
40.4596941216 1412721602.24
40.4338630477 1412721602.39
40.407696544 1412721602.5
40.7480205109 1412721602.63
40.4141134646 1412721602.77
40.3863868454 1412721602.9
40.3582997419 1412721603.05
40.3298335945 1412721603.19
40.6669123387 1412721603.33
41.0617804605 1412721603.46
41.0265374112 1412721603.57
40.9929029396 1412721603.69
40.9607642374 1412721603.81
41.2886202868 1412721603.94
41.2652760271 1412721604.07
41.2416181015 1412721604.22
41.2176239778 1412721604.39
41.1932918885 1412721604.51
41.1686196739 1412721604.65
41.1435899078 1412721604.79
41.1182387447 1412721604.93
41.1962853204 1412721605.07
41.1627576629 1412721605.2
41.1288214099 1412721605.35
41.0945654019 1412721605.49
41.6649294119 1412721605.62
41.6355659919 1412721605.77
41.6069311724 1412721605.92
41.5788142537 1412721606.07
41.5511554984 1412721606.2
41.5241286822 1412721606.37
41.4975361266 1412721606.51
42.2244987249 1412721606.64
42.1577994981 1412721606.77
42.0896891247 1412721606.92
42.0266148765 1412721607.07
41.9525052334 1412721607.2
41.965933971 1412721607.31
42.6179344088 1412721607.46
42.5429599756 1412721607.6
42.4653396403 1412721607.72
42.3845739095 1412721607.86
42.4301597755 1412721607.99
42.3577371503 1412721608.1
42.2821179208 1412721608.22
42.447249347 1412721608.38
42.5503484826 1412721608.5
42.6363283052 1412721608.62
42.1807020443 1412721608.74
42.3861809951 1412721608.85
42.385498399 1412721608.95
42.0983969003 1412721609.06
42.3047152122 1412721609.18
42.5494897734 1412721609.29
42.0463079889 1412721609.41
42.4909530205 1412721609.54
57.0235492616 1412721609.66
57.1280073012 1412721609.76
57.2355080936 1412721609.88
42.1505589065 1412721610.02
57.5405663665 1412721610.13
57.6811241944 1412721610.24
57.8392985682 1412721610.38
57.9983650251 1412721610.5
58.1599204068 1412721610.61
58.3242248531 1412721610.71
58.5568162661 1412721610.85
58.7108464007 1412721610.96
59.0520939897 1412721611.07
59.2860081084 1412721611.2
59.5003473325 1412721611.31
59.734896303 1412721611.41
59.9699314998 1412721611.54
60.2056253568 1412721611.65
60.5799465572 1412721611.76
60.7932481259 1412721611.9
60.997847878 1412721612.02
61.203878093 1412721612.12
61.4101548361 1412721612.23
61.6192776499 1412721612.37
61.8300945158 1412721612.49
62.4246764507 1412721612.61
62.5663869804 1412721612.72
62.708614879 1412721612.83
62.8513663236 1412721612.95
62.9948572431 1412721613.09
63.1391839638 1412721613.23
63.2844935205 1412721613.35
63.4309006706 1412721613.47
63.6068724172 1412721613.59
63.4402210246 1412721613.71
63.6312457342 1412721613.83
63.8217395621 1412721613.94
64.0500692276 1412721614.05
64.4368844609 1412721614.16
64.6482436284 1412721614.3
64.9545888491 1412721614.43
64.904206527 1412721614.54
65.1967214168 1412721614.66
65.4539355132 1412721614.8
65.6452652728 1412721614.95
65.9325171003 1412721615.08
65.8709558067 1412721615.23
66.121201072 1412721615.37
66.2869433108 1412721615.52
66.5158040985 1412721615.67
66.814019813 1412721615.81
67.0358008138 1412721615.95
67.1367037885 1412721616.1
67.3064513173 1412721616.23
67.4737924428 1412721616.38
67.6373123132 1412721616.51
67.7974216767 1412721616.64
67.9542885976 1412721616.75
68.0005140001 1412721616.87
68.1799552069 1412721617.0
68.3745411255 1412721617.14
68.5551784131 1412721617.28
68.7444257191 1412721617.41
68.9220088209 1412721617.54
69.0981035678 1412721617.66
69.2195333761 1412721617.79
69.4068474229 1412721617.92
69.4919264747 1412721618.04
69.6486468443 1412721618.14
69.80468738 1412721618.28
69.960013092 1412721618.43
70.1146722491 1412721618.56
70.2686869784 1412721618.68
70.2798702665 1412721618.8
70.4692022738 1412721618.91
70.5858618617 1412721619.04
70.7550381966 1412721619.16
70.9132428169 1412721619.29
71.0709500728 1412721619.4
71.2282945642 1412721619.52
