35.0639267349 1412724528.16
34.9555502823 1412724528.46
34.4020694915 1412724528.76
35.1333244816 1412724529.05
35.3940716136 1412724529.48
34.593400524 1412724529.84
34.4643101096 1412724530.1
33.9399630768 1412724530.43
33.4816374249 1412724530.71
33.8157372482 1412724531.0
33.7829705165 1412724531.3
33.6343571459 1412724531.6
34.0125762839 1412724531.89
33.6003174686 1412724532.18
33.9562773431 1412724532.47
33.757335734 1412724532.74
33.4572330082 1412724533.05
33.2025643637 1412724533.34
32.8976797492 1412724533.61
32.7134788754 1412724534.02
33.2085064984 1412724534.37
32.9345482282 1412724534.66
32.8753748507 1412724534.94
32.795132808 1412724535.23
33.0551739727 1412724535.53
32.8346281679 1412724535.8
33.0069459211 1412724536.13
33.0244876299 1412724536.43
32.9508301463 1412724536.72
33.0620436349 1412724536.99
33.2073007442 1412724537.26
33.0500930702 1412724537.53
33.1410846355 1412724537.8
33.0484636355 1412724538.07
33.2717958387 1412724538.35
33.0141730904 1412724538.6
33.0266844942 1412724538.89
32.9278296831 1412724539.16
33.0082789597 1412724539.45
32.9837871072 1412724539.75
33.0196052797 1412724540.03
33.1687131128 1412724540.33
33.3327631093 1412724540.67
33.3351392093 1412724541.08
33.1179663276 1412724541.41
33.278139786 1412724541.75
33.1466967404 1412724542.09
32.8316163043 1412724542.43
32.618408004 1412724542.8
32.3558317281 1412724543.13
32.3688139069 1412724543.45
32.458573274 1412724543.78
32.4950319044 1412724544.11
32.485086025 1412724544.46
32.6638587364 1412724544.78
32.5369870193 1412724545.12
32.5568110015 1412724545.46
32.5052536052 1412724545.79
32.6522742524 1412724546.13
32.6500431527 1412724546.48
32.4086264667 1412724546.85
32.2999879699 1412724547.18
32.6889296298 1412724547.55
32.6117633431 1412724547.92
32.4891361365 1412724548.26
32.5051032389 1412724548.64
32.7448036767 1412724548.98
32.7123779561 1412724549.36
32.801979902 1412724549.77
32.7363729465 1412724550.14
32.8928203546 1412724550.52
32.985117606 1412724550.9
33.0759893813 1412724551.25
33.2349978032 1412724551.64
33.081602054 1412724552.01
33.0250003112 1412724552.45
32.883486804 1412724552.87
32.7824961012 1412724553.26
32.8766905537 1412724553.61
32.9137397822 1412724554.0
32.8665033012 1412724554.35
32.9640986807 1412724554.75
32.965684872 1412724555.14
33.0512030162 1412724555.68
33.1296315306 1412724556.17
33.161525923 1412724556.55
33.0412660804 1412724556.96
33.2357693766 1412724557.41
33.2647503799 1412724557.83
33.2473780025 1412724558.19
33.2678221435 1412724558.61
33.1377701944 1412724558.99
33.34629238 1412724559.44
33.2490006454 1412724559.89
33.3140200899 1412724560.3
33.1927545609 1412724560.7
33.2366721661 1412724561.1
33.2960343513 1412724561.51
33.2307485345 1412724561.9
33.2851861484 1412724562.27
33.1689167018 1412724562.59
33.2517712258 1412724563.0
33.1353400743 1412724563.39
33.2982172753 1412724563.77
33.2038873392 1412724564.12
33.1558245404 1412724564.5
33.0549686023 1412724564.87
33.1184624179 1412724565.24
33.2072626597 1412724565.63
33.2042387726 1412724565.97
33.2775744292 1412724566.32
33.1850504491 1412724566.67
33.2245591371 1412724567.0
33.2237456518 1412724567.36
33.1630982413 1412724567.73
33.2029113269 1412724568.1
33.2082566644 1412724568.45
33.2014888618 1412724568.79
33.1944407279 1412724569.15
33.188059744 1412724569.5
33.1998518694 1412724569.89
33.153097887 1412724570.26
33.1829200075 1412724570.6
33.1975720343 1412724571.01
33.1895468771 1412724571.48
33.1422919665 1412724571.84
33.1284951387 1412724572.22
33.0635880106 1412724572.65
33.0659635797 1412724573.04
33.110253608 1412724573.41
33.1485083058 1412724573.79
33.1470229893 1412724574.16
33.1652188918 1412724574.53
33.1933951764 1412724574.9
33.1741205759 1412724575.27
33.1742040722 1412724575.64
33.139764989 1412724575.98
33.1407958641 1412724576.33
33.1368417113 1412724576.73
33.1757263857 1412724577.09
33.1731621499 1412724577.45
33.1424620189 1412724577.86
33.2047899936 1412724578.22
33.1749320024 1412724578.6
33.1575086824 1412724578.97
33.3563395671 1412724579.36
33.3891082229 1412724579.76
33.4223108888 1412724580.19
33.453915826 1412724580.57
33.4642778473 1412724580.93
33.4541759196 1412724581.32
33.5056677989 1412724581.74
33.4681162331 1412724582.15
33.4590220158 1412724582.52
33.4258253589 1412724582.89
33.4576762647 1412724583.28
33.4657522475 1412724583.64
33.4368089925 1412724583.98
33.466099436 1412724584.34
33.4044497354 1412724584.7
33.472499842 1412724585.06
33.4482314788 1412724585.51
33.4905257459 1412724585.98
33.4565279425 1412724586.32
33.4868549431 1412724586.71
33.5104479333 1412724587.1
33.5338258702 1412724587.44
33.5771078071 1412724587.78
33.517412769 1412724588.17
33.5229703926 1412724588.52
33.5545263041 1412724588.9
33.5842932387 1412724589.25
33.579674809 1412724589.6
33.5749312796 1412724589.99
33.5312824566 1412724590.37
33.4932861693 1412724590.76
33.5230399098 1412724591.13
33.5213153019 1412724591.48
33.4757235826 1412724591.86
33.5005161221 1412724592.24
33.5250593323 1412724592.61
33.5209983566 1412724592.98
33.488819501 1412724593.35
33.5540165749 1412724593.75
33.4828069875 1412724594.13
33.5039229496 1412724594.47
33.4991572819 1412724594.82
33.4941217335 1412724595.16
33.3831400434 1412724595.51
33.3797664186 1412724595.88
33.0483286959 1412724596.23
33.0666649939 1412724596.64
33.0851202368 1412724597.03
33.0892775968 1412724597.45
33.0850019282 1412724597.82
33.0849731763 1412724598.19
33.1450092332 1412724598.56
33.1784093216 1412724598.9
33.1772187354 1412724599.3
33.1994082764 1412724599.68
