58.3263969018 1412725768.08
58.9999340871 1412725768.39
58.1625276744 1412725768.69
58.0656897834 1412725769.0
58.3480541516 1412725769.3
58.3568652433 1412725769.63
58.280035771 1412725769.99
57.7880547063 1412725770.3
58.1219512996 1412725770.63
57.7881404496 1412725770.97
57.6977570127 1412725771.28
57.3620600161 1412725771.59
56.8983588403 1412725771.91
56.3961170354 1412725772.22
56.7512284397 1412725772.53
56.7719442101 1412725772.85
56.9224398756 1412725773.16
56.6500955517 1412725773.49
56.6667112512 1412725773.81
57.0294121285 1412725774.15
56.9615712391 1412725774.54
57.1375719648 1412725774.91
57.0335663607 1412725775.29
57.4666192549 1412725775.65
57.7927360623 1412725776.0
57.7707220011 1412725776.35
57.7951464668 1412725776.75
57.6596413617 1412725777.14
57.5593592765 1412725777.54
57.7766333413 1412725777.94
57.7076312261 1412725778.37
57.8201697858 1412725778.76
58.0205661565 1412725779.12
58.21761147 1412725779.46
58.16615026 1412725779.79
58.0649622026 1412725780.13
58.1671748847 1412725780.46
58.0172865233 1412725780.8
58.439140651 1412725781.12
58.1465603075 1412725781.46
58.3321525435 1412725781.76
58.2515924897 1412725782.09
58.0943965869 1412725782.43
57.9409559275 1412725782.77
57.7882991502 1412725783.09
57.7413581151 1412725783.42
57.5899302201 1412725783.76
57.1235856664 1412725784.07
57.1401963235 1412725784.39
56.862844945 1412725784.71
56.9059697019 1412725785.06
56.7525013507 1412725785.41
56.7529408216 1412725785.74
55.9042210602 1412725786.07
56.0256266351 1412725786.41
55.9097422947 1412725786.75
55.5206579083 1412725787.1
55.4436700126 1412725787.44
55.475858064 1412725787.78
55.6058422786 1412725788.11
55.6178312493 1412725788.44
55.7183316178 1412725788.77
55.5167709854 1412725789.09
55.6389685189 1412725789.43
55.4542947907 1412725789.77
55.5058265397 1412725790.09
55.6486888345 1412725790.45
55.6999234244 1412725790.78
55.7584223161 1412725791.1
55.8248534298 1412725791.44
55.9254773869 1412725791.78
55.7575386198 1412725792.1
55.7650032706 1412725792.44
55.7764595044 1412725792.77
55.7770367552 1412725793.1
55.8827046831 1412725793.43
55.4465487761 1412725793.74
55.4628900769 1412725794.08
55.4146871653 1412725794.42
55.6439212243 1412725794.76
55.6694249747 1412725795.13
55.5733379346 1412725795.49
55.7914946986 1412725795.84
55.5364354928 1412725796.19
55.7754841709 1412725796.52
55.7312657893 1412725796.87
55.9473878718 1412725797.22
55.7947072322 1412725797.56
56.0307926818 1412725797.9
55.8570255917 1412725798.26
55.7649616921 1412725798.59
56.0175796317 1412725798.93
55.3607253376 1412725799.27
55.4065532127 1412725799.61
55.23591718 1412725799.95
55.0354731997 1412725800.31
55.2046546275 1412725800.66
55.3423294406 1412725800.99
55.1310502475 1412725801.33
55.2991127497 1412725801.69
55.5584142312 1412725802.03
55.2942862186 1412725802.38
55.6397506309 1412725802.75
55.6165736091 1412725803.08
55.7505721077 1412725803.43
55.3422598096 1412725803.8
55.1538903249 1412725804.15
55.3062729215 1412725804.52
55.2079389678 1412725804.85
55.3223927738 1412725805.22
55.4585330636 1412725805.56
55.5477003861 1412725805.9
55.0423369795 1412725806.26
54.6423363995 1412725806.62
54.4499690496 1412725806.98
54.3740260114 1412725807.32
54.5894357538 1412725807.71
54.2924558573 1412725808.04
54.4327572175 1412725808.37
54.6065745753 1412725808.73
54.6416974693 1412725809.08
54.5235561287 1412725809.44
54.4195194172 1412725809.79
54.5594528751 1412725810.14
54.4636180134 1412725810.48
54.3945356311 1412725810.81
54.6004470897 1412725811.14
54.4916428278 1412725811.47
54.6501251236 1412725811.83
54.8829134956 1412725812.2
54.8047577871 1412725812.59
54.3866669665 1412725812.93
53.9043577411 1412725813.27
54.0938333453 1412725813.64
54.2902681473 1412725813.99
54.394765763 1412725814.35
54.6302046519 1412725814.7
54.5298690617 1412725815.08
54.726014387 1412725815.43
54.6297359347 1412725815.79
54.4764327714 1412725816.13
54.4682801126 1412725816.5
54.4608229332 1412725816.88
54.4381899941 1412725817.22
54.2487956122 1412725817.59
54.4169393069 1412725817.94
54.3206243046 1412725818.29
54.4888747017 1412725818.66
54.3068676902 1412725819.03
54.4287530554 1412725819.38
54.3683526735 1412725819.76
54.4131986204 1412725820.16
54.3436686601 1412725820.53
54.4765512535 1412725820.88
54.4538304638 1412725821.24
54.431938325 1412725821.61
54.4299785762 1412725821.98
54.3736447453 1412725822.34
54.449494892 1412725822.71
54.5381288993 1412725823.08
54.5002859204 1412725823.42
54.5572044912 1412725823.77
54.6352483166 1412725824.12
54.6568017135 1412725824.47
54.7893264775 1412725824.82
54.7901328184 1412725825.2
54.7927806768 1412725825.58
54.8142897422 1412725825.93
54.4426491986 1412725826.29
54.4756053247 1412725826.63
54.5249905283 1412725827.01
54.323487192 1412725827.38
54.3982541638 1412725827.73
54.4161368377 1412725828.08
54.4402308412 1412725828.43
54.4708292373 1412725828.8
54.468168916 1412725829.15
54.4206916132 1412725829.51
54.429954562 1412725829.87
53.9614365307 1412725830.22
53.822383034 1412725830.58
53.8369344445 1412725830.92
53.7778255192 1412725831.28
53.8091085853 1412725831.64
53.7726649774 1412725831.98
53.8998364973 1412725832.35
53.9066629337 1412725832.73
53.9715979927 1412725833.11
54.0263572196 1412725833.52
54.1147130206 1412725833.94
54.1451121869 1412725834.32
54.2064402181 1412725834.75
54.2956306949 1412725835.17
54.4932967037 1412725835.55
54.9355597128 1412725835.94
54.8887771789 1412725836.34
54.8344523948 1412725836.7
55.0229644469 1412725837.09
54.9931212099 1412725837.47
54.779999958 1412725837.87
