46.2538997069 1412721687.77
45.7965268538 1412721687.91
45.7196924246 1412721688.04
46.6972805232 1412721688.21
47.1422444984 1412721688.33
46.0506068581 1412721688.47
46.3382648196 1412721688.61
46.0804252905 1412721688.75
39.3986173703 1412721688.92
31.2817170351 1412721689.06
28.1045303853 1412721689.21
26.6450209817 1412721689.42
61.9928328046 1412721689.54
25.0628675375 1412721689.65
24.7234944105 1412721689.75
24.7826643318 1412721689.86
24.1253416937 1412721689.98
23.9473428754 1412721690.09
23.1066446991 1412721690.2
22.4760184016 1412721690.32
22.1101795386 1412721690.43
21.8864359875 1412721690.54
21.7675718361 1412721690.67
21.7250357624 1412721690.78
21.7040449045 1412721690.9
22.2946890422 1412721691.05
22.3600774091 1412721691.15
22.6863009843 1412721691.3
22.9232876539 1412721691.41
22.8766296016 1412721691.61
23.182274146 1412721691.77
23.7342120321 1412721691.92
24.0162936837 1412721692.07
23.9028648495 1412721692.22
23.9865004695 1412721692.36
24.1207605037 1412721692.51
24.370564254 1412721692.65
24.2694898152 1412721692.78
24.3085306257 1412721692.93
24.4408503012 1412721693.09
24.4785975909 1412721693.22
24.4922808076 1412721693.39
24.210531612 1412721693.55
24.2368487765 1412721693.68
24.240370223 1412721693.82
24.2897500945 1412721693.96
24.310525245 1412721694.09
24.325806727 1412721694.24
24.3479772022 1412721694.36
24.3608468973 1412721694.49
24.2716830968 1412721694.6
24.2377886249 1412721694.72
24.2513398113 1412721694.85
24.2634728533 1412721694.98
24.2077362602 1412721695.09
24.2350802707 1412721695.21
24.1417345659 1412721695.41
24.1628796295 1412721695.57
24.072249009 1412721695.75
24.1739710719 1412721695.88
24.0655463846 1412721696.06
24.0763913416 1412721696.21
24.0968898786 1412721696.33
24.0207927575 1412721696.51
24.0295423849 1412721696.68
23.9568209837 1412721696.82
23.9770532083 1412721696.96
23.829190533 1412721697.12
23.9010064156 1412721697.27
23.9030004066 1412721697.43
23.8100013012 1412721697.61
23.997030771 1412721697.76
24.0010081563 1412721697.9
24.004049566 1412721698.03
24.0200529257 1412721698.17
24.0211854671 1412721698.32
23.8629772819 1412721698.46
23.7372573511 1412721698.62
23.7400474631 1412721698.77
23.7424986068 1412721698.94
23.744648853 1412721699.09
23.7464853941 1412721699.23
23.7479974512 1412721699.4
23.7706115352 1412721699.55
23.6264214926 1412721699.73
23.6302527291 1412721699.88
23.6719807915 1412721700.03
23.6847271683 1412721700.17
23.6954641205 1412721700.29
23.707806574 1412721700.46
23.6327275793 1412721700.58
23.6462939175 1412721700.7
23.5931276765 1412721700.8
23.6075344931 1412721700.96
23.6087772918 1412721701.12
23.6098588071 1412721701.24
23.610714287 1412721701.39
23.6234858126 1412721701.52
23.6241136111 1412721701.64
23.6247016484 1412721701.81
23.3051279953 1412721701.94
23.4897777647 1412721702.05
23.4649621923 1412721702.17
23.4393234176 1412721702.28
23.2361552744 1412721702.4
23.210429385 1412721702.52
23.1838610744 1412721702.65
23.1565385995 1412721702.76
23.2336631156 1412721702.9
23.1803930574 1412721703.04
23.2057834533 1412721703.16
23.2432139311 1412721703.3
23.244887284 1412721703.44
23.2463724491 1412721703.56
23.2705420995 1412721703.66
23.2714562646 1412721703.78
23.2722798448 1412721703.92
23.2729722747 1412721704.04
23.2736078445 1412721704.18
23.0498840561 1412721704.32
23.2274482808 1412721704.45
23.0048267765 1412721704.58
23.181964412 1412721704.7
23.1578324007 1412721704.84
23.110502233 1412721704.95
23.0824644648 1412721705.08
23.0535350425 1412721705.19
23.0236913452 1412721705.34
23.0515829085 1412721705.47
23.0160338073 1412721705.59
22.9655908617 1412721705.72
22.9285720389 1412721705.84
22.8903914842 1412721705.96
22.8507600396 1412721706.13
22.8101629172 1412721706.23
22.9088015434 1412721706.33
22.8799923146 1412721706.45
22.850214649 1412721706.59
22.8195248746 1412721706.69
22.7878175546 1412721706.81
22.7551655672 1412721706.95
22.7214870012 1412721707.13
22.6867216201 1412721707.26
22.73674892 1412721707.4
22.853306505 1412721707.5
22.8553754216 1412721707.66
22.8571563183 1412721707.8
22.8587009844 1412721707.92
22.8600867629 1412721708.06
22.6229257731 1412721708.18
22.8039713812 1412721708.3
22.8051154849 1412721708.42
22.5447777397 1412721708.55
22.7287906136 1412721708.66
22.6996100554 1412721708.77
22.6694709449 1412721708.89
22.6382905271 1412721709.02
22.6062118225 1412721709.16
22.5601641162 1412721709.31
22.5269989191 1412721709.45
22.4924680448 1412721709.57
22.3608583571 1412721709.66
22.3140669613 1412721709.84
22.2970175874 1412721709.98
22.4311121293 1412721710.13
22.3969501771 1412721710.23
22.3616808757 1412721710.41
22.325341777 1412721710.52
22.3548343688 1412721710.62
22.311925799 1412721710.73
22.3765716555 1412721710.87
22.40111363 1412721711.05
22.3542185282 1412721711.15
22.3058645554 1412721711.29
22.37806597 1412721711.43
22.3946412543 1412721711.54
22.3538690075 1412721711.66
22.3119229434 1412721711.77
22.2686544475 1412721711.89
22.4539219295 1412721712.03
22.4066333596 1412721712.15
22.3578708568 1412721712.29
22.3064730834 1412721712.41
22.1537335234 1412721712.54
22.1584164378 1412721712.7
22.1175080963 1412721712.82
22.1193276623 1412721712.94
22.120970541 1412721713.08
22.1223411725 1412721713.22
22.1236450913 1412721713.46
22.1124375762 1412721713.61
22.1134263483 1412721713.72
22.1253771628 1412721713.87
22.1261896298 1412721714.07
22.1270550783 1412721714.16
22.010479464 1412721714.31
22.0970595474 1412721714.47
22.0977496209 1412721714.63
21.9921915582 1412721714.73
22.0794458398 1412721714.87
