10.8593315947 1412721619.7
11.1248673268 1412721619.81
11.3956186549 1412721619.93
11.6691366287 1412721620.02
11.8919729149 1412721620.13
12.1672260757 1412721620.24
12.497439386 1412721620.35
12.8212063527 1412721620.53
13.0830053891 1412721620.7
13.6846452334 1412721620.82
13.6209864913 1412721620.93
13.7830277242 1412721621.05
13.8142049882 1412721621.16
14.0684645908 1412721621.27
14.1733740834 1412721621.35
14.5643844019 1412721621.44
14.8020374153 1412721621.53
14.6690818818 1412721621.62
14.6110454514 1412721621.7
14.6693938049 1412721621.8
14.7841618577 1412721621.88
14.9193979852 1412721621.97
15.141178971 1412721622.05
15.1408752702 1412721622.15
15.5224827003 1412721622.24
15.4880410809 1412721622.35
15.4726602999 1412721622.43
15.528520809 1412721622.51
15.4906727635 1412721622.6
15.4468409738 1412721622.69
15.6915124603 1412721622.79
15.8677594569 1412721622.88
15.8216676543 1412721622.96
15.7797787831 1412721623.05
15.7886660252 1412721623.14
15.8941855514 1412721623.24
15.814608393 1412721623.35
15.6732716697 1412721623.44
15.602783211 1412721623.52
15.536157713 1412721623.6
15.4751255736 1412721623.69
15.2576724739 1412721623.77
15.0074009198 1412721623.84
14.9233687235 1412721623.93
15.0892407919 1412721624.01
15.0300589036 1412721624.1
14.9732875702 1412721624.19
14.9305715575 1412721624.28
14.8826160992 1412721624.38
14.7621715885 1412721624.48
14.679625402 1412721624.57
14.3136037429 1412721624.65
14.2449470667 1412721624.74
14.2237850306 1412721624.83
13.7471664695 1412721624.91
13.6370774457 1412721625.0
13.5052497948 1412721625.07
13.4299439631 1412721625.15
13.3288030646 1412721625.23
13.2709155412 1412721625.35
13.0204037819 1412721625.42
12.9485198236 1412721625.52
12.9940209645 1412721625.61
12.6825362124 1412721625.7
12.6001195724 1412721625.79
12.5449755842 1412721625.89
12.3725757287 1412721625.97
12.2615563448 1412721626.06
12.0150658964 1412721626.16
11.8145978016 1412721626.25
11.7770823958 1412721626.36
11.5293275278 1412721626.45
11.4579073847 1412721626.57
11.3935433686 1412721626.66
11.2437532218 1412721626.77
11.204664348 1412721626.86
11.0923850176 1412721626.96
11.01616053 1412721627.03
10.9597041476 1412721627.13
11.0701753993 1412721627.22
10.9117929384 1412721627.33
10.7238112941 1412721627.43
10.6428752795 1412721627.53
10.4649738932 1412721627.61
10.4932634811 1412721627.7
10.4138028195 1412721627.77
10.4595964436 1412721627.87
10.3567508928 1412721627.95
10.2431234705 1412721628.04
10.2558563966 1412721628.14
10.1573533257 1412721628.23
10.1086306589 1412721628.35
10.0664815077 1412721628.45
10.0840739282 1412721628.56
9.88471277556 1412721628.66
9.84118438756 1412721628.74
9.61940438088 1412721628.85
9.57738534006 1412721628.95
9.54091899774 1412721629.03
9.35051624758 1412721629.13
9.40714019584 1412721629.22
9.39383678748 1412721629.34
9.34380776478 1412721629.44
9.38606755992 1412721629.52
9.30530405506 1412721629.61
9.25865808919 1412721629.71
9.23812092893 1412721629.8
9.18464063316 1412721629.89
9.09127911901 1412721629.99
9.0781973541 1412721630.07
9.16701481341 1412721630.15
9.1183082771 1412721630.23
9.1979592241 1412721630.33
9.06356092804 1412721630.43
9.13191084686 1412721630.51
9.14654786019 1412721630.59
9.22188493785 1412721630.68
9.1981265866 1412721630.77
9.17906345166 1412721630.85
9.20113108462 1412721630.94
9.17199646939 1412721631.02
9.08121642166 1412721631.12
9.1686438904 1412721631.2
9.14344216995 1412721631.3
9.11946308455 1412721631.39
9.04878371476 1412721631.48
8.97910313174 1412721631.58
8.92484582865 1412721631.67
8.87339608515 1412721631.74
8.85982619515 1412721631.83
8.91254114579 1412721631.91
8.86381887691 1412721632.0
8.81316429868 1412721632.09
8.83271175083 1412721632.23
8.78712411738 1412721632.37
8.74142339649 1412721632.45
8.69628064406 1412721632.53
8.69128400966 1412721632.6
8.72230426292 1412721632.69
8.68157308095 1412721632.78
8.65042997413 1412721632.88
8.60952713707 1412721632.96
8.52701151025 1412721633.04
8.52543356759 1412721633.12
8.46365878827 1412721633.25
8.42557798511 1412721633.35
8.387057025 1412721633.47
8.34790584501 1412721633.56
8.37725960276 1412721633.64
8.37193893249 1412721633.75
8.33348859157 1412721633.84
8.29458237524 1412721633.96
8.30881965618 1412721634.08
8.25616696429 1412721634.2
8.25288204207 1412721634.29
8.21677332565 1412721634.39
8.17444394448 1412721634.48
8.15578625181 1412721634.57
8.11931200842 1412721634.69
8.25688305238 1412721634.77
8.22045968317 1412721634.86
8.23823480268 1412721634.95
8.19477703994 1412721635.03
8.15221335009 1412721635.11
8.1227852568 1412721635.21
8.09843619786 1412721635.28
8.05781361078 1412721635.4
8.00838146231 1412721635.52
8.0559167949 1412721635.65
8.01119809111 1412721635.73
7.95308135699 1412721635.81
7.91061829788 1412721635.9
7.93576141675 1412721635.99
7.89697812697 1412721636.08
7.90995848213 1412721636.19
7.89861101855 1412721636.32
7.89503095938 1412721636.41
7.86137401661 1412721636.52
7.82798362309 1412721636.64
7.81946981387 1412721636.74
7.76034161742 1412721636.82
7.73162159434 1412721636.92
7.70348306506 1412721637.02
7.72003791191 1412721637.12
7.71825640251 1412721637.22
7.7156849095 1412721637.29
7.69291415966 1412721637.39
7.66749778012 1412721637.48
7.64637521051 1412721637.57
7.63415554389 1412721637.66
7.61396540173 1412721637.77
7.59436549912 1412721637.86
7.62170168623 1412721637.96
7.6052384928 1412721638.05
7.63712273157 1412721638.13
7.62090502188 1412721638.25
7.60530858588 1412721638.41
7.59031608518 1412721638.5
7.55303361756 1412721638.63
7.52201685002 1412721638.75
