38.7297022467 1412723535.1
38.5309358324 1412723535.47
37.4782399182 1412723535.84
37.3130345779 1412723536.19
35.6530162867 1412723536.57
36.2653749572 1412723536.91
36.5959309384 1412723537.35
37.7295448975 1412723537.74
38.2635272158 1412723538.14
38.6915651009 1412723538.56
39.1085793493 1412723538.88
39.0912376289 1412723539.17
39.8753306409 1412723539.53
39.821469001 1412723540.03
39.7907471998 1412723540.51
40.4031983276 1412723541.01
39.9938337892 1412723541.38
40.3493169842 1412723541.8
41.6923268807 1412723542.31
41.9471932437 1412723542.85
41.9240978258 1412723543.35
42.4159881226 1412723543.85
42.706820084 1412723544.35
43.2896055205 1412723544.82
43.5193861297 1412723545.29
43.4550206421 1412723545.73
43.1161686631 1412723546.2
42.8364072817 1412723546.64
42.2211727456 1412723547.07
41.5446859029 1412723547.5
40.8803445363 1412723547.87
39.9951787092 1412723548.32
39.2717304267 1412723548.8
38.7279055226 1412723549.21
37.7840005225 1412723549.64
37.1015811197 1412723550.04
36.1838148774 1412723550.43
35.3751389036 1412723550.87
34.7993774534 1412723551.33
33.706452005 1412723551.76
32.230697103 1412723552.19
31.9524161426 1412723552.57
31.0577257751 1412723552.98
30.4658689687 1412723553.36
29.4321588334 1412723553.74
28.3402805767 1412723554.14
28.4520637432 1412723554.49
28.4351567148 1412723554.79
28.4670834376 1412723555.11
28.6944167959 1412723555.43
28.7487271129 1412723555.78
29.0316879534 1412723556.11
28.3721237141 1412723556.49
28.5924633804 1412723556.91
28.7398380773 1412723557.22
28.7124368914 1412723557.5
28.452907692 1412723557.85
28.1860815964 1412723558.19
27.5802175615 1412723558.58
26.9370927831 1412723558.88
26.018526555 1412723559.21
25.2505114935 1412723559.52
24.2728121012 1412723559.81
23.7685444233 1412723560.16
23.2312959988 1412723560.48
22.6154831518 1412723560.77
22.1637833247 1412723561.09
22.105502949 1412723561.41
21.742557184 1412723561.72
21.2004498621 1412723562.06
20.8284424255 1412723562.51
20.4794114901 1412723562.88
20.6153617821 1412723563.27
20.656739401 1412723563.67
20.6222392439 1412723564.11
20.4387649608 1412723564.58
20.0823349955 1412723565.02
20.1706778149 1412723565.39
19.7516767863 1412723565.74
19.7887286241 1412723566.11
19.645290816 1412723566.45
19.5485776068 1412723566.78
19.282995439 1412723567.09
19.203806908 1412723567.42
19.3209011512 1412723567.73
19.5583864604 1412723568.05
19.6135107834 1412723568.37
19.5740760584 1412723568.71
19.808717138 1412723569.07
19.9700140808 1412723569.46
20.1218661724 1412723569.83
20.1109511996 1412723570.15
20.2111816975 1412723570.58
20.2863972607 1412723570.97
20.4276693863 1412723571.34
20.3211377553 1412723571.71
20.3781450044 1412723572.08
20.3501377564 1412723572.46
20.3657171243 1412723572.83
20.1008238688 1412723573.2
20.0895527899 1412723573.53
19.8869465653 1412723573.88
20.024303279 1412723574.21
19.8947266525 1412723574.65
19.9408617744 1412723575.1
19.8044336068 1412723575.49
19.8570354336 1412723575.85
19.755831092 1412723576.19
19.7670403963 1412723576.55
19.5196111647 1412723576.95
19.4229013432 1412723577.4
19.3721546191 1412723577.76
19.50000258 1412723578.21
19.3522434194 1412723578.66
19.2868567898 1412723579.09
19.4883742896 1412723579.48
19.1124764398 1412723579.81
19.1157624378 1412723580.18
19.0138083493 1412723580.5
19.0960337431 1412723580.84
19.0955694729 1412723581.2
19.0983108033 1412723581.6
19.1058638666 1412723582.0
19.0383527435 1412723582.36
18.9955738787 1412723582.71
18.7826622277 1412723583.09
18.724196193 1412723583.5
18.6103453081 1412723583.93
18.6246599769 1412723584.33
18.5844696142 1412723584.74
18.4318738089 1412723585.1
18.372223401 1412723585.45
18.3284972339 1412723585.79
18.2458687641 1412723586.14
18.3430284289 1412723586.47
18.2733657034 1412723586.74
18.3272125428 1412723587.12
18.255595157 1412723587.44
18.228403497 1412723587.83
18.0111160172 1412723588.12
18.0853960873 1412723588.47
18.0512430634 1412723588.82
17.9985247006 1412723589.13
18.0308121772 1412723589.41
18.0491507773 1412723589.71
17.9981421893 1412723590.0
17.9789190893 1412723590.31
17.9578090798 1412723590.64
17.9642812549 1412723590.97
17.9184365256 1412723591.27
17.8840043205 1412723591.53
17.8703475931 1412723591.83
17.7876578577 1412723592.14
17.8427310698 1412723592.44
17.9031536158 1412723592.73
17.905458419 1412723593.02
17.8815178777 1412723593.32
17.8597187921 1412723593.64
18.0068800574 1412723593.97
18.0062328346 1412723594.31
17.9655847505 1412723594.73
17.9560073709 1412723595.08
17.9329377078 1412723595.47
17.9555858439 1412723595.82
17.9347510414 1412723596.12
17.9187848341 1412723596.67
17.8859442438 1412723597.17
17.9579749551 1412723597.61
17.9478735997 1412723597.88
17.9021026995 1412723598.2
17.7843094687 1412723598.49
17.7658644885 1412723598.84
17.7672826056 1412723599.18
17.7710382543 1412723599.5
17.7988314938 1412723599.79
17.8574269978 1412723600.14
17.834300608 1412723600.46
17.6986407715 1412723600.98
17.7267983292 1412723601.46
17.7208954818 1412723601.88
17.6888799054 1412723602.26
17.8553528766 1412723602.69
17.8085884163 1412723603.15
17.8195289965 1412723603.58
17.7375703834 1412723604.0
17.9843188261 1412723604.38
17.9484177453 1412723604.8
17.9782690931 1412723605.2
17.970072532 1412723605.46
18.0159407839 1412723605.78
17.9042659655 1412723606.07
17.9272458914 1412723606.42
17.7007493838 1412723606.77
17.7033587539 1412723607.07
17.7258919498 1412723607.47
17.6807471565 1412723607.91
17.6143308212 1412723608.32
17.5683651649 1412723608.74
17.5715738125 1412723609.05
17.6362350222 1412723609.37
