18.5840617474 1412722549.88
18.7126065779 1412722550.02
18.8446632924 1412722550.15
19.0130627585 1412722550.27
19.1685076653 1412722550.4
19.2529517817 1412722550.53
19.2919225332 1412722550.68
18.9817696832 1412722550.82
18.694986574 1412722550.93
18.5029840794 1412722551.09
18.3934441287 1412722551.23
18.2300544964 1412722551.34
18.0995359858 1412722551.45
17.9755157257 1412722551.59
17.8181739938 1412722551.74
17.6027992004 1412722551.88
17.45077827 1412722552.23
17.1117740928 1412722552.41
16.8840136712 1412722552.64
16.8339592387 1412722552.82
16.6818271743 1412722552.99
16.7543108217 1412722553.16
16.5220853908 1412722553.31
16.3988091905 1412722553.43
16.1884204837 1412722553.55
16.1309451629 1412722553.66
16.0348051847 1412722553.78
15.9725076658 1412722553.94
16.0723144367 1412722554.05
16.0211344269 1412722554.19
15.9581930006 1412722554.35
15.9598501285 1412722554.47
15.9756213727 1412722554.6
15.9380453956 1412722554.75
15.942875873 1412722554.87
15.9707905861 1412722555.0
16.0209003247 1412722555.14
15.9242663447 1412722555.27
15.7481195022 1412722555.41
15.6158807858 1412722555.55
15.1497660414 1412722555.68
14.9918690416 1412722555.86
14.7764830128 1412722556.0
14.4564815414 1412722556.17
14.266004703 1412722556.28
14.1146341472 1412722556.39
13.7733615145 1412722556.51
13.6252741298 1412722556.63
13.4060042398 1412722556.75
13.2462310134 1412722556.86
12.9932120903 1412722557.01
12.889419765 1412722557.16
12.618989082 1412722557.28
12.324441397 1412722557.4
12.0133470984 1412722557.51
12.2183447417 1412722557.64
12.3295363817 1412722557.75
12.4852800111 1412722557.88
12.6675527166 1412722558.01
12.8526817542 1412722558.14
13.2392142006 1412722558.26
13.3581361362 1412722558.38
13.4771578924 1412722558.5
13.5739252782 1412722558.62
13.6696721415 1412722558.74
13.4203380693 1412722558.85
13.4815854607 1412722558.98
13.5578048775 1412722559.13
13.371011513 1412722559.27
13.4468334776 1412722559.4
13.1429304042 1412722559.52
13.1900479495 1412722559.64
13.1956369117 1412722559.76
13.1834155834 1412722559.89
13.1406022044 1412722560.01
13.0888420903 1412722560.14
12.9652988885 1412722560.26
12.6427442573 1412722560.38
12.0855244591 1412722560.51
10.9268947635 1412722560.64
9.75770455423 1412722560.81
8.88758967206 1412722560.93
8.28372662147 1412722561.04
7.60219908073 1412722561.17
7.19302968851 1412722561.3
7.02319830141 1412722561.44
6.91117500929 1412722561.58
6.93926157549 1412722561.69
7.16987142573 1412722561.81
7.53506765453 1412722561.92
8.0314492148 1412722562.04
8.56062937126 1412722562.19
8.89734918109 1412722562.32
9.23565851018 1412722562.43
9.47634234434 1412722562.58
9.67120464839 1412722562.69
9.43993883 1412722562.8
9.61973916806 1412722562.92
9.28938875258 1412722563.03
9.46840841572 1412722563.14
9.60746328226 1412722563.24
9.46346709863 1412722563.36
9.37787488394 1412722563.48
9.25330836848 1412722563.58
9.38183028965 1412722563.68
9.26400521616 1412722563.8
9.25128518989 1412722563.9
9.32361612553 1412722564.01
9.2388468771 1412722564.11
9.33702540551 1412722564.22
9.42432503526 1412722564.33
9.34372172621 1412722564.45
9.40833324463 1412722564.55
9.34776833304 1412722564.66
9.29170334781 1412722564.77
49.8990106087 1412722564.88
50.3480427407 1412722565.01
50.6664738474 1412722565.12
50.9513222424 1412722565.24
51.1738744968 1412722565.36
51.2894320461 1412722565.48
51.4350132507 1412722565.59
51.4993627889 1412722565.71
51.5385417882 1412722565.84
51.6025567489 1412722565.95
51.6649530914 1412722566.07
51.7103880058 1412722566.18
51.6975036118 1412722566.31
51.7299442779 1412722566.43
51.7629397492 1412722566.56
51.8138808792 1412722566.7
51.8624582774 1412722566.82
51.8651197911 1412722566.93
51.9090112335 1412722567.05
51.8996686458 1412722567.19
51.8992176793 1412722567.33
51.9370868387 1412722567.44
51.9350857802 1412722567.56
51.9636480357 1412722567.69
51.933638101 1412722567.8
51.9671404246 1412722567.92
51.9638626877 1412722568.03
51.9949034433 1412722568.17
51.9908403865 1412722568.29
51.9868899773 1412722568.4
52.0141917753 1412722568.55
52.0096922496 1412722568.68
52.0053661839 1412722568.79
52.0293947627 1412722568.9
52.0246403885 1412722569.02
52.0470190825 1412722569.14
52.0418247657 1412722569.27
52.058631449 1412722569.37
52.0574377301 1412722569.48
52.0729509429 1412722569.6
52.072224527 1412722569.74
52.0910745438 1412722569.85
52.1102624626 1412722569.96
52.1297824506 1412722570.08
52.1496476039 1412722570.19
52.1418463512 1412722570.31
52.1562458512 1412722570.44
52.1748089885 1412722570.57
52.1936568673 1412722570.7
52.2127376833 1412722570.83
52.2321737472 1412722570.95
52.2518325798 1412722571.07
52.2634372209 1412722571.19
52.2828906061 1412722571.31
52.3025117697 1412722571.45
52.3222862921 1412722571.58
52.3648317704 1412722571.72
52.378372425 1412722571.84
52.3669687035 1412722571.97
52.3863376532 1412722572.12
52.3860633274 1412722572.24
52.4051091186 1412722572.36
52.4353035453 1412722572.5
52.4354302654 1412722572.6
52.4349914734 1412722572.73
52.4481736313 1412722572.86
52.4477108171 1412722572.97
52.4468145529 1412722573.09
52.4633165857 1412722573.19
52.4799085742 1412722573.31
52.4792538654 1412722573.44
52.495515505 1412722573.61
52.5119281441 1412722573.72
52.5283294887 1412722573.85
52.5283092114 1412722573.97
52.5444923354 1412722574.09
52.5441378855 1412722574.21
52.5596506386 1412722574.33
52.5670524283 1412722574.47
52.5428836792 1412722574.57
52.5434618547 1412722574.67
52.5435299837 1412722574.78
52.5431207872 1412722574.92
52.5332784896 1412722575.06
52.5435686586 1412722575.19
