50.3186742565 1412754752.25
49.4825360758 1412754753.66
48.8301438968 1412754755.07
47.884026532 1412754756.51
46.790082396 1412754757.91
46.1218093645 1412754759.29
45.813170657 1412754760.67
45.9604846773 1412754762.03
45.3007615988 1412754763.47
45.0149606429 1412754764.93
44.5669447143 1412754766.35
43.9570798272 1412754767.81
43.1629172055 1412754769.3
42.8139632306 1412754770.73
42.5741160139 1412754772.17
42.1056377659 1412754773.67
41.6732155987 1412754775.14
41.3125875004 1412754776.65
40.6450338329 1412754778.1
40.4616108371 1412754779.55
40.4242921724 1412754781.01
39.6031733506 1412754782.38
39.4907837463 1412754783.81
38.8635471003 1412754785.22
38.9658942251 1412754786.62
38.1939519397 1412754788.04
37.9570915004 1412754789.47
37.5301485654 1412754790.9
36.5699468184 1412754792.36
35.1223772512 1412754793.78
35.3781915493 1412754795.18
34.2504296118 1412754796.57
34.3232574512 1412754797.96
33.4516500092 1412754799.37
32.241646407 1412754800.8
32.4130639361 1412754802.22
31.4525146661 1412754803.64
31.6921946772 1412754805.07
30.7250370428 1412754806.5
30.8760415903 1412754807.92
31.0660559602 1412754809.3
30.5549375365 1412754810.74
30.5741925865 1412754812.17
30.2050584538 1412754813.59
30.2575267026 1412754815.1
30.3988347451 1412754816.51
30.5077392054 1412754817.92
30.3731076178 1412754819.31
30.4179849564 1412754820.72
30.200369776 1412754822.14
30.4683657357 1412754823.63
30.4662603486 1412754825.05
30.5604533339 1412754826.49
30.7604223036 1412754827.91
30.8747128284 1412754829.37
30.9248142613 1412754830.84
31.0739471065 1412754832.31
31.3278103754 1412754833.75
31.3779985929 1412754835.23
31.6160964075 1412754836.73
31.6702513906 1412754838.26
31.7596393178 1412754839.82
31.8703862065 1412754841.31
32.0332519588 1412754842.96
32.2240975469 1412754844.55
32.4372814859 1412754846.19
32.5856924835 1412754847.82
32.7961181051 1412754849.48
32.9163147603 1412754851.19
33.0193924122 1412754852.89
33.1424583184 1412754854.55
33.2699483641 1412754856.23
33.3919224233 1412754857.95
33.5188854048 1412754859.65
33.6324328341 1412754861.39
33.7409114003 1412754863.16
33.7911740969 1412754864.84
33.9194674671 1412754866.62
34.1844009523 1412754868.46
34.1377885953 1412754870.2
34.2832783855 1412754872.0
34.3211897481 1412754873.78
34.4889514397 1412754875.51
34.5070511413 1412754877.23
34.6106948416 1412754879.02
34.6092689588 1412754880.78
34.7672868176 1412754882.57
34.765547587 1412754884.37
34.9290786576 1412754886.14
34.9882346557 1412754887.92
35.0802528831 1412754889.67
35.0936051149 1412754891.47
35.1763466617 1412754893.3
35.2709863161 1412754895.19
35.3106827462 1412754897.04
35.4292462604 1412754898.83
35.4363853179 1412754900.67
35.4819871281 1412754902.55
35.56719993 1412754904.36
35.5442977819 1412754906.24
35.6063292973 1412754908.07
35.6101755467 1412754909.91
35.6534136361 1412754911.77
35.7520631572 1412754913.58
35.8670161975 1412754915.4
36.0596071378 1412754917.3
36.1008238368 1412754919.16
36.3044297472 1412754921.03
36.4504406379 1412754922.89
36.5443172596 1412754924.72
36.4648817133 1412754926.63
36.5701144294 1412754928.49
36.7382666818 1412754930.38
36.964117583 1412754932.25
36.9404103249 1412754934.13
37.0020043753 1412754936.04
37.1468409697 1412754937.97
37.0655286519 1412754939.87
37.162069215 1412754941.79
37.196177917 1412754943.61
37.1881445449 1412754945.54
37.3061594737 1412754947.4
37.3214596788 1412754949.24
37.3206075723 1412754951.12
37.4916144663 1412754952.99
37.562109248 1412754954.89
37.3753894974 1412754956.78
37.3819293971 1412754958.69
37.2208890684 1412754960.59
37.1583382374 1412754962.5
37.1848036925 1412754964.43
37.1651058383 1412754966.3
37.223379846 1412754968.16
37.1350336373 1412754970.03
37.1670995638 1412754971.93
37.0982909509 1412754973.91
36.9815827056 1412754975.78
36.9390462452 1412754977.73
37.1611124281 1412754979.68
37.2265008857 1412754981.58
37.2763164485 1412754983.53
37.2115814514 1412754985.48
37.1660606313 1412754987.41
37.1615502792 1412754989.26
37.2083173886 1412754991.18
37.3630247275 1412754993.1
37.3372124898 1412754994.98
37.4167918848 1412754996.95
37.2553555788 1412754998.89
37.3226573648 1412755000.82
37.4224090869 1412755002.74
37.3648066118 1412755004.61
37.5677227812 1412755006.55
37.4731992932 1412755008.54
37.3982679041 1412755010.58
37.4749545552 1412755012.55
37.4995782904 1412755014.57
37.3852149218 1412755016.53
37.4755877558 1412755018.49
37.5611455494 1412755020.5
37.4748003521 1412755022.49
37.5867058471 1412755024.48
37.5561527904 1412755026.52
37.373674537 1412755028.59
37.2184067051 1412755030.65
37.1310856761 1412755032.69
37.1738357386 1412755034.78
37.2059643845 1412755036.88
37.1843592668 1412755038.98
37.2479240154 1412755041.06
37.310940606 1412755043.15
37.3040539736 1412755045.29
37.1545414473 1412755047.39
36.9960965478 1412755049.44
36.9976264257 1412755051.59
36.9836240151 1412755053.76
36.8635552372 1412755055.98
36.6816664669 1412755058.1
36.6784930435 1412755060.24
36.4657456773 1412755062.34
36.424547297 1412755064.46
36.3209367281 1412755066.7
36.1207877653 1412755068.82
36.0409386116 1412755070.96
36.1350397877 1412755073.08
35.3411480697 1412755075.23
35.3053169156 1412755077.36
35.1878121883 1412755079.53
35.1796966625 1412755081.76
35.2664194492 1412755083.99
35.3973105328 1412755086.27
35.0722971765 1412755088.5
35.1288941835 1412755090.72
35.0017448661 1412755092.98
34.9858393044 1412755095.3
34.6362649071 1412755097.57
34.4157584372 1412755099.91
33.992496227 1412755102.15
33.7702716132 1412755104.34
33.6973789037 1412755106.51
