58.6285196965 1412722867.85
58.3099882792 1412722867.97
58.1212781257 1412722868.1
58.0053854492 1412722868.21
58.5494218815 1412722868.32
59.5251824882 1412722868.44
60.2448535015 1412722868.56
61.6992075545 1412722868.68
62.9269564621 1412722868.8
64.4122332223 1412722868.91
65.8105997829 1412722869.01
67.46009395 1412722869.1
69.630054879 1412722869.18
71.000301116 1412722869.29
72.5995546972 1412722869.39
75.1192224659 1412722869.5
75.3510884294 1412722869.64
76.933166614 1412722869.74
78.1833740043 1412722869.88
77.9067092854 1412722870.0
78.1064936004 1412722870.13
78.0890934987 1412722870.27
78.0525505148 1412722870.38
80.4416616855 1412722870.51
80.5405698644 1412722870.63
80.8323224075 1412722870.76
82.9983145699 1412722870.87
82.7940382482 1412722871.0
82.3953633163 1412722871.14
82.5470233973 1412722871.26
83.5761685933 1412722871.41
84.4588263801 1412722871.54
117.737514353 1412722871.75
119.174485008 1412722871.94
120.427825312 1412722872.09
88.3224970647 1412722872.23
122.367458249 1412722872.37
122.469184173 1412722872.5
122.627779162 1412722872.62
122.905408516 1412722872.76
122.857156183 1412722872.87
122.81645709 1412722872.99
122.572148313 1412722873.12
122.854966406 1412722873.24
123.191631638 1412722873.38
123.358078426 1412722873.5
94.3499189391 1412722873.64
94.5312599871 1412722873.77
124.410859875 1412722873.9
124.844952243 1412722874.0
124.933037597 1412722874.12
125.482136451 1412722874.26
126.088303595 1412722874.37
125.838674549 1412722874.5
126.016400312 1412722874.62
125.874285901 1412722874.74
125.933234224 1412722874.87
126.02535148 1412722875.0
126.260546651 1412722875.11
127.086452599 1412722875.22
127.273880246 1412722875.32
126.317933347 1412722875.44
126.707354346 1412722875.57
127.176778469 1412722875.68
126.656919036 1412722875.81
127.025622097 1412722875.93
127.054907254 1412722876.07
98.0572833114 1412722876.18
128.635794673 1412722876.29
98.0421970622 1412722876.4
98.349564801 1412722876.51
97.6112589755 1412722876.63
96.7831816474 1412722876.77
97.1621029345 1412722876.88
96.4517367374 1412722877.0
96.8069723018 1412722877.11
98.2281682187 1412722877.25
98.0205328192 1412722877.38
97.8412986162 1412722877.5
97.7184655769 1412722877.65
97.8761270866 1412722877.79
97.1361015045 1412722877.93
97.3183051115 1412722878.04
97.2732788776 1412722878.17
97.3343791623 1412722878.28
97.3960192775 1412722878.41
97.4895001987 1412722878.54
96.2554637523 1412722878.66
96.4999597046 1412722878.78
97.0879764095 1412722878.92
96.4928306264 1412722879.03
96.3961873719 1412722879.16
96.7665827049 1412722879.27
96.4708139778 1412722879.38
96.4142647205 1412722879.51
96.3878457121 1412722879.62
96.3911811174 1412722879.75
96.3480257457 1412722879.88
96.287602116 1412722880.01
96.3200502966 1412722880.14
96.2682990099 1412722880.26
95.4662294884 1412722880.55
95.5838072242 1412722880.78
95.691310262 1412722880.95
95.7771841326 1412722881.13
94.8739267942 1412722881.28
94.9831382262 1412722881.43
95.1580937922 1412722881.61
95.2636149939 1412722881.8
95.0619273502 1412722881.98
95.4127043214 1412722882.17
93.956951696 1412722882.36
94.7490003179 1412722882.56
94.7775161345 1412722882.74
94.7465468407 1412722882.92
94.5159682847 1412722883.07
93.5854522947 1412722883.22
93.629846488 1412722883.38
93.6757557444 1412722883.55
93.7233267104 1412722883.71
93.1890475639 1412722883.9
93.0941203778 1412722884.08
93.1478729699 1412722884.32
93.1940769038 1412722884.48
93.2324913236 1412722884.64
93.1920061179 1412722884.79
93.2380662201 1412722884.95
93.2014212647 1412722885.1
93.2544912877 1412722885.3
93.2993836675 1412722885.45
93.2681603163 1412722885.63
93.3195393398 1412722885.8
93.2918400867 1412722885.96
93.3493883238 1412722886.12
93.3248195396 1412722886.29
93.3881056618 1412722886.48
93.3665030388 1412722886.66
93.416350431 1412722886.82
93.9033105152 1412722887.01
95.0977458807 1412722887.18
95.6284619177 1412722887.33
95.1465477962 1412722887.51
94.9170519793 1412722887.65
95.3269721536 1412722887.77
95.5186015662 1412722887.87
95.4120029889 1412722888.0
95.4501998724 1412722888.12
95.4918021145 1412722888.24
95.5361493739 1412722888.37
95.2501658597 1412722888.5
95.2469874784 1412722888.63
95.2274054999 1412722888.75
95.2583554425 1412722888.91
95.6943222431 1412722889.04
95.3344029133 1412722889.17
95.7859588281 1412722889.3
94.8668598445 1412722889.42
94.9574413142 1412722889.55
95.0512950875 1412722889.68
94.8061949115 1412722889.79
95.2701743095 1412722889.91
95.3653269698 1412722890.03
95.0379838037 1412722890.15
96.7839612591 1412722890.29
96.9703683367 1412722890.42
96.7260785111 1412722890.56
96.8006111086 1412722890.67
96.8753422358 1412722890.81
97.111731132 1412722890.93
97.1592595182 1412722891.04
97.2089396787 1412722891.18
97.2912332816 1412722891.3
96.6948710028 1412722891.43
96.7213393968 1412722891.56
96.4520992056 1412722891.67
96.4901389923 1412722891.8
96.3597153193 1412722891.92
96.6346019153 1412722892.05
96.6742222683 1412722892.19
96.710673358 1412722892.31
96.5633605201 1412722892.44
96.7392076248 1412722892.61
96.8255041116 1412722892.74
97.0056400137 1412722892.88
97.0983550037 1412722893.08
97.2836746047 1412722893.25
97.382890216 1412722893.42
97.573788621 1412722893.57
97.1707426942 1412722893.72
97.4840333 1412722893.84
96.0465780622 1412722893.99
96.2251405106 1412722894.13
96.477379224 1412722894.26
96.6645303595 1412722894.39
97.6979819442 1412722894.5
97.8662467076 1412722894.63
98.0987621697 1412722894.76
98.2750182192 1412722894.88
98.5163967103 1412722895.0
98.7016169832 1412722895.12
