82.6675402354 1412723011.47
79.609704141 1412723011.75
79.2873138084 1412723012.03
79.7536646573 1412723012.32
79.5154458394 1412723012.66
80.8421300891 1412723013.0
79.4599643227 1412723013.31
78.0889687103 1412723013.66
77.712274067 1412723013.97
78.3612803526 1412723014.31
79.6766501576 1412723014.66
80.7408696765 1412723015.04
82.157612714 1412723015.4
85.0013299125 1412723015.73
86.6384059013 1412723016.06
87.9567207691 1412723016.4
88.9817882008 1412723016.76
89.4727021221 1412723017.09
90.024327308 1412723017.43
90.8034700628 1412723017.73
91.2350566393 1412723018.06
92.3755090566 1412723018.43
94.0233298193 1412723018.75
96.0056270127 1412723019.09
98.0253337305 1412723019.42
98.8061847909 1412723019.75
99.5651492263 1412723020.06
101.518356339 1412723020.41
104.088443614 1412723020.73
105.247853639 1412723021.05
107.912799704 1412723021.38
108.400732583 1412723021.7
108.77775121 1412723022.3
109.56483398 1412723022.73
110.255553577 1412723023.08
110.260566822 1412723023.44
110.14639442 1412723023.78
110.247952927 1412723024.12
110.617329079 1412723024.5
111.756280384 1412723024.91
111.595383356 1412723025.29
111.944827523 1412723025.63
112.434342341 1412723025.99
113.464570746 1412723026.35
113.835203984 1412723026.74
114.235597882 1412723027.12
115.269261073 1412723027.54
114.13001035 1412723027.93
115.404090194 1412723028.32
115.90825583 1412723028.7
116.33477155 1412723029.09
117.673704843 1412723029.46
117.436003604 1412723029.85
117.14449936 1412723030.24
117.270696519 1412723030.63
117.391022179 1412723031.02
117.913253555 1412723031.4
118.761540214 1412723031.76
119.294597207 1412723032.17
118.891849858 1412723032.58
120.405475091 1412723032.99
119.089892029 1412723033.42
117.838157104 1412723033.81
116.632719019 1412723034.24
117.732799709 1412723034.65
117.929868889 1412723035.08
119.77312041 1412723035.52
119.846820036 1412723035.95
121.266158422 1412723036.38
121.851030449 1412723036.81
122.428029099 1412723037.25
122.051344426 1412723037.71
124.063861089 1412723038.16
122.678246845 1412723038.57
122.654194049 1412723039.02
118.637560944 1412723039.44
115.081274033 1412723039.89
114.371858869 1412723040.37
112.889814248 1412723040.83
113.347764303 1412723041.3
113.238961321 1412723041.76
112.06318356 1412723042.2
111.224832752 1412723042.67
111.468339595 1412723043.11
109.139356413 1412723043.54
108.045293672 1412723043.95
108.050780869 1412723044.41
107.457507995 1412723044.89
107.780273741 1412723045.29
103.38328493 1412723045.73
103.259648948 1412723046.19
102.783550829 1412723046.6
102.654508276 1412723047.06
103.771011833 1412723047.54
103.635362899 1412723048.02
103.384594023 1412723048.48
102.800093503 1412723048.95
103.214104948 1412723049.41
102.859769897 1412723049.96
102.809354448 1412723050.47
102.791985553 1412723050.98
102.731409447 1412723051.42
102.819986968 1412723051.87
103.334690607 1412723052.32
103.801468922 1412723052.81
101.336284419 1412723053.29
101.192233374 1412723053.93
100.76596802 1412723054.62
100.222864409 1412723055.1
100.199478296 1412723055.62
100.250002869 1412723056.09
100.26062385 1412723056.66
99.8888256134 1412723057.16
99.8837870207 1412723057.66
99.390012104 1412723058.15
99.1452624432 1412723058.7
99.067469667 1412723059.25
99.1030110693 1412723059.75
99.0167268211 1412723060.28
99.7555463881 1412723060.8
99.267393915 1412723061.28
99.1008239276 1412723061.74
99.2099605131 1412723062.24
99.2380516271 1412723062.77
98.5962874501 1412723063.28
98.6224680859 1412723063.83
97.8976058215 1412723064.35
97.5236828947 1412723064.89
97.5482921675 1412723065.4
97.5709204109 1412723065.92
97.5937723091 1412723066.43
97.6210701954 1412723066.97
97.6113302202 1412723067.41
96.2760512236 1412723067.91
96.2998782684 1412723068.34
96.3030978942 1412723068.86
95.8264155027 1412723069.32
95.7850425749 1412723069.84
95.5070687415 1412723070.36
95.4624758746 1412723070.89
95.4334096779 1412723071.38
95.4370917434 1412723071.9
95.3894220331 1412723072.38
95.3921721128 1412723072.86
95.1674913925 1412723073.34
95.1832458213 1412723073.83
95.1800272172 1412723074.28
95.1511307989 1412723074.79
94.8148487022 1412723075.27
94.8182628096 1412723075.73
94.822072941 1412723076.23
94.4659225448 1412723076.77
94.467044622 1412723077.27
94.4683042063 1412723077.75
94.4696563899 1412723078.29
94.4711777335 1412723078.79
94.4729258587 1412723079.25
94.0654039542 1412723079.7
94.0629740233 1412723080.22
94.2174477232 1412723080.78
94.2136312544 1412723081.4
94.2098651007 1412723082.18
94.2061931054 1412723082.81
94.2025346381 1412723083.32
94.1990520134 1412723083.83
94.3762470298 1412723084.34
94.3766207068 1412723084.89
94.3771028289 1412723085.43
94.3777428996 1412723086.29
94.3784360308 1412723086.83
94.3792556128 1412723087.31
94.3800967947 1412723087.81
94.3811507611 1412723088.29
93.8572397072 1412723088.8
93.8711965673 1412723089.32
93.8736625178 1412723089.88
93.8763428999 1412723090.45
93.8586423255 1412723090.98
93.8614345731 1412723091.53
93.8449160336 1412723092.05
93.861556522 1412723092.53
93.8662078852 1412723093.05
93.8710889188 1412723093.55
93.8760179212 1412723094.03
94.1608130682 1412723094.58
94.16366807 1412723095.12
94.1746571985 1412723095.69
94.1793753416 1412723096.21
94.1770236712 1412723096.72
94.1713456763 1412723097.26
94.1636691475 1412723097.79
94.1315549829 1412723098.37
94.1341557879 1412723098.92
94.5346925285 1412723099.48
94.5405322366 1412723100.0
94.5474485046 1412723100.57
94.5874086681 1412723101.12
95.0371036896 1412723101.7
95.0612402986 1412723102.17
95.0653563982 1412723102.68
