21.5903220232 1412721968.42
21.6750467501 1412721968.62
21.8155749489 1412721968.75
21.8517792639 1412721968.86
21.956537547 1412721968.98
22.0078798362 1412721969.09
22.1268171194 1412721969.2
22.1848639753 1412721969.3
22.2557619013 1412721969.4
22.2552856552 1412721969.5
22.4715544708 1412721969.6
22.4930535506 1412721969.71
22.5048716801 1412721969.82
22.6685322731 1412721969.92
22.6982387058 1412721970.02
22.7189254803 1412721970.14
22.7339424812 1412721970.31
22.7707338176 1412721970.48
22.7737763866 1412721970.6
22.861554614 1412721970.72
22.8801807382 1412721970.83
22.8991726438 1412721970.94
22.9057394638 1412721971.05
22.9068516779 1412721971.17
22.8374561158 1412721971.31
22.8423895626 1412721971.42
22.8826529823 1412721971.53
22.9127044797 1412721971.63
22.9060006124 1412721971.75
22.9740818568 1412721971.85
22.93028286 1412721971.94
22.87406075 1412721972.05
22.8628936269 1412721972.16
22.8514526845 1412721972.27
22.8398912463 1412721972.41
22.8272390945 1412721972.52
22.8868236988 1412721972.62
22.8736465646 1412721972.74
22.8676448392 1412721972.84
23.0198602478 1412721972.96
22.9060677209 1412721973.06
22.9962998495 1412721973.16
22.853834463 1412721973.27
22.9440685636 1412721973.37
22.9283707739 1412721973.48
22.9127565901 1412721973.59
22.8972069851 1412721973.69
22.9093641717 1412721973.79
22.951772449 1412721973.91
22.9270646129 1412721974.04
22.881332252 1412721974.13
22.83619846 1412721974.23
22.8202112719 1412721974.43
22.8296475139 1412721974.56
22.7997776863 1412721974.66
22.8653123634 1412721974.77
22.8142168247 1412721974.89
22.7638916531 1412721975.02
22.8066500279 1412721975.12
22.7609385997 1412721975.23
22.7159688072 1412721975.34
22.6329946114 1412721975.44
22.7418605338 1412721975.55
22.6707939351 1412721975.7
22.5542768532 1412721975.81
22.7466432823 1412721975.91
22.5796995464 1412721976.01
22.569323749 1412721976.16
22.7079612958 1412721976.3
22.5119333873 1412721976.42
22.6506344977 1412721976.54
22.5539913866 1412721976.67
22.4894330474 1412721976.78
22.5060056292 1412721976.89
22.6619240082 1412721977.0
22.5420585259 1412721977.12
22.5719702447 1412721977.23
22.5628912782 1412721977.34
22.6206579989 1412721977.44
22.6798607931 1412721977.55
22.7034531717 1412721977.72
22.7637363383 1412721977.84
22.7168123245 1412721977.94
22.6706951466 1412721978.05
22.6591953719 1412721978.17
22.6476506895 1412721978.3
22.636455472 1412721978.45
22.592546844 1412721978.57
22.6399178043 1412721978.7
22.6182086839 1412721978.81
22.5666625057 1412721978.94
22.623804519 1412721979.08
22.5183024682 1412721979.2
22.5642357318 1412721979.3
22.4631330396 1412721979.44
22.5612285574 1412721979.55
22.4504265641 1412721979.65
22.5001935264 1412721979.76
22.4906209119 1412721979.86
22.4975365103 1412721979.96
22.5112308322 1412721980.06
22.4952364878 1412721980.13
22.3790505979 1412721980.23
22.3906734634 1412721980.39
22.382290154 1412721980.5
22.3955409406 1412721980.61
22.3388293794 1412721980.71
22.3317886095 1412721980.81
22.3228283603 1412721980.95
22.3963560591 1412721981.1
22.3323884469 1412721981.22
22.1665909817 1412721981.32
22.1736096728 1412721981.43
22.1068987503 1412721981.56
22.0506459211 1412721981.7
21.8954553881 1412721981.86
21.819514639 1412721981.97
21.683927576 1412721982.08
21.5768926437 1412721982.2
21.3784137125 1412721982.35
21.2743733519 1412721982.46
21.3281413303 1412721982.56
21.3541115664 1412721982.68
21.4775849899 1412721982.78
21.4198395826 1412721982.89
21.3698397105 1412721983.0
21.3178979847 1412721983.24
21.2851477631 1412721983.39
21.2420899873 1412721983.55
21.2870638463 1412721983.66
21.2859804191 1412721983.75
21.3218188026 1412721983.9
21.2642651007 1412721984.02
21.1343424532 1412721984.13
21.2183909822 1412721984.23
21.1113236173 1412721984.35
21.0729323061 1412721984.45
21.0990849673 1412721984.54
20.9153431887 1412721984.63
21.0595399178 1412721984.75
21.0871855923 1412721984.86
21.0006517103 1412721984.96
20.9547781616 1412721985.06
20.9116511483 1412721985.16
20.8810180747 1412721985.27
20.995321583 1412721985.36
21.0465166671 1412721985.48
21.0402732791 1412721985.63
20.9798135285 1412721985.82
20.9902260708 1412721985.92
20.9291554748 1412721986.03
20.9073137543 1412721986.11
20.8871196224 1412721986.21
21.0917073458 1412721986.32
21.0032263121 1412721986.59
21.0538794104 1412721986.79
21.0521635256 1412721986.95
21.0102077163 1412721987.09
21.0480176547 1412721987.23
21.0722917318 1412721987.39
21.1262881231 1412721987.5
21.1079840997 1412721987.59
21.0709842564 1412721987.71
21.0695887577 1412721987.82
20.9790484953 1412721987.91
20.9818233803 1412721988.0
20.9958164478 1412721988.1
21.0231905863 1412721988.21
21.0538676083 1412721988.37
20.9560535877 1412721988.55
21.0240382459 1412721988.7
20.9822432123 1412721988.82
21.0086976791 1412721988.96
21.0227490985 1412721989.08
20.9917303099 1412721989.21
21.0240877918 1412721989.32
20.9921047018 1412721989.42
21.0044152013 1412721989.54
20.9936014025 1412721989.64
21.06588318 1412721989.75
21.0124116529 1412721989.86
21.061493056 1412721989.98
21.0071479869 1412721990.08
21.0691837454 1412721990.19
20.9050434436 1412721990.32
21.0351387149 1412721990.44
21.0280605102 1412721990.53
20.9758081849 1412721990.62
21.0528656143 1412721990.72
21.0012559788 1412721990.81
21.0480781733 1412721990.9
20.9369686633 1412721991.02
20.9850134936 1412721991.11
20.9347392403 1412721991.22
20.9802887986 1412721991.33
20.9234216786 1412721991.44
20.9817184526 1412721991.56
20.9460072881 1412721991.7
21.1567208241 1412721991.83
21.2564904364 1412721991.94
