29.4375666844 1412722111.97
29.7868759705 1412722112.06
28.8435919796 1412722112.16
28.2854729487 1412722112.26
27.527488655 1412722112.41
27.5827234574 1412722112.51
28.0097620917 1412722112.61
27.9889971075 1412722112.73
28.2503704115 1412722112.9
28.0652693199 1412722113.06
28.86601478 1412722113.19
28.9935085246 1412722113.29
29.1124045047 1412722113.4
29.2949004081 1412722113.5
29.4997797095 1412722113.61
29.7087745861 1412722113.71
30.005433281 1412722113.82
30.0576891821 1412722113.94
30.3382495966 1412722114.06
30.329107049 1412722114.23
29.7403244531 1412722114.39
30.3707070662 1412722114.51
30.6350859698 1412722114.63
31.2624050821 1412722114.75
31.455711139 1412722114.87
31.6382865251 1412722115.0
31.8214784442 1412722115.11
31.9149944281 1412722115.24
32.0114396875 1412722115.36
32.2731255834 1412722115.48
32.1399172047 1412722115.6
32.0819670534 1412722115.73
31.9923399441 1412722115.83
31.5230238644 1412722115.93
31.2320533995 1412722116.04
30.6832099764 1412722116.15
31.0616954201 1412722116.28
30.9402715208 1412722116.42
31.533862861 1412722116.52
31.4972145062 1412722116.65
32.2098702668 1412722116.77
32.7891021563 1412722116.88
32.9008958663 1412722117.01
32.5345525767 1412722117.12
32.1571498957 1412722117.22
33.5486254856 1412722117.33
33.7747154238 1412722117.43
34.1932064179 1412722117.54
34.5398795255 1412722117.66
35.3920538211 1412722117.81
35.7855632611 1412722117.95
35.407091615 1412722118.07
35.5404051351 1412722118.19
35.1910346295 1412722118.31
35.218262557 1412722118.45
35.4225282312 1412722118.58
35.7485223112 1412722118.69
35.3178020466 1412722118.81
35.2687849293 1412722118.93
35.4589200789 1412722119.06
35.6633300961 1412722119.18
35.4830566625 1412722119.31
35.5873486316 1412722119.42
34.9130494691 1412722119.52
35.1210264973 1412722119.64
34.9548534099 1412722119.76
34.854064447 1412722119.88
35.0952553902 1412722119.99
34.2277329966 1412722120.1
34.1659647153 1412722120.23
34.1655925828 1412722120.43
34.872319183 1412722120.55
34.934540844 1412722120.67
35.0919348193 1412722120.79
35.0275613502 1412722120.91
34.9180304201 1412722121.02
34.4938249172 1412722121.14
34.9320522325 1412722121.26
34.9182185503 1412722121.39
36.3959368172 1412722121.51
35.5030529432 1412722121.63
35.2448465641 1412722121.74
35.3318017051 1412722121.85
35.9621930124 1412722121.98
35.3270963343 1412722122.11
34.991243216 1412722122.22
34.1074753595 1412722122.39
33.8727818736 1412722122.53
33.7713161431 1412722122.63
32.3117384559 1412722122.75
32.0989471135 1412722122.88
32.026306401 1412722123.01
30.4839734523 1412722123.13
30.144086609 1412722123.23
29.5174551543 1412722123.35
29.5783415928 1412722123.46
29.5996095537 1412722123.56
29.6311704872 1412722123.66
30.3856013048 1412722123.77
30.2627203183 1412722123.89
30.0661046039 1412722124.0
29.8893175985 1412722124.13
29.8056065908 1412722124.25
29.7510213948 1412722124.39
30.2018599516 1412722124.49
30.1954903217 1412722124.62
29.97119303 1412722124.73
29.912521458 1412722124.83
30.6462727488 1412722124.95
30.5795510319 1412722125.07
30.5223785005 1412722125.19
30.0352038365 1412722125.36
29.7998070043 1412722125.47
29.9815772755 1412722125.59
30.0047621608 1412722125.71
30.0265746509 1412722125.84
29.0503288396 1412722125.97
29.044961949 1412722126.08
29.0579508119 1412722126.2
29.0438900161 1412722126.36
30.0492228402 1412722126.49
29.2701476406 1412722126.61
29.2905313514 1412722126.74
29.3050135439 1412722126.85
29.3676864241 1412722126.97
29.3297638322 1412722127.1
29.3462426407 1412722127.21
29.55744036 1412722127.32
29.8598714459 1412722127.44
29.8600228987 1412722127.54
29.8033526719 1412722127.66
29.7941344601 1412722127.78
29.7941543795 1412722127.95
29.7941790001 1412722128.08
29.7943429919 1412722128.23
29.7331589305 1412722128.4
29.7334280956 1412722128.51
29.7337144139 1412722128.63
29.6856848695 1412722128.77
29.6850667086 1412722128.89
29.6844977622 1412722129.01
29.6839174559 1412722129.14
29.683463789 1412722129.29
29.6831257145 1412722129.41
29.6827620981 1412722129.53
29.6825464151 1412722129.67
29.6823461257 1412722129.8
29.6821518146 1412722129.92
29.6820893524 1412722130.02
29.6820576555 1412722130.14
29.6819868894 1412722130.27
29.6819925222 1412722130.43
29.6819481824 1412722130.55
29.6784252861 1412722130.66
29.6785037873 1412722130.83
29.6750560467 1412722130.95
29.6752373007 1412722131.14
29.6719446576 1412722131.3
29.6722150983 1412722131.44
29.669044789 1412722131.56
29.6694249132 1412722131.69
29.6664300395 1412722131.8
29.6667812507 1412722131.96
29.6639962808 1412722132.09
29.6644460429 1412722132.21
29.6617160714 1412722132.36
29.6622487456 1412722132.55
29.6627727082 1412722132.81
29.6602041628 1412722132.95
29.6607599273 1412722133.11
29.6583188244 1412722133.25
29.6589419814 1412722133.44
29.6565777523 1412722133.62
29.6572318946 1412722133.75
29.6578883161 1412722133.9
29.6556526021 1412722134.06
29.6563829165 1412722134.21
29.6570200828 1412722134.41
29.6549213503 1412722134.57
29.655648924 1412722134.7
29.6562702981 1412722134.86
29.6543062661 1412722135.0
29.6550680713 1412722135.13
29.6557473885 1412722135.29
29.6538738117 1412722135.49
29.6545725485 1412722135.63
29.6552641863 1412722135.79
29.6535443472 1412722135.92
29.6542211163 1412722136.04
29.6549277052 1412722136.16
29.6532901431 1412722136.35
29.6540667435 1412722136.5
29.6547622856 1412722136.65
29.6555544542 1412722136.77
29.6539263474 1412722136.92
29.6546180915 1412722137.03
29.6553455468 1412722137.16
29.6538327299 1412722137.3
29.4646903568 1412722137.43
29.4570115237 1412722137.6
