38.9288501096 1412722575.47
38.4683877801 1412722575.59
38.1568961537 1412722575.77
36.848329052 1412722575.93
36.7232076605 1412722576.08
36.2876217625 1412722576.2
35.2418622278 1412722576.41
34.1084398652 1412722576.61
34.381563835 1412722576.76
34.4582041083 1412722576.89
34.3366358825 1412722577.02
34.2626653113 1412722577.16
34.4468772916 1412722577.36
34.540527967 1412722577.54
34.6638404933 1412722577.68
34.9152838747 1412722577.84
35.5372693582 1412722578.01
35.6009527367 1412722578.12
35.9022026215 1412722578.23
36.1282433343 1412722578.35
36.3815732853 1412722578.48
36.645555506 1412722578.61
36.771617948 1412722578.78
36.8864763524 1412722578.9
37.0711787449 1412722579.02
36.7434010406 1412722579.16
36.7715843076 1412722579.28
36.2944474653 1412722579.41
36.6175375884 1412722579.53
36.8505674678 1412722579.64
37.1013567708 1412722579.77
37.2255780742 1412722579.9
37.4873407703 1412722580.02
37.7410261098 1412722580.17
37.722980649 1412722580.38
38.0885988186 1412722580.5
38.2610977066 1412722580.63
38.752520601 1412722580.75
39.1647779332 1412722580.92
39.5685181141 1412722581.04
39.5049848352 1412722581.16
39.9277330075 1412722581.27
39.8261299043 1412722581.39
39.9542466982 1412722581.53
39.9640212766 1412722581.67
39.8345628343 1412722581.81
39.4243888405 1412722581.95
39.2165485345 1412722582.09
39.2711661581 1412722582.22
39.2424186046 1412722582.34
39.8771757855 1412722582.48
39.9061288659 1412722582.62
40.000875148 1412722582.75
40.4265942881 1412722582.86
40.5701024987 1412722583.02
40.8179588053 1412722583.3
41.0618652112 1412722583.52
41.0741204452 1412722583.68
40.9306123899 1412722583.93
41.2132320071 1412722584.06
41.2434177962 1412722584.2
41.0826844844 1412722584.35
40.3675220958 1412722584.48
40.2523357374 1412722584.63
15.6490792595 1412722584.81
15.7690549296 1412722584.95
41.0018798811 1412722585.1
16.671384419 1412722585.23
16.6553640614 1412722585.45
16.8261688664 1412722585.56
17.0956532826 1412722585.69
17.6678276149 1412722585.84
17.7756873424 1412722585.98
17.973708688 1412722586.12
18.2220481314 1412722586.3
18.4069736817 1412722586.5
18.8013855295 1412722586.63
19.3119701803 1412722586.76
19.1780860868 1412722586.9
18.9962010898 1412722587.04
18.7300207575 1412722587.16
18.77283597 1412722587.31
18.6027062053 1412722587.43
18.2338448885 1412722587.55
17.8671987043 1412722587.66
17.7640323312 1412722587.79
17.1043028666 1412722587.92
17.0811461655 1412722588.03
16.8916258297 1412722588.14
16.9833332663 1412722588.27
16.7414809013 1412722588.42
16.8328530601 1412722588.54
16.5889723874 1412722588.67
16.1386206329 1412722588.8
16.4215063223 1412722588.93
16.047277074 1412722589.05
16.2591705117 1412722589.18
16.5398167086 1412722589.31
16.855605406 1412722589.44
16.9544542042 1412722589.56
41.6494893945 1412722589.69
41.2222175769 1412722589.83
41.4311296 1412722589.96
41.1637606733 1412722590.11
40.9426023764 1412722590.24
40.7953778231 1412722590.39
40.3215987326 1412722590.53
40.9085177512 1412722590.66
40.483208579 1412722590.81
40.5092224941 1412722590.96
40.4879960486 1412722591.08
40.6020775085 1412722591.21
40.6072801655 1412722591.36
40.7142791758 1412722591.51
41.4441355272 1412722591.66
41.3564127336 1412722591.79
41.358522578 1412722591.93
41.2543368274 1412722592.08
41.3574114118 1412722592.23
41.3302259009 1412722592.37
41.4541640732 1412722592.49
41.7162154997 1412722592.6
42.5355568544 1412722592.74
42.6198483474 1412722592.87
43.0741419593 1412722593.01
43.1905759287 1412722593.13
42.9434916757 1412722593.24
42.9977419455 1412722593.35
43.1159653603 1412722593.46
43.4015310627 1412722593.59
43.4314975649 1412722593.71
43.2566929863 1412722593.84
43.6580102642 1412722593.95
43.8431940741 1412722594.07
43.8902695757 1412722594.18
44.5100093457 1412722594.32
44.9964628353 1412722594.44
44.8492432151 1412722594.63
45.0679938827 1412722594.77
44.4917340077 1412722594.88
44.9204376682 1412722595.01
45.0160965537 1412722595.15
45.2400746944 1412722595.27
45.0811783695 1412722595.45
45.01337575 1412722595.58
45.0345254831 1412722595.71
45.0726613151 1412722595.81
44.9852676154 1412722596.0
44.6655505042 1412722596.13
44.6728305016 1412722596.26
45.0135630842 1412722596.39
44.9834691022 1412722596.52
45.0391032472 1412722596.67
45.0980196408 1412722596.8
45.0740399345 1412722596.93
45.1293829556 1412722597.07
45.3106140772 1412722597.2
45.3662352438 1412722597.33
45.3393931532 1412722597.48
45.3889350977 1412722597.59
45.4418429188 1412722597.71
45.419075224 1412722597.83
45.4945288902 1412722597.97
45.5421060912 1412722598.1
15.081026356 1412722598.22
14.6838606714 1412722598.34
14.8407331763 1412722598.48
14.4494711639 1412722598.63
11.3027823631 1412722598.76
10.9476504877 1412722598.89
12.5470873409 1412722599.05
12.1565956942 1412722599.21
11.8777533493 1412722599.34
12.1693287567 1412722599.49
12.4626396697 1412722599.63
12.136241537 1412722599.8
11.9522276623 1412722599.96
12.0826912982 1412722600.08
11.8561517606 1412722600.19
13.8888427177 1412722600.35
13.8154658845 1412722600.48
13.633048445 1412722600.61
13.4980814751 1412722600.77
13.5488819374 1412722600.92
13.3979141794 1412722601.07
13.4827423797 1412722601.18
13.3339588235 1412722601.35
11.9364049731 1412722601.48
12.0148194344 1412722601.62
12.0853205221 1412722601.77
12.8317054257 1412722601.92
12.7001259095 1412722602.05
12.761648194 1412722602.21
12.6303804587 1412722602.38
12.6561737782 1412722602.51
12.72138443 1412722602.63
12.6017109235 1412722602.78
12.9193449912 1412722602.93
12.7759368826 1412722603.09
12.6313807044 1412722603.25
