51.2491843617 1412743336.3
51.8436709027 1412743337.32
48.8233864911 1412743338.29
49.50584066 1412743339.26
49.5513849449 1412743340.26
48.3774888983 1412743341.28
47.9104637096 1412743342.25
48.3491931518 1412743343.19
48.5424009479 1412743344.18
48.7747647625 1412743345.18
48.8888368022 1412743346.17
50.1083822908 1412743347.14
50.3349329009 1412743348.21
50.3021819775 1412743349.25
50.5903059978 1412743350.31
51.2807516492 1412743351.39
51.5473993167 1412743352.45
51.8091147028 1412743353.59
52.2602488798 1412743354.9
52.6905508269 1412743356.06
53.2264344216 1412743357.2
53.8088795611 1412743358.26
54.2151399054 1412743359.37
54.2496030914 1412743360.45
54.4116876739 1412743361.51
54.4956917089 1412743362.54
54.5188525412 1412743363.54
54.2837700064 1412743364.59
53.9912817279 1412743365.61
53.8141789905 1412743366.65
53.4957808127 1412743367.68
53.4768702643 1412743368.74
53.3240993651 1412743369.81
53.5247652514 1412743370.85
53.4610592241 1412743371.85
53.3977279473 1412743372.83
52.9880298367 1412743373.86
52.994344865 1412743374.87
52.9532374115 1412743375.87
52.8897288244 1412743376.87
53.0613696329 1412743377.89
52.968233972 1412743378.89
52.7049092248 1412743379.91
52.754183811 1412743380.91
52.8300825942 1412743381.96
52.7560915703 1412743383.0
52.7658802545 1412743384.05
53.0511608205 1412743385.05
52.95479862 1412743386.07
53.0687827672 1412743387.09
52.8825608817 1412743388.1
53.1156057335 1412743389.1
52.8887375244 1412743390.08
52.9312611785 1412743391.08
52.9749059978 1412743392.1
53.1539188444 1412743393.13
52.9941434008 1412743394.12
52.8398788891 1412743395.15
52.7389269586 1412743396.17
52.4105683458 1412743397.17
52.3203895225 1412743398.18
52.1098081065 1412743399.16
51.8528048556 1412743400.16
51.7765743505 1412743401.16
52.1376889213 1412743402.21
51.8876706505 1412743403.25
51.7765582327 1412743404.24
51.9212361034 1412743405.25
51.6874036116 1412743406.26
51.6844872726 1412743407.25
51.7931990718 1412743408.23
52.004626126 1412743409.21
51.6500833933 1412743410.21
51.8880864071 1412743411.19
51.6624467299 1412743412.14
51.4837460554 1412743413.17
51.3366994402 1412743414.15
51.2269286465 1412743415.16
50.8252589112 1412743416.15
50.6045853049 1412743417.13
50.883728139 1412743418.13
50.9419952509 1412743419.15
51.0929124771 1412743420.14
51.1493292257 1412743421.1
51.2772860051 1412743422.07
50.9992805089 1412743423.03
51.1160472831 1412743424.06
51.209102454 1412743425.08
50.8034489456 1412743426.1
50.3876197365 1412743427.09
49.3588682747 1412743428.1
49.8524570011 1412743429.09
49.8557697596 1412743430.25
49.2620839295 1412743431.39
49.5751699602 1412743432.61
48.5471383451 1412743433.71
48.8202488 1412743434.88
49.1621634721 1412743436.17
48.9275765991 1412743437.12
49.4621727785 1412743438.11
49.4400787692 1412743439.09
49.2037810014 1412743440.06
48.714570813 1412743440.98
49.2319359488 1412743441.95
49.5958903484 1412743442.91
49.2124662415 1412743443.93
49.0118923285 1412743444.89
48.8108224839 1412743445.87
49.055124316 1412743446.87
48.9365971815 1412743447.88
48.9508085458 1412743448.88
49.2531199294 1412743449.92
49.299618271 1412743450.96
49.239631403 1412743451.86
49.4151848547 1412743452.76
49.5205340035 1412743453.68
49.4002811597 1412743454.62
49.2562488238 1412743455.53
49.2516066673 1412743456.45
49.1853142053 1412743457.42
48.9267936912 1412743458.35
49.1489690918 1412743459.31
49.1664641317 1412743460.26
49.1208555371 1412743461.19
49.1883698385 1412743462.1
49.2738896608 1412743463.03
49.2619415799 1412743464.11
49.264638337 1412743465.16
49.3258048457 1412743466.15
49.4065968271 1412743467.05
49.4356492176 1412743467.97
49.3025703684 1412743468.89
49.4456239594 1412743469.8
49.4288595056 1412743470.74
49.5217555017 1412743471.67
49.5122372483 1412743472.63
49.5720319672 1412743473.57
49.6005237173 1412743474.5
49.454772245 1412743475.41
49.4374261203 1412743476.33
49.4810384596 1412743477.28
49.4708600163 1412743478.2
49.4765155921 1412743479.11
49.5111702614 1412743480.05
49.3805468716 1412743480.95
49.4254923798 1412743481.88
49.4396815476 1412743482.82
49.4851111522 1412743483.74
49.6120769963 1412743484.66
49.7109780986 1412743485.62
49.8285629986 1412743486.55
49.8884636685 1412743487.48
49.9863779392 1412743488.4
50.0000112972 1412743489.34
49.9558313529 1412743490.25
49.7587470353 1412743491.18
49.7151307913 1412743492.13
49.8680103729 1412743493.05
49.9338177713 1412743493.99
49.6970423253 1412743494.88
49.7492437903 1412743495.81
49.9195128075 1412743496.72
50.0337785568 1412743497.64
50.0087837071 1412743498.57
50.0517067181 1412743499.45
50.1312455432 1412743500.34
50.1930490911 1412743501.24
50.2040847764 1412743502.19
50.1837135043 1412743503.11
50.1519265604 1412743504.04
49.9229776434 1412743504.98
49.8004012536 1412743505.95
49.5561715989 1412743506.93
49.8609868004 1412743508.0
49.5483300361 1412743509.05
49.9083039092 1412743510.07
49.6516995478 1412743511.1
49.6552959662 1412743512.09
49.5369722587 1412743513.08
49.5633774905 1412743514.01
49.6652883526 1412743514.97
49.6422685813 1412743515.98
49.7978010072 1412743516.92
49.6712592065 1412743517.89
49.686557554 1412743518.83
49.7334953591 1412743519.76
49.8905828031 1412743520.66
49.8836956382 1412743521.6
49.7549787829 1412743522.67
49.8192421803 1412743523.57
49.8829003568 1412743524.58
49.9265094204 1412743525.51
49.9890436893 1412743526.45
50.0251640512 1412743527.39
50.0468647896 1412743528.31
49.9063289166 1412743529.23
49.8812608469 1412743530.15
49.8852586244 1412743531.11
49.8660687287 1412743532.07
49.9741649611 1412743533.02
