35.4922826537 1412760271.78
36.2827030392 1412760272.84
36.4784794248 1412760273.85
36.40479408 1412760274.83
36.2551643583 1412760275.81
35.8048652895 1412760276.79
36.3086046893 1412760277.8
36.6416039613 1412760278.83
37.1327212786 1412760279.83
37.4365817272 1412760280.9
37.6785983128 1412760281.91
37.8027033147 1412760282.89
38.1293073375 1412760283.89
38.1516013451 1412760284.86
38.2618876076 1412760285.82
38.4750232354 1412760286.79
38.3038311946 1412760287.77
38.3053502079 1412760288.75
38.4648764666 1412760289.72
38.6453884649 1412760290.68
38.4942230325 1412760291.68
38.3649086382 1412760292.66
38.2156938948 1412760293.68
38.3197373358 1412760294.68
38.2072486199 1412760295.71
38.1381059747 1412760296.71
38.1808726638 1412760297.73
38.199892074 1412760298.69
38.0017729549 1412760299.63
37.9399424134 1412760300.56
38.0766706431 1412760301.46
37.9721916527 1412760302.38
37.738986529 1412760303.29
37.7671367073 1412760304.3
37.571225958 1412760305.21
37.3961423228 1412760306.15
37.2675147739 1412760307.09
37.2417333785 1412760308.02
37.0727572287 1412760308.94
37.4256662281 1412760309.89
37.1004779519 1412760310.83
37.4415705261 1412760311.78
37.376888426 1412760312.7
37.9991995653 1412760313.66
37.0091583747 1412760314.57
37.2776864942 1412760315.5
37.4742180509 1412760316.47
37.5796984414 1412760317.43
37.7773968092 1412760318.32
37.3710787796 1412760319.22
37.8622611412 1412760320.13
36.293701 1412760321.04
36.1957443787 1412760321.94
35.4102702378 1412760322.88
35.4644515307 1412760323.79
35.2359149319 1412760324.72
35.4119884868 1412760325.67
35.3811295419 1412760326.61
35.2705928624 1412760327.55
36.731926768 1412760328.5
38.2008406626 1412760329.42
36.9132343206 1412760330.37
37.8679890434 1412760331.33
36.7924022611 1412760332.27
37.3368308009 1412760333.22
37.4271296016 1412760334.17
38.9105083658 1412760335.13
38.9140117024 1412760336.05
38.4311616858 1412760336.94
38.5285274753 1412760337.84
38.653451992 1412760338.75
38.5942936896 1412760339.65
38.4585994879 1412760340.56
38.1722936296 1412760341.46
38.0320098444 1412760342.37
37.9314339569 1412760343.29
37.837016013 1412760344.2
37.407665714 1412760345.12
37.0730366048 1412760346.05
36.9983806849 1412760346.99
36.7982791006 1412760347.91
36.6273670337 1412760348.84
36.5573125586 1412760349.75
36.4266999971 1412760350.69
36.2900275996 1412760351.62
36.4342341032 1412760352.57
36.5213385018 1412760353.52
36.728865882 1412760354.46
36.8892491861 1412760355.4
37.0376679838 1412760356.36
37.3651073464 1412760357.31
37.3342993457 1412760358.3
37.6051519006 1412760359.27
37.8609373066 1412760360.24
38.0730637262 1412760361.23
38.2770598796 1412760362.18
38.158380309 1412760363.16
38.2914711634 1412760364.12
38.5090673671 1412760365.11
38.7213276093 1412760366.06
38.7836082052 1412760367.0
38.8263060871 1412760367.97
38.8990197252 1412760368.92
38.9350798554 1412760369.86
38.8949343623 1412760370.8
38.955631139 1412760371.75
38.9699167528 1412760372.7
39.0026985751 1412760373.65
39.0474152099 1412760374.62
39.1886139241 1412760375.58
39.1641845914 1412760376.52
39.2713537769 1412760377.46
39.1983540382 1412760378.43
39.2363011169 1412760379.38
39.2476779449 1412760380.33
39.3782137141 1412760381.28
39.3497455866 1412760382.24
39.2852179021 1412760383.19
39.2906958013 1412760384.16
39.2097539294 1412760385.11
39.1388603478 1412760386.06
38.9809859915 1412760386.98
39.0051258969 1412760387.92
38.7767640818 1412760388.86
38.6604388609 1412760389.79
38.6578468204 1412760390.73
38.3484067131 1412760391.69
38.2062335128 1412760392.64
38.1433279718 1412760393.59
37.9003295152 1412760394.53
37.8396380453 1412760395.48
37.713946175 1412760396.47
37.5471022642 1412760397.4
37.5525169823 1412760398.37
37.2007058989 1412760399.32
36.9751473952 1412760400.25
36.7864421187 1412760401.2
36.66851871 1412760402.16
36.4804506989 1412760403.11
36.1015529341 1412760404.11
35.926656773 1412760405.11
35.7943345157 1412760406.12
35.6253246917 1412760407.09
35.5849800945 1412760408.09
35.477086598 1412760409.09
35.27957163 1412760410.09
35.2710741573 1412760411.08
35.2081144785 1412760412.07
35.0399621222 1412760413.07
34.9024866515 1412760414.07
35.0118144076 1412760415.08
35.0723437828 1412760416.13
35.0748520823 1412760417.11
35.048605452 1412760418.14
35.0932195379 1412760419.17
34.9460219666 1412760420.19
34.5217216455 1412760421.25
34.4562092806 1412760422.26
34.5041561307 1412760423.27
34.4418420639 1412760424.28
34.4106645107 1412760425.28
34.4261597365 1412760426.28
34.4435793663 1412760427.27
34.4553648719 1412760428.27
34.4063371311 1412760429.29
34.4392828921 1412760430.3
34.29670675 1412760431.31
34.2925750344 1412760432.32
34.2773662904 1412760433.35
34.2498274189 1412760434.4
34.2704230326 1412760435.45
34.2337424359 1412760436.48
34.2669531358 1412760437.55
34.235750129 1412760438.69
34.1723852236 1412760440.57
34.2271463394 1412760442.26
34.2148432802 1412760444.08
34.2196514368 1412760445.79
34.1958096651 1412760447.33
34.173783934 1412760448.56
34.1967134141 1412760449.77
34.1765333123 1412760450.9
34.184026625 1412760452.0
34.1363306852 1412760453.06
33.9153818935 1412760454.15
33.8954789173 1412760455.24
33.8784098356 1412760456.35
33.8522454697 1412760457.51
33.8329548406 1412760458.56
33.8985787737 1412760459.59
33.660831227 1412760460.72
33.6260730752 1412760462.26
33.2661646296 1412760463.54
33.2338598176 1412760464.79
33.1984038051 1412760465.95
33.0803916213 1412760467.09
32.943549411 1412760468.19
32.9376382528 1412760469.26
33.0066314016 1412760470.3
33.0259073507 1412760471.34
