60.0817949384 1412725972.06
60.627701485 1412725972.38
62.0485560398 1412725972.7
62.8206280668 1412725973.04
63.4416371645 1412725973.39
63.3244326878 1412725973.73
62.9755984736 1412725974.06
60.1374991519 1412725974.38
57.616443053 1412725974.72
54.0632536924 1412725975.07
53.7173202425 1412725975.4
53.1148970196 1412725975.74
52.1930409859 1412725976.04
50.9709689564 1412725976.38
51.1915543751 1412725976.71
50.820808001 1412725977.0
49.7226987756 1412725977.39
50.4882665062 1412725977.71
48.6818749182 1412725978.03
49.0811821735 1412725978.33
46.8634045649 1412725978.64
46.8217117792 1412725978.95
46.3633188213 1412725979.27
45.7797709479 1412725979.58
45.8819499014 1412725979.89
44.9941004492 1412725980.18
43.5941713011 1412725980.49
42.4941825749 1412725980.8
41.602493468 1412725981.09
42.0468144672 1412725981.43
41.1982621112 1412725981.73
41.3837879299 1412725982.03
40.814052488 1412725982.33
39.8302631667 1412725982.64
39.5448180796 1412725982.94
38.7895212262 1412725983.27
38.5736630539 1412725983.57
38.8324438449 1412725983.87
38.3861010546 1412725984.17
38.4864565508 1412725984.48
38.3567005963 1412725984.78
38.7056120439 1412725985.07
38.1255372956 1412725985.37
38.3954060842 1412725985.7
37.7729441522 1412725986.01
38.1284310672 1412725986.35
38.2257765175 1412725986.64
38.3154112308 1412725986.93
38.0515047128 1412725987.25
37.6615500289 1412725987.53
36.9650517608 1412725987.82
36.3075974522 1412725988.13
35.7621800013 1412725988.43
34.9741293389 1412725988.74
35.1450791639 1412725989.04
34.7929062506 1412725989.37
33.9323821579 1412725989.67
34.0111467902 1412725989.99
33.9067886204 1412725990.29
33.9648736964 1412725990.6
33.5872309953 1412725990.89
33.043485647 1412725991.2
32.9515705687 1412725991.53
32.9436084403 1412725991.86
32.568812592 1412725992.15
32.0667952668 1412725992.45
31.6480215991 1412725992.75
31.5040775973 1412725993.08
31.696890014 1412725993.38
31.4229139532 1412725993.66
31.4134715335 1412725993.93
31.3015267042 1412725994.23
30.7283796697 1412725994.56
30.6886469743 1412725994.89
30.3829368974 1412725995.22
30.236063185 1412725995.53
29.9890600994 1412725995.9
29.8698343694 1412725996.25
29.9182946502 1412725996.59
30.0080251884 1412725996.91
29.9897155794 1412725997.21
29.9619054047 1412725997.51
29.6608662523 1412725997.82
29.694434921 1412725998.12
29.7444625871 1412725998.45
29.7028483356 1412725998.76
29.827767195 1412725999.08
29.8349522316 1412725999.42
29.9819065624 1412725999.74
30.1562412176 1412726000.05
29.8870833813 1412726000.37
29.7764740802 1412726000.69
29.8843383981 1412726000.99
30.0256276122 1412726001.32
29.9280792152 1412726001.67
29.5835751045 1412726001.98
29.4912690447 1412726002.31
29.3497572913 1412726002.61
29.3726324573 1412726002.91
29.178602583 1412726003.19
28.8864915049 1412726003.52
28.6486031875 1412726003.83
28.8087253168 1412726004.16
28.4775996867 1412726004.5
28.4343189548 1412726004.81
28.372897026 1412726005.13
28.5119016229 1412726005.47
28.6189368782 1412726005.8
28.818054026 1412726006.13
28.6466868208 1412726006.45
28.5172959097 1412726006.76
28.632793011 1412726007.11
28.5187761519 1412726007.44
28.3878219322 1412726007.76
28.5449090174 1412726008.09
28.2786498399 1412726008.43
28.1178361757 1412726008.76
28.2117296702 1412726009.08
28.0861279863 1412726009.44
27.9360734732 1412726009.77
28.119202867 1412726010.12
28.1152879055 1412726010.46
28.2251443694 1412726010.8
28.1238571665 1412726011.11
28.1752281706 1412726011.41
28.0418755379 1412726011.76
28.0269721018 1412726012.09
28.0809597797 1412726012.39
28.0513837983 1412726012.68
27.8377392556 1412726012.99
27.8072477933 1412726013.28
27.77357028 1412726013.58
27.8561925832 1412726013.89
27.9207703236 1412726014.17
27.9426490699 1412726014.48
28.0131199782 1412726014.8
28.0438188796 1412726015.14
27.8781825225 1412726015.46
27.9160113339 1412726015.82
27.9036687333 1412726016.16
27.8833224116 1412726016.5
27.8479844215 1412726016.85
27.7946422524 1412726017.16
27.8292837958 1412726017.49
27.7789014573 1412726017.82
27.6949358251 1412726018.11
27.7979710935 1412726018.43
27.8580104502 1412726018.74
27.8163070327 1412726019.05
27.8866620342 1412726019.37
28.0791680423 1412726019.66
28.1416049308 1412726019.98
28.1375971652 1412726020.3
28.3026296547 1412726020.62
28.2830909727 1412726020.94
28.3291338457 1412726021.27
28.3275927888 1412726021.7
28.3177841778 1412726022.05
28.4425480789 1412726022.35
28.3523939115 1412726022.67
28.467270136 1412726022.98
28.3777662071 1412726023.29
28.4233302603 1412726023.6
28.5272340816 1412726023.92
28.555069651 1412726024.23
28.5732820653 1412726024.53
28.5961304812 1412726024.84
28.5969439354 1412726025.15
28.5844266603 1412726025.45
28.5818465039 1412726025.77
28.4213107943 1412726026.07
28.4356323685 1412726026.4
28.0232098649 1412726026.74
28.0247521514 1412726027.08
28.0195072259 1412726027.39
28.0114209725 1412726027.7
28.0335983968 1412726028.02
28.0171662576 1412726028.43
28.0060260191 1412726028.83
27.9955797702 1412726029.24
28.0091830373 1412726029.57
27.9857260693 1412726029.95
27.9608665631 1412726030.29
27.5723725642 1412726030.7
27.5223737882 1412726031.06
27.4683399499 1412726031.44
27.5962763824 1412726031.77
27.5513456174 1412726032.09
27.3307253556 1412726032.44
27.2464044826 1412726032.77
27.167707406 1412726033.1
27.106598004 1412726033.43
27.021669137 1412726033.75
26.6309212831 1412726034.06
26.5993049113 1412726034.41
26.5737581416 1412726034.73
26.1861312045 1412726035.04
26.0738844363 1412726035.38
25.8544908747 1412726035.73
25.7728937375 1412726036.07
