78.9107319538 1412722279.68
80.127554562 1412722279.81
78.5538749414 1412722279.93
78.498093904 1412722280.07
78.0578979077 1412722280.21
78.3155385778 1412722280.35
78.6387082105 1412722280.48
79.7695206572 1412722280.63
80.3849010573 1412722280.75
79.6407835941 1412722280.91
77.8427060436 1412722281.12
76.7124408578 1412722281.28
73.5111295802 1412722281.43
70.9184409819 1412722281.56
66.5988562534 1412722281.75
65.4967230663 1412722281.89
64.8869742256 1412722282.06
63.5510686022 1412722282.19
62.862114203 1412722282.35
62.9430995705 1412722282.5
62.0794045908 1412722282.63
61.1239713732 1412722282.76
60.400217494 1412722282.88
60.1817784241 1412722283.02
59.6716100046 1412722283.15
59.1709181906 1412722283.3
58.8030644884 1412722283.42
58.5272131757 1412722283.54
58.057069431 1412722283.68
57.6955095224 1412722283.83
57.6045668094 1412722283.98
57.1945065942 1412722284.11
56.8028052395 1412722284.26
55.994783772 1412722284.38
55.7650009691 1412722284.52
55.4106093469 1412722284.66
55.5548499508 1412722284.82
55.1134713361 1412722284.94
54.9716710096 1412722285.07
54.9179771065 1412722285.18
54.4737264365 1412722285.31
54.3842473883 1412722285.44
54.2559418068 1412722285.58
53.8331188242 1412722285.71
53.7564683828 1412722285.84
53.7118827948 1412722285.96
53.5247370362 1412722286.09
53.2799422968 1412722286.23
53.2150324681 1412722286.38
53.3400798253 1412722286.51
52.8647390794 1412722286.63
52.8054481335 1412722286.75
52.7894310301 1412722286.93
52.7337911454 1412722287.08
52.5298147665 1412722287.21
51.9951055119 1412722287.4
51.5991905758 1412722287.55
51.4892530191 1412722287.71
51.0478089785 1412722287.88
51.086692294 1412722288.01
51.0095127415 1412722288.13
51.1839317748 1412722288.25
50.5105084014 1412722288.41
50.3553383335 1412722288.57
49.5552760136 1412722288.71
49.0973412125 1412722288.85
48.5003194216 1412722288.99
48.1743729561 1412722289.15
48.277636032 1412722289.29
47.8033669937 1412722289.41
47.2059087793 1412722289.54
46.9959457069 1412722289.69
46.8468463839 1412722289.85
46.4970553915 1412722289.99
46.1303822148 1412722290.12
45.7659072416 1412722290.23
45.6495855671 1412722290.37
45.6441457459 1412722290.49
45.4291289816 1412722290.62
45.1892255002 1412722290.78
45.6658364468 1412722290.95
45.2716973066 1412722291.07
45.1612699082 1412722291.21
44.7331603195 1412722291.35
44.7525219714 1412722291.5
44.6730596307 1412722291.67
45.056730553 1412722291.82
44.4594364089 1412722291.97
44.408785161 1412722292.21
44.3264624043 1412722292.36
44.3812500987 1412722292.48
44.3206052559 1412722292.71
44.2588623947 1412722292.85
44.240293731 1412722292.97
44.6076095589 1412722293.11
44.5827370173 1412722293.3
44.5565272149 1412722293.44
44.5289109121 1412722293.56
44.4805030566 1412722293.71
44.4496026185 1412722293.91
44.3139417558 1412722294.04
44.239948853 1412722294.18
44.3123805979 1412722294.33
44.2844735714 1412722294.47
44.2564292795 1412722294.6
43.7788652553 1412722294.76
43.6790723386 1412722294.95
43.5783995122 1412722295.14
43.4766361789 1412722295.29
43.5868102109 1412722295.42
43.389889182 1412722295.56
43.4054278441 1412722295.76
43.1405989093 1412722295.93
42.9987029499 1412722296.07
42.9107515426 1412722296.18
43.4474774775 1412722296.3
43.3086053648 1412722296.48
43.2468078715 1412722296.65
43.1484412368 1412722296.78
43.4195072528 1412722296.95
43.1712677685 1412722297.08
43.0305397862 1412722297.22
42.8685837741 1412722297.41
42.6067906382 1412722297.58
42.4471506198 1412722297.69
42.4390615914 1412722297.82
42.7063095642 1412722297.98
42.9736826158 1412722298.11
42.6654817046 1412722298.24
42.3254237585 1412722298.37
42.1395625096 1412722298.52
41.7000561493 1412722298.64
41.7543999575 1412722298.77
41.685822655 1412722298.89
41.3962824204 1412722299.05
40.9981348027 1412722299.18
40.3969197896 1412722299.32
40.2083140744 1412722299.47
39.7783960778 1412722299.61
39.6252907319 1412722299.78
39.3882174003 1412722299.92
39.1495273936 1412722300.04
39.0944162593 1412722300.17
39.128432387 1412722300.29
38.9879441599 1412722300.4
38.8072378945 1412722300.52
38.4110778119 1412722300.64
38.3236727175 1412722300.75
38.5086859283 1412722300.86
38.106501791 1412722301.02
38.0063969678 1412722301.15
37.9062676792 1412722301.28
37.8843654866 1412722301.41
37.8114308709 1412722301.51
37.7383617416 1412722301.62
37.6652269072 1412722301.74
37.5652833517 1412722301.87
37.2938081949 1412722302.0
36.954844896 1412722302.1
37.2809343856 1412722302.21
37.2463051732 1412722302.33
37.2117613361 1412722302.47
37.1768527328 1412722302.59
37.1397725302 1412722302.71
37.0149651603 1412722302.84
36.9718459573 1412722302.96
36.7081816903 1412722303.22
36.6808616789 1412722303.53
36.6533974251 1412722303.79
36.6257581014 1412722304.19
36.5980101901 1412722304.52
36.6791404301 1412722304.75
36.6529703395 1412722304.92
36.6266951851 1412722305.15
36.6003503326 1412722305.29
36.5739501034 1412722305.44
36.4289618249 1412722305.56
36.392572522 1412722305.68
36.0681652878 1412722305.8
36.0525369714 1412722305.91
36.0368981675 1412722306.09
36.0212064697 1412722306.23
36.0055961266 1412722306.37
35.9897844378 1412722306.48
35.9739737434 1412722306.61
35.9581492846 1412722306.77
35.9422235584 1412722306.9
35.9262739947 1412722307.02
35.9103197927 1412722307.15
35.8942221953 1412722307.28
36.1295972164 1412722307.41
36.1242911532 1412722307.52
36.1189514409 1412722307.64
36.1136163689 1412722307.76
36.1084255064 1412722307.88
36.1031923151 1412722307.99
36.0980900264 1412722308.12
36.0929297024 1412722308.24
36.0878919958 1412722308.44
36.0828231662 1412722308.58
