74.440196299 1412722768.98
72.2887439123 1412722769.08
71.7395526895 1412722769.16
69.2473021116 1412722769.26
67.2775857285 1412722769.37
65.4014902515 1412722769.54
64.0660601172 1412722769.68
62.8457093223 1412722769.85
61.5452241512 1412722769.96
60.3822093381 1412722770.1
59.6142226522 1412722770.22
57.7799242777 1412722770.32
55.4014952314 1412722770.41
54.7043571613 1412722770.53
54.0591310372 1412722770.63
54.441872948 1412722770.75
54.1990534301 1412722770.83
54.1175462316 1412722770.92
54.3567101475 1412722771.02
53.2536562608 1412722771.12
52.7991455553 1412722771.22
51.9893942942 1412722771.31
52.0754422728 1412722771.4
51.9701654964 1412722771.48
51.3389142438 1412722771.58
51.0759888729 1412722771.68
50.5828083316 1412722771.79
50.2384293073 1412722771.88
49.8642501104 1412722772.0
49.6775605734 1412722772.13
48.9685353282 1412722772.2
49.0776112706 1412722772.29
48.7925408335 1412722772.39
48.8677037905 1412722772.46
47.7485311646 1412722772.55
47.2148409935 1412722772.63
46.1264461853 1412722772.72
46.1533642404 1412722772.82
45.916958039 1412722772.91
46.0866765727 1412722773.02
45.5718651634 1412722773.12
44.1208481419 1412722773.23
43.7588283801 1412722773.32
43.6243374066 1412722773.41
43.9719842941 1412722773.5
43.8702833045 1412722773.59
44.0596197812 1412722773.69
43.9632433887 1412722773.78
43.5169874534 1412722773.87
44.8352916171 1412722773.97
44.6144364218 1412722774.05
45.369179137 1412722774.15
44.7851328586 1412722774.25
44.6835741964 1412722774.34
44.4686240433 1412722774.42
44.3805649022 1412722774.51
44.2946072181 1412722774.59
44.5537947489 1412722774.7
44.825164488 1412722774.78
43.6622919753 1412722774.86
43.674074328 1412722774.94
43.6861467916 1412722775.03
43.6984294836 1412722775.11
43.8432597247 1412722775.22
43.8765593177 1412722775.33
43.8987721208 1412722775.44
43.921656586 1412722775.54
44.4094345381 1412722775.63
43.8841102763 1412722775.73
44.4976947921 1412722775.82
44.9965422182 1412722775.93
45.042901278 1412722776.07
45.0300425269 1412722776.18
44.5599094159 1412722776.27
45.2867451053 1412722776.35
45.4812774039 1412722776.44
45.2901492409 1412722776.54
45.4662058693 1412722776.63
45.4458914097 1412722776.73
45.5217268235 1412722776.82
45.3357379912 1412722776.9
45.3921544571 1412722776.98
45.45042115 1412722777.07
45.5461097476 1412722777.16
45.8578672704 1412722777.24
45.8512819837 1412722777.34
45.8451582884 1412722777.44
45.8392926741 1412722777.54
45.8338407871 1412722777.62
45.8482931695 1412722777.7
46.0284229794 1412722777.79
45.4012781362 1412722777.87
45.4295953514 1412722777.97
45.4568820079 1412722778.07
45.4830884424 1412722778.16
45.5084221897 1412722778.24
45.5327315442 1412722778.33
45.5561149468 1412722778.43
45.2420752481 1412722778.52
45.9787135668 1412722778.62
46.0892928711 1412722778.73
46.5023099375 1412722778.82
46.1695400259 1412722778.91
46.2483745839 1412722779.0
46.5527250726 1412722779.12
46.330089669 1412722779.22
46.1574572202 1412722779.33
46.1754836884 1412722779.4
46.4051229364 1412722779.51
46.0818898207 1412722779.6
46.3604925741 1412722779.7
46.062886987 1412722779.78
46.3001844543 1412722779.88
46.0843841274 1412722779.97
46.6720555048 1412722780.07
46.9921824424 1412722780.19
47.1264262048 1412722780.31
47.7935525477 1412722780.45
47.7725349211 1412722780.59
47.5519139396 1412722780.7
47.8235445013 1412722780.81
48.0150288354 1412722780.93
48.2674952046 1412722781.05
48.2165593589 1412722781.14
49.2461344352 1412722781.24
50.8320365846 1412722781.36
51.303905929 1412722781.46
53.1143697658 1412722781.6
54.3124307634 1412722781.72
55.6389010718 1412722781.83
55.1982063769 1412722781.92
54.7265342474 1412722782.05
55.3396653794 1412722782.15
54.673258468 1412722782.25
56.2601007949 1412722782.36
55.3524180384 1412722782.47
55.0111056148 1412722782.58
54.381429042 1412722782.69
56.8493120383 1412722782.8
57.8955109086 1412722782.89
57.2045078155 1412722783.02
58.8421688027 1412722783.12
60.2987676182 1412722783.22
60.8873061419 1412722783.36
61.0772559508 1412722783.5
61.2831039796 1412722783.62
61.8474362637 1412722783.73
62.0447309304 1412722783.83
62.1804781697 1412722783.95
62.7834329089 1412722784.07
63.9289569896 1412722784.17
63.3968368684 1412722784.3
63.676850897 1412722784.44
63.9369108837 1412722784.57
65.1782981093 1412722784.67
65.2886512556 1412722784.78
65.2562816378 1412722784.88
65.4481899851 1412722784.99
65.9578415687 1412722785.11
65.8009467857 1412722785.23
66.0504055649 1412722785.35
66.5974504515 1412722785.47
66.5455281718 1412722785.59
67.1272263838 1412722785.71
68.3629450239 1412722785.84
68.8754972618 1412722785.95
69.7307462807 1412722786.06
68.4210818424 1412722786.17
66.8675503291 1412722786.3
67.3780102441 1412722786.42
66.4829277863 1412722786.54
66.6756204993 1412722786.66
66.1648187936 1412722786.81
66.8907481012 1412722786.96
67.4199873265 1412722787.11
67.7365032481 1412722787.31
66.2531971692 1412722787.46
66.5653338081 1412722787.58
67.1325839398 1412722787.73
67.3531251873 1412722787.86
66.6675149139 1412722788.02
66.5707857877 1412722788.17
66.8213524384 1412722788.31
68.000251624 1412722788.46
66.4692874731 1412722788.61
66.7647296294 1412722788.81
66.6565317131 1412722788.98
68.1062569205 1412722789.15
68.0263631296 1412722789.28
67.6473820567 1412722789.42
67.5867645114 1412722789.55
68.475563795 1412722789.71
69.0038395511 1412722789.87
69.4513668039 1412722790.05
69.7465981971 1412722790.21
69.5457058385 1412722790.36
70.1377723594 1412722790.5
70.0278044753 1412722790.62
70.0010991492 1412722790.74
119.879081503 1412722790.89
