27.2627724243 1412723396.95
27.1150547547 1412723397.25
27.0132507449 1412723397.57
26.9614817064 1412723397.86
26.5421926329 1412723398.16
26.0277574355 1412723398.47
25.8218296024 1412723398.77
25.3500003455 1412723399.09
25.3563812854 1412723399.4
24.9230625572 1412723399.71
24.894941542 1412723400.0
24.9762127344 1412723400.26
24.3144889119 1412723400.58
24.0851517213 1412723400.88
24.1029729971 1412723401.19
24.1532207404 1412723401.48
24.2529748011 1412723401.77
24.2152993947 1412723402.05
24.0964392545 1412723402.35
24.1135132824 1412723402.66
23.7916437732 1412723402.98
23.5051573785 1412723403.26
23.2364784812 1412723403.57
23.4080302076 1412723403.86
22.8684257484 1412723404.16
22.4832101745 1412723404.48
22.3224743529 1412723404.8
22.1261206563 1412723405.1
21.5745210656 1412723405.43
20.8581599627 1412723405.8
20.4549609945 1412723406.13
20.1694701404 1412723406.5
19.985106139 1412723406.85
19.593008681 1412723407.14
19.2646520423 1412723407.45
19.1502890036 1412723407.76
19.0731035649 1412723408.07
18.8243167537 1412723408.38
18.8583206284 1412723408.69
18.519378799 1412723409.01
18.6384704203 1412723409.35
18.4761394699 1412723409.69
17.9637132507 1412723410.05
18.0673455211 1412723410.39
17.7094250094 1412723410.71
18.054027246 1412723411.04
18.1444033565 1412723411.37
18.2000109342 1412723411.69
18.2435389875 1412723412.03
18.2516504976 1412723412.36
18.1524820604 1412723412.72
18.011705183 1412723413.07
17.9959927819 1412723413.45
17.7487068435 1412723413.79
17.7174625149 1412723414.15
17.6574345124 1412723414.48
17.6663858216 1412723414.83
17.6454657377 1412723415.19
17.4166214033 1412723415.59
17.4404141827 1412723415.96
17.6200175105 1412723416.29
17.7168547419 1412723416.65
17.6768040061 1412723416.99
17.8439278778 1412723417.36
17.723027329 1412723417.71
17.9006044583 1412723418.03
17.7907533946 1412723418.38
17.676054983 1412723418.71
17.5266352466 1412723419.05
17.53029406 1412723419.38
17.5415550389 1412723419.7
17.5315984037 1412723420.03
17.6707233472 1412723420.31
17.6683244689 1412723420.6
17.6902190299 1412723420.86
17.7578604332 1412723421.17
17.8889302191 1412723421.48
17.7953326139 1412723421.75
17.8678425663 1412723422.05
17.7621096717 1412723422.34
17.961402448 1412723422.65
17.7393872016 1412723422.93
17.9358480613 1412723423.23
17.8294112074 1412723423.54
17.7631713815 1412723423.86
17.8264697153 1412723424.19
17.8725824873 1412723424.49
17.7606954708 1412723424.78
17.6843083236 1412723425.07
17.6296835726 1412723425.37
17.5935633752 1412723425.67
17.5255951991 1412723425.96
17.4337207839 1412723426.25
17.7599203817 1412723426.56
17.7692033236 1412723426.85
17.7150549748 1412723427.13
17.6359957029 1412723427.45
17.8030216582 1412723427.77
17.5378122754 1412723428.08
17.6938662439 1412723428.38
17.6608138706 1412723428.69
17.5191369549 1412723429.01
17.500723956 1412723429.32
17.4996251607 1412723429.62
17.4182580637 1412723429.92
17.5601850595 1412723430.26
17.4973574772 1412723430.57
17.4212291675 1412723430.89
17.4568753669 1412723431.19
17.3372509001 1412723431.49
17.1490434564 1412723431.81
17.0911450128 1412723432.12
17.2540542008 1412723432.44
17.2387749875 1412723432.76
17.3284268981 1412723433.05
17.0370725101 1412723433.35
17.1061527864 1412723433.68
17.0835768694 1412723434.0
16.8424590784 1412723434.33
16.7148681108 1412723434.74
16.7219003397 1412723435.05
16.6332099445 1412723435.43
16.6428561791 1412723435.78
16.4471429944 1412723436.07
16.4305599251 1412723436.38
16.2762314228 1412723436.68
16.3448429082 1412723437.01
16.5208456528 1412723437.32
16.4561659638 1412723437.63
16.4400487185 1412723437.95
16.4313932646 1412723438.27
16.4434604081 1412723438.59
16.4995075618 1412723438.95
16.4759210789 1412723439.25
16.4178528505 1412723439.56
16.4123738549 1412723439.85
16.5951753953 1412723440.15
16.6061258316 1412723440.5
16.4613229379 1412723440.79
16.4389752373 1412723441.13
16.4369326667 1412723441.45
16.3880233662 1412723441.76
16.3190021096 1412723442.08
16.3149253546 1412723442.39
16.3229669317 1412723442.73
16.3484248146 1412723443.04
16.2631076772 1412723443.34
16.2534070739 1412723443.64
16.2585057998 1412723443.95
16.2673232431 1412723444.28
16.2735867797 1412723444.6
16.2631141539 1412723444.92
16.270360375 1412723445.26
16.198106414 1412723445.58
16.1872683366 1412723445.88
16.090200027 1412723446.26
16.094467317 1412723446.65
16.0516784984 1412723447.04
16.0566030658 1412723447.45
16.0939146695 1412723447.84
16.1751687064 1412723448.23
16.0940606166 1412723448.7
16.1231085045 1412723449.12
16.1293023992 1412723449.54
16.2352884839 1412723449.96
16.1798011019 1412723450.38
16.1838884175 1412723450.79
16.1882562308 1412723451.22
16.1929492231 1412723451.65
16.1780567661 1412723452.08
16.2050734232 1412723452.48
16.197708455 1412723452.83
16.1903273339 1412723453.2
16.1829500323 1412723453.56
16.136877932 1412723453.9
16.0811953893 1412723454.26
16.078884292 1412723454.59
16.0431372781 1412723454.95
16.0405441272 1412723455.28
16.0435693785 1412723455.59
16.0467241555 1412723455.9
16.0499630011 1412723456.23
16.0998129357 1412723456.54
16.045088803 1412723456.86
16.0485610214 1412723457.18
16.0490324708 1412723457.51
16.0495277432 1412723457.85
15.9652871893 1412723458.17
15.9646330019 1412723458.5
15.9639891483 1412723458.81
15.934490316 1412723459.13
15.9335268235 1412723459.45
15.9325186049 1412723459.77
15.9314856311 1412723460.09
15.9303962363 1412723460.42
15.9292372668 1412723460.75
15.8760197721 1412723461.06
15.872194499 1412723461.41
15.8683174097 1412723461.73
15.8643826701 1412723462.04
