55.3490027623 1412728235.84
53.8920103364 1412728236.54
53.5503753726 1412728237.28
53.3703532451 1412728237.99
52.8124973798 1412728238.76
52.2621435054 1412728239.47
51.4686639366 1412728240.26
49.5226512128 1412728241.14
48.088279502 1412728242.02
47.9189369729 1412728242.77
46.8715304662 1412728243.62
46.2729341835 1412728244.68
46.5435248782 1412728245.58
45.8609440385 1412728246.48
44.1677017375 1412728247.44
43.7953738179 1412728248.31
43.5243676674 1412728249.28
43.1978578921 1412728250.32
43.1203330218 1412728251.58
43.031770938 1412728252.81
42.8556809081 1412728254.03
42.8524390798 1412728255.01
42.5451798239 1412728255.84
42.1142557024 1412728256.63
42.1388207167 1412728257.39
41.5770148195 1412728258.08
41.2988116036 1412728258.8
41.4447151501 1412728259.47
41.0000453246 1412728260.16
40.9040541264 1412728260.89
41.0004674453 1412728261.53
40.8498683459 1412728262.2
40.5171361153 1412728262.86
40.1993772874 1412728263.54
39.8743315016 1412728264.26
39.8584852459 1412728264.96
39.6200010496 1412728265.68
39.5640903353 1412728266.38
39.2925618539 1412728267.07
39.2054907498 1412728267.79
39.1635411734 1412728268.51
38.960929264 1412728269.22
38.9738298439 1412728269.99
39.0698495141 1412728270.74
39.1265446007 1412728271.52
39.2163094254 1412728272.3
39.4108388298 1412728273.0
39.163364805 1412728273.73
39.3431129962 1412728274.44
39.2708705293 1412728275.2
39.2501947195 1412728275.94
39.4113851853 1412728276.68
39.3595653194 1412728277.42
39.3752290116 1412728278.18
39.2184136847 1412728278.94
39.1059690701 1412728279.72
38.991848671 1412728280.44
39.2081607919 1412728281.2
39.3543117557 1412728281.97
39.6247885687 1412728282.71
39.5449997189 1412728283.52
39.4673379237 1412728284.29
39.6114017702 1412728285.07
39.5451463316 1412728285.85
39.6108291647 1412728286.64
39.4778109907 1412728287.4
39.5722354778 1412728288.17
39.6694345709 1412728288.9
39.7041256782 1412728289.68
39.7480962919 1412728290.44
39.818554019 1412728291.18
39.7320282514 1412728291.93
39.7641766763 1412728292.69
39.7380451648 1412728293.44
39.7373650995 1412728294.17
39.710745915 1412728294.91
39.7048348991 1412728295.64
39.6414914737 1412728296.35
39.6278859602 1412728297.09
39.5748113953 1412728297.82
39.5027589537 1412728298.57
39.5902220688 1412728299.31
39.6674026776 1412728300.04
39.6501955465 1412728300.78
39.6405826811 1412728301.53
39.700305559 1412728302.28
39.7160842039 1412728303.01
39.7782989702 1412728303.79
39.7850445663 1412728304.51
39.7623131553 1412728305.25
39.8272576149 1412728306.0
39.9151158905 1412728306.76
39.9669633164 1412728307.55
39.919679037 1412728308.3
39.9349113229 1412728309.05
39.9066145648 1412728309.84
39.9823113738 1412728310.62
39.8705772989 1412728311.38
39.8676242076 1412728312.11
39.897904454 1412728312.9
39.8900570789 1412728313.68
39.8909558343 1412728314.47
39.8827832387 1412728315.24
39.8837219734 1412728316.05
39.8511768239 1412728316.85
39.8521005176 1412728317.65
39.8327897434 1412728318.44
39.7989399645 1412728319.21
39.8454145765 1412728319.95
39.8508484035 1412728320.72
39.8328917414 1412728321.47
39.8767859692 1412728322.27
39.865508656 1412728323.03
39.8541747012 1412728323.76
39.8233789294 1412728324.54
39.9205716088 1412728325.3
39.9755625956 1412728326.1
40.0087284739 1412728326.88
40.0101835856 1412728327.62
40.0024797045 1412728328.42
39.9931111732 1412728329.16
40.0588371665 1412728329.92
40.1042264051 1412728330.7
40.0497767819 1412728331.47
40.0361624192 1412728332.23
40.0234381851 1412728333.0
40.0108704953 1412728333.78
40.0006280161 1412728334.55
39.9884415257 1412728335.3
40.0282159602 1412728336.08
40.0271132569 1412728336.85
40.0219462285 1412728337.6
40.0207226538 1412728338.39
40.0170636454 1412728339.18
40.0494407889 1412728339.96
40.0076494278 1412728340.72
40.0089497938 1412728341.48
40.0119763107 1412728342.26
40.0001996493 1412728343.04
39.981767566 1412728343.8
39.983981907 1412728344.59
40.0013537628 1412728345.34
39.9785229424 1412728346.12
39.9735800583 1412728346.89
39.968815148 1412728347.63
39.9911959513 1412728348.4
39.9930958505 1412728349.16
40.0305397657 1412728349.93
40.0242733994 1412728350.7
40.0279827191 1412728351.49
40.0319037452 1412728352.23
40.0261808515 1412728353.01
40.0470536145 1412728353.8
40.0963969582 1412728354.56
40.0842921564 1412728355.33
40.0725729893 1412728356.1
40.061263695 1412728356.91
39.9942165492 1412728357.69
39.9934955882 1412728358.48
39.9931449107 1412728359.23
39.979618967 1412728360.0
39.9750377671 1412728360.76
39.9707753719 1412728361.51
39.9667018635 1412728362.29
39.9630428971 1412728363.07
39.9638337908 1412728363.84
39.99517939 1412728364.64
39.9880653752 1412728365.39
39.9861036614 1412728366.16
39.9797085067 1412728366.93
39.9736551674 1412728367.65
39.9978082645 1412728368.42
40.021416964 1412728369.19
40.0210875122 1412728369.94
40.0270191564 1412728370.71
39.9953186073 1412728371.47
40.0155109378 1412728372.25
40.0353825959 1412728373.03
40.0599766617 1412728373.82
40.051658275 1412728374.56
40.0668941534 1412728375.29
40.0560635813 1412728376.03
40.1610523451 1412728376.79
40.1715431401 1412728377.57
40.0728762819 1412728378.37
40.2075798473 1412728379.19
40.1676855606 1412728380.03
40.151089644 1412728380.76
40.1065062673 1412728381.57
39.984893447 1412728382.46
40.029907626 1412728383.29
39.9884981622 1412728384.13
40.0338907699 1412728384.92
40.028644896 1412728385.76
39.9853504779 1412728386.53
40.0306753596 1412728387.3
40.047703253 1412728388.07
40.0068608099 1412728388.87
40.0530324923 1412728389.63
40.0682236774 1412728390.42
