49.068267164 1412723103.05
48.7012253379 1412723103.35
48.8298886221 1412723103.63
49.1538013015 1412723103.94
48.980956375 1412723104.24
49.0884874762 1412723104.57
49.2482161124 1412723104.87
49.3261464228 1412723105.2
48.2163558145 1412723105.49
48.5377051251 1412723105.78
48.5027498151 1412723106.09
48.8250282872 1412723106.38
49.2445161827 1412723106.67
49.523782387 1412723107.0
49.2768280273 1412723107.27
48.5649276738 1412723107.56
48.0858304062 1412723107.84
48.1366319505 1412723108.14
47.8321779486 1412723108.43
47.1577411592 1412723108.73
46.3021598544 1412723109.05
45.8726048028 1412723109.36
45.1912702761 1412723109.69
44.9896579505 1412723110.05
44.7120575371 1412723110.38
44.7005433312 1412723110.69
44.2037535445 1412723111.02
43.8229607142 1412723111.3
43.7512775823 1412723111.55
43.7668587149 1412723111.8
44.6389014118 1412723112.11
45.3869607248 1412723112.43
45.6009666046 1412723112.73
45.8531029033 1412723113.04
46.3273659707 1412723113.32
46.6451978308 1412723113.65
47.0447065939 1412723114.02
47.1179649008 1412723114.42
47.3696677288 1412723114.79
47.9922584932 1412723115.16
48.556006223 1412723115.53
48.643984348 1412723115.88
49.0210753928 1412723116.23
48.8437777336 1412723116.61
48.9286426942 1412723116.96
48.989345491 1412723117.3
49.5839792451 1412723117.84
49.9641977916 1412723118.21
49.8448513783 1412723118.54
49.8437738704 1412723118.87
50.0818316276 1412723119.19
50.3551266128 1412723119.54
50.702385404 1412723119.89
51.0494887442 1412723120.23
50.9296762342 1412723120.59
51.1190809282 1412723120.94
51.3899714572 1412723121.26
51.2910804467 1412723121.63
51.6782030759 1412723121.96
51.4792625482 1412723122.29
51.6443568042 1412723122.63
51.4433322249 1412723123.01
51.7505799643 1412723123.32
51.8358733984 1412723123.69
51.7795823987 1412723124.01
51.9194243825 1412723124.34
52.2818880972 1412723124.66
52.3423292936 1412723124.97
52.5898279377 1412723125.32
52.7626771506 1412723125.67
52.9570343501 1412723126.03
52.7906078302 1412723126.37
52.7263143513 1412723126.77
52.8251437165 1412723127.13
52.6281157671 1412723127.45
52.4388558935 1412723127.77
52.4460229919 1412723128.08
52.5946403251 1412723128.4
52.4392131477 1412723128.67
52.1124829719 1412723128.97
52.631555619 1412723129.32
52.5707947398 1412723129.68
52.4774858473 1412723130.02
52.6017975376 1412723130.32
52.8119754054 1412723130.64
52.9447330782 1412723130.96
53.0031654934 1412723131.28
52.8294306671 1412723131.61
52.77810227 1412723131.94
53.5368846868 1412723132.29
53.5338644584 1412723132.6
53.7753354968 1412723132.94
53.9897490856 1412723133.25
54.4396043925 1412723133.58
54.6878960724 1412723133.91
54.7527311957 1412723134.24
54.8799202455 1412723134.53
54.838190363 1412723134.87
55.0078963717 1412723135.22
54.7197725435 1412723135.57
54.4716507417 1412723135.9
53.8112698585 1412723136.26
53.3630014771 1412723136.59
53.0506439394 1412723136.92
52.5204476917 1412723137.26
51.9601654436 1412723137.6
52.4342227222 1412723137.96
52.3251325852 1412723138.31
52.7173885167 1412723138.66
52.3570579503 1412723138.98
52.3803857134 1412723139.39
51.8474717149 1412723139.72
51.431044081 1412723140.1
50.5560331587 1412723140.44
50.3699767254 1412723140.77
49.737746812 1412723141.11
49.2121610696 1412723141.4
49.5223112733 1412723141.69
49.7971523241 1412723142.0
49.9783659489 1412723142.33
50.5709036728 1412723142.66
51.1970283405 1412723142.97
51.1711306907 1412723143.29
50.6332403186 1412723143.63
50.3206459599 1412723143.99
50.0681234151 1412723144.32
49.9780671132 1412723144.66
49.3016531787 1412723144.99
49.756694975 1412723145.31
49.598512683 1412723145.63
49.1087418007 1412723145.96
49.0076090735 1412723146.27
49.1247395888 1412723146.6
49.2108534709 1412723146.96
49.3815034145 1412723147.28
49.53055223 1412723147.58
49.2796242867 1412723147.9
49.2202498468 1412723148.21
49.1849121503 1412723148.73
49.1903444819 1412723149.08
49.2133823684 1412723149.42
49.3499463222 1412723149.74
49.2165295209 1412723150.02
49.4064618477 1412723150.34
49.5981062074 1412723150.67
49.7608125056 1412723151.02
49.8369094858 1412723151.37
49.9907160267 1412723151.73
50.0552913255 1412723152.07
50.2222235418 1412723152.4
50.0639585594 1412723152.75
50.1342724284 1412723153.1
50.220573271 1412723153.44
50.2965146405 1412723153.83
50.3683667149 1412723154.19
50.4245610805 1412723154.56
50.5163338717 1412723154.94
50.6097692258 1412723155.25
50.7278606899 1412723155.62
50.8134634525 1412723155.99
50.6245960681 1412723156.35
50.7200891943 1412723156.67
50.7754659914 1412723157.01
50.8392865266 1412723157.36
50.8833011226 1412723157.68
50.9427164329 1412723158.05
51.0534513169 1412723158.42
50.9958949268 1412723158.75
51.099147289 1412723159.06
51.1246035276 1412723159.36
51.1001821827 1412723159.7
51.1578807978 1412723160.02
51.0157434109 1412723160.36
51.0238526225 1412723160.7
51.0240354205 1412723161.01
50.9919093498 1412723161.33
50.9612999208 1412723161.65
50.9748724104 1412723161.93
50.9770894176 1412723162.29
50.986484947 1412723162.58
50.8080407889 1412723162.93
50.8224379121 1412723163.28
50.5452384295 1412723163.6
50.6013270379 1412723163.92
50.620739905 1412723164.24
50.7649505958 1412723164.57
50.746632249 1412723164.91
50.8551212474 1412723165.24
50.7805113739 1412723165.56
50.8126369638 1412723165.86
50.8450108051 1412723166.19
119.978326866 1412723166.51
119.889216307 1412723166.83
119.984082146 1412723167.13
119.983141832 1412723167.44
119.89692898 1412723167.8
120.319872827 1412723168.12
120.300630813 1412723168.47
120.275679802 1412723168.79
51.0416079755 1412723169.15
