22.0436314059 1412722816.19
23.4180227124 1412722816.34
24.5548393362 1412722816.48
25.3108219719 1412722816.6
26.1827207171 1412722816.75
27.1359238867 1412722816.88
27.6696138136 1412722817.01
28.0007052419 1412722817.18
28.6710136124 1412722817.32
28.9071886734 1412722817.47
29.0902197955 1412722817.59
29.1546352149 1412722817.73
28.9026351808 1412722817.86
28.6257566174 1412722817.98
27.8669851055 1412722818.11
27.4272793814 1412722818.23
27.0366408697 1412722818.38
26.7256579699 1412722818.49
26.4960215671 1412722818.65
26.3282820235 1412722818.77
26.2548886145 1412722818.9
25.7117558362 1412722819.03
25.6058567863 1412722819.17
25.3342092582 1412722819.33
25.6741780709 1412722819.44
25.2178581227 1412722819.61
25.7028986977 1412722819.77
25.3988997317 1412722819.89
25.8263768178 1412722819.99
25.5182689386 1412722820.08
25.6737373686 1412722820.18
25.1861598298 1412722820.3
25.8668606504 1412722820.41
25.0917840233 1412722820.56
25.377278312 1412722820.71
16.7896307612 1412722820.84
16.6217413303 1412722820.95
14.0777715862 1412722821.06
14.9916613529 1412722821.2
13.2907373909 1412722821.33
13.8047998645 1412722821.45
12.6408433545 1412722821.54
12.7831746163 1412722821.65
12.2929524432 1412722821.75
12.523026868 1412722821.85
11.9789708591 1412722821.97
12.0511674873 1412722822.06
12.3999200977 1412722822.15
11.9691145552 1412722822.25
11.9883390313 1412722822.32
12.0248135857 1412722822.39
11.6014943854 1412722822.51
11.5862498044 1412722822.61
11.7490836285 1412722822.73
12.0159497302 1412722822.81
11.8189814384 1412722822.91
12.0091842328 1412722823.0
11.7483742639 1412722823.13
11.6159656081 1412722823.27
11.6381916235 1412722823.38
11.5776354218 1412722823.51
11.6000335393 1412722823.62
11.5092988188 1412722823.74
11.3371677556 1412722823.85
11.1175740699 1412722823.95
11.1457888256 1412722824.06
10.9960635856 1412722824.18
11.005980731 1412722824.32
10.9670093867 1412722824.44
11.0063687228 1412722824.53
10.8569742226 1412722824.63
10.8293896359 1412722824.73
10.7128795895 1412722824.81
10.7166623616 1412722824.92
10.6848475687 1412722825.02
10.5069136337 1412722825.12
10.6419918048 1412722825.21
10.3614386985 1412722825.32
10.2899278274 1412722825.42
10.3063882047 1412722825.51
10.3485943419 1412722825.62
10.2785416344 1412722825.73
10.3137140509 1412722825.82
10.3319766917 1412722825.91
10.1900671638 1412722826.01
10.2039479301 1412722826.12
10.1783438384 1412722826.24
10.2654268166 1412722826.35
10.1988119571 1412722826.44
10.1623933411 1412722826.63
10.2157520518 1412722826.81
10.0789883502 1412722826.95
10.0750797713 1412722827.1
10.0856691816 1412722827.24
10.0956729763 1412722827.41
10.0922163465 1412722827.63
10.048584126 1412722828.06
10.0375741721 1412722828.31
10.052390944 1412722828.62
10.0091145522 1412722828.97
10.0193754192 1412722829.44
10.1462288185 1412722829.78
10.156964211 1412722830.01
10.0984439353 1412722830.19
10.0223824815 1412722830.35
10.0960488983 1412722830.49
10.1044011733 1412722830.61
10.0510861562 1412722830.71
10.0598484063 1412722830.81
10.0244197153 1412722830.94
10.0883861109 1412722831.07
10.0953415738 1412722831.2
10.0737020236 1412722831.32
10.080655403 1412722831.43
10.0873091945 1412722831.53
10.0734917173 1412722831.65
10.0801042137 1412722831.75
10.0865519614 1412722831.97
10.0927794532 1412722832.21
10.0988398111 1412722832.4
10.1046789983 1412722832.66
10.0159200179 1412722832.99
10.0264724921 1412722833.23
10.0311501406 1412722833.42
10.0357213564 1412722833.57
10.0401137779 1412722833.78
10.0444127929 1412722833.97
10.0504584972 1412722834.1
10.0544712122 1412722834.27
10.0438317673 1412722834.41
10.1143346196 1412722834.61
10.1171645373 1412722834.79
10.1198530745 1412722834.95
10.1223982581 1412722835.17
10.1248661489 1412722835.33
10.1271416955 1412722835.5
10.1293615833 1412722835.66
10.1314940494 1412722835.81
10.1334652449 1412722835.98
10.1590766588 1412722836.18
10.1599327102 1412722836.34
10.1606944356 1412722836.53
10.1613749558 1412722836.67
10.1620377087 1412722836.85
10.1582224582 1412722837.03
10.1588720285 1412722837.19
10.1595715113 1412722837.37
10.2276125874 1412722837.54
10.1329416666 1412722837.69
10.1343625947 1412722837.85
10.1356493078 1412722837.99
10.1368000368 1412722838.13
10.1379730118 1412722838.34
10.1389925272 1412722838.55
10.139949209 1412722838.78
10.1408405894 1412722838.93
10.1416590683 1412722839.05
10.1424303723 1412722839.22
10.143106837 1412722839.37
10.1437081916 1412722839.52
10.1442221591 1412722839.66
10.1447138556 1412722839.85
10.1451466502 1412722840.03
10.1455073922 1412722840.21
10.2931717375 1412722840.35
10.2924868569 1412722840.49
10.2917533191 1412722840.65
10.2910490571 1412722840.77
10.2903271582 1412722840.9
10.2894960985 1412722841.04
10.2126457881 1412722841.18
10.2154612915 1412722841.31
10.2142503144 1412722841.46
10.1875071605 1412722841.59
10.1901220768 1412722841.74
10.1892830345 1412722841.88
10.1918573031 1412722842.03
10.1690212372 1412722842.18
10.1723825136 1412722842.33
10.1718344381 1412722842.47
10.1712674284 1412722842.59
10.1744490332 1412722842.78
10.1738283958 1412722842.91
10.1732511738 1412722843.03
10.1761548615 1412722843.19
10.1755248023 1412722843.38
10.1749201682 1412722843.52
10.1776536308 1412722843.67
10.1770134092 1412722843.82
10.1797658365 1412722843.95
10.1790760769 1412722844.11
10.1782802268 1412722844.27
10.1808639738 1412722844.42
10.1801270638 1412722844.56
10.1826260532 1412722844.7
10.1818709476 1412722844.88
10.1843822829 1412722845.06
10.1835711959 1412722845.22
10.1860581124 1412722845.38
10.1852155298 1412722845.52
