38.7154121602 1412750814.29
38.4512202193 1412750815.88
39.234896006 1412750817.34
38.0278849314 1412750818.81
38.830745571 1412750820.25
38.463887469 1412750821.68
38.1370386589 1412750823.11
37.8575285997 1412750824.71
37.9350464185 1412750826.22
38.2077579698 1412750827.78
38.6818885318 1412750829.42
39.0053571869 1412750830.87
39.167878792 1412750832.29
39.1326730563 1412750833.8
39.2807892106 1412750835.29
39.2950708633 1412750836.81
39.3612703818 1412750838.29
39.1482331853 1412750839.83
39.0829546404 1412750841.36
38.6993711007 1412750842.96
38.6489622611 1412750844.5
38.603835716 1412750846.07
38.6585120255 1412750847.54
38.9431697566 1412750849.01
39.2423047574 1412750850.52
39.250895194 1412750852.01
39.4038937285 1412750853.46
39.4636311333 1412750854.92
39.549522069 1412750856.45
39.6664293795 1412750857.93
39.4995477438 1412750859.43
39.5381942437 1412750860.9
39.7123078377 1412750862.4
39.6599638221 1412750863.89
39.6878523732 1412750865.39
39.8180292275 1412750866.97
39.4912471728 1412750868.5
39.4656261522 1412750870.02
39.7341906434 1412750871.54
39.9475140001 1412750873.04
40.2207500019 1412750874.6
40.5318573604 1412750876.13
40.4634005336 1412750877.65
40.5095973067 1412750879.2
40.5975083551 1412750880.82
40.3515026456 1412750882.36
40.0806031654 1412750883.97
40.004338941 1412750885.57
39.8984342 1412750887.19
39.8533558418 1412750888.81
39.7715062263 1412750890.46
39.7145489646 1412750892.07
39.6346370671 1412750893.66
39.585799894 1412750895.31
39.4052159048 1412750896.97
39.1057933071 1412750898.54
38.9662483511 1412750900.09
39.012877693 1412750901.7
38.891589936 1412750903.28
38.9176359031 1412750904.86
39.3431981023 1412750906.52
39.3114507838 1412750908.11
39.3407126965 1412750909.74
39.2597158528 1412750911.37
39.3648077837 1412750913.01
39.1306019244 1412750914.65
39.3045685545 1412750916.25
39.5034348771 1412750917.88
39.7230285383 1412750919.47
39.7905290254 1412750921.07
39.6667675218 1412750922.74
39.7105425479 1412750924.4
39.7562283496 1412750926.01
39.839235192 1412750927.68
39.9813926704 1412750929.36
40.1390120436 1412750930.96
40.0544251996 1412750932.57
39.9865906565 1412750934.15
40.1255240801 1412750935.79
40.1133387065 1412750937.41
40.1913930184 1412750939.05
40.3254572117 1412750940.65
40.4877078371 1412750942.31
40.695192429 1412750943.96
40.8494422136 1412750945.66
41.1066785569 1412750947.29
41.3537924228 1412750949.0
41.4653785831 1412750950.81
41.599748824 1412750952.55
41.6054724942 1412750954.21
41.5570310945 1412750955.86
41.7166394232 1412750957.53
41.9142953131 1412750959.25
41.9337105245 1412750960.94
41.9402182766 1412750962.65
41.7610722984 1412750964.45
41.5872811562 1412750966.15
41.5509118264 1412750967.91
41.527728608 1412750969.66
41.7445173849 1412750971.39
41.7202772463 1412750973.1
41.7083326398 1412750974.85
41.6565001727 1412750976.69
41.618885313 1412750978.42
41.4746246131 1412750980.14
41.3487134768 1412750981.83
41.5406931628 1412750983.55
41.5338261065 1412750985.25
41.4419198036 1412750987.0
41.5071678325 1412750988.73
41.4843314167 1412750990.51
41.5341179726 1412750992.28
41.5380319971 1412750994.0
41.3592528905 1412750995.76
41.2527153475 1412750997.5
41.3598035533 1412750999.26
41.296487912 1412751001.02
41.0188550083 1412751002.75
41.2036791853 1412751004.58
41.0494039023 1412751006.34
41.2179839784 1412751008.14
41.2525132835 1412751009.94
41.2933403112 1412751011.75
41.0015721352 1412751013.53
41.1037804486 1412751015.32
41.2643663678 1412751017.1
41.2792277138 1412751018.9
41.440985036 1412751020.72
41.4041583071 1412751022.54
41.5345805709 1412751024.4
41.7646101761 1412751026.26
41.7423980633 1412751028.09
41.7459538174 1412751029.95
41.6724409913 1412751031.82
41.5484616313 1412751033.66
41.760359636 1412751035.5
41.9619076261 1412751037.37
41.8078586433 1412751039.22
41.9747132779 1412751041.08
42.0098128985 1412751042.93
42.0546302459 1412751044.79
42.091269254 1412751046.68
42.0237143992 1412751048.6
42.0204738977 1412751050.49
41.9448503819 1412751052.46
41.977224851 1412751054.38
42.0874619116 1412751056.32
42.0994829292 1412751058.25
42.1086782653 1412751060.13
42.1939261442 1412751062.1
42.1851139026 1412751064.03
41.9977766958 1412751066.03
41.9808039604 1412751068.06
42.6112154243 1412751069.99
42.7466274061 1412751071.93
42.7376952702 1412751073.96
42.8877383453 1412751076.01
42.6931261897 1412751078.05
42.6714736349 1412751080.11
42.4861677819 1412751082.24
42.5414607855 1412751084.34
42.5765093075 1412751086.37
42.5873587867 1412751088.43
42.6949351164 1412751090.49
42.4202833593 1412751092.52
42.3959746927 1412751094.58
42.4686287247 1412751096.6
42.361880144 1412751098.68
42.0095036103 1412751100.71
42.0613999595 1412751102.71
42.0265426746 1412751104.73
41.8282421637 1412751106.74
41.922112176 1412751108.83
41.900120976 1412751110.88
41.8715347456 1412751112.97
41.6564004017 1412751115.01
41.732597746 1412751117.13
41.7480059812 1412751119.27
41.8645145106 1412751121.42
41.7100980198 1412751123.51
41.7805767323 1412751125.59
41.6988982241 1412751127.71
41.7711786004 1412751129.74
41.7784747558 1412751131.86
41.8171843818 1412751133.98
41.8854406263 1412751136.07
41.8910245565 1412751138.23
41.9698741935 1412751140.37
41.9492217377 1412751142.51
41.950141019 1412751144.63
42.0124212152 1412751146.82
42.016861054 1412751148.93
41.9961063247 1412751151.09
42.0309245275 1412751153.21
42.0461085897 1412751155.36
42.0453619495 1412751157.45
42.0241252902 1412751159.56
41.9472788669 1412751161.7
41.9689113916 1412751163.85
42.0010656083 1412751165.95
