67.4093957381 1412722473.73
67.5985219273 1412722473.94
67.0390489905 1412722474.09
66.2926492888 1412722474.21
64.8865114236 1412722474.42
62.7875872442 1412722474.62
62.8485019111 1412722474.8
62.4163585175 1412722474.98
62.2129335244 1412722475.13
61.4047718957 1412722475.31
60.5724070027 1412722475.43
58.7276022697 1412722475.56
56.8732887939 1412722475.72
55.5039781722 1412722475.82
53.9434615389 1412722475.93
53.8943845714 1412722476.04
53.2583030193 1412722476.15
52.5947972508 1412722476.26
52.2032933055 1412722476.38
52.4761576032 1412722476.48
51.8669472207 1412722476.63
52.3026232138 1412722476.82
51.9359399733 1412722476.98
51.6684354047 1412722477.13
51.1288965559 1412722477.27
51.5655947534 1412722477.42
51.2968981771 1412722477.57
51.1035986036 1412722477.71
50.9163746752 1412722477.85
51.190432382 1412722478.01
51.1054366835 1412722478.17
50.6696471314 1412722478.34
50.479323276 1412722478.51
49.959000999 1412722478.69
49.6167610988 1412722478.85
49.3863589137 1412722479.02
49.6304575441 1412722479.2
50.5615078325 1412722479.36
50.8866021514 1412722479.51
50.8995647777 1412722479.65
50.7222470021 1412722479.82
50.9765898382 1412722479.97
50.8710037768 1412722480.11
51.181802541 1412722480.3
52.3257593323 1412722480.47
52.4279411835 1412722480.61
52.5815184528 1412722480.77
52.6289982832 1412722480.93
52.5919328923 1412722481.09
52.5212689519 1412722481.25
52.7715645969 1412722481.4
52.6772072046 1412722481.59
52.7775910881 1412722481.77
52.87931313 1412722481.94
52.9313412814 1412722482.11
52.9185949525 1412722482.33
53.1254851637 1412722482.54
53.2618164486 1412722482.72
53.5131437126 1412722482.9
53.5596555621 1412722483.07
52.9884800204 1412722483.27
53.404677061 1412722483.48
53.5064075642 1412722483.7
53.6602755509 1412722483.89
53.9140553226 1412722484.09
54.0971321326 1412722484.29
54.1416420773 1412722484.49
54.6253951997 1412722484.71
54.5108599011 1412722484.96
55.0295887288 1412722485.14
55.0691621366 1412722485.34
55.3482872805 1412722485.54
55.560526389 1412722485.77
56.8280775746 1412722485.95
56.8562845294 1412722486.13
56.7145336336 1412722486.31
56.7112682412 1412722486.48
55.2704151635 1412722486.63
55.8173271109 1412722486.87
55.9721144202 1412722487.05
56.6134247928 1412722487.23
57.1251759914 1412722487.39
57.1864622647 1412722487.57
56.8103928872 1412722487.8
57.2781533981 1412722488.0
58.0457213088 1412722488.22
58.2251095477 1412722488.42
58.4302968119 1412722488.64
58.9206513358 1412722488.85
58.947428961 1412722489.03
58.2751625441 1412722489.2
58.4094997003 1412722489.45
57.6461542961 1412722489.62
57.8037569842 1412722489.9
58.4733807968 1412722490.33
58.5885495788 1412722490.66
58.8669225274 1412722490.88
58.3326482526 1412722491.12
59.4563815971 1412722491.3
59.5701699504 1412722491.46
60.1435806654 1412722491.64
60.2312398682 1412722491.82
60.6833116653 1412722492.02
60.8393864202 1412722492.22
60.1157953225 1412722492.43
60.3692122335 1412722492.63
60.9581471786 1412722492.82
61.1631604677 1412722493.02
61.3520755438 1412722493.2
61.3129159453 1412722493.4
61.4409334501 1412722493.61
61.8378174942 1412722493.84
62.0977253528 1412722494.03
62.2500856703 1412722494.23
61.3098465215 1412722494.46
61.2437798054 1412722494.64
61.8649596497 1412722494.87
62.0197205839 1412722495.05
61.8969727316 1412722495.25
63.3139838138 1412722495.43
64.6131497075 1412722495.6
64.7384481156 1412722495.81
65.0007963582 1412722496.0
65.2348336923 1412722496.18
65.5172674331 1412722496.35
65.3025478202 1412722496.56
65.5172438115 1412722496.79
65.6539668778 1412722496.94
65.6661057224 1412722497.13
65.8250015251 1412722497.34
66.1233615656 1412722497.52
66.2794097026 1412722497.72
66.4614284932 1412722497.89
66.6577292125 1412722498.09
66.7076661718 1412722498.29
66.7256323692 1412722498.45
67.2064640889 1412722498.64
65.2758559492 1412722498.83
65.487780336 1412722499.03
65.7259253507 1412722499.22
65.88864262 1412722499.4
66.1325190119 1412722499.59
66.2996546074 1412722499.8
66.5496311877 1412722500.0
66.7207458374 1412722500.2
65.3640317455 1412722500.4
186.646752479 1412722500.63
66.4267861441 1412722500.83
66.6190930627 1412722501.04
66.8206504536 1412722501.25
67.0348897597 1412722501.43
67.1325162962 1412722501.62
67.4074278483 1412722501.81
69.0576706968 1412722502.0
69.3203527697 1412722502.18
69.6997675752 1412722502.37
69.7966672265 1412722502.56
69.2840603707 1412722502.77
70.2756626142 1412722502.98
71.2109393637 1412722503.17
71.7301107923 1412722503.36
72.1103107519 1412722503.56
72.399374612 1412722503.75
72.6459074808 1412722503.93
72.8056874385 1412722504.12
72.9890763702 1412722504.32
73.5029600744 1412722504.55
73.7968825479 1412722504.77
74.4448766777 1412722504.96
75.3134113187 1412722505.17
75.2410241063 1412722505.35
75.3852819862 1412722505.57
75.5413063554 1412722505.73
75.7090011676 1412722505.88
75.8898513616 1412722506.04
76.1291047728 1412722506.19
76.366494338 1412722506.34
76.6223268565 1412722506.49
76.8982315093 1412722506.65
77.4931020064 1412722506.91
77.9033067477 1412722507.08
78.3372235533 1412722507.32
77.3907365836 1412722507.52
77.9837074072 1412722507.69
78.6671040793 1412722507.92
79.3748677895 1412722508.13
79.7996049711 1412722508.36
80.0368342804 1412722508.59
80.3308694499 1412722508.79
81.0428744859 1412722508.97
81.3931501365 1412722509.19
82.4072200836 1412722509.41
83.3059170899 1412722509.59
82.5681291405 1412722509.83
83.4265792492 1412722510.02
83.8352551222 1412722510.23
83.9088594422 1412722510.51
83.9427655151 1412722510.71
83.9741624755 1412722510.91
84.0241264779 1412722511.16
