24.7203992619 1412722791.13
24.5174001594 1412722791.32
23.2091090928 1412722791.47
23.401549907 1412722791.63
22.5169526641 1412722791.75
21.7813414136 1412722791.87
21.1375155339 1412722791.99
20.7520302102 1412722792.1
20.9704988868 1412722792.2
21.1221786965 1412722792.29
21.5913583007 1412722792.4
22.2474220767 1412722792.5
21.9485429024 1412722792.61
21.2290132664 1412722792.71
21.2340857905 1412722792.8
20.5256794781 1412722792.9
19.8956247005 1412722793.01
19.756604414 1412722793.14
19.6467595721 1412722793.26
19.9023636526 1412722793.45
20.5211346057 1412722793.59
20.1157245665 1412722793.73
20.5983194174 1412722793.85
21.4001548527 1412722793.97
21.4243407747 1412722794.1
21.8802142854 1412722794.25
21.8174450512 1412722794.39
21.9603285395 1412722794.5
22.2256444141 1412722794.59
22.2017768624 1412722794.67
22.3129567382 1412722794.8
22.670198373 1412722794.93
22.8033518033 1412722795.06
22.6497058995 1412722795.18
22.8206266871 1412722795.31
22.8197471328 1412722795.43
22.5935143899 1412722795.57
22.4559147366 1412722795.7
22.6425685234 1412722795.85
22.665089407 1412722795.98
22.5980136936 1412722796.17
22.3936053109 1412722796.31
22.6472250789 1412722796.44
22.6385217023 1412722796.58
22.47190393 1412722796.71
22.5110637857 1412722796.83
22.4107526406 1412722796.97
22.3119286109 1412722797.16
22.2124526008 1412722797.32
22.3089815089 1412722797.45
22.195615225 1412722797.56
22.6270434993 1412722797.68
22.5123228664 1412722797.82
22.4378408115 1412722797.92
22.3622695806 1412722798.07
22.5066587397 1412722798.17
22.4450538523 1412722798.28
22.4290459303 1412722798.43
22.3636736464 1412722798.56
22.6442852012 1412722798.69
22.7437462559 1412722798.79
22.9031526866 1412722798.92
22.8144376236 1412722799.08
22.7627575422 1412722799.24
23.1680198537 1412722799.35
22.8726096132 1412722799.46
23.0043391957 1412722799.55
23.2883071921 1412722799.67
23.2306983132 1412722799.77
23.158184058 1412722799.89
23.1433020487 1412722800.0
23.0869560151 1412722800.11
23.0296703279 1412722800.23
22.9269297607 1412722800.34
23.1631536834 1412722800.44
22.9839704562 1412722800.57
22.9077619851 1412722800.75
22.8304831057 1412722800.94
22.8219113144 1412722801.08
22.7766111054 1412722801.24
22.7304638523 1412722801.35
22.6999068051 1412722801.47
22.6692597289 1412722801.6
22.6947611972 1412722801.7
22.6722780792 1412722801.79
22.6474668421 1412722801.89
22.622057224 1412722801.98
22.5961627484 1412722802.09
22.5690977493 1412722802.18
22.4982252007 1412722802.27
22.4660868135 1412722802.36
22.4341681163 1412722802.45
22.3999266424 1412722802.53
22.3990612489 1412722802.62
22.4505652367 1412722802.72
22.4145442575 1412722802.8
22.377184598 1412722802.88
22.3755824102 1412722802.97
22.3215577363 1412722803.08
22.2525896541 1412722803.17
22.1764263849 1412722803.26
21.9657706682 1412722803.37
21.8509460773 1412722803.47
21.7240467832 1412722803.58
21.2441883942 1412722803.68
21.1334736072 1412722803.8
21.0012164041 1412722803.92
20.8864330958 1412722804.03
20.6082755363 1412722804.13
20.4609561577 1412722804.22
20.2452399194 1412722804.32
20.0708515721 1412722804.43
19.9468826722 1412722804.51
19.7462768835 1412722804.6
19.632967171 1412722804.67
19.4413779206 1412722804.76
19.1418001062 1412722804.85
19.0450061521 1412722804.93
18.8652988219 1412722805.02
18.4462550897 1412722805.1
18.4104103911 1412722805.22
18.1657933587 1412722805.35
17.9963210914 1412722805.46
17.8001503474 1412722805.59
17.8433377419 1412722805.7
17.6726299498 1412722805.81
17.8991331981 1412722805.91
17.9336195734 1412722806.02
17.9563175163 1412722806.12
17.7663593833 1412722806.23
17.9664756822 1412722806.32
17.9409733706 1412722806.43
17.9040928841 1412722806.54
18.020748893 1412722806.67
17.9830602707 1412722806.78
18.1242830659 1412722806.89
18.2330763897 1412722807.01
18.0933109724 1412722807.15
18.2876681287 1412722807.3
18.5187460259 1412722807.44
18.843157378 1412722807.59
19.1625858191 1412722807.73
19.5076307794 1412722807.87
19.8749803572 1412722808.0
19.9556944392 1412722808.17
20.4399410655 1412722808.31
21.0141450738 1412722808.44
21.4044668918 1412722808.6
21.6828228442 1412722808.76
21.8238620247 1412722808.93
22.2155812353 1412722809.05
22.506455409 1412722809.19
22.3639494422 1412722809.31
22.2489141436 1412722809.42
22.4672152446 1412722809.54
22.2842300031 1412722809.67
22.4478188708 1412722809.79
22.38113024 1412722809.96
22.5201868234 1412722810.15
22.4584063806 1412722810.29
22.4981488857 1412722810.45
22.7378776556 1412722810.59
23.0355893082 1412722810.73
22.7724361287 1412722810.84
22.8260340706 1412722810.96
23.1465069035 1412722811.09
22.8561999329 1412722811.23
22.8360954293 1412722811.36
22.7743671998 1412722811.51
22.8082336145 1412722811.64
22.8595222438 1412722811.77
22.9564332252 1412722811.92
22.998018723 1412722812.04
22.9822724076 1412722812.17
22.9814769419 1412722812.27
22.9659289387 1412722812.39
22.9931684281 1412722812.51
22.9404049996 1412722812.64
22.9401685283 1412722812.77
22.940941277 1412722812.92
22.9382902053 1412722813.04
22.9473591586 1412722813.18
22.9568052529 1412722813.34
22.9624604574 1412722813.47
22.9726580722 1412722813.58
22.9671901561 1412722813.76
22.9741866837 1412722813.88
22.9568035394 1412722814.01
22.9975645496 1412722814.15
22.9817696124 1412722814.28
23.017354461 1412722814.43
23.0212828085 1412722814.56
23.0044141 1412722814.71
23.0008895101 1412722814.87
22.9883883193 1412722815.02
22.9663773232 1412722815.2
22.9571607223 1412722815.38
22.9493689808 1412722815.55
22.9618024446 1412722815.75
22.9540113835 1412722815.93
