10.6616275813 1412722442.93
62.7415086715 1412722443.14
40.5739225744 1412722443.34
40.8805987124 1412722443.52
50.8329845494 1412722443.72
50.2226567206 1412722443.9
49.6123862304 1412722444.09
50.3450697504 1412722444.25
50.198913898 1412722444.39
50.6939688874 1412722444.58
49.9715599584 1412722444.78
51.1830844124 1412722444.92
51.0446970181 1412722445.09
51.6281508552 1412722445.24
51.5599210493 1412722445.38
52.0600812584 1412722445.56
51.4752687886 1412722445.74
50.9794134918 1412722445.87
50.3464698361 1412722446.02
50.0050194049 1412722446.19
49.5681552781 1412722446.35
49.1105366269 1412722446.52
49.3380807764 1412722446.71
48.9387973366 1412722446.85
48.7071646215 1412722446.99
48.6122214808 1412722447.14
48.5635658407 1412722447.3
48.5195244898 1412722447.44
48.5118055878 1412722447.58
48.3808236803 1412722447.75
48.2407735864 1412722447.89
48.2133254644 1412722448.07
48.2846404148 1412722448.26
47.9819306542 1412722448.4
48.4231060393 1412722448.54
48.5036059773 1412722448.67
48.3575991828 1412722448.79
48.4188080126 1412722448.95
48.1685953273 1412722449.11
48.0082238504 1412722449.26
47.9521611302 1412722449.39
48.0608756177 1412722449.56
48.2126618339 1412722449.72
48.4552346451 1412722449.85
48.7169752801 1412722450.06
48.8325166026 1412722450.21
48.9846656867 1412722450.38
49.1190818402 1412722450.52
49.1950065285 1412722450.67
49.2523457957 1412722450.81
49.3269455861 1412722450.95
49.6275875404 1412722451.1
49.6759030248 1412722451.25
50.0983313203 1412722451.37
50.4615781189 1412722451.52
51.4949780915 1412722451.65
51.3863572746 1412722451.81
51.1644828791 1412722451.96
51.2981243137 1412722452.11
51.2275667342 1412722452.24
50.9250340935 1412722452.39
50.2620041086 1412722452.54
50.1475264691 1412722452.69
50.0080784128 1412722452.83
49.6666021465 1412722452.96
49.9641945945 1412722453.09
50.3088263334 1412722453.22
50.2614645919 1412722453.39
49.3653456043 1412722453.56
49.1764802362 1412722453.68
48.615356907 1412722453.8
48.398555207 1412722453.98
48.2169418527 1412722454.12
47.2617915787 1412722454.26
46.0677597663 1412722454.4
45.1400993367 1412722454.51
45.0963887799 1412722454.63
44.2956093702 1412722454.76
44.4524340946 1412722454.9
43.613966326 1412722455.02
43.1603115371 1412722455.14
42.7368305064 1412722455.27
41.3523749682 1412722455.4
40.3923565046 1412722455.54
40.2008018014 1412722455.67
38.8872405677 1412722455.8
38.9069693061 1412722455.94
38.9540457496 1412722456.09
38.4905691851 1412722456.22
38.251201686 1412722456.34
38.4866081241 1412722456.48
38.216678588 1412722456.6
37.5019629568 1412722456.72
36.9771619695 1412722456.86
37.191157644 1412722456.99
37.1135426938 1412722457.14
37.0221565265 1412722457.29
36.5197640721 1412722457.42
35.647014009 1412722457.55
35.6297557733 1412722457.69
34.9494874623 1412722457.83
34.5830525888 1412722457.98
34.4117533495 1412722458.11
33.9612781734 1412722458.25
33.8522825021 1412722458.37
32.3306560152 1412722458.5
31.8600404026 1412722458.63
31.9337780574 1412722458.76
31.8036769107 1412722458.97
30.1798454497 1412722459.18
30.005128595 1412722459.44
29.2342660043 1412722459.64
28.5903578168 1412722459.83
28.7257737166 1412722459.96
28.3710859248 1412722460.09
28.2143047819 1412722460.26
27.0576673033 1412722460.37
26.2173931049 1412722460.5
26.3234540148 1412722460.64
26.2233366296 1412722460.78
25.6802836812 1412722460.91
25.9442479817 1412722461.03
25.7814233647 1412722461.17
26.9140363948 1412722461.32
26.7222846743 1412722461.46
26.6401035475 1412722461.65
25.6796130088 1412722461.85
26.1055282222 1412722462.02
26.3988688148 1412722462.19
26.0483803383 1412722462.33
26.4702266504 1412722462.47
26.1997041568 1412722462.61
26.7988364767 1412722462.76
26.2879620662 1412722462.92
25.7100231903 1412722463.09
25.7814484426 1412722463.26
26.5104927925 1412722463.41
26.3312685337 1412722463.59
26.8915006391 1412722463.73
25.9535926859 1412722463.85
26.6145398511 1412722464.05
26.4807581362 1412722464.23
26.9935005548 1412722464.37
26.786296909 1412722464.51
26.5584154753 1412722464.65
27.6217724876 1412722464.79
27.3758589069 1412722464.93
26.9842682046 1412722465.07
27.4308038806 1412722465.21
27.0847960884 1412722465.36
27.4678208408 1412722465.52
27.5169203044 1412722465.7
27.2148812819 1412722465.88
65.7218371452 1412722466.03
65.1622981727 1412722466.18
65.3363235122 1412722466.32
25.2905054595 1412722466.49
66.4268275767 1412722466.63
26.8640742415 1412722466.78
26.2962352381 1412722466.89
67.5357308555 1412722467.07
68.0596202505 1412722467.19
25.7707037458 1412722467.33
27.0482120692 1412722467.46
28.3637110827 1412722467.61
27.7393165509 1412722467.75
27.9264114232 1412722467.95
27.4139635851 1412722468.09
27.6539936139 1412722468.22
27.5305534435 1412722468.37
27.2020809396 1412722468.5
27.3788039493 1412722468.71
27.0499874875 1412722468.86
27.2612233744 1412722469.03
71.8598249032 1412722469.18
27.3196196442 1412722469.38
71.6030608586 1412722469.59
27.8415763038 1412722469.77
27.7563663848 1412722469.91
27.6818582466 1412722470.06
27.6068059339 1412722470.22
73.081815599 1412722470.36
27.5303785185 1412722470.51
73.2498801787 1412722470.73
28.1034664166 1412722470.89
27.9725573974 1412722471.04
73.4876410612 1412722471.2
28.0262164181 1412722471.37
73.4711742472 1412722471.53
27.8432583881 1412722471.72
73.433351474 1412722471.89
28.1809884927 1412722472.05
73.9208737246 1412722472.27
74.0057097432 1412722472.44
74.0771151676 1412722472.59
74.1341048012 1412722472.76
74.1530978031 1412722472.91
74.1678252532 1412722473.05
74.175458288 1412722473.2
74.1808896133 1412722473.4
