14.2935097934 1412724926.32
14.7408875181 1412724926.65
14.9749333572 1412724926.94
15.0230516367 1412724927.26
15.5195173458 1412724927.55
15.6833066422 1412724927.85
15.8203833985 1412724928.17
15.8613281107 1412724928.47
16.3172410765 1412724928.78
16.6857313415 1412724929.06
17.0757666626 1412724929.34
17.422629148 1412724929.62
17.5707438684 1412724929.88
17.800549469 1412724930.14
18.001304048 1412724930.4
18.2620342971 1412724930.67
18.4383400316 1412724930.93
18.6971963619 1412724931.2
18.802496717 1412724931.47
19.0258056037 1412724931.72
18.9616321812 1412724931.99
18.8569451322 1412724932.25
18.6735128143 1412724932.52
18.4804331108 1412724932.8
18.3379284164 1412724933.09
18.2164748112 1412724933.34
18.0547481895 1412724933.6
17.8733910776 1412724933.86
17.8308244259 1412724934.16
17.7318195547 1412724934.47
17.7028801271 1412724934.82
17.5364214215 1412724935.11
17.4637060651 1412724935.4
17.3822433901 1412724935.66
17.3307357469 1412724935.93
17.2452923501 1412724936.19
17.3010978733 1412724936.46
17.3122672383 1412724936.75
17.0804501025 1412724937.09
16.7609279461 1412724937.5
16.902067626 1412724937.85
17.0000521311 1412724938.19
17.0543463596 1412724938.6
17.0797465658 1412724938.91
16.9158820721 1412724939.21
16.692019057 1412724939.52
16.5334550184 1412724939.8
16.2850775137 1412724940.12
16.04721127 1412724940.39
16.0706695262 1412724940.66
15.9596621075 1412724940.94
15.7749098447 1412724941.17
15.7533257448 1412724941.45
15.5208874898 1412724941.92
15.2581666273 1412724942.27
14.985877084 1412724942.61
14.8405243155 1412724942.9
14.632190393 1412724943.13
14.4984536744 1412724943.39
14.3599353119 1412724943.66
14.2342966434 1412724943.92
14.1076545198 1412724944.19
14.0042124535 1412724944.46
13.8431411748 1412724944.7
13.7286886187 1412724944.96
13.6246823004 1412724945.22
13.535299431 1412724945.5
13.4386590969 1412724945.76
13.3657247384 1412724946.04
13.3046985044 1412724946.29
13.282763838 1412724946.54
13.2009253746 1412724946.84
13.2386981254 1412724947.16
13.1290915935 1412724947.45
13.1121494312 1412724947.72
12.9810541947 1412724948.0
12.9930564935 1412724948.31
12.9605493947 1412724948.61
12.8410326976 1412724948.99
12.8932837079 1412724949.32
12.7472375658 1412724949.63
12.6070349721 1412724949.9
12.5622859523 1412724950.18
12.7065699708 1412724950.47
12.4703182884 1412724950.76
12.5051234967 1412724951.04
12.4933139242 1412724951.31
12.5388599936 1412724951.59
12.4299178443 1412724951.89
12.2961299746 1412724952.19
12.2218437545 1412724952.44
11.988426444 1412724952.74
11.7733991097 1412724953.03
11.6206369448 1412724953.28
11.4856041683 1412724953.6
11.2806601438 1412724953.86
11.0623508118 1412724954.14
10.8468811191 1412724954.39
10.5013592237 1412724954.65
10.2046381562 1412724954.91
10.0374399576 1412724955.17
10.0631628204 1412724955.47
10.1307531607 1412724955.75
9.93735849687 1412724956.07
10.0359624155 1412724956.35
9.84780557507 1412724956.65
9.89565343246 1412724956.94
9.73997491188 1412724957.25
9.77374986786 1412724957.59
9.63009508948 1412724957.91
9.67909896592 1412724958.22
9.55313184069 1412724958.51
9.61115976515 1412724958.83
9.48112717535 1412724959.11
9.54372663247 1412724959.42
9.43139343571 1412724959.72
9.49508442464 1412724960.02
9.38538368789 1412724960.27
9.43972369318 1412724960.55
9.31896988054 1412724960.82
9.40277846089 1412724961.1
9.2801881497 1412724961.38
9.35424909841 1412724961.67
9.23365426842 1412724961.93
9.31707024455 1412724962.18
9.19122280233 1412724962.55
9.25675312229 1412724962.91
9.13407073454 1412724963.24
9.02984074018 1412724963.5
9.08211725552 1412724963.82
9.105853476 1412724964.24
9.01074219148 1412724964.61
8.89076978315 1412724964.97
8.91298034305 1412724965.35
8.79356275599 1412724965.7
8.85301219824 1412724966.03
8.75055028125 1412724966.28
8.80609013513 1412724966.51
8.62132318812 1412724966.8
8.52606543385 1412724967.05
8.57475314746 1412724967.28
8.44941930232 1412724967.52
8.37312783763 1412724967.78
8.3101589226 1412724968.08
8.26427226088 1412724968.42
8.18106784723 1412724968.66
8.14269475962 1412724968.9
8.07778446162 1412724969.17
8.05561762666 1412724969.49
8.00637297878 1412724969.77
7.98730081327 1412724970.02
7.94534031671 1412724970.36
7.93332477507 1412724970.62
7.84879811194 1412724970.89
7.83108864286 1412724971.15
7.71154327625 1412724971.42
7.68691637085 1412724971.71
7.61744621386 1412724971.99
7.57037658507 1412724972.32
7.54171387991 1412724972.59
7.48519955755 1412724972.87
7.44772266575 1412724973.16
7.40653385294 1412724973.48
7.33876195862 1412724973.77
7.33507380658 1412724974.11
7.26404628139 1412724974.42
7.27323387826 1412724974.72
7.30895766676 1412724975.04
7.3098557142 1412724975.44
7.31813294325 1412724975.82
7.22279443306 1412724976.13
7.19617481333 1412724976.4
7.10267656429 1412724976.69
7.14544064963 1412724976.96
7.06691815747 1412724977.25
7.09665542562 1412724977.55
7.02389395276 1412724977.84
7.07601019338 1412724978.14
6.97792211681 1412724978.43
6.94245690869 1412724978.73
6.89766195109 1412724979.02
6.88125310239 1412724979.3
6.84968155619 1412724979.59
6.86011987488 1412724979.86
6.81210759781 1412724980.14
6.82100323676 1412724980.41
6.82109796148 1412724980.67
6.87565014027 1412724980.98
6.78975290225 1412724981.27
6.84473346652 1412724981.58
6.76553017186 1412724981.87
6.81786226756 1412724982.16
6.7517350375 1412724982.47
6.80189286454 1412724982.76
6.72716985656 1412724983.05
6.77843717251 1412724983.34
6.8194071858 1412724983.64
6.91716867791 1412724983.92
6.91129127886 1412724984.21
6.9644311763 1412724984.51
