37.0507328264 1412733848.58
36.1643850079 1412733849.59
35.6168140157 1412733850.59
35.0014852592 1412733851.59
34.601659457 1412733852.61
34.4169924455 1412733853.66
34.7557797886 1412733854.68
34.2213803654 1412733855.74
34.5846768385 1412733856.76
34.8614170204 1412733857.77
34.5367280317 1412733858.74
34.7432945562 1412733859.76
34.9186219096 1412733860.78
35.0460053032 1412733861.77
35.4325888085 1412733862.79
35.6176881868 1412733863.85
35.7587220301 1412733864.91
35.6568597032 1412733866.0
35.4837799632 1412733867.1
35.0486376293 1412733868.21
34.5992669784 1412733869.31
34.3308902134 1412733870.37
34.1468175846 1412733871.36
33.8659684462 1412733872.35
33.7428086896 1412733873.39
33.4559855367 1412733874.39
33.3134501785 1412733875.41
32.9481217886 1412733876.54
32.7930342097 1412733877.61
32.4615237106 1412733878.7
32.170290584 1412733879.81
32.0456473876 1412733880.85
32.0406571018 1412733881.9
31.8217340387 1412733882.98
31.8157310445 1412733884.01
31.9278292697 1412733885.07
32.0573861909 1412733886.1
32.1898940108 1412733887.18
31.9879607651 1412733888.18
32.031446881 1412733889.19
31.546078448 1412733890.22
31.46375724 1412733891.24
31.2537583135 1412733892.26
30.269685033 1412733893.22
30.1530593413 1412733894.23
29.7787378224 1412733895.28
29.7094504411 1412733896.31
30.3933635013 1412733897.29
29.4635342737 1412733898.31
29.6698810486 1412733899.34
28.8404924197 1412733900.37
28.8906434109 1412733901.39
28.0154239441 1412733902.41
28.0340557329 1412733903.38
28.5879875815 1412733904.41
27.9713486876 1412733905.4
28.3871419812 1412733906.41
27.4354336019 1412733907.41
28.1546056033 1412733908.42
27.4363704388 1412733909.42
27.6981471665 1412733910.4
27.9536714066 1412733911.36
27.2065615578 1412733912.37
27.5119427234 1412733913.38
27.6865015004 1412733914.38
27.1385628592 1412733915.39
27.3025134005 1412733916.37
26.6484805681 1412733917.39
26.7343646729 1412733918.42
26.8404094873 1412733919.39
26.9107179163 1412733920.39
26.9169012145 1412733921.43
26.9009702512 1412733922.42
26.8584070174 1412733923.4
26.7377354952 1412733924.42
26.6446162141 1412733925.47
26.5957816491 1412733926.51
26.3653759315 1412733927.52
26.1842111798 1412733928.62
26.0508716084 1412733929.66
26.0348258982 1412733930.72
26.4335807288 1412733931.79
27.3734187559 1412733932.86
27.7436636245 1412733933.97
27.9374444529 1412733935.03
28.2719253836 1412733936.17
28.2040688859 1412733937.23
28.1163582038 1412733938.38
28.2526257591 1412733939.47
28.1650834863 1412733940.59
28.1488014437 1412733941.72
28.0498820284 1412733942.83
28.21993628 1412733943.98
28.0938002728 1412733945.15
27.9998527282 1412733946.23
27.9646088002 1412733947.38
27.7582904058 1412733948.53
27.5689341691 1412733949.62
27.4219359261 1412733950.68
27.2016948469 1412733951.77
27.2042417506 1412733952.84
26.8967921136 1412733953.91
26.677355045 1412733954.96
26.3984277669 1412733955.99
25.9869235634 1412733957.08
26.1492753228 1412733958.19
25.7665870794 1412733959.31
25.54381811 1412733960.38
25.2796600168 1412733961.45
25.0397375196 1412733962.47
24.8099641287 1412733963.55
24.7100218082 1412733964.64
24.4523574196 1412733965.7
24.1436705439 1412733966.79
23.8616572272 1412733967.87
23.6771969186 1412733968.99
23.5669687157 1412733970.18
23.1248970093 1412733971.34
22.8778251628 1412733972.4
22.7405416302 1412733973.48
22.5602471089 1412733974.51
22.4004597193 1412733975.55
21.9989006266 1412733976.64
21.9866653214 1412733977.72
21.8344158423 1412733978.79
21.6651387052 1412733979.91
21.5656485441 1412733980.99
21.4898251618 1412733982.1
21.3482919222 1412733983.16
21.2582794515 1412733984.24
21.1622644601 1412733985.38
21.1305176623 1412733986.46
21.0737116529 1412733987.54
20.9527289785 1412733988.6
20.8589530088 1412733989.66
20.6880987736 1412733990.76
20.7101051448 1412733991.86
20.536591598 1412733992.95
20.2170055528 1412733994.02
20.007115393 1412733995.1
19.7928301389 1412733996.14
19.7331822346 1412733997.23
19.6857983192 1412733998.36
19.6903220337 1412733999.4
19.6131325547 1412734000.46
19.4151637428 1412734001.54
19.2573557388 1412734002.66
19.3532710795 1412734003.76
19.2929443946 1412734004.84
19.3061569906 1412734005.93
19.3600691206 1412734007.01
19.3294494966 1412734008.11
19.4589134797 1412734009.25
19.3386462233 1412734010.41
19.3973398063 1412734011.55
19.2892432432 1412734012.7
19.1703668255 1412734013.84
19.0485601193 1412734014.98
18.7774594651 1412734016.11
18.7882136519 1412734017.27
18.7043830201 1412734018.48
18.640418463 1412734019.69
18.6340659644 1412734020.92
18.509287043 1412734022.11
18.4525753957 1412734023.28
18.4427992193 1412734024.42
18.4223098975 1412734025.6
18.2630762897 1412734026.84
18.2757016502 1412734028.0
18.328230596 1412734029.23
18.139806445 1412734030.41
18.0569686492 1412734031.61
18.0424939587 1412734032.81
18.0719819269 1412734033.98
17.9239924212 1412734035.22
17.8630058848 1412734036.42
17.8464678019 1412734037.61
17.928983888 1412734038.77
17.7310301486 1412734039.93
17.7363465499 1412734041.12
17.8145956442 1412734042.29
17.9219951951 1412734043.48
17.8135444558 1412734044.65
17.7992971237 1412734045.88
17.7248229858 1412734047.11
17.7415689797 1412734048.26
17.7159659358 1412734049.52
17.7457220365 1412734050.68
17.7026387619 1412734051.96
17.6737372425 1412734053.16
17.6755581457 1412734054.37
18.0330501537 1412734055.61
17.9940411754 1412734056.89
17.9741993899 1412734058.05
17.9567831627 1412734059.32
17.898209659 1412734060.58
17.8602741359 1412734061.85
17.8332728533 1412734063.15
17.8068252247 1412734064.42
17.7370505881 1412734065.74
