33.5402799749 1412735709.69
34.2564596922 1412735710.75
34.4131417286 1412735711.87
34.6244165754 1412735713.11
34.1635935181 1412735714.25
33.549827875 1412735715.39
33.8729812723 1412735716.6
33.9133863853 1412735717.82
33.0714617692 1412735719.01
33.2104239462 1412735720.15
33.5600970307 1412735721.29
33.741122339 1412735722.46
33.6766750478 1412735723.67
33.6676220228 1412735725.0
33.6348680492 1412735726.26
33.5363557153 1412735727.61
33.3653529362 1412735728.94
33.3347868142 1412735730.28
32.9647374604 1412735731.56
33.0575805432 1412735732.85
33.1530344313 1412735734.17
33.2700990865 1412735735.52
32.9012150469 1412735736.84
32.9639972215 1412735738.18
32.9301300113 1412735739.5
33.0974417439 1412735740.83
33.0951516654 1412735742.18
33.1139514756 1412735743.48
32.683181446 1412735744.79
32.6729407282 1412735746.18
32.6568590084 1412735747.5
32.7944124054 1412735748.8
32.6075236724 1412735750.1
32.6758915398 1412735751.4
32.1205504437 1412735752.7
32.2394445115 1412735753.99
31.8377992021 1412735755.36
31.7922424751 1412735756.71
31.6985956047 1412735757.98
31.7989527819 1412735759.21
33.5888417048 1412735760.51
34.2769017672 1412735761.83
35.0621720859 1412735763.03
36.7205086634 1412735764.31
37.4319742866 1412735765.59
38.0052923481 1412735767.17
38.8911645113 1412735768.73
39.3860219243 1412735770.16
39.8783334107 1412735771.45
39.9372634645 1412735772.79
40.2272789491 1412735774.11
40.6197643174 1412735775.4
41.036412708 1412735776.63
41.1575268345 1412735777.95
41.5251725876 1412735779.26
41.9141177254 1412735780.54
42.1407948451 1412735781.89
42.4991585976 1412735783.11
43.113370431 1412735784.4
43.2005375816 1412735785.84
43.0460079305 1412735787.34
43.4775794254 1412735788.84
43.5836380687 1412735790.34
43.7318899627 1412735791.82
43.8968426046 1412735793.26
44.0644309481 1412735794.78
44.0982382427 1412735796.33
44.0423068566 1412735797.8
44.1909828981 1412735799.33
44.1781949495 1412735800.83
44.2667662051 1412735802.32
44.4593380562 1412735803.82
45.462590367 1412735805.44
45.9465170551 1412735806.98
46.1601281983 1412735808.59
46.2886011042 1412735810.25
45.6774664542 1412735811.99
45.3766962889 1412735813.72
44.454077187 1412735815.45
45.1701150641 1412735817.32
45.3410126984 1412735819.08
46.0137274179 1412735820.94
46.0627352895 1412735822.86
44.4040010014 1412735824.81
43.3090619086 1412735826.8
42.3061380737 1412735828.76
41.5991321544 1412735830.87
41.3063631425 1412735832.93
40.9700631787 1412735834.98
40.8076556255 1412735837.05
41.2669986635 1412735839.03
41.183789809 1412735841.13
41.4693816699 1412735843.2
40.4861779776 1412735845.3
40.7762431567 1412735847.47
41.1421759456 1412735849.49
39.7424487861 1412735851.7
39.6363391999 1412735853.79
39.0612452448 1412735855.91
39.2642906517 1412735857.97
38.4298071559 1412735860.07
38.9282519827 1412735862.18
39.4207262937 1412735864.27
39.1559595469 1412735866.3
37.9967493233 1412735868.35
37.4317758753 1412735870.42
37.3109451826 1412735872.49
36.9838152418 1412735874.6
36.9631995538 1412735876.67
37.1661887504 1412735878.82
36.041597668 1412735880.87
36.1375779856 1412735883.04
36.55377774 1412735885.12
36.1199349142 1412735887.27
35.9285160497 1412735889.43
35.834018462 1412735891.53
35.7691202787 1412735893.61
35.6957307328 1412735895.75
35.1379065878 1412735897.84
35.4635828851 1412735899.89
35.3991147596 1412735901.98
34.9301705064 1412735904.08
35.176143713 1412735906.17
35.1990381093 1412735908.21
35.0430763188 1412735910.22
35.0585387245 1412735912.41
34.7947042236 1412735914.69
33.8204253924 1412735916.81
33.8937908028 1412735918.85
33.7164632072 1412735920.79
33.5072468147 1412735922.87
33.2928446984 1412735924.91
33.4083318423 1412735926.98
33.6276306235 1412735929.01
34.1149639142 1412735930.91
33.465005632 1412735932.89
33.3354741787 1412735934.99
33.6611825987 1412735937.04
33.6671133049 1412735939.0
34.0356125183 1412735941.1
33.6708867235 1412735943.18
33.2826604366 1412735945.28
33.0530935109 1412735947.39
33.5532066592 1412735949.51
33.5876290175 1412735951.87
33.6342158834 1412735953.9
33.4649547354 1412735956.06
33.86184662 1412735958.28
35.1693918699 1412735960.43
35.1265038703 1412735962.56
34.3498665523 1412735964.78
34.7941736157 1412735966.9
35.0333523866 1412735969.09
34.7259803767 1412735971.24
35.5610650855 1412735973.47
36.0647118479 1412735975.62
36.4967195443 1412735977.81
35.8631560871 1412735980.02
35.6782020115 1412735982.14
35.9248328947 1412735984.27
35.5513043596 1412735986.59
34.6204321359 1412735988.74
34.400948318 1412735990.96
34.4937399914 1412735993.18
35.6336767885 1412735995.48
35.8321797811 1412735997.79
35.6956700811 1412736000.04
35.0059681404 1412736002.22
35.1683729106 1412736004.49
35.2029710088 1412736006.75
35.2275372605 1412736009.12
35.1155024435 1412736011.37
35.0106387271 1412736013.61
35.3081471544 1412736015.83
35.5712929979 1412736018.11
36.1209832905 1412736020.49
35.6934619585 1412736022.88
33.788521332 1412736025.26
33.5272325545 1412736027.61
33.4067835304 1412736029.87
32.5837554574 1412736032.18
32.9943389302 1412736034.47
32.094741241 1412736036.73
31.8113015881 1412736039.1
32.1686545996 1412736041.51
31.3969137455 1412736043.89
31.2247674361 1412736046.25
30.8068736703 1412736048.67
31.495708461 1412736051.12
31.1010487952 1412736053.57
31.217481341 1412736056.06
30.7035281212 1412736058.43
30.4990425562 1412736060.82
32.126059796 1412736063.24
32.3218141104 1412736065.76
33.7027011907 1412736068.38
32.0556815409 1412736070.85
32.9842217446 1412736073.44
33.2188139974 1412736076.02
32.136039241 1412736078.59
