12.5310040324 1412723266.75
12.6540139893 1412723267.07
15.9310136111 1412723267.38
18.5826815095 1412723267.78
20.0135246609 1412723268.1
21.0033357887 1412723268.44
21.5050375475 1412723268.85
21.1687361039 1412723269.26
20.9165417617 1412723269.62
20.6176328035 1412723270.04
20.3277801642 1412723270.48
20.2397803782 1412723270.78
20.0690573369 1412723271.07
20.0701899544 1412723271.36
19.8877383503 1412723271.71
19.6473135516 1412723272.0
19.1979310018 1412723272.29
19.0203585783 1412723272.59
18.8068958013 1412723272.86
18.681644587 1412723273.21
18.7062502463 1412723273.52
18.7312723031 1412723273.81
18.8193709589 1412723274.12
18.9925667349 1412723274.42
19.0736541092 1412723274.74
19.0055244137 1412723275.05
19.077625921 1412723275.35
19.1129632751 1412723275.73
19.1664083576 1412723276.26
19.5480890561 1412723276.59
19.8950720383 1412723276.94
20.015107818 1412723277.28
20.1916863774 1412723277.6
20.1202386404 1412723277.87
20.1208047389 1412723278.15
20.1137265723 1412723278.45
20.4477659754 1412723278.78
20.6171216035 1412723279.06
20.7289905465 1412723279.37
21.178382144 1412723279.65
20.7425549473 1412723279.9
21.0449084166 1412723280.18
21.7191946276 1412723280.42
22.1390080177 1412723280.68
20.8836197801 1412723280.94
21.2071420297 1412723281.19
21.4823055803 1412723281.45
21.7241014472 1412723281.7
21.1234543341 1412723282.07
20.2283437149 1412723282.42
20.086047808 1412723282.79
19.6868157493 1412723283.07
19.5372226039 1412723283.35
19.2387447564 1412723283.73
18.9751876812 1412723284.13
18.8086057744 1412723284.48
18.7075133205 1412723284.84
18.5379140502 1412723285.19
18.3952950798 1412723285.58
18.1965894729 1412723285.95
18.135113611 1412723286.33
17.7872157698 1412723286.75
17.1113237326 1412723287.1
16.7261349407 1412723287.46
16.3633534965 1412723287.76
15.7900178108 1412723288.08
15.387650712 1412723288.41
14.7808243491 1412723288.72
14.338628292 1412723288.98
13.6731036655 1412723289.24
12.97185463 1412723289.47
12.2627770809 1412723289.74
11.6718532481 1412723290.03
11.1522001223 1412723290.29
10.9047945724 1412723290.56
10.6869865971 1412723290.84
10.6091113212 1412723291.12
10.4053603752 1412723291.39
10.346507277 1412723291.69
10.2910882588 1412723291.95
10.3371122549 1412723292.22
10.4050168845 1412723292.46
10.515635685 1412723292.8
10.5683387866 1412723293.14
10.5957435182 1412723293.45
10.7350669383 1412723293.72
10.6797096229 1412723293.98
10.7828696407 1412723294.26
10.8725205326 1412723294.55
10.9381309723 1412723294.82
10.9281302938 1412723295.09
10.9123346009 1412723295.36
10.9399189559 1412723295.65
10.9488180995 1412723295.92
10.9825644612 1412723296.19
10.9910475633 1412723296.56
11.0866002984 1412723296.91
11.070430317 1412723297.25
11.2548226905 1412723297.53
11.3217230914 1412723297.81
11.2998727303 1412723298.15
11.322319081 1412723298.55
11.3456028828 1412723298.87
11.2868889846 1412723299.15
11.2783466227 1412723299.45
11.4206501509 1412723299.76
11.4695168903 1412723300.12
11.4651069339 1412723300.49
11.4225981756 1412723300.79
11.4107126318 1412723301.07
11.4763647282 1412723301.38
11.4509024191 1412723301.66
11.4665240102 1412723301.93
11.4626831907 1412723302.21
11.4263807531 1412723302.51
11.4189371293 1412723302.8
11.4248072537 1412723303.09
11.4325564574 1412723303.39
11.4382705048 1412723303.67
11.4562707708 1412723303.95
11.4065378812 1412723304.26
11.2681472806 1412723304.54
11.2520386255 1412723304.84
11.2222556993 1412723305.14
11.1660274828 1412723305.41
11.2195522963 1412723305.71
11.1500040498 1412723305.99
11.1195100062 1412723306.28
11.1524332291 1412723306.55
11.1159637692 1412723306.85
11.0377966485 1412723307.13
10.9938245768 1412723307.4
10.9549983997 1412723307.86
10.9397660918 1412723308.23
10.9380236979 1412723308.5
10.8818889331 1412723308.82
10.8266075891 1412723309.17
10.8819317137 1412723309.47
10.9023534212 1412723309.77
10.9118374699 1412723310.08
10.8063140993 1412723310.38
10.805484223 1412723310.67
10.7934627766 1412723310.96
10.7506103563 1412723311.25
10.6997890867 1412723311.53
10.675540751 1412723311.84
10.6524889419 1412723312.14
10.6267863083 1412723312.43
10.3794584108 1412723312.72
10.4202355068 1412723313.01
10.3808121688 1412723313.3
10.2832411362 1412723313.58
10.1479550222 1412723313.95
10.1703667218 1412723314.33
10.14813844 1412723314.65
10.1529003371 1412723314.98
10.0202642166 1412723315.3
10.0198342386 1412723315.58
10.033000479 1412723315.87
10.0470762677 1412723316.16
10.0613232804 1412723316.44
10.0110801477 1412723316.73
9.99141131459 1412723317.03
9.98789921946 1412723317.32
9.88003512472 1412723317.62
9.88190942823 1412723317.89
9.86069453748 1412723318.18
9.83296170146 1412723318.47
9.83066499937 1412723318.77
9.83353542125 1412723319.04
9.85869217467 1412723319.34
9.78483004525 1412723319.62
9.79796820876 1412723319.91
9.78577979925 1412723320.19
9.79884050809 1412723320.52
9.78647627886 1412723320.81
9.77401997161 1412723321.11
9.78636122941 1412723321.38
9.71605715113 1412723321.67
9.69360900206 1412723321.95
9.6820689711 1412723322.22
9.61816247035 1412723322.51
9.62732977744 1412723322.82
9.63686254037 1412723323.11
9.64676865541 1412723323.42
9.64628601992 1412723323.72
9.65613379631 1412723324.05
9.61853248678 1412723324.38
9.63038584615 1412723324.67
9.57620371108 1412723325.0
9.56808595641 1412723325.3
9.58237683267 1412723325.62
9.55903739254 1412723325.91
9.59984760329 1412723326.28
9.61912485454 1412723326.61
9.63890175493 1412723326.92
9.57072719461 1412723327.25
9.58940227677 1412723327.55
9.65191213503 1412723327.88
9.63143217895 1412723328.21
