21.9757944104 1412754053.26
22.3008899766 1412754054.82
22.5083661065 1412754056.32
22.7879003835 1412754057.82
23.1094848538 1412754059.28
23.5357915622 1412754060.76
23.732316478 1412754062.26
23.8743210182 1412754063.74
23.8427120322 1412754065.29
23.8274461207 1412754066.67
23.7280237609 1412754068.1
23.8881920957 1412754069.48
23.737419344 1412754070.91
23.8545829123 1412754072.3
23.828162711 1412754073.73
23.8571007871 1412754075.18
23.7246149312 1412754076.66
23.8084967159 1412754078.15
23.9040133978 1412754079.59
24.1353752013 1412754081.03
24.3351980252 1412754082.5
24.1964790654 1412754084.05
24.020305523 1412754085.48
23.9104809193 1412754086.88
24.1451154742 1412754088.3
23.935860455 1412754089.73
24.0589299521 1412754091.18
24.3014634265 1412754092.57
23.7940570824 1412754093.97
23.8755510914 1412754095.37
23.8565401853 1412754096.77
23.7372389557 1412754098.14
23.9039487595 1412754099.53
23.8832809812 1412754100.92
24.0014252473 1412754102.35
23.9818821405 1412754103.74
24.1184756104 1412754105.16
24.0938713875 1412754106.59
24.1444381425 1412754107.98
24.2045494749 1412754109.39
24.1616806257 1412754110.86
24.2793433722 1412754112.28
24.2120106429 1412754113.74
24.2052299281 1412754115.23
24.1903024769 1412754116.66
24.2500390223 1412754118.11
24.3185500134 1412754119.55
24.1601513274 1412754121.01
24.2189062994 1412754122.48
24.1886853314 1412754123.91
24.3261121002 1412754125.31
24.0975688051 1412754126.78
24.2168729879 1412754128.31
24.2544739193 1412754129.77
24.0726512274 1412754131.19
24.1966934453 1412754132.64
24.2397109377 1412754134.06
24.105163052 1412754135.44
24.3133883483 1412754136.9
24.1341485336 1412754138.4
24.0726096988 1412754139.83
24.1957662555 1412754141.24
24.3369214664 1412754142.66
24.246124746 1412754144.13
24.1314238068 1412754145.53
24.1959987439 1412754146.95
24.1765108878 1412754148.39
24.3509292357 1412754149.84
24.4281463459 1412754151.25
24.3327617643 1412754152.7
24.2473478344 1412754154.13
24.2130976659 1412754155.58
24.159175667 1412754157.06
24.0689872016 1412754158.52
24.0633793586 1412754160.02
24.096490774 1412754161.48
24.1828324034 1412754162.99
24.0981539732 1412754164.47
24.067959903 1412754165.98
24.1334880034 1412754167.49
23.9786021362 1412754169.03
23.9011953175 1412754170.55
23.8892682865 1412754172.15
23.7914053537 1412754173.64
23.6285114862 1412754175.07
23.6311826898 1412754176.52
23.5204090821 1412754177.98
23.4616278229 1412754179.42
23.2808857106 1412754180.87
23.1740481391 1412754182.29
23.0798358393 1412754183.69
23.0778697011 1412754185.11
23.1320310484 1412754186.54
23.1869199651 1412754187.95
23.245793105 1412754189.36
23.1714741963 1412754190.73
23.150826321 1412754192.12
22.9809412697 1412754193.47
22.8964406813 1412754194.91
22.9538316199 1412754196.27
22.8881149753 1412754197.67
22.7921982799 1412754199.09
22.7306857791 1412754200.47
22.7616151733 1412754201.84
22.6559740218 1412754203.21
22.6678382353 1412754204.56
22.6226354368 1412754205.91
22.5415143383 1412754207.26
22.5026480687 1412754208.67
22.4283008051 1412754210.03
22.4114782827 1412754211.38
22.3305287354 1412754212.76
22.2002976005 1412754214.17
22.0226139802 1412754215.53
22.1560759655 1412754216.9
22.049718346 1412754218.24
21.9092539091 1412754219.64
21.8870945843 1412754221.02
21.816755994 1412754222.4
21.8334326087 1412754223.76
21.8564705196 1412754225.16
21.8181691937 1412754226.55
21.8347596562 1412754228.02
21.8218758954 1412754229.4
21.8235536218 1412754230.78
21.7972416944 1412754232.22
21.8608040604 1412754233.58
21.8428388365 1412754235.0
21.9228732805 1412754236.57
21.8801367224 1412754238.24
21.9592350103 1412754239.79
21.8929296953 1412754241.32
21.9782560109 1412754242.93
21.9327827956 1412754244.5
21.9107914742 1412754246.05
21.9469112616 1412754247.69
21.9257653088 1412754249.31
21.9637482967 1412754250.91
21.8665210151 1412754252.49
21.7573035254 1412754254.04
21.6399911888 1412754255.63
21.7007547638 1412754257.28
21.6824656897 1412754258.87
21.7549806745 1412754260.5
21.7527777654 1412754262.1
21.802203276 1412754263.72
21.6511059194 1412754265.67
21.6259974655 1412754267.6
21.4904440423 1412754269.44
21.3374531445 1412754271.28
21.3302745194 1412754273.21
21.3711662702 1412754275.34
21.2413848096 1412754277.17
21.3434274636 1412754279.05
21.116792973 1412754280.92
21.227675804 1412754282.7
21.2989274068 1412754284.68
21.3096653122 1412754286.26
21.3083513626 1412754287.87
21.2338130214 1412754289.45
21.2753289155 1412754291.0
21.2091427791 1412754292.51
21.1504220037 1412754294.08
21.0735195577 1412754295.7
21.1365004772 1412754297.37
21.0214638043 1412754299.16
20.8641062113 1412754300.92
20.5786088645 1412754302.92
20.6277059171 1412754304.64
20.6322073704 1412754306.39
20.735522109 1412754308.21
20.8015089832 1412754310.05
20.794962018 1412754311.93
20.842063799 1412754313.79
20.6598729556 1412754315.61
20.6324933203 1412754317.49
20.7079450308 1412754319.33
20.6159682874 1412754321.19
20.7118420377 1412754323.02
20.7139625937 1412754324.88
20.7592370908 1412754326.67
20.7860689587 1412754328.55
20.8548142919 1412754330.34
20.8892817385 1412754332.05
20.9004194803 1412754333.79
20.9077596831 1412754335.59
20.9209663813 1412754337.43
20.9350997359 1412754339.18
20.9546260655 1412754340.96
20.9176744439 1412754342.57
20.8596693806 1412754344.19
20.9634458113 1412754345.82
20.9961933022 1412754347.39
21.0559475113 1412754349.0
21.0773801906 1412754350.59
21.0803672576 1412754352.21
21.0688915274 1412754353.81
21.1947845758 1412754355.43
21.1496997775 1412754357.06
21.1690183712 1412754358.75
