75.7089407718 1412722603.5
76.1691472191 1412722603.63
75.4195550247 1412722603.78
75.8576611231 1412722603.92
76.1789444838 1412722604.05
75.3222425418 1412722604.18
75.3181757243 1412722604.32
74.5928787694 1412722604.48
73.1801432894 1412722604.6
71.9308362715 1412722604.72
71.0603310619 1412722604.89
70.4832427237 1412722605.03
70.530579702 1412722605.18
71.6430185126 1412722605.33
72.5229612123 1412722605.46
75.2748699357 1412722605.61
77.247853484 1412722605.73
79.8100476144 1412722605.89
80.7280692926 1412722606.03
81.2600474523 1412722606.15
72.5227544165 1412722606.26
68.5463131466 1412722606.44
67.2511747461 1412722606.54
65.9094980083 1412722606.73
64.9264126976 1412722606.9
62.6746678544 1412722607.08
60.8541312939 1412722607.21
59.9983431653 1412722607.35
59.3308549145 1412722607.51
56.9439505409 1412722607.62
56.4273515697 1412722607.78
55.1645938262 1412722607.94
54.1694627562 1412722608.06
53.9714600697 1412722608.18
52.6886898611 1412722608.3
50.7833843295 1412722608.44
49.0534007961 1412722608.59
48.4539736474 1412722608.75
46.8688861988 1412722608.9
46.4011163669 1412722609.06
46.1594092831 1412722609.2
45.781325327 1412722609.32
45.5335330267 1412722609.44
45.235683329 1412722609.64
44.884752004 1412722609.77
45.0671214908 1412722609.88
43.8802093551 1412722609.98
43.6189905478 1412722610.11
43.9366414862 1412722610.26
43.8945773624 1412722610.39
43.5751935319 1412722610.49
43.3147758114 1412722610.65
43.3445108594 1412722610.81
43.972521495 1412722610.92
43.8321114888 1412722611.06
43.7896159178 1412722611.18
43.9279937639 1412722611.33
43.978804312 1412722611.45
42.9240403006 1412722611.63
42.8521496119 1412722611.76
43.0822389108 1412722611.88
43.0570950114 1412722612.01
42.6837537202 1412722612.17
42.9061372353 1412722612.31
42.9349451214 1412722612.45
42.8257312541 1412722612.59
42.8961296103 1412722612.74
43.3839487959 1412722612.87
43.2749455671 1412722613.02
43.5702741209 1412722613.15
43.4114833467 1412722613.26
43.575624839 1412722613.38
43.4385611775 1412722613.57
42.4915792259 1412722613.69
42.5247346702 1412722613.81
42.8265423488 1412722613.96
42.7273609943 1412722614.19
42.1151214231 1412722614.36
42.0370895641 1412722614.59
41.8042753574 1412722614.8
41.8559982928 1412722614.97
41.2578190762 1412722615.11
41.1339745052 1412722615.32
39.956815458 1412722615.52
39.8622286828 1412722615.64
39.7111124618 1412722615.8
40.1827571894 1412722615.94
40.0184558658 1412722616.06
40.0002225781 1412722616.29
39.8700412044 1412722616.44
39.6951307229 1412722616.58
39.7323356061 1412722616.76
39.7661618188 1412722617.0
39.8356741797 1412722617.15
39.800965423 1412722617.33
40.2412201457 1412722617.45
40.1387723332 1412722617.67
40.1116681908 1412722617.84
40.174523632 1412722618.05
40.2233217323 1412722618.21
40.1787027186 1412722618.45
40.217716777 1412722618.61
40.1969087389 1412722618.76
40.4450177219 1412722618.93
40.4304152935 1412722619.12
40.4383379732 1412722619.31
40.4231855195 1412722619.53
40.4863754442 1412722619.7
40.5203145372 1412722619.89
40.5659417879 1412722620.09
40.5957515229 1412722620.22
39.8974460764 1412722620.44
39.9321750602 1412722620.6
39.9133648853 1412722620.75
39.8759193937 1412722620.93
39.9110644257 1412722621.12
39.9060383024 1412722621.31
39.9090468225 1412722621.46
39.9299045154 1412722621.66
39.9220643851 1412722621.83
39.9303903083 1412722621.97
39.7859299506 1412722622.12
39.7963084936 1412722622.27
39.8074424931 1412722622.53
39.7845175734 1412722622.7
39.8065319013 1412722622.85
39.8269347964 1412722623.03
39.8477551729 1412722623.22
39.8689639209 1412722623.44
39.8903968526 1412722623.62
39.9125453939 1412722623.82
39.934828782 1412722624.01
39.952005431 1412722624.22
39.974510834 1412722624.42
39.9973946414 1412722624.61
39.6992979864 1412722624.8
39.8546322301 1412722624.97
39.5756877222 1412722625.15
39.5905137538 1412722625.35
39.6051928034 1412722625.52
39.6195666845 1412722625.7
39.6338851425 1412722625.84
39.6382957272 1412722626.01
39.6528252678 1412722626.2
39.6676031871 1412722626.39
39.6826799816 1412722626.55
39.6979671503 1412722626.72
39.7135340176 1412722626.9
39.7416665263 1412722627.09
39.7580369761 1412722627.26
39.7743925345 1412722627.42
39.7908356577 1412722627.58
39.8072697933 1412722627.76
39.8239127958 1412722627.97
39.9053377436 1412722628.14
39.9296530359 1412722628.32
39.9543836596 1412722628.51
39.9794075992 1412722628.7
40.0046238243 1412722628.87
40.0492414009 1412722629.05
40.0825684907 1412722629.22
40.076115617 1412722629.39
40.0783496227 1412722629.59
40.0803815139 1412722629.74
40.0824025696 1412722629.9
40.3250258668 1412722630.09
40.3713496885 1412722630.25
40.4185763441 1412722630.43
40.3667238516 1412722630.61
40.3965310309 1412722630.78
40.4269609305 1412722630.96
40.5511531071 1412722631.13
40.5920902645 1412722631.3
40.5284855991 1412722631.47
40.5686534964 1412722631.65
40.7503673172 1412722631.81
40.6346488862 1412722631.98
40.6910372251 1412722632.15
40.6983339866 1412722632.34
40.7505015801 1412722632.53
40.9021302055 1412722632.7
40.9392312196 1412722632.86
40.9950771621 1412722633.06
40.9862027332 1412722633.3
41.2796619109 1412722633.51
41.3286540468 1412722633.7
41.4748864248 1412722633.9
41.9252928206 1412722634.08
41.9439223989 1412722634.23
41.9664324117 1412722634.39
41.9897081237 1412722634.55
42.0136486318 1412722634.71
42.0382773031 1412722634.87
41.9780906376 1412722635.03
41.9878493693 1412722635.18
42.0033608747 1412722635.36
42.0012701241 1412722635.53
42.0154254201 1412722635.7
42.0301396366 1412722635.88
42.045624591 1412722636.07
