20.7906658937 1412735191.32
20.7325590298 1412735192.33
20.7053987432 1412735193.33
20.6338369556 1412735194.27
19.9299737721 1412735195.25
19.7997430857 1412735196.19
19.7012612974 1412735197.16
19.6746020943 1412735198.14
19.5523615954 1412735199.06
20.0217471856 1412735200.01
20.5114209239 1412735201.07
20.385792668 1412735202.06
20.6746329086 1412735203.07
20.6349443621 1412735204.0
20.7336131752 1412735204.93
20.5351655146 1412735205.88
20.6026254989 1412735206.87
20.3957031657 1412735207.83
20.5369286384 1412735208.75
20.7075210792 1412735209.68
20.5987757591 1412735210.64
20.345477058 1412735211.55
20.4017292415 1412735212.46
20.2810503963 1412735213.39
20.1247894618 1412735214.33
20.3299116622 1412735215.26
20.1748060932 1412735216.23
20.1500552855 1412735217.15
20.1075242754 1412735218.1
20.092642259 1412735219.02
21.0241429841 1412735219.95
20.488572907 1412735220.86
21.3066484576 1412735221.75
20.4468038447 1412735222.68
21.0402806944 1412735223.61
22.0615438192 1412735224.54
21.8998596036 1412735225.46
22.009549199 1412735226.38
21.9323289336 1412735227.31
21.6307761746 1412735228.21
21.7878712727 1412735229.15
21.5322598208 1412735230.06
21.552955025 1412735231.01
21.2048361068 1412735231.89
21.4171935977 1412735232.78
21.8521170528 1412735233.66
22.2123899553 1412735234.58
22.2287166308 1412735235.46
22.6171717245 1412735236.41
20.4954249108 1412735237.36
21.6349705546 1412735238.28
20.812768703 1412735239.19
18.7979010253 1412735240.13
20.1825565347 1412735241.04
19.2252072079 1412735241.92
20.1136717149 1412735242.83
20.6264903906 1412735243.74
20.1490498702 1412735244.64
20.6742541219 1412735245.53
21.1969698505 1412735246.42
21.4168961712 1412735247.32
21.2739427279 1412735248.21
20.8892665013 1412735249.1
20.6032890294 1412735249.99
18.6580194302 1412735250.93
16.6909426975 1412735251.82
16.9611437396 1412735252.76
17.2871283378 1412735253.67
17.0719527761 1412735254.59
15.5903318389 1412735255.58
15.501355275 1412735256.5
14.4260350021 1412735257.4
14.2553902593 1412735258.33
14.0646287484 1412735259.28
13.9459065844 1412735260.27
13.8989185047 1412735261.28
14.1393964895 1412735262.23
14.7675795984 1412735263.21
14.185643579 1412735264.17
14.6341883289 1412735265.13
15.0745102351 1412735266.08
15.5242403114 1412735267.07
16.0772741231 1412735268.0
16.5423453099 1412735269.0
16.2729881269 1412735269.98
16.4958893679 1412735270.92
16.3979200957 1412735271.88
16.4492797246 1412735272.83
16.4085057784 1412735273.8
16.23153638 1412735274.74
16.4776471037 1412735275.72
16.4868730127 1412735276.69
16.4509620963 1412735277.65
16.4917151646 1412735278.58
16.4062922703 1412735279.58
16.4713253507 1412735280.5
16.4880244094 1412735281.43
16.5635701954 1412735282.41
16.611223721 1412735283.38
16.7326313009 1412735284.31
16.8293208694 1412735285.25
16.9072290158 1412735286.22
16.965862381 1412735287.22
17.0474963478 1412735288.18
17.0404184846 1412735289.17
17.0424914147 1412735290.11
17.1089299547 1412735291.07
17.0578986384 1412735292.04
17.1667700401 1412735292.99
17.172759371 1412735294.0
17.2408627198 1412735294.98
17.3747611412 1412735295.89
17.3806348242 1412735296.83
17.4709087201 1412735297.78
17.4829282117 1412735298.76
17.602555488 1412735299.77
17.6257027423 1412735300.75
17.5889119923 1412735301.71
17.72446576 1412735302.69
17.8135375482 1412735303.64
17.7789411783 1412735304.68
17.9446272068 1412735305.66
17.9430248382 1412735306.65
17.9715291491 1412735307.67
17.9516914909 1412735308.66
18.0116364852 1412735309.64
17.9621358165 1412735310.64
18.0892459659 1412735311.63
18.023127078 1412735312.59
17.924066017 1412735313.61
18.107185882 1412735314.6
17.9967434318 1412735315.56
18.0350323021 1412735316.53
17.9226060803 1412735317.56
18.0115751052 1412735318.54
17.7729616744 1412735319.51
17.8834541289 1412735320.49
17.7842190787 1412735321.5
17.7750169687 1412735322.52
17.9280190613 1412735323.51
17.9121873883 1412735324.49
17.8522730694 1412735325.51
17.9589583132 1412735326.52
17.8562462313 1412735327.56
17.8203706043 1412735328.58
17.9589182567 1412735329.56
17.864971178 1412735330.54
17.9553742547 1412735331.56
17.7771257817 1412735332.6
17.7914507981 1412735333.58
17.9847381604 1412735334.59
17.8810840357 1412735335.58
17.5593013461 1412735336.64
17.3526192808 1412735337.69
17.3255099068 1412735338.73
17.2331683925 1412735339.76
17.2605072877 1412735340.74
17.2190095561 1412735341.73
17.425945738 1412735342.69
17.5327310402 1412735343.69
17.3040206099 1412735344.67
17.5619525271 1412735345.62
17.4619724637 1412735346.64
17.8338090621 1412735347.6
17.8049265956 1412735348.61
17.6871383521 1412735349.64
17.6978479765 1412735350.66
17.7528415325 1412735351.65
17.8164744771 1412735352.7
17.790003233 1412735353.78
18.0463102988 1412735354.81
18.0587985591 1412735355.85
18.1021464758 1412735356.87
18.1086790831 1412735357.96
18.3375950784 1412735358.99
18.2370719076 1412735359.99
18.2557805312 1412735360.96
18.323281824 1412735361.94
18.3979626608 1412735362.94
18.4414214427 1412735363.91
18.3768560908 1412735364.94
18.5126814926 1412735365.92
18.4486577642 1412735366.96
18.4843323887 1412735368.04
18.6494716127 1412735369.04
18.7296963667 1412735370.06
18.5950260496 1412735371.08
18.5490636073 1412735372.1
18.7280824921 1412735373.08
18.5844955733 1412735374.09
18.7956034762 1412735375.1
18.7278089907 1412735376.08
18.758567184 1412735377.12
18.5832681844 1412735378.12
18.8520678944 1412735379.15
18.6391474163 1412735380.16
18.8757411151 1412735381.17
18.7609872128 1412735382.23
18.775042018 1412735383.23
18.828914707 1412735384.24
