29.1833310368 1412745256.82
29.1440387804 1412745258.31
29.2546207211 1412745259.81
29.3273437658 1412745261.3
29.1974434989 1412745262.72
29.4951458987 1412745264.19
29.6873351912 1412745265.7
29.3819026771 1412745267.23
29.6111592649 1412745268.79
29.8863401479 1412745270.3
29.8561074371 1412745271.82
30.0256215321 1412745273.3
29.8340340695 1412745274.81
29.9674797239 1412745276.36
29.7680899998 1412745277.86
29.8093364068 1412745279.33
29.7858180144 1412745280.86
29.5143595188 1412745282.34
29.8162073424 1412745283.77
29.7620104534 1412745285.29
29.514720501 1412745286.79
29.659845924 1412745288.3
29.7723186839 1412745289.78
29.8486155822 1412745291.17
29.8953291473 1412745292.61
29.8258731562 1412745294.06
29.6149189405 1412745295.55
29.6656124657 1412745297.0
29.6044933848 1412745298.44
29.247920686 1412745299.85
29.1693111325 1412745301.31
29.0919537454 1412745302.73
28.9142596127 1412745304.18
28.5343928766 1412745305.6
28.4384771215 1412745307.04
28.3306928309 1412745308.56
28.1877436286 1412745310.06
27.976780914 1412745311.53
27.8929605924 1412745312.97
27.6990623418 1412745314.42
27.8722889188 1412745315.87
27.5736153584 1412745317.4
27.414003216 1412745318.84
27.3498686526 1412745320.25
27.2419972469 1412745321.68
27.0364252533 1412745323.08
26.6310849841 1412745324.47
26.6747225682 1412745325.89
26.2776695155 1412745327.29
26.2554237583 1412745328.73
26.282747424 1412745330.13
26.3568400161 1412745331.57
26.3089697619 1412745333.01
26.1161636747 1412745334.43
26.0792876559 1412745335.85
25.7981105236 1412745337.31
25.7407539805 1412745338.73
25.4028003025 1412745340.13
25.230194054 1412745341.47
25.3434793838 1412745342.92
25.0829726074 1412745344.27
25.2345443336 1412745345.64
25.2601251661 1412745347.02
25.182057089 1412745348.4
25.1444988455 1412745349.78
25.2549286103 1412745351.18
25.0611449253 1412745352.52
25.0074951033 1412745353.89
24.7974196678 1412745355.29
24.4100974632 1412745356.67
24.1847363175 1412745358.05
23.952546934 1412745359.45
23.9336032275 1412745360.84
23.9748911108 1412745362.21
23.8754969194 1412745363.64
23.5504790569 1412745365.0
23.4787731547 1412745366.36
23.6712416607 1412745367.79
23.5146813116 1412745369.24
23.2573436486 1412745370.66
23.1386715569 1412745372.04
23.1686878664 1412745373.44
23.1440469017 1412745374.88
23.0961250163 1412745376.28
23.2034233269 1412745377.66
23.1834799354 1412745379.09
23.2448377366 1412745380.48
23.3197329787 1412745381.86
23.2632974565 1412745383.27
23.3133308958 1412745384.69
23.3548342553 1412745386.09
23.2970233839 1412745387.46
23.3871567313 1412745388.85
23.2831323359 1412745390.25
23.2400313721 1412745391.65
23.2846306335 1412745393.03
23.189273983 1412745394.42
23.1958184696 1412745395.85
23.1442123536 1412745397.29
22.9810259347 1412745398.72
22.9888263833 1412745400.15
22.9569527152 1412745401.6
22.9336916689 1412745403.03
22.8178805262 1412745404.5
22.6549168642 1412745406.0
22.674005077 1412745407.44
22.6400893242 1412745408.94
22.7086659235 1412745410.41
22.7997108407 1412745411.93
22.8017989033 1412745413.41
22.640823549 1412745414.85
22.7576591503 1412745416.29
22.6685439616 1412745417.72
22.7415949612 1412745419.19
22.7759182345 1412745420.62
22.9260479855 1412745422.07
22.8366241021 1412745423.5
22.8377283164 1412745424.95
22.8826767159 1412745426.47
22.9275431889 1412745427.95
22.77628391 1412745429.44
22.792717107 1412745430.97
22.8081508867 1412745432.57
22.9572980351 1412745434.13
23.0796425086 1412745435.67
23.1403023351 1412745437.23
23.2103216325 1412745438.78
23.1722860818 1412745440.41
23.0740284082 1412745441.98
23.0729306659 1412745443.6
23.1597490314 1412745445.41
22.9577579861 1412745447.16
23.0532371095 1412745449.0
23.031662875 1412745450.83
22.9976594664 1412745452.69
22.9139831693 1412745454.53
22.9493437288 1412745456.36
22.8693750665 1412745458.21
22.7447508256 1412745460.1
22.7200193042 1412745461.95
22.7641160413 1412745463.85
22.7394583034 1412745465.69
22.7075903647 1412745467.62
22.745739664 1412745469.57
22.5874108658 1412745471.48
22.5630903236 1412745473.45
22.5640960852 1412745475.49
22.5231807099 1412745477.51
22.4649584915 1412745479.55
22.4925441456 1412745481.6
22.3315394772 1412745483.58
22.3025683803 1412745485.57
22.1989198324 1412745487.54
22.1832942741 1412745489.6
22.1449277902 1412745491.63
21.979713069 1412745493.74
21.8042407538 1412745495.78
21.7445116771 1412745497.84
21.5636385092 1412745499.91
21.5450258324 1412745502.04
21.4822516802 1412745504.14
21.3632856704 1412745506.29
21.2474291182 1412745508.38
21.0312184421 1412745510.54
20.9076102932 1412745512.75
20.7864846535 1412745514.87
20.7900923228 1412745517.02
20.7123917512 1412745519.16
20.7288321088 1412745521.28
20.6633768348 1412745523.47
20.5803633465 1412745525.61
20.6185181754 1412745527.79
20.6096492205 1412745529.93
20.5459885621 1412745532.08
20.5159953862 1412745534.19
20.4517256063 1412745536.4
20.4429210892 1412745538.61
20.4668816397 1412745540.69
20.4317176804 1412745542.83
20.4506034377 1412745544.96
20.3631986287 1412745547.11
20.3859874689 1412745549.23
20.3729599983 1412745551.37
20.3011880638 1412745553.48
20.2681207366 1412745555.6
20.2461865737 1412745557.71
20.2289497498 1412745559.85
20.2217533203 1412745561.97
20.2138300668 1412745564.06
20.1404879146 1412745566.14
20.1371397387 1412745568.17
20.1492632643 1412745570.27
20.147580499 1412745572.38
20.1902340054 1412745574.44
20.1386412506 1412745576.56
20.1921329542 1412745578.63
20.1603772414 1412745580.71
20.1766571924 1412745582.8
20.1707540886 1412745584.9
20.0922672129 1412745587.04
