34.6346890235 1412731537.0
34.4635476357 1412731537.63
34.1588129264 1412731538.24
33.5504756393 1412731538.88
33.6085029451 1412731539.52
34.0607896993 1412731540.14
34.4147181748 1412731540.75
35.1596920977 1412731541.37
35.5393013053 1412731541.95
36.0048701622 1412731542.52
36.3181762413 1412731543.11
36.4348593997 1412731543.74
36.4991875008 1412731544.33
36.5825667206 1412731544.95
36.490617567 1412731545.54
36.1892284385 1412731546.13
35.914344055 1412731546.75
35.6176268762 1412731547.34
35.7544345983 1412731547.97
35.9131797802 1412731548.59
35.8910295953 1412731549.24
35.9522578027 1412731549.85
36.0402239959 1412731550.47
35.7799441377 1412731551.1
35.6828216948 1412731551.68
35.4651934271 1412731552.31
35.2983073061 1412731552.91
35.2496287932 1412731553.51
35.0413262813 1412731554.11
35.0401353891 1412731554.68
34.9473082747 1412731555.3
35.0206097403 1412731555.91
35.319083458 1412731556.54
35.5716114013 1412731557.12
35.311856259 1412731557.72
35.2940646863 1412731558.35
35.2909771373 1412731558.96
34.8507111132 1412731559.59
34.5370590403 1412731560.19
34.3120427127 1412731560.82
33.9936134976 1412731561.42
33.8120993545 1412731562.02
33.9551541433 1412731562.59
34.0164902027 1412731563.21
34.0885100958 1412731563.82
34.2884474159 1412731564.42
34.5186975551 1412731565.05
34.5662512142 1412731565.65
34.7698199258 1412731566.25
34.9647548071 1412731566.86
34.74205373 1412731567.48
34.7956139022 1412731568.1
34.519346869 1412731568.71
34.7889119373 1412731569.33
34.364757912 1412731569.92
34.6063649443 1412731570.52
34.3367562686 1412731571.15
34.6033949338 1412731571.75
34.5934256465 1412731572.35
34.5305483744 1412731572.92
34.5514072095 1412731573.55
34.4457117781 1412731574.15
34.3616857056 1412731574.76
34.2302238696 1412731575.35
34.4620050654 1412731575.98
34.3196364382 1412731576.6
34.0411365812 1412731577.21
34.3794299128 1412731577.82
34.0248169933 1412731578.42
34.4379042786 1412731579.04
34.4920805443 1412731579.67
34.3920494753 1412731580.29
34.1545046671 1412731580.93
34.3526081363 1412731581.55
34.1588290377 1412731582.18
34.3553486993 1412731582.79
34.1056970972 1412731583.41
34.2397667999 1412731583.99
34.4645918623 1412731584.61
34.2132394935 1412731585.27
34.5115086753 1412731585.89
34.2844022937 1412731586.5
33.9701258533 1412731587.13
34.2006585238 1412731587.74
33.9240502627 1412731588.38
33.8172253186 1412731589.01
33.9088104362 1412731589.64
34.0067094773 1412731590.26
33.9861046422 1412731590.87
33.9545537183 1412731591.49
34.1166518352 1412731592.14
34.0137085814 1412731592.8
33.8473486986 1412731593.42
33.9791603875 1412731594.06
33.6880362245 1412731594.72
33.97896696 1412731595.34
34.0584967853 1412731595.99
34.1081472069 1412731596.67
33.9705097634 1412731597.27
34.2123081209 1412731597.93
34.1397114427 1412731598.55
33.9877024333 1412731599.2
34.1889198827 1412731599.82
34.2400575732 1412731600.48
34.3361303793 1412731601.16
34.0528196061 1412731601.85
34.2416050975 1412731602.63
34.0816586384 1412731603.4
34.2940084064 1412731604.19
33.8516557655 1412731604.99
33.9295876608 1412731605.77
33.7796025254 1412731606.53
33.7329872869 1412731607.29
33.8256645971 1412731608.06
33.719059466 1412731608.85
33.6915580275 1412731609.62
33.5087120064 1412731610.39
33.7695416247 1412731611.18
33.4349757283 1412731612.0
33.351219657 1412731612.77
33.3440880179 1412731613.55
33.0058529764 1412731614.35
33.0357181856 1412731615.18
33.0151050649 1412731615.94
33.227797693 1412731616.71
33.5427370887 1412731617.48
33.3857654663 1412731618.36
33.4972629057 1412731619.19
33.4195274688 1412731619.95
33.7905295303 1412731620.77
33.8601101129 1412731621.6
33.933984345 1412731622.44
34.4007978349 1412731623.28
34.5235666725 1412731624.05
34.6691584584 1412731624.78
34.9131179802 1412731625.48
35.0481790202 1412731626.19
35.2387409283 1412731626.89
35.4206717671 1412731627.6
35.3025349942 1412731628.25
35.5038927147 1412731628.97
35.2453673104 1412731629.68
35.3808377094 1412731630.41
35.3629478726 1412731631.15
35.4318116211 1412731631.84
35.3456655537 1412731632.54
35.2299739385 1412731633.28
35.2893476211 1412731633.99
35.2179084144 1412731634.7
35.3595772311 1412731635.44
35.3699033559 1412731636.17
35.2711921096 1412731636.87
34.9614899921 1412731637.6
35.1353642554 1412731638.35
35.0905916283 1412731639.12
34.9670764524 1412731639.83
34.9982307937 1412731640.54
35.042117188 1412731641.24
35.1836186587 1412731641.98
35.1314729777 1412731642.71
35.1093130626 1412731643.43
35.2258399398 1412731644.13
34.8180060862 1412731644.83
34.8246295247 1412731645.54
34.8166542599 1412731646.22
34.7251413412 1412731646.97
34.9064827009 1412731647.69
34.8303239879 1412731648.41
34.8599189438 1412731649.18
34.696077067 1412731649.94
34.8614757645 1412731650.68
34.5105663793 1412731651.41
34.2585196591 1412731652.12
34.1725078396 1412731652.93
34.0208450504 1412731653.69
34.0640630954 1412731654.45
34.0467726125 1412731655.16
34.0718031048 1412731655.84
34.1715312433 1412731656.55
34.1301499293 1412731657.3
34.2289206368 1412731657.99
33.9702058613 1412731658.68
33.8047168436 1412731659.37
33.7650203284 1412731660.07
33.5746689724 1412731660.8
33.4632529622 1412731661.48
33.646170438 1412731662.18
33.4985479308 1412731662.87
33.6167626154 1412731663.58
33.6528409723 1412731664.23
33.7292533804 1412731664.91
33.8195316781 1412731665.59
33.7410076096 1412731666.24
33.9020748696 1412731666.93
33.9327558442 1412731667.7
33.6030144165 1412731668.39
33.9075612581 1412731669.19
34.3533413588 1412731669.9
34.626312197 1412731670.57
34.6905975912 1412731671.22
