75.4260453193 1412750403.7
72.391055225 1412750405.17
68.0316699096 1412750406.72
67.4611523837 1412750408.36
67.1910496182 1412750409.82
66.1367114076 1412750411.44
65.5582550818 1412750413.04
65.3770532445 1412750414.65
65.0658200743 1412750416.25
65.3063651455 1412750417.76
64.0811961571 1412750419.23
63.0510077701 1412750420.69
62.348093893 1412750422.21
60.9226948079 1412750423.74
61.8953781954 1412750425.22
60.2758046032 1412750426.73
61.4102705112 1412750428.14
62.7258912676 1412750429.57
61.3153016394 1412750431.0
59.9715305375 1412750432.44
60.4249718598 1412750433.87
58.5283737579 1412750435.33
59.4532578506 1412750436.82
60.4557571487 1412750438.31
59.852306835 1412750440.0
57.6988737477 1412750441.49
59.6230118393 1412750443.06
56.8377054375 1412750444.58
58.2547368616 1412750446.12
53.6328553546 1412750447.61
54.3790725325 1412750449.13
55.1639931241 1412750450.67
51.7557220393 1412750452.23
52.0153640101 1412750453.75
52.2518795112 1412750455.34
50.276365472 1412750457.09
49.2036070789 1412750458.77
48.8563817325 1412750460.48
48.2218371972 1412750462.25
48.4181081491 1412750464.04
48.6797814645 1412750465.87
49.1058448343 1412750467.76
49.0417873109 1412750469.71
49.1459726883 1412750471.63
49.0960168636 1412750473.53
49.3561410969 1412750475.45
49.2476964081 1412750477.38
49.6020910733 1412750479.31
49.4573452419 1412750481.24
49.8939688535 1412750483.17
49.8959238016 1412750485.11
49.9135293136 1412750487.08
49.9481537473 1412750489.0
50.041555636 1412750490.97
49.9250599308 1412750492.91
49.7644528656 1412750494.9
49.6285112564 1412750496.9
49.6516610843 1412750498.91
49.4102386952 1412750500.9
49.3457653422 1412750502.85
49.282202415 1412750504.85
49.2091833576 1412750506.9
48.9678685544 1412750509.02
48.9462360151 1412750510.97
48.9763392838 1412750513.0
48.9909758911 1412750515.06
49.053149009 1412750517.09
48.7625489174 1412750519.12
48.760069464 1412750521.16
48.8207957586 1412750523.18
48.8396641726 1412750525.2
48.8727055003 1412750527.22
48.9406902395 1412750529.29
48.956092725 1412750531.4
49.1635170327 1412750533.44
49.2826699654 1412750535.54
49.3451214819 1412750537.71
49.2891281415 1412750539.78
49.3357394973 1412750541.79
49.2455040447 1412750543.82
49.186826828 1412750545.82
49.1875863292 1412750547.83
49.1179421214 1412750549.79
49.0936355536 1412750551.88
49.1287519209 1412750553.9
49.1503724995 1412750555.91
49.1306482348 1412750557.99
49.2029383096 1412750560.08
49.1654536462 1412750562.08
49.1550654383 1412750564.15
49.122583635 1412750566.31
49.0458543576 1412750568.4
49.0159362043 1412750570.55
48.9090111963 1412750572.56
48.8576572049 1412750574.58
48.792440406 1412750576.66
48.7825459764 1412750578.74
48.8024149649 1412750580.78
48.7565010725 1412750582.86
48.6894522819 1412750584.89
48.6891155168 1412750587.03
48.7162338826 1412750589.18
48.6973711945 1412750591.37
48.6455639355 1412750593.54
48.3848373915 1412750595.66
48.3533305469 1412750597.78
48.2316491549 1412750599.88
48.2126219914 1412750601.99
48.192649351 1412750604.09
48.1192233327 1412750606.19
47.8717414852 1412750608.3
47.8536795662 1412750610.58
47.8143055564 1412750612.81
47.7936342569 1412750614.87
47.6155282633 1412750617.02
47.4776032711 1412750619.13
47.4093354889 1412750621.25
47.3850318204 1412750623.4
47.2745180285 1412750625.57
47.1917024713 1412750627.79
47.1918604835 1412750629.93
47.1594363668 1412750632.09
47.2284207605 1412750634.33
47.0978764765 1412750636.58
47.0613575213 1412750638.76
47.0745515556 1412750640.94
47.0817597196 1412750643.15
47.0688116245 1412750645.48
47.1008622416 1412750647.8
47.1412608602 1412750650.09
47.1446434358 1412750652.36
47.2036443175 1412750654.67
47.1978511263 1412750657.01
47.1527861905 1412750659.38
47.1869496999 1412750661.63
47.1719696533 1412750663.89
47.1421838843 1412750666.23
47.2203821675 1412750668.51
47.2901542531 1412750670.77
47.279319935 1412750673.04
47.26026596 1412750675.26
47.2566928272 1412750677.57
47.2679323521 1412750679.9
47.265508504 1412750682.19
47.3061647134 1412750684.54
47.2971836963 1412750686.81
47.2844713929 1412750689.17
47.2934397942 1412750691.5
47.2764829244 1412750693.78
47.2693323951 1412750696.12
47.2616910258 1412750698.43
47.2538748592 1412750700.75
47.2193635129 1412750703.12
47.2096096922 1412750705.46
47.2877256382 1412750707.81
47.2720770297 1412750710.18
47.2780940014 1412750712.55
47.2669076243 1412750714.91
47.233684467 1412750717.31
47.217026102 1412750719.64
47.1859185327 1412750722.01
47.1672165431 1412750724.44
47.2968130216 1412750726.91
47.2748975347 1412750729.34
47.2710321208 1412750731.83
47.2565632936 1412750734.3
47.2210656321 1412750736.7
47.2827780535 1412750739.09
47.2919456346 1412750741.54
47.2952968905 1412750744.06
47.2855255069 1412750746.53
47.2755161786 1412750749.06
47.2645034057 1412750751.53
47.2689029114 1412750753.89
47.2439304627 1412750756.32
47.2527887922 1412750758.66
47.2317182222 1412750760.93
47.2035533883 1412750763.14
47.2443722022 1412750765.53
47.2420822834 1412750768.12
47.2394910942 1412750770.38
47.2316526405 1412750772.74
47.1865836132 1412750775.03
47.2086188055 1412750777.24
47.2421536386 1412750779.58
47.2418876758 1412750781.75
47.4418825076 1412750784.0
47.4284406136 1412750786.12
47.4262894463 1412750788.28
47.426350882 1412750790.42
47.3984460559 1412750792.59
47.4070416195 1412750794.78
47.3895605759 1412750796.94
47.4034455012 1412750799.22
47.3987399383 1412750801.38
47.4131176023 1412750803.7
47.3910455161 1412750805.91
47.3354449859 1412750808.13
47.3439372104 1412750810.4
47.3396158528 1412750812.66
