53.0595211785 1412722931.13
52.3407013939 1412722931.23
50.5586869783 1412722931.34
49.8307822096 1412722931.44
48.3921363195 1412722931.52
47.0971515351 1412722931.62
47.7606192355 1412722931.71
46.4809487081 1412722931.79
46.3660992056 1412722931.88
46.1684992209 1412722931.98
46.1862543804 1412722932.09
46.5087435164 1412722932.18
46.0153304448 1412722932.28
44.4017376733 1412722932.36
44.6291727194 1412722932.46
44.4993400338 1412722932.55
44.835942956 1412722932.65
44.7899506556 1412722932.75
44.7854570444 1412722932.83
44.820101541 1412722932.91
44.6631190033 1412722933.01
44.5825808838 1412722933.09
44.5667614935 1412722933.18
44.4084846153 1412722933.29
44.6443577001 1412722933.41
43.8883688722 1412722933.5
43.4409198412 1412722933.59
43.1430779956 1412722933.69
42.0058687387 1412722933.8
40.9775167764 1412722933.9
41.5544280547 1412722933.99
41.6281475606 1412722934.1
41.3106065123 1412722934.2
40.6030489321 1412722934.3
39.098491966 1412722934.4
38.3739374821 1412722934.49
38.0454938059 1412722934.59
38.3282082622 1412722934.68
36.7892856793 1412722934.78
36.2577436274 1412722934.87
35.5378802357 1412722934.96
35.4282240828 1412722935.06
35.3073814089 1412722935.18
35.3236414236 1412722935.26
35.0266745586 1412722935.35
34.8576448981 1412722935.43
34.6654529809 1412722935.52
34.5562596783 1412722935.63
33.9564681888 1412722935.73
33.8361963281 1412722935.82
33.8629715705 1412722935.91
33.6376158171 1412722936.0
33.6437418145 1412722936.1
33.6731597489 1412722936.19
32.8808011427 1412722936.28
33.0114215539 1412722936.38
32.6310215111 1412722936.47
32.3290607737 1412722936.57
32.2456239169 1412722936.69
31.9868274468 1412722936.79
31.9441619811 1412722936.89
31.7514024337 1412722936.99
31.6707350502 1412722937.1
31.9641823592 1412722937.23
31.7430453312 1412722937.34
30.8603943641 1412722937.43
31.0881827916 1412722937.52
30.6817952427 1412722937.6
30.7073199924 1412722937.69
30.5041892267 1412722937.79
30.2421391251 1412722937.9
29.5540104089 1412722938.0
29.052865089 1412722938.11
28.3273823544 1412722938.2
28.560240399 1412722938.32
28.7904809347 1412722938.48
28.6224875167 1412722938.62
28.7313978684 1412722938.73
28.8820542561 1412722938.84
28.7554527443 1412722938.96
28.9518540885 1412722939.06
28.3567225679 1412722939.15
28.3759052949 1412722939.24
27.9756839092 1412722939.34
27.745213706 1412722939.44
27.7546098306 1412722939.56
27.639420272 1412722939.67
27.957816008 1412722939.76
27.6648235475 1412722939.83
27.4097038046 1412722939.93
27.7780537333 1412722940.03
27.6794676042 1412722940.12
28.2889005442 1412722940.21
28.1148742189 1412722940.31
27.8038087603 1412722940.4
27.7453465203 1412722940.49
27.7748984649 1412722940.58
27.930470215 1412722940.66
27.8900676748 1412722940.76
27.9693832166 1412722940.86
27.9205552494 1412722940.96
27.8600937758 1412722941.04
28.0648281684 1412722941.13
28.39038012 1412722941.22
28.1153939153 1412722941.33
27.7602508675 1412722941.45
27.2711121314 1412722941.53
27.6718535761 1412722941.62
27.7213171071 1412722941.72
27.7337271243 1412722941.85
27.7731965698 1412722941.95
27.7783310638 1412722942.05
27.733207125 1412722942.15
27.9704474368 1412722942.25
27.7560165317 1412722942.35
27.6052730058 1412722942.44
27.8438562777 1412722942.53
27.7675469537 1412722942.63
27.6543881016 1412722942.74
27.7724718786 1412722942.84
27.6521032611 1412722942.93
27.8875527631 1412722943.04
28.0243000029 1412722943.14
28.1363304736 1412722943.22
27.6910135252 1412722943.3
27.9067330775 1412722943.38
27.5142859683 1412722943.48
27.539370041 1412722943.58
27.5986754535 1412722943.66
27.3469935106 1412722943.75
27.5538359533 1412722943.85
27.4140086514 1412722943.95
27.4253921694 1412722944.04
27.4828393915 1412722944.14
27.7781167589 1412722944.22
27.6965174892 1412722944.31
27.9587327572 1412722944.41
27.8977580866 1412722944.49
28.0141479374 1412722944.64
27.6372804742 1412722944.72
27.5712114414 1412722944.8
27.4963947915 1412722944.89
27.6723736657 1412722944.98
27.6769589705 1412722945.05
27.7367815662 1412722945.14
27.6805010595 1412722945.24
27.5676561951 1412722945.32
27.3463438969 1412722945.42
27.3282109053 1412722945.53
27.1468330793 1412722945.64
27.2579320885 1412722945.74
27.0673833979 1412722945.84
26.8154589119 1412722945.95
27.015929133 1412722946.04
26.8537020228 1412722946.14
26.8008689274 1412722946.23
26.9775346021 1412722946.34
26.8628540699 1412722946.45
26.7242045992 1412722946.55
26.6853863522 1412722946.65
26.6469557867 1412722946.77
26.7710974316 1412722946.88
26.8176244039 1412722947.0
26.5742598782 1412722947.11
26.6695175062 1412722947.21
26.4882644237 1412722947.32
26.4935084611 1412722947.47
26.4987448419 1412722947.6
26.5040069444 1412722947.72
26.2171341635 1412722947.9
26.3070534266 1412722948.01
26.3149415148 1412722948.11
26.323059941 1412722948.22
26.3768849379 1412722948.31
26.4145365808 1412722948.4
26.4227121764 1412722948.52
26.4309848413 1412722948.65
26.4392408447 1412722948.75
26.3962886258 1412722948.86
26.4047345199 1412722948.97
26.413279828 1412722949.08
26.4219445161 1412722949.2
26.206006325 1412722949.3
26.1151936818 1412722949.41
25.9725216592 1412722949.54
25.9728312689 1412722949.64
25.9732696431 1412722949.76
26.1576908809 1412722949.88
26.0353105709 1412722950.0
26.0175991388 1412722950.12
26.0433387443 1412722950.23
25.850672195 1412722950.35
25.9326977625 1412722950.46
25.971616736 1412722950.58
25.8455448539 1412722950.7
25.8472539779 1412722950.82
26.0819757876 1412722950.93
26.0050646925 1412722951.06
25.9792144865 1412722951.18
25.9177702162 1412722951.31
