34.5636361106 1412734511.39
35.3952378174 1412734512.39
35.2357977748 1412734513.55
35.328763027 1412734514.62
35.6620215821 1412734515.72
35.9212799316 1412734516.78
36.4074444198 1412734517.87
36.9916200445 1412734518.9
37.2526301488 1412734519.94
37.4535043038 1412734521.0
37.5494153592 1412734522.07
37.5529920826 1412734523.15
37.4111905773 1412734524.22
37.4222390554 1412734525.3
37.3746830878 1412734526.37
37.2674560273 1412734527.38
37.263383273 1412734528.45
37.3354863189 1412734529.53
37.2760987674 1412734530.59
37.1524339223 1412734531.66
37.4159385462 1412734532.74
36.953027704 1412734533.78
37.0652602627 1412734534.84
36.7395107317 1412734535.92
36.4475653328 1412734536.97
36.1017918156 1412734537.97
35.8034810777 1412734538.99
35.4808982791 1412734540.03
35.5876311965 1412734541.08
35.5877872595 1412734542.1
35.4742738615 1412734543.17
35.4794885333 1412734544.26
35.3844254779 1412734545.32
35.5135798301 1412734546.35
35.4776726007 1412734547.42
35.474973519 1412734548.51
35.4675023162 1412734549.55
35.5469856006 1412734550.55
35.6743812027 1412734551.56
35.7537811598 1412734552.63
35.8584985938 1412734553.7
35.8091082866 1412734554.71
35.7102535036 1412734555.75
35.3953622874 1412734556.74
34.7765314954 1412734557.78
34.3373570415 1412734558.77
33.9252827979 1412734559.84
33.6072605041 1412734560.94
33.2931933913 1412734562.02
32.8214544639 1412734563.08
32.8070816458 1412734564.19
32.6691712823 1412734565.31
32.6619278638 1412734566.38
32.4615162527 1412734567.47
32.3712975973 1412734568.58
32.2591188761 1412734569.68
32.097417023 1412734570.84
32.084118454 1412734571.93
31.8949296753 1412734573.01
31.842983099 1412734574.12
31.7315627064 1412734575.24
31.5686152057 1412734576.49
31.3601707445 1412734577.83
31.2172420278 1412734579.27
31.2081871713 1412734580.69
31.0354371376 1412734582.11
30.909797913 1412734583.51
30.8467356034 1412734584.92
30.8970282442 1412734586.41
30.7591205252 1412734587.83
30.7975722654 1412734589.19
30.7531691506 1412734590.57
30.7507034314 1412734591.92
30.808818104 1412734593.2
30.720411471 1412734594.55
30.6753525144 1412734595.87
30.4408420163 1412734597.22
30.3824879225 1412734598.57
30.2677239751 1412734599.93
30.2778764063 1412734601.29
30.2672450915 1412734602.48
30.3187113715 1412734603.68
30.3117555219 1412734604.88
30.3292856425 1412734606.08
30.3718037019 1412734607.25
30.4360633726 1412734608.41
30.4253391233 1412734609.59
30.235487683 1412734610.79
30.1795373638 1412734611.96
30.0150694356 1412734613.13
30.0440638254 1412734614.25
30.0317744091 1412734615.4
30.0329998878 1412734616.55
30.0245819947 1412734617.72
30.0042235846 1412734618.91
29.89927079 1412734620.09
29.8317750154 1412734621.31
29.768217719 1412734622.52
29.7315650797 1412734623.72
29.6451673682 1412734624.91
29.5108384927 1412734626.06
29.390973804 1412734627.24
29.2136111037 1412734628.47
29.0752131961 1412734629.63
28.8682100118 1412734630.82
28.5648157156 1412734631.98
28.2716929844 1412734633.18
28.0438552108 1412734634.3
27.827888982 1412734635.47
27.6728455406 1412734636.62
27.7766540512 1412734637.73
27.8753429522 1412734638.9
27.981437361 1412734640.08
28.0949105368 1412734641.28
28.2195100686 1412734642.46
28.304817539 1412734643.61
28.4721886591 1412734644.76
28.4231993378 1412734645.91
28.5365144718 1412734647.1
28.6736695988 1412734648.27
28.7031698632 1412734649.46
28.7567390762 1412734650.64
28.7840468337 1412734651.8
28.8599342697 1412734653.03
28.9802197095 1412734654.25
28.9877245161 1412734655.43
28.9486246636 1412734656.58
28.9440974289 1412734657.72
28.945765869 1412734658.86
29.0135555372 1412734660.02
28.9812892985 1412734661.18
28.9563275349 1412734662.32
28.9201155112 1412734663.48
28.9101457004 1412734664.59
28.8737019102 1412734665.73
28.8043587933 1412734666.83
28.7532160562 1412734667.97
28.673886791 1412734669.1
28.7724346248 1412734670.2
28.9216402942 1412734671.37
28.7793062936 1412734672.52
28.7695571656 1412734673.7
28.6431795336 1412734674.82
28.7906993685 1412734675.97
28.690946513 1412734677.09
28.7650571272 1412734678.24
28.8872976888 1412734679.34
28.8031405271 1412734680.52
28.757112657 1412734681.64
28.8231316046 1412734682.81
28.789209685 1412734683.95
28.8397076153 1412734685.1
28.8192233544 1412734686.22
28.6852550655 1412734687.37
28.7837649491 1412734688.5
28.723854507 1412734689.65
28.7521949827 1412734690.79
28.7575920113 1412734691.93
28.753391677 1412734693.06
28.7621059099 1412734694.18
28.8061861518 1412734695.27
28.8022417649 1412734696.41
28.7891053225 1412734697.51
28.7666680766 1412734698.61
28.7581270533 1412734699.72
28.790057491 1412734700.83
28.809299407 1412734701.92
28.7912377232 1412734703.04
28.8361862417 1412734704.15
28.8644069905 1412734705.21
28.99974211 1412734706.29
28.9424116389 1412734707.4
28.9444374872 1412734708.48
28.9214775409 1412734709.59
28.995709387 1412734710.67
29.0017917375 1412734711.8
29.0717180809 1412734712.94
29.0495637799 1412734714.06
29.047123165 1412734715.16
29.0078608632 1412734716.26
29.0575261689 1412734717.39
29.0267906612 1412734718.53
29.1374628547 1412734719.63
29.1078580717 1412734720.74
29.1497184464 1412734721.84
29.2444939383 1412734722.93
29.1817338236 1412734724.02
29.2731577255 1412734725.14
29.223254828 1412734726.33
29.3362508112 1412734727.47
29.267716637 1412734728.64
29.2655539663 1412734729.76
29.2609179455 1412734730.96
29.2800085282 1412734732.1
29.2976144464 1412734733.45
29.3035356029 1412734734.72
29.3066437079 1412734735.97
29.328341553 1412734737.29
29.4177434461 1412734738.52
29.443405644 1412734739.76
