27.0300833622 1412739591.27
28.6456997455 1412739592.38
29.4227944009 1412739593.48
29.4134698629 1412739594.5
31.2204964353 1412739595.5
31.8025894594 1412739596.5
32.3811862278 1412739597.54
32.5535674827 1412739598.57
32.9094242741 1412739599.6
33.9390882224 1412739600.68
34.3776845652 1412739601.73
35.0425128003 1412739602.82
35.0556756167 1412739603.86
35.4385043952 1412739604.87
35.271003525 1412739605.87
34.9716976043 1412739606.92
35.3407543048 1412739607.94
34.8836344446 1412739608.97
35.4754551081 1412739610.05
35.8796574696 1412739611.09
35.4634104155 1412739612.16
35.8578542274 1412739613.26
35.7545534332 1412739614.31
35.8683556871 1412739615.38
35.949185133 1412739616.45
36.2015458943 1412739617.53
36.446768427 1412739618.61
36.3293501142 1412739619.65
36.50983655 1412739620.8
36.7031460954 1412739621.85
36.6568023644 1412739622.94
36.2341667357 1412739624.02
36.4701818696 1412739625.08
35.2388710432 1412739626.17
36.0760867387 1412739627.32
34.19052103 1412739628.47
33.451635566 1412739629.59
33.1990118369 1412739630.64
33.2476686141 1412739631.72
34.2183597661 1412739632.82
32.6095608072 1412739633.92
33.5758538139 1412739635.02
32.22051162 1412739636.12
32.6989663879 1412739637.25
31.900857864 1412739638.4
32.2513024125 1412739639.6
31.7278017339 1412739640.76
32.0054964193 1412739641.94
31.3939360036 1412739643.12
31.6089513583 1412739644.33
30.8325169766 1412739645.51
31.1168719409 1412739646.72
30.3728887225 1412739647.87
31.2185873997 1412739649.04
30.3686024549 1412739650.2
30.6954603409 1412739651.33
30.0816290577 1412739652.47
30.639559223 1412739653.64
29.6415041715 1412739654.72
30.2736075419 1412739655.9
29.7176622696 1412739657.06
29.1263281653 1412739658.1
29.6142520898 1412739659.25
28.7239329448 1412739660.36
29.1123634605 1412739661.47
28.5401151703 1412739662.59
28.9628437897 1412739663.69
27.8195548071 1412739664.76
28.150767359 1412739665.84
27.684400653 1412739666.96
27.5866876319 1412739668.06
27.748975505 1412739669.19
27.1770642809 1412739670.31
27.2743682332 1412739671.43
26.7557502098 1412739672.56
27.2009879785 1412739673.75
26.6729964162 1412739674.92
26.2080503762 1412739676.08
26.6016098824 1412739677.34
26.8798072987 1412739678.54
26.4297954363 1412739679.67
26.079649482 1412739680.81
26.1642119397 1412739681.93
25.7660093951 1412739683.06
26.0811443433 1412739684.11
25.727315057 1412739685.19
26.066758884 1412739686.28
25.6542705776 1412739687.38
25.2277874039 1412739688.45
25.7637394655 1412739689.54
25.2122967977 1412739690.64
25.5146215269 1412739691.76
25.1076484097 1412739692.86
25.5802128417 1412739693.97
24.9377234868 1412739695.08
25.4128136498 1412739696.22
24.884344181 1412739697.28
25.3078080318 1412739698.36
24.8914400373 1412739699.42
25.2418038876 1412739700.49
24.8692405132 1412739701.56
25.104737753 1412739702.65
24.72815832 1412739703.71
25.0663214999 1412739704.75
24.5713716945 1412739705.79
24.8521648011 1412739706.84
24.4196735452 1412739707.86
24.7711725 1412739708.95
24.3122171701 1412739710.0
24.5021845012 1412739711.04
24.250567993 1412739712.1
24.6562731092 1412739713.19
24.0505693404 1412739714.29
24.3854571689 1412739715.38
23.9377183357 1412739716.46
24.3507588726 1412739717.56
23.8859865725 1412739718.63
23.3194187492 1412739719.7
23.8487823888 1412739720.81
23.429037808 1412739721.88
23.7873493087 1412739722.93
23.3681283901 1412739724.0
23.7184099328 1412739725.07
23.2163346731 1412739726.17
23.6481672213 1412739727.24
23.0805365884 1412739728.33
23.6468859635 1412739729.39
23.1168145375 1412739730.49
22.7687799456 1412739731.61
23.1867651532 1412739732.71
22.7676796672 1412739733.81
22.9921304944 1412739734.86
23.4525921027 1412739735.93
23.038428758 1412739737.03
23.4654955261 1412739738.13
23.1198028273 1412739739.19
22.7904968044 1412739740.25
23.1607069673 1412739741.35
22.7382236858 1412739742.46
22.9840795569 1412739743.5
22.7447042712 1412739744.58
23.0113287524 1412739745.7
22.7704072555 1412739746.78
22.5948527636 1412739747.86
22.7579978682 1412739748.97
22.4037860053 1412739750.09
22.4882034125 1412739751.2
23.031781659 1412739752.29
22.3851044514 1412739753.41
22.828423513 1412739754.6
22.3820942881 1412739755.72
22.7539903582 1412739756.84
22.3191951431 1412739757.96
22.6986615806 1412739759.06
22.3297424344 1412739760.19
22.5360683777 1412739761.3
22.1718237145 1412739762.41
22.3564942525 1412739763.56
22.0236286878 1412739764.75
22.1959601857 1412739765.91
21.8940753231 1412739767.01
22.0256651998 1412739768.12
22.0991460028 1412739769.24
22.3079948917 1412739770.38
22.0302930302 1412739771.52
22.1726282859 1412739772.64
21.9337468715 1412739773.78
22.0964441778 1412739774.92
21.8952151674 1412739776.04
21.8850512028 1412739777.2
21.9872192949 1412739778.34
22.0242945259 1412739779.47
22.0899711568 1412739780.61
22.0308664514 1412739781.81
22.0606804031 1412739782.98
21.8313703442 1412739784.15
21.8747774773 1412739785.33
21.9662827501 1412739786.57
21.7509994947 1412739787.66
21.8322178533 1412739788.8
21.7620266814 1412739789.84
21.6761483142 1412739790.98
21.6189219862 1412739792.07
21.5439011478 1412739793.16
21.4632615437 1412739794.25
21.5087326436 1412739795.37
21.5187827422 1412739796.59
21.43784934 1412739797.77
21.3355806234 1412739798.91
21.3664849618 1412739800.04
21.1042251721 1412739801.17
21.1294852799 1412739802.29
21.1475650293 1412739803.38
21.2060229422 1412739804.52
21.2436460472 1412739805.65
21.334520903 1412739806.78
21.5223146114 1412739807.87
21.6320785372 1412739809.01
21.6115437066 1412739810.15
21.6493971898 1412739811.33
