57.1353636318 1412760053.14
56.5400125626 1412760054.12
56.0352486858 1412760055.15
55.9729110272 1412760056.09
56.6076440344 1412760057.02
56.9038772458 1412760058.0
57.2918644511 1412760058.97
58.0683814477 1412760059.91
57.2615816351 1412760060.86
57.9685356283 1412760061.83
57.3111327095 1412760062.78
57.7135116912 1412760063.7
57.1856099395 1412760064.64
57.9139608407 1412760065.62
57.3067612706 1412760066.57
58.0599621843 1412760067.52
57.0435900645 1412760068.48
57.9859530089 1412760069.4
56.6536072581 1412760070.34
57.6954632472 1412760071.29
58.8634218929 1412760072.22
60.0530291736 1412760073.15
58.9049737567 1412760074.07
58.2506974628 1412760075.0
57.5152254282 1412760075.9
58.2154379489 1412760076.82
56.6643924559 1412760077.74
56.1893271344 1412760078.65
56.3378445164 1412760079.57
55.8879071524 1412760080.47
56.8234228034 1412760081.35
55.6103741969 1412760082.23
56.3643766798 1412760083.12
55.045690078 1412760083.96
56.131619626 1412760084.85
55.1061274712 1412760085.81
56.7304053188 1412760086.74
55.4304541431 1412760087.71
50.7844939797 1412760088.65
48.4930463964 1412760089.62
51.1876906354 1412760090.53
43.8845772522 1412760091.46
46.9062311229 1412760092.37
40.5880250537 1412760093.27
41.5265552504 1412760094.17
42.6417579081 1412760095.08
42.7181983161 1412760095.98
42.8923292412 1412760096.88
42.3541785167 1412760097.8
42.5572294475 1412760098.73
42.7971666053 1412760099.69
43.0443288949 1412760100.65
43.2002869215 1412760101.63
43.1977869915 1412760102.61
43.1953055544 1412760103.57
43.1821594794 1412760104.56
43.1484143799 1412760105.54
42.947922734 1412760106.5
42.9932906403 1412760107.5
43.161677758 1412760108.51
43.2646373944 1412760109.5
43.4074959706 1412760110.51
43.1195408335 1412760111.54
43.2746301676 1412760112.56
43.3846085628 1412760113.57
43.2692212706 1412760114.58
43.4608010496 1412760115.59
43.3712301091 1412760116.61
43.6490954958 1412760117.67
43.7943770728 1412760118.7
43.9282915624 1412760119.75
44.1000217211 1412760120.8
44.1480970767 1412760121.84
44.2831855863 1412760122.89
44.4620416604 1412760123.94
44.6183000366 1412760124.99
44.7969113476 1412760126.02
44.7686526588 1412760127.12
44.8550677028 1412760128.19
44.736067597 1412760129.26
44.9814251828 1412760130.32
44.9370463677 1412760131.36
45.0010658767 1412760132.42
45.2221526754 1412760133.47
45.1251988382 1412760134.51
45.0748883403 1412760135.57
45.1687778447 1412760136.63
45.3847928358 1412760137.69
45.3671031972 1412760138.77
45.4799241239 1412760139.84
45.4460969512 1412760140.9
45.4609246928 1412760141.92
45.5031635762 1412760142.96
45.4759634291 1412760144.04
45.3303673655 1412760145.08
45.4170451319 1412760146.13
45.3747345477 1412760147.18
45.4739137771 1412760148.23
45.3192231181 1412760149.26
45.5570700693 1412760150.29
45.4733709594 1412760151.32
45.5347776557 1412760152.37
45.5260704239 1412760153.43
45.6504926717 1412760154.46
45.6778736719 1412760155.51
45.7532797619 1412760156.55
45.9040630705 1412760157.64
45.9217848364 1412760158.69
45.9484552936 1412760159.72
46.1212954935 1412760160.77
46.0205196571 1412760161.81
45.9629439192 1412760162.86
45.9914317585 1412760163.9
46.0195639178 1412760164.95
46.0759111505 1412760166.01
46.1685475455 1412760167.05
46.0823140597 1412760168.14
46.0865872517 1412760169.25
45.9632994307 1412760170.38
45.9253208582 1412760171.47
45.6273561785 1412760172.67
45.6308152347 1412760173.88
45.5353949557 1412760175.05
45.5996346911 1412760176.22
45.3340802968 1412760177.43
45.1475775046 1412760178.63
44.9215205859 1412760179.84
44.8083716134 1412760181.05
44.7462994146 1412760182.25
44.6929576855 1412760183.48
44.7581610559 1412760184.66
44.5327759758 1412760185.88
44.6382936539 1412760187.07
44.4500306506 1412760188.3
44.1698742057 1412760189.47
44.1614974784 1412760190.68
44.1618267504 1412760191.9
44.1791883553 1412760193.12
43.9640148675 1412760194.36
43.668196332 1412760195.58
43.6793138799 1412760196.84
43.3796807111 1412760198.11
43.2446663643 1412760199.35
43.1158131762 1412760200.61
43.1481079254 1412760201.84
42.9883344133 1412760203.1
42.9968554332 1412760204.39
43.0392238929 1412760205.62
42.8039851934 1412760206.86
42.6136016375 1412760208.17
42.6354132889 1412760209.42
42.7976908045 1412760210.7
42.86400959 1412760211.98
42.8525258085 1412760213.25
42.7963602121 1412760214.48
42.8132295446 1412760215.73
42.8205379832 1412760217.0
42.7273502575 1412760218.4
42.7805701026 1412760219.77
42.939343221 1412760221.04
43.1141956747 1412760222.28
42.9725506224 1412760223.61
43.0887813083 1412760224.92
43.1197327661 1412760226.17
43.1532078536 1412760227.41
43.1893323318 1412760228.64
43.0086444287 1412760229.87
43.0673696656 1412760231.11
43.1114825725 1412760232.34
43.124068287 1412760233.59
43.134799553 1412760234.81
43.0690332385 1412760236.06
43.0413586981 1412760237.31
43.0381117404 1412760238.61
43.0308979843 1412760239.83
43.0064706745 1412760241.04
42.9852998439 1412760242.24
42.9739404054 1412760243.49
42.9931489131 1412760244.69
43.0689683354 1412760245.92
43.1953964792 1412760247.17
43.2250662962 1412760248.44
43.2488678569 1412760249.65
43.2892187173 1412760250.88
43.3436216318 1412760252.08
43.3438705465 1412760253.34
43.4030118568 1412760254.6
43.2215216241 1412760255.84
43.2010990834 1412760257.07
43.1866641445 1412760258.32
43.1817951951 1412760259.51
43.185757988 1412760260.72
43.2489668628 1412760261.94
43.3033050792 1412760263.19
43.2176698947 1412760264.41
43.2105422187 1412760265.67
43.1948951469 1412760266.92
43.2483036068 1412760268.16
43.2087756728 1412760269.39
42.7691881443 1412760270.65
