18.9983817305 1412726478.32
21.7853672197 1412726479.33
23.9664105442 1412726480.33
25.1505263614 1412726481.29
25.8523176596 1412726482.21
26.4173692696 1412726482.9
26.4995540103 1412726483.59
26.4787279521 1412726484.27
26.2838080599 1412726485.0
26.3881022605 1412726485.63
26.6061048468 1412726486.29
26.9668769905 1412726487.02
27.5193429984 1412726487.69
27.8899586853 1412726488.38
28.459833175 1412726489.16
29.0005977937 1412726489.87
29.337464512 1412726490.5
29.6577204915 1412726491.12
29.7224969788 1412726491.69
29.7439581057 1412726492.23
29.704897733 1412726492.81
29.6874982707 1412726493.37
29.5911504149 1412726494.01
29.5101643038 1412726494.55
29.510540598 1412726495.19
29.4317512103 1412726495.87
29.2802755047 1412726496.43
29.2576328764 1412726497.03
29.1901434211 1412726497.73
29.0647538171 1412726498.39
29.1600480517 1412726498.92
29.0555192084 1412726499.46
28.9414963662 1412726500.02
28.9517184324 1412726500.55
28.8605590053 1412726501.17
28.8413466545 1412726501.85
28.7638350253 1412726502.47
28.62947266 1412726503.08
28.42137299 1412726503.73
28.3658576603 1412726504.28
28.2394724583 1412726504.86
28.1210283215 1412726505.47
28.1431847936 1412726506.14
28.2247236816 1412726506.73
28.1595114943 1412726507.37
28.1196175075 1412726507.94
28.0733514287 1412726508.52
28.0298189805 1412726509.14
27.9178995612 1412726509.68
27.8884992334 1412726510.2
27.8427759956 1412726510.74
27.7539757206 1412726511.26
27.7039042847 1412726511.85
27.6024444119 1412726512.43
27.4480680185 1412726513.02
27.3032236024 1412726513.53
27.1450721295 1412726514.18
27.1961912986 1412726514.73
27.085571395 1412726515.25
27.3172711399 1412726515.8
27.128784806 1412726516.3
27.5071890593 1412726516.83
27.1313845015 1412726517.35
28.1789162089 1412726517.87
28.6326393464 1412726518.42
29.3853094316 1412726518.94
28.8205676591 1412726519.52
28.0862835468 1412726520.08
28.9500544399 1412726520.62
27.2130186095 1412726521.14
25.5418709188 1412726521.69
22.1372057422 1412726522.27
23.6956019516 1412726522.81
23.617051681 1412726523.4
23.9645664949 1412726524.0
23.9100114583 1412726524.57
23.9583302915 1412726525.14
23.9243215613 1412726525.72
23.803511315 1412726526.41
23.8370566395 1412726527.24
24.1198998334 1412726528.11
24.3600769296 1412726529.07
24.5972195082 1412726529.77
24.0845942412 1412726530.55
24.2381072941 1412726531.27
24.3675146746 1412726531.98
23.856716913 1412726532.68
23.9706608545 1412726533.28
23.8956828434 1412726533.91
23.7644551094 1412726534.79
23.361805232 1412726535.41
22.9059609949 1412726536.22
22.3355831896 1412726536.8
21.673250793 1412726537.37
21.2449148346 1412726538.05
21.3792752081 1412726538.68
22.1051130389 1412726539.26
22.6059191929 1412726539.82
22.9129245142 1412726540.31
22.5132632169 1412726540.83
22.7898119562 1412726541.33
22.9539797172 1412726541.88
22.7561350749 1412726542.47
22.9051538432 1412726543.16
22.7353070051 1412726543.83
22.587449242 1412726544.4
22.7598634047 1412726545.09
22.8774909635 1412726545.81
22.7585598334 1412726546.61
22.9502847877 1412726547.42
23.0208662058 1412726548.25
22.9464497974 1412726548.97
22.8661778807 1412726549.48
22.7404283686 1412726549.98
22.6166012054 1412726550.47
22.5207911924 1412726550.96
22.3564733643 1412726551.51
22.4874773221 1412726552.11
22.3077400009 1412726552.8
22.1405227567 1412726553.63
22.2265497285 1412726554.41
22.2798269932 1412726555.2
22.3773577048 1412726555.84
22.3461083055 1412726556.63
22.2683755099 1412726557.48
22.13762373 1412726558.17
22.2698436449 1412726558.78
22.1314467258 1412726559.37
22.1763534737 1412726560.02
22.2595388464 1412726560.75
22.224006788 1412726561.54
22.1333799621 1412726562.34
22.0122864233 1412726562.92
22.102319988 1412726563.43
21.9751085301 1412726563.95
22.0342860742 1412726564.51
21.9232013703 1412726565.02
21.9929429474 1412726565.66
21.8789013974 1412726566.49
21.9105530911 1412726567.21
21.8050743621 1412726567.77
21.7452684053 1412726568.4
21.7715973899 1412726569.19
21.6669877108 1412726569.84
21.7743182144 1412726570.54
21.6691742014 1412726571.37
21.7336001911 1412726572.09
21.6460049134 1412726572.9
21.7143192014 1412726573.43
21.618699867 1412726574.14
21.681254136 1412726574.94
21.6012921653 1412726575.74
21.64563565 1412726576.5
21.5728773706 1412726577.21
21.4789206334 1412726577.97
21.4893978965 1412726578.68
21.4112350736 1412726579.2
21.3964081478 1412726579.68
21.3034273704 1412726580.38
21.2862442211 1412726580.93
21.3475204792 1412726581.44
21.4075965313 1412726581.99
21.3451010626 1412726582.54
21.2914782137 1412726583.21
21.3395550611 1412726583.69
21.391021259 1412726584.21
21.33539077 1412726584.92
21.3832995467 1412726585.6
21.3293935704 1412726586.27
21.3815156135 1412726586.91
21.3286332018 1412726587.59
21.4168891811 1412726588.12
21.375705043 1412726588.81
21.3231754357 1412726589.46
21.3743012692 1412726590.21
21.322509873 1412726590.93
21.3584969783 1412726591.62
21.3015328264 1412726592.29
21.3908662365 1412726593.03
21.3477022619 1412726593.74
21.2969808381 1412726594.47
21.2525476485 1412726595.3
21.205020587 1412726596.1
21.2480496172 1412726596.85
21.1981420521 1412726597.67
21.2365999521 1412726598.49
21.1898064646 1412726599.22
21.218047778 1412726600.04
21.1338071648 1412726600.81
21.1139593429 1412726601.62
21.0738061447 1412726602.38
21.0338653372 1412726603.12
21.0649376457 1412726603.95
21.0437262384 1412726604.54
21.1094015913 1412726605.14
21.0654385089 1412726605.79
21.0274417653 1412726606.59
21.0431004711 1412726607.31
21.0798017576 1412726608.01
21.0413016643 1412726608.82
