44.1186733021 1412750000.54
43.626143285 1412750001.99
44.3927381925 1412750003.44
44.4544164072 1412750004.89
42.8157573894 1412750006.37
42.6898384512 1412750007.87
42.2433801862 1412750009.29
41.9836151425 1412750010.69
41.7702075035 1412750012.19
42.2300164512 1412750013.65
41.8603750826 1412750015.13
42.0586844337 1412750016.58
42.7804164089 1412750018.1
42.7834278603 1412750019.61
43.0610702524 1412750021.12
43.2218469002 1412750022.6
43.2847258486 1412750024.19
43.4490857816 1412750025.71
43.9845549037 1412750027.2
43.419468968 1412750028.71
42.6223940211 1412750030.22
42.6607690059 1412750031.75
42.9405540271 1412750033.26
43.1090213873 1412750034.73
42.8545094374 1412750036.22
43.0008860955 1412750037.71
42.7451315382 1412750039.18
42.7498034041 1412750040.63
42.9401910988 1412750042.04
43.1466654653 1412750043.49
43.2877672799 1412750044.94
43.9426148021 1412750046.4
44.0065471621 1412750047.87
44.0861621385 1412750049.34
43.9247427177 1412750050.85
43.7288017238 1412750052.32
43.791426457 1412750053.81
44.0232906914 1412750055.35
44.2312868285 1412750056.98
44.4276191061 1412750058.55
44.1444680459 1412750060.04
44.4177554249 1412750061.49
44.3927915418 1412750062.98
44.3561416843 1412750064.48
44.7066891124 1412750065.99
44.6489675302 1412750067.53
44.5376021756 1412750069.16
44.370983653 1412750070.74
43.5418623352 1412750072.37
42.9396595827 1412750073.95
42.7339030926 1412750075.56
42.3172628492 1412750077.15
41.8611365814 1412750078.89
41.6460429872 1412750080.66
41.7256056097 1412750082.44
41.9990267712 1412750084.14
42.0972834745 1412750085.83
41.8013314729 1412750087.49
41.9806291288 1412750089.2
42.0828011254 1412750090.95
42.1538772704 1412750092.73
42.1346073533 1412750094.41
42.1956514536 1412750096.15
42.4776689686 1412750097.84
42.5697589874 1412750099.57
42.6398523548 1412750101.34
42.7065539193 1412750103.08
42.5944530952 1412750104.83
42.629920936 1412750106.5
42.4174289128 1412750108.21
42.3205299363 1412750109.94
42.09713078 1412750111.75
42.2951765258 1412750113.84
42.2218433866 1412750115.94
42.3352696339 1412750117.95
42.0261633808 1412750119.98
41.9879958867 1412750122.0
42.1705637149 1412750123.94
41.7750158365 1412750125.83
41.5007419176 1412750127.67
41.4053344506 1412750129.59
41.8850083824 1412750131.55
41.7701558311 1412750133.44
41.4874388274 1412750135.34
41.9172431201 1412750137.23
41.8902800702 1412750139.07
41.4121103384 1412750140.82
41.7434282606 1412750142.6
41.3386522651 1412750144.38
41.6453057696 1412750146.12
41.7042326375 1412750147.92
41.9159713724 1412750149.73
41.7639937038 1412750151.56
41.6480529788 1412750153.4
41.5120646984 1412750155.27
41.351255247 1412750157.01
40.9943233407 1412750158.74
40.5596641523 1412750160.52
40.904211866 1412750162.28
40.6885017649 1412750164.27
40.5358130928 1412750166.15
40.8146576147 1412750167.94
40.2398942254 1412750169.74
40.3281162527 1412750171.59
40.3427528167 1412750173.45
40.5320081137 1412750175.47
40.9760797198 1412750177.69
41.7354252677 1412750180.39
42.0234551493 1412750183.16
41.8853183903 1412750185.8
42.0409051697 1412750188.49
42.1979448333 1412750191.22
42.0343558443 1412750193.86
41.9054845716 1412750196.4
41.5525923772 1412750199.07
41.3025557762 1412750201.71
41.246961814 1412750204.33
41.1646774707 1412750207.15
40.9865014417 1412750210.06
41.3922794012 1412750212.82
40.8412782437 1412750215.65
41.4390113079 1412750218.36
41.5218826586 1412750220.89
41.2813170391 1412750223.58
41.4087486166 1412750226.19
42.1417659058 1412750228.71
42.1863587623 1412750231.29
42.3448354644 1412750234.08
42.3893705187 1412750236.72
42.2886101452 1412750239.4
42.4689278011 1412750241.99
42.426356545 1412750244.51
42.0855267281 1412750246.97
41.9281896226 1412750249.33
42.2244609341 1412750251.69
42.3765629739 1412750254.2
42.8938310456 1412750256.78
42.7526867439 1412750259.43
42.6667974958 1412750261.92
42.8558465594 1412750264.6
42.5346572981 1412750267.13
42.9315744236 1412750269.61
43.2417973928 1412750272.18
43.0892122039 1412750274.6
43.2157542262 1412750276.98
42.8991398187 1412750279.39
42.5883871208 1412750281.76
42.6045470727 1412750284.17
42.2836627351 1412750286.55
42.5981639281 1412750288.96
42.6586792942 1412750291.26
42.7234768483 1412750293.68
42.5385499164 1412750295.99
42.466899172 1412750298.31
42.4850513709 1412750300.65
42.5135297276 1412750303.0
42.7519755097 1412750305.29
42.5358441805 1412750307.6
42.4498779858 1412750309.95
42.5012381524 1412750312.16
42.5557314013 1412750314.6
42.702000677 1412750317.05
42.4138284451 1412750319.42
42.3864659922 1412750321.68
42.5307477612 1412750323.91
42.3044418329 1412750326.36
42.4309067073 1412750328.7
42.2920753076 1412750330.95
42.3424817974 1412750333.29
42.3107344918 1412750335.57
42.2667924285 1412750337.87
42.3102661395 1412750340.17
42.5655365309 1412750342.5
42.3431705496 1412750344.58
42.2857785895 1412750346.85
42.3089447312 1412750349.01
42.4331824965 1412750351.18
42.3431617478 1412750353.51
42.3826841242 1412750355.66
42.6392583479 1412750357.86
42.615538088 1412750360.01
42.7111120805 1412750362.29
42.9167777566 1412750364.43
42.9801660486 1412750366.68
43.0783188479 1412750368.88
42.8826384947 1412750371.15
42.813627407 1412750373.29
42.877403838 1412750375.48
43.1012832103 1412750377.75
43.0169110773 1412750379.9
42.9495473089 1412750382.06
43.047868898 1412750384.21
43.1144893346 1412750386.45
43.1121827057 1412750388.66
43.0768752146 1412750390.93
43.1509878852 1412750393.12
43.1275054317 1412750395.3
42.9506283868 1412750397.54
42.9379401848 1412750399.83
42.9622629458 1412750402.09
