36.9910834159 1412726609.66
36.9712883155 1412726610.45
21.2765467891 1412726611.08
20.9671460298 1412726611.65
21.731561667 1412726612.27
23.3231438394 1412726612.94
24.9728609411 1412726613.53
26.6110651502 1412726614.28
27.5035759602 1412726615.12
28.4196840318 1412726615.8
29.5223933451 1412726616.49
30.1174467703 1412726617.29
30.8303321038 1412726618.0
30.9668480999 1412726618.79
31.566893533 1412726619.49
31.2528244489 1412726620.31
31.1615232132 1412726621.32
31.3065637571 1412726622.08
31.1426041777 1412726622.86
31.9120951329 1412726623.65
32.34176062 1412726624.66
32.4159806743 1412726625.52
32.3640289343 1412726626.5
32.4105567803 1412726627.33
32.5311121479 1412726627.96
32.4992769057 1412726628.81
32.9721137142 1412726629.68
33.1609530462 1412726630.37
33.3296578309 1412726631.17
33.3858099798 1412726632.02
32.9492781498 1412726632.73
33.0026210628 1412726633.3
33.1652841459 1412726634.29
33.3359297152 1412726635.25
32.8501491524 1412726636.27
32.8871378795 1412726637.2
32.9841886259 1412726637.9
33.0859767981 1412726638.5
33.0382820685 1412726639.16
33.1081820194 1412726639.74
32.8442670284 1412726640.44
32.7035262339 1412726641.12
32.7144256091 1412726641.84
32.7028963895 1412726642.72
32.8647658278 1412726643.55
32.9138799471 1412726644.36
32.7716040343 1412726645.14
32.51415769 1412726645.91
32.1997211124 1412726646.63
31.904392483 1412726647.44
32.2807535944 1412726648.15
31.9788109903 1412726648.82
31.6502011958 1412726649.47
31.5989955973 1412726650.09
31.6692468987 1412726650.66
31.5978759533 1412726651.25
31.6440694583 1412726651.81
31.1706555209 1412726652.35
31.2654144637 1412726652.95
30.5082049621 1412726653.5
30.9491121025 1412726654.09
31.4265023103 1412726654.81
30.9349997471 1412726655.42
31.2176499845 1412726656.03
30.835521345 1412726656.8
31.0949474543 1412726657.71
30.5257890928 1412726658.57
30.1243658355 1412726659.47
30.7557585499 1412726660.36
30.1543444437 1412726661.19
30.8553580074 1412726661.96
30.2617177701 1412726662.96
30.8388988313 1412726663.92
30.2443755911 1412726664.86
30.5961749967 1412726665.6
30.5245194227 1412726666.4
30.5359173622 1412726667.16
30.733787492 1412726667.93
30.8570639969 1412726668.62
30.2177981692 1412726669.39
29.6816960473 1412726670.32
29.5895763183 1412726671.22
29.3458824443 1412726671.98
28.9622445294 1412726672.83
27.4307635112 1412726673.45
26.6316825511 1412726674.08
26.6307628272 1412726674.76
27.3315864552 1412726675.5
26.4137469847 1412726676.22
27.122368071 1412726676.86
26.218285454 1412726677.48
26.5421938217 1412726678.28
25.9939795157 1412726679.07
26.2005938863 1412726679.91
26.4020729965 1412726680.8
25.7923032322 1412726681.72
26.0082672781 1412726682.73
26.0499209394 1412726683.68
26.0615740181 1412726684.52
25.9503860461 1412726685.31
25.9016180423 1412726686.01
25.4195190098 1412726686.9
25.2680583753 1412726687.67
25.0236230461 1412726688.56
24.8952479908 1412726689.45
24.9471157704 1412726690.42
24.5199816869 1412726691.39
24.6171019899 1412726692.35
24.2157510112 1412726693.23
24.2747292344 1412726694.02
23.8792071252 1412726694.78
23.9771677966 1412726695.54
23.5657365887 1412726696.26
23.6940237267 1412726697.25
23.3458970536 1412726698.09
23.3742462881 1412726699.05
23.5804722795 1412726700.04
23.6912029177 1412726701.06
23.3413091432 1412726701.96
22.9179408098 1412726702.72
23.0171338677 1412726703.46
22.6612411675 1412726704.21
22.4618561383 1412726704.89
22.480973839 1412726705.62
22.4925370498 1412726706.27
22.2697570162 1412726707.07
22.1294079935 1412726707.93
22.0604392793 1412726708.79
21.9022224804 1412726709.54
21.7763530055 1412726710.52
21.7684714003 1412726711.43
21.7245040624 1412726712.21
21.6596232614 1412726712.9
21.6220453237 1412726713.57
21.5945264428 1412726714.23
21.4954616089 1412726714.87
21.4507134749 1412726715.5
21.3073577537 1412726716.07
21.2626990061 1412726716.69
21.1353532852 1412726717.32
21.1452820766 1412726717.95
21.0108662279 1412726718.58
21.0180200511 1412726719.22
21.0422328558 1412726719.85
20.7886829953 1412726720.5
20.5231363857 1412726721.19
20.5414346552 1412726721.85
20.4556148046 1412726722.48
20.4276450724 1412726723.18
20.1830927602 1412726723.79
20.2330170468 1412726724.39
20.2773984729 1412726725.16
20.2512922448 1412726725.97
20.1244996167 1412726726.78
20.1206396275 1412726727.44
20.1527289641 1412726728.24
20.203866762 1412726729.1
20.3460233995 1412726729.94
20.1132627722 1412726730.77
20.1523570497 1412726731.75
20.2358432464 1412726732.74
20.088856381 1412726733.42
19.9493832827 1412726734.37
20.038837807 1412726735.12
20.1019047108 1412726735.86
19.9946092121 1412726736.63
20.0183630247 1412726737.41
19.9253947081 1412726738.06
19.9224748349 1412726739.26
19.8607193141 1412726740.43
19.7782706463 1412726741.17
19.8158597561 1412726741.86
19.9099156049 1412726742.57
20.0334204332 1412726743.26
19.9404790201 1412726743.91
19.993813922 1412726744.57
19.9640573995 1412726745.35
19.9153889478 1412726746.0
19.9581749233 1412726746.65
19.8856077742 1412726747.32
19.7262744448 1412726747.98
19.5634357817 1412726748.62
19.6226536047 1412726749.3
19.7076239668 1412726749.92
19.7450907658 1412726750.56
19.8192021414 1412726751.21
19.8707495888 1412726751.88
19.8183373779 1412726752.53
19.9027448396 1412726753.44
19.9597439484 1412726754.37
19.8978378277 1412726755.46
19.9544346851 1412726756.52
19.9411237384 1412726757.53
19.8830515098 1412726758.52
19.9365811284 1412726759.35
19.865795244 1412726760.17
19.9290644302 1412726760.97
19.8588942848 1412726761.82
19.9216137964 1412726762.51
19.8520414518 1412726763.33
