22.2266688331 1412753210.46
20.9753635449 1412753211.93
19.8639847322 1412753213.42
18.9486556182 1412753214.92
18.1129517349 1412753216.39
17.5492607438 1412753217.86
17.4936568068 1412753219.31
17.3047050984 1412753220.78
17.1228165104 1412753222.21
16.9343923939 1412753223.65
16.7785101568 1412753225.16
16.5691094651 1412753226.61
16.2505721146 1412753228.05
16.0602025719 1412753229.44
15.8762361384 1412753230.85
15.7691238909 1412753232.27
16.040070405 1412753233.65
16.2080224113 1412753235.07
16.3394256351 1412753236.45
16.2343637372 1412753237.89
16.0554009851 1412753239.29
16.124741499 1412753240.66
16.0920865258 1412753242.08
16.108593988 1412753243.46
16.113900786 1412753244.79
16.1277474174 1412753246.2
16.0354046589 1412753247.56
16.0208381826 1412753248.89
16.0130489111 1412753250.25
15.9583122787 1412753251.61
15.8485605273 1412753252.99
15.9296167041 1412753254.36
15.8220774392 1412753255.74
15.7531953479 1412753257.14
15.6292556686 1412753258.53
15.5923028367 1412753259.86
15.7026695615 1412753261.23
15.5572754565 1412753262.59
15.5326596617 1412753263.96
15.2891975721 1412753265.34
15.3301217064 1412753266.68
15.3030995756 1412753268.08
15.1769830965 1412753269.43
15.0967957973 1412753270.75
14.9436742016 1412753272.12
14.9639735483 1412753273.55
14.8187131232 1412753274.87
14.5538232907 1412753276.21
14.4431485975 1412753277.53
14.3222744653 1412753278.84
14.2751610486 1412753280.21
14.2686588478 1412753281.55
14.0903972423 1412753282.89
13.959159651 1412753284.26
13.8700424791 1412753285.61
13.7422251685 1412753286.96
13.6341046231 1412753288.33
13.615607311 1412753289.72
13.6837078024 1412753291.1
13.6276843698 1412753292.48
13.5782466826 1412753293.85
13.6124679164 1412753295.23
13.6474305093 1412753296.6
13.4674553945 1412753297.99
13.5854471473 1412753299.37
13.3996526334 1412753300.71
13.5295154549 1412753302.09
13.5904308605 1412753303.42
13.2989690894 1412753304.75
13.3967872511 1412753306.09
13.0784075532 1412753307.43
12.8280090684 1412753308.75
12.9333207697 1412753310.12
12.6699832835 1412753311.44
12.7971464275 1412753312.78
12.8015536859 1412753314.11
12.8398948908 1412753315.46
12.5113065284 1412753316.78
12.5730796421 1412753318.13
12.6425927827 1412753319.46
12.4540174792 1412753320.76
12.1083876377 1412753322.11
13.0049744604 1412753323.48
12.1832662847 1412753324.86
12.0516888029 1412753326.22
12.1049961234 1412753327.55
11.8314959191 1412753328.9
11.7643694939 1412753330.2
11.8078768094 1412753331.53
11.7167880319 1412753332.89
11.8528334889 1412753334.21
11.7239695646 1412753335.54
11.8306587903 1412753336.85
11.9510257343 1412753338.19
11.7262004722 1412753339.49
11.7991384656 1412753340.79
11.6358030862 1412753342.12
11.7452810959 1412753343.43
11.604330127 1412753344.7
11.7095071342 1412753346.04
11.5457267442 1412753347.42
11.7218515941 1412753348.76
11.5224249942 1412753350.09
11.5547735658 1412753351.47
11.3692752615 1412753352.79
11.3454917874 1412753354.12
11.4114595362 1412753355.45
11.4564787019 1412753356.8
11.3872927301 1412753358.1
11.4997717875 1412753359.43
11.4575351263 1412753360.73
11.4545756457 1412753362.05
11.3363513828 1412753363.37
11.2245478311 1412753364.71
11.206724786 1412753366.04
11.1871014455 1412753367.4
11.0830937048 1412753368.71
11.0133986274 1412753370.0
10.8762845292 1412753371.31
10.9831610283 1412753372.61
10.9457207353 1412753373.93
11.0267472106 1412753375.23
11.091981809 1412753376.54
11.0108733448 1412753377.86
11.014699581 1412753379.19
10.9137880201 1412753380.5
10.7839031898 1412753381.81
10.74069518 1412753383.18
10.667838199 1412753384.49
10.6484734724 1412753385.77
10.6000507406 1412753387.14
10.6354909247 1412753388.45
10.5506506068 1412753389.78
10.5356842292 1412753391.12
10.6091379518 1412753392.45
10.7228635154 1412753393.81
10.7779870712 1412753395.14
10.7492960808 1412753396.48
10.7540115459 1412753397.78
10.6976076175 1412753399.11
10.6381449221 1412753400.41
10.5457744435 1412753401.7
10.4287469359 1412753403.04
10.4004779412 1412753404.33
10.3247237258 1412753405.68
10.1835229124 1412753406.99
10.2032320712 1412753408.29
10.0918596431 1412753409.56
10.1601434587 1412753410.89
10.1574014569 1412753412.19
10.1213620168 1412753413.51
10.1535371393 1412753414.84
10.0403079822 1412753416.15
10.0280473344 1412753417.46
9.99153034569 1412753418.76
9.94591364133 1412753420.05
9.89506813873 1412753421.34
9.77046436809 1412753422.66
9.76392733578 1412753423.98
9.67751755754 1412753425.31
9.71607070679 1412753426.59
9.66412909173 1412753427.84
9.57432196186 1412753429.22
9.58338132564 1412753430.49
9.50407819219 1412753431.81
9.47318650807 1412753433.12
9.46965149901 1412753434.41
9.55350130074 1412753435.73
9.47189834907 1412753437.02
9.43136565182 1412753438.34
9.38175543247 1412753439.75
9.3623937148 1412753441.11
9.3409552981 1412753442.45
9.36965283747 1412753443.74
9.3724174655 1412753445.07
9.28328931252 1412753446.45
9.2434136614 1412753447.88
9.22743805369 1412753449.26
9.28121817567 1412753450.63
9.25032501681 1412753452.01
9.27620383758 1412753453.35
9.28509362071 1412753454.75
9.23975801133 1412753456.13
9.24005536913 1412753457.54
9.29307385251 1412753458.93
9.31651724117 1412753460.32
9.31067050039 1412753461.73
9.28889380831 1412753463.11
9.26703841935 1412753464.5
9.21791908153 1412753465.89
9.19420123317 1412753467.24
9.1324689864 1412753468.66
9.01278330879 1412753470.05
9.01060418282 1412753471.46
9.01286942 1412753472.85
9.00131366495 1412753474.27
8.99756451336 1412753475.62
8.98376927305 1412753477.01
8.93790279814 1412753478.39
8.92408888497 1412753479.76
