35.1167114025 1412744408.97
35.2218573742 1412744410.0
35.0263667762 1412744411.03
34.8432240403 1412744412.03
34.9731092634 1412744412.99
34.9615002984 1412744413.95
35.2846275233 1412744414.91
35.4799155837 1412744415.86
35.5085517359 1412744416.8
35.5322503717 1412744417.77
35.4803658545 1412744418.69
35.3634096894 1412744419.66
34.9214796476 1412744420.62
34.8382109374 1412744421.61
34.3707345824 1412744422.56
34.3789514555 1412744423.48
34.5458286654 1412744424.46
34.1039910556 1412744425.38
33.5351495087 1412744426.39
33.2036687263 1412744427.38
32.2795301838 1412744428.4
31.1636673993 1412744429.4
31.1504611029 1412744430.36
31.2673426569 1412744431.37
30.2585517401 1412744432.34
29.9353767559 1412744433.3
29.9361724465 1412744434.29
29.7323909055 1412744435.29
29.5324537859 1412744436.29
29.4720568721 1412744437.31
29.6373352071 1412744438.28
29.6434545478 1412744439.18
29.6833184331 1412744440.12
29.2359500322 1412744441.08
28.0591638985 1412744442.02
27.4032909522 1412744442.97
27.1960973846 1412744443.92
26.344995487 1412744444.85
26.5804963008 1412744445.79
25.4852363679 1412744446.69
25.3939507333 1412744447.63
24.8398390181 1412744448.58
24.6538639418 1412744449.56
24.4958663256 1412744450.45
24.2685158344 1412744451.34
24.421667248 1412744452.27
24.3638065747 1412744453.18
24.3862148693 1412744454.1
24.4245832504 1412744455.0
24.1490811826 1412744455.93
23.8916323293 1412744456.87
23.799478413 1412744457.8
23.4698027691 1412744458.75
23.2595127461 1412744459.72
23.2434787141 1412744460.64
22.80499872 1412744461.59
22.5904670051 1412744462.52
22.4890282392 1412744463.44
22.2943483317 1412744464.38
21.9722100412 1412744465.34
21.7502154053 1412744466.33
21.5806795434 1412744467.24
21.5205627192 1412744468.22
21.3871644476 1412744469.16
21.3043499712 1412744470.1
21.1969499469 1412744471.06
21.1172084934 1412744471.97
21.0146040114 1412744472.93
20.9733148072 1412744473.8
21.0036968576 1412744474.69
20.9298556896 1412744475.6
20.7092552824 1412744476.5
20.7961680856 1412744477.34
20.5721737073 1412744478.23
20.3022219727 1412744479.11
20.2146039534 1412744479.99
20.1113843773 1412744480.83
19.9241623577 1412744481.74
19.8994245526 1412744482.61
19.7459460036 1412744483.51
19.6414704852 1412744484.38
19.4713151511 1412744485.3
19.421685491 1412744486.18
19.2480568757 1412744487.08
19.1147882937 1412744488.03
18.9331945017 1412744488.98
18.764055098 1412744489.95
18.667447177 1412744490.87
18.5343365048 1412744491.8
18.4141250702 1412744492.73
18.4327762877 1412744493.68
18.4185360902 1412744494.59
18.3922767414 1412744495.52
18.2567306578 1412744496.45
18.1668797017 1412744497.37
18.1995529915 1412744498.29
18.0174465366 1412744499.22
18.0519886271 1412744500.17
18.048912526 1412744501.1
18.0245391101 1412744502.05
18.0196710999 1412744502.99
18.0018380484 1412744503.95
18.0863449598 1412744504.91
17.993867937 1412744505.86
18.0645729219 1412744506.83
18.0563350755 1412744507.76
17.9632271452 1412744508.72
18.0512256256 1412744509.68
18.094075162 1412744510.61
17.9259919952 1412744511.56
18.0213217948 1412744512.47
18.0437822487 1412744513.37
18.0731228431 1412744514.33
18.1571674147 1412744515.25
18.2259727772 1412744516.19
18.1486828709 1412744517.14
18.0213671949 1412744518.08
18.0471917143 1412744519.02
18.1847472529 1412744519.96
18.0370808113 1412744520.91
18.0984084568 1412744521.84
18.114644738 1412744522.81
18.149346315 1412744523.76
18.0777523141 1412744524.74
18.0077515437 1412744525.7
18.0278076366 1412744526.64
18.017526098 1412744527.54
17.9757148224 1412744528.48
17.8927609394 1412744529.42
17.8283350454 1412744530.39
17.8796142763 1412744531.32
17.8630545319 1412744532.23
17.9164665817 1412744533.2
17.9032003123 1412744534.12
17.8705813458 1412744535.04
17.9107254868 1412744535.96
17.846602392 1412744536.91
17.8162159532 1412744537.85
17.828086406 1412744538.79
17.7861137299 1412744539.74
17.9229171913 1412744540.67
17.9374027255 1412744541.57
17.8549054541 1412744542.51
17.8725227624 1412744543.43
17.8523772325 1412744544.4
17.7941723961 1412744545.36
17.8170871357 1412744546.29
17.7709355373 1412744547.23
17.8178907936 1412744548.14
17.703297843 1412744549.05
17.7715306992 1412744549.99
17.6972882237 1412744550.94
17.7439590229 1412744551.84
17.7180742446 1412744552.79
17.7264102217 1412744553.77
17.6103869391 1412744554.68
17.6408356039 1412744555.61
17.5358110466 1412744556.55
17.5004856056 1412744557.47
17.4530112376 1412744558.43
17.4460075421 1412744559.39
17.5383590257 1412744560.31
17.4625771571 1412744561.25
17.3959807169 1412744562.21
17.4294269286 1412744563.17
17.4781884581 1412744564.08
17.4354568231 1412744565.01
17.4186454719 1412744565.96
17.4456908426 1412744566.87
17.215418586 1412744567.81
17.2158336332 1412744568.76
17.2842972959 1412744569.67
17.3904291367 1412744570.6
17.4131784999 1412744571.5
17.4071918909 1412744572.48
17.4017417387 1412744573.49
17.4057330736 1412744574.44
17.476991601 1412744575.37
17.5045849066 1412744576.38
17.553749585 1412744577.34
17.5429490842 1412744578.29
17.55996051 1412744579.29
17.5870213043 1412744580.28
17.6277266513 1412744581.25
17.6201046983 1412744582.17
17.6495672846 1412744583.12
17.6328955161 1412744584.07
17.5765548087 1412744585.04
17.5036331752 1412744586.01
17.431105892 1412744586.97
17.475445154 1412744587.99
17.5051185344 1412744588.98
17.4091907327 1412744589.97
17.4189940259 1412744590.97
17.3506957052 1412744591.93
17.3974426505 1412744592.87
17.3859702332 1412744593.83
17.3544972305 1412744594.8
17.3638140393 1412744595.75
17.4146119992 1412744596.71
