37.80946556 1412729160.46
36.1991960065 1412729161.15
37.7140652405 1412729161.82
41.6232781872 1412729162.47
42.8182116986 1412729163.16
44.5373567608 1412729163.83
44.9465267304 1412729164.51
45.0368041847 1412729165.19
44.8383294656 1412729165.84
45.3540160175 1412729166.48
44.6602570059 1412729167.14
44.5678887028 1412729167.78
44.8376473748 1412729168.42
44.9182084977 1412729169.1
44.1968631981 1412729169.75
43.1043287238 1412729170.39
42.9430438745 1412729171.02
42.253098618 1412729171.65
41.9500197418 1412729172.33
41.9736976235 1412729172.99
41.0165525766 1412729173.68
41.6260404265 1412729174.33
40.9873829791 1412729175.03
41.1187482817 1412729175.69
41.9331481218 1412729176.39
42.7395308532 1412729177.07
38.7741468324 1412729177.77
38.7686163977 1412729178.53
43.9994857687 1412729179.25
41.6941556808 1412729179.97
40.2193267551 1412729180.65
38.1774659865 1412729181.33
39.3867105627 1412729181.96
38.0410863559 1412729182.62
38.6785347625 1412729183.28
37.4715525852 1412729183.95
38.1503480891 1412729184.62
37.2503473877 1412729185.28
37.5942444827 1412729185.95
36.6578752255 1412729186.57
37.2328415598 1412729187.27
36.2101010901 1412729187.95
36.6465885018 1412729188.63
36.0568663448 1412729189.36
36.1173380802 1412729190.03
35.1898113102 1412729190.74
35.9705686158 1412729191.51
34.7990613039 1412729192.32
34.9186611266 1412729193.09
34.4432196104 1412729193.91
35.1597358277 1412729194.67
34.1792202079 1412729195.44
34.7482724715 1412729196.22
33.9223545379 1412729196.97
34.5449528529 1412729197.71
33.7031601967 1412729198.46
34.144915236 1412729199.21
33.310882251 1412729199.97
32.5112508067 1412729200.75
32.7613050267 1412729201.48
31.9321712796 1412729202.26
32.0421532233 1412729203.0
31.5599431726 1412729203.73
31.9131474293 1412729204.46
31.2709815005 1412729205.2
31.6962658022 1412729205.89
31.0367169129 1412729206.66
31.4167385622 1412729207.46
30.7764163009 1412729208.22
30.9651783427 1412729208.97
30.7465462293 1412729209.7
30.6362854332 1412729210.41
30.4461216282 1412729211.15
30.5828502091 1412729211.85
30.361881456 1412729212.56
30.4523433458 1412729213.27
30.4880762005 1412729213.93
30.6211820611 1412729214.64
30.9034578111 1412729215.34
30.9755236342 1412729216.09
31.0155699561 1412729216.77
31.1800733083 1412729217.46
31.1771951376 1412729218.15
31.4401959122 1412729218.84
31.4013291212 1412729219.53
31.3475442245 1412729220.25
31.3853390028 1412729220.95
31.3556134687 1412729221.64
31.4053654578 1412729222.34
31.7397357704 1412729223.07
31.5800264685 1412729223.8
31.6162220962 1412729224.51
31.6292151523 1412729225.23
31.6405267879 1412729225.96
31.5381300518 1412729226.72
31.5150491652 1412729227.43
31.6122715153 1412729228.17
31.6275235159 1412729228.85
31.5452143629 1412729229.53
31.4698349725 1412729230.16
31.5535756967 1412729230.84
31.5033332852 1412729231.52
31.4273091779 1412729232.16
31.3819653138 1412729232.81
31.6693787645 1412729233.46
31.6908925595 1412729234.12
31.6981353071 1412729234.77
31.68150604 1412729235.47
31.8849976166 1412729236.11
31.7775854664 1412729236.88
31.6701828736 1412729237.55
31.6069266101 1412729238.22
31.555245785 1412729238.89
31.5682828334 1412729239.63
31.6462931404 1412729240.32
31.6081160863 1412729240.99
31.6933203044 1412729241.66
31.6281517743 1412729242.34
31.6123365997 1412729242.96
31.5654082886 1412729243.65
31.611239494 1412729244.29
31.5988955236 1412729244.96
31.5636742788 1412729245.62
31.5519892891 1412729246.3
31.6350247835 1412729246.97
31.5676374383 1412729247.63
31.5587047183 1412729248.29
31.590719851 1412729248.97
31.6745055013 1412729249.65
31.6167875403 1412729250.35
31.6144903655 1412729251.02
31.6368123807 1412729251.67
31.6297041707 1412729252.33
31.686677336 1412729253.01
31.6552184918 1412729253.69
31.5860299508 1412729254.35
31.6344322303 1412729255.02
31.5241197895 1412729255.68
31.5299359603 1412729256.34
31.427140275 1412729257.01
31.4593414008 1412729257.7
31.4548553798 1412729258.36
31.4274459197 1412729259.01
31.4061957563 1412729259.69
31.4408190564 1412729260.36
31.3813345708 1412729261.0
31.3105957058 1412729261.65
31.2714494145 1412729262.33
31.3085478647 1412729262.99
31.3907680247 1412729263.7
31.3423975962 1412729264.35
31.3294892379 1412729264.99
31.2870360402 1412729265.66
31.3610296445 1412729266.32
31.3112754103 1412729267.01
31.3941082969 1412729267.68
31.3308774819 1412729268.4
31.3213318504 1412729269.08
31.4431102788 1412729269.81
31.4099551072 1412729270.51
31.4032816203 1412729271.19
31.5258181609 1412729271.87
31.4933123983 1412729272.56
31.5285737501 1412729273.22
31.5589088574 1412729273.92
31.5123989398 1412729274.62
31.5803710282 1412729275.32
31.5903403541 1412729275.99
31.4814817222 1412729276.64
31.6926859499 1412729277.31
31.6981706917 1412729278.01
31.7327737174 1412729278.71
31.7275779972 1412729279.41
31.7627730419 1412729280.1
31.64327554 1412729280.79
31.7060292749 1412729281.46
31.6922310327 1412729282.17
31.8103200976 1412729282.86
31.8133699148 1412729283.54
31.8720070693 1412729284.23
31.8527473128 1412729284.92
31.8413463067 1412729285.62
31.9084912848 1412729286.33
31.9203486196 1412729287.05
31.9830248152 1412729287.73
31.9794304545 1412729288.4
31.9327741997 1412729289.09
32.3183535966 1412729289.83
32.4388113401 1412729290.52
32.4720323291 1412729291.22
32.4436419382 1412729291.89
32.3854709507 1412729292.59
32.3900741007 1412729293.27
32.4027923829 1412729293.98
32.1982606815 1412729294.66
32.3073355449 1412729295.3
32.3091656607 1412729295.99
32.3323854444 1412729296.66
32.1319629092 1412729297.39
32.1490517031 1412729298.08
