26.750903075 1412740630.04
26.5108032004 1412740631.18
26.005955547 1412740632.27
25.6835148217 1412740633.43
25.1556924173 1412740634.61
25.2573038953 1412740635.76
25.2618698263 1412740636.86
25.2884896717 1412740637.97
25.562839472 1412740639.08
25.558022909 1412740640.15
25.6397720921 1412740641.22
25.4459454804 1412740642.31
25.433980109 1412740643.38
25.4133928806 1412740644.41
25.3964284899 1412740645.43
25.1993963955 1412740646.43
25.2392850259 1412740647.45
25.2619331471 1412740648.47
25.0336437781 1412740649.53
25.0680036089 1412740650.57
24.8762258677 1412740651.54
24.987095209 1412740652.55
24.8093891411 1412740653.57
24.7385452135 1412740654.6
24.6559514992 1412740655.59
24.4540645949 1412740656.62
24.3763354017 1412740657.61
24.1573970017 1412740658.63
23.9264558884 1412740659.99
24.0257493253 1412740661.07
24.0968007874 1412740662.08
24.1454375603 1412740663.2
24.0679109369 1412740664.23
24.1766088934 1412740665.3
24.0859854823 1412740666.36
24.150818961 1412740667.37
24.0733422404 1412740668.38
23.890111402 1412740669.38
23.912097235 1412740670.41
23.8500988351 1412740671.4
23.4955678187 1412740672.43
23.1359190526 1412740673.43
22.947869459 1412740674.46
22.5553298377 1412740675.49
22.1996239104 1412740676.54
21.8831394177 1412740677.56
21.5665090951 1412740678.56
21.344915955 1412740679.61
21.0346148746 1412740680.65
21.0685172368 1412740681.69
20.901650611 1412740682.69
20.8579890092 1412740683.72
20.7652903634 1412740684.79
20.5598341478 1412740685.78
20.4971644145 1412740686.8
20.5032717832 1412740687.79
20.7278994313 1412740688.84
20.6999151772 1412740689.85
20.7719900275 1412740690.88
20.7204965505 1412740691.95
20.6794251223 1412740692.96
20.6543903729 1412740694.04
20.6942177043 1412740695.07
20.5557347116 1412740696.1
20.5154661977 1412740697.07
20.2916965202 1412740698.1
20.2533359582 1412740699.13
20.1872916431 1412740700.18
20.0938327856 1412740701.2
20.135352351 1412740702.21
20.2248124227 1412740703.24
20.1269776707 1412740704.26
19.8164258121 1412740705.28
19.7672672117 1412740706.26
19.8666284294 1412740707.34
19.7468141201 1412740708.37
19.6573319439 1412740709.44
19.6497321222 1412740710.45
19.5013501854 1412740711.45
19.1493218096 1412740712.5
19.0422552983 1412740713.5
18.9086054736 1412740714.52
18.8150690135 1412740715.55
18.6437991049 1412740716.55
18.6018205704 1412740717.58
18.5331835915 1412740718.59
18.5650822438 1412740719.64
18.483997657 1412740720.69
18.2337362698 1412740721.72
18.2056947419 1412740722.75
18.1663630106 1412740723.82
18.101880699 1412740724.9
18.1152648766 1412740725.93
17.8234503859 1412740726.99
17.7498438085 1412740727.99
17.689207229 1412740729.05
17.5934571367 1412740730.04
17.5418151637 1412740731.07
17.4299525392 1412740732.07
17.4447830127 1412740733.15
17.3122180751 1412740734.16
17.1969284787 1412740735.26
17.2681137776 1412740736.29
17.2925635941 1412740737.35
17.2729411584 1412740738.35
17.202047975 1412740739.36
17.2129939428 1412740740.4
17.1346914823 1412740741.44
17.0534309453 1412740742.5
17.1088611287 1412740743.58
16.9145293236 1412740744.61
16.8682620415 1412740745.68
16.9022556946 1412740746.75
16.828293935 1412740747.84
16.9898337451 1412740748.87
16.9675923557 1412740749.92
16.8212157094 1412740750.95
16.8575755462 1412740752.03
16.7367543967 1412740753.09
16.7563604714 1412740754.15
16.6771823262 1412740755.24
16.6214584533 1412740756.3
16.7359772531 1412740757.3
16.7550004122 1412740758.41
16.7799486673 1412740759.55
16.5962739388 1412740760.67
16.756052949 1412740761.66
16.8062267829 1412740762.74
16.7377731715 1412740763.77
16.6447373886 1412740764.88
16.8467683216 1412740765.97
16.8661917198 1412740767.07
16.8982885201 1412740768.14
16.8873387286 1412740769.21
16.8350466949 1412740770.27
17.0406608809 1412740771.28
16.892835266 1412740772.34
16.9923308909 1412740773.41
16.7997080189 1412740774.44
16.866224587 1412740775.51
17.0062511976 1412740776.57
16.8166174797 1412740777.63
16.8904559087 1412740778.62
16.7913507076 1412740779.72
16.7417593699 1412740780.72
16.8217684263 1412740781.74
16.7095751527 1412740782.8
16.6976562723 1412740783.8
16.7061623571 1412740784.9
16.6227557937 1412740785.97
16.6454986315 1412740787.1
16.7060389345 1412740788.16
16.7245361604 1412740789.27
16.6518985441 1412740790.36
16.5972766558 1412740791.49
16.6826847686 1412740792.55
16.6099483205 1412740793.67
16.5579292882 1412740794.75
16.5102986134 1412740795.85
16.5379191804 1412740796.93
16.4988698676 1412740797.99
16.4627968662 1412740799.06
16.4329926664 1412740800.18
16.3909154029 1412740801.28
16.3886276503 1412740802.39
16.3590592075 1412740803.51
16.3142301472 1412740804.72
16.2360949292 1412740805.83
16.2783274792 1412740806.95
16.2728379417 1412740808.04
16.2387354949 1412740809.18
16.1768831983 1412740810.25
16.1747163422 1412740811.4
16.0673118608 1412740812.54
16.0211915718 1412740813.69
16.0187584562 1412740814.82
15.9634241416 1412740815.96
15.9751649799 1412740817.06
15.9207712798 1412740818.21
15.9861450819 1412740819.33
15.9551560861 1412740820.48
15.9110939144 1412740821.58
15.9102338403 1412740822.73
15.8553063301 1412740823.85
15.8497202213 1412740824.98
15.8807981381 1412740826.1
15.9053791489 1412740827.22
15.8758504292 1412740828.39
15.8388085102 1412740829.52
15.8466526344 1412740830.68
15.8365279595 1412740831.78
15.9282534685 1412740832.92
15.9276308355 1412740834.06
15.8794612949 1412740835.11
15.6993582895 1412740836.23
15.6623759702 1412740837.4
15.767857963 1412740838.51
15.7977238952 1412740839.63
15.7591042946 1412740840.89
15.7588140557 1412740841.98
