73.0750251893 1412743534.17
72.9877395268 1412743535.15
69.6682826825 1412743536.12
67.2030966636 1412743537.17
67.952288006 1412743538.15
68.2904410775 1412743539.2
67.9601130851 1412743540.23
68.4130870673 1412743541.34
68.7953176369 1412743542.43
68.7445657657 1412743543.46
67.9662652383 1412743544.47
67.092372003 1412743545.54
65.9264802402 1412743546.62
63.5806916386 1412743547.76
63.0623485992 1412743548.81
63.1686975651 1412743549.78
62.1202794803 1412743550.75
61.3109224257 1412743551.79
60.5549508113 1412743552.78
60.8501243214 1412743553.71
60.8400934301 1412743554.64
61.9784276889 1412743555.65
62.057281023 1412743556.62
62.2704778405 1412743557.63
61.4809289233 1412743558.72
60.8020843798 1412743559.68
60.9762032658 1412743560.7
60.6188897972 1412743561.76
59.9683649747 1412743562.8
60.229703264 1412743563.9
60.0075637684 1412743565.15
60.0900327232 1412743566.23
60.0033633034 1412743567.52
59.5751132018 1412743568.84
59.3298472543 1412743570.13
59.1592453588 1412743571.34
58.8454960458 1412743572.58
58.6109893312 1412743573.86
58.8414312995 1412743575.15
58.0708980097 1412743576.48
58.1573353499 1412743577.8
57.8644169257 1412743579.08
58.0594556202 1412743580.4
57.9428819471 1412743581.74
57.8482778543 1412743583.03
57.623442032 1412743584.33
57.712130884 1412743585.61
57.8046271674 1412743586.91
57.0612754767 1412743588.19
56.9684361219 1412743589.51
57.1663393936 1412743590.87
56.8280221982 1412743592.2
56.5375593933 1412743593.56
56.2925595219 1412743594.8
56.0288260767 1412743595.95
56.0503460143 1412743597.1
55.9189395247 1412743598.27
55.8049003522 1412743599.39
55.5260769317 1412743600.63
55.6356958608 1412743602.02
55.7682041248 1412743603.35
56.1541493408 1412743604.53
56.0858530016 1412743605.92
55.6163633532 1412743607.26
54.6410474343 1412743608.59
54.4039614697 1412743609.89
54.0037131502 1412743611.23
54.0067453957 1412743612.55
53.9655102741 1412743613.89
54.0972525144 1412743615.18
54.0485699781 1412743616.57
53.5404471784 1412743617.95
53.2490450104 1412743619.3
52.3404156302 1412743620.61
52.5775233605 1412743622.04
52.0569779829 1412743623.57
51.5422414718 1412743624.85
51.4943423847 1412743626.18
51.4354617107 1412743627.53
51.2238104224 1412743628.94
51.1629906255 1412743630.26
51.4740462024 1412743631.47
51.4723437865 1412743632.72
51.3105823353 1412743633.95
50.2603438902 1412743635.29
50.0964304797 1412743636.67
50.0833979098 1412743638.04
50.2227313385 1412743639.41
49.8671043507 1412743640.76
49.9315606164 1412743642.08
50.1788861523 1412743643.46
49.2032209395 1412743644.81
49.1566072757 1412743646.13
49.3566860727 1412743647.52
48.6467114963 1412743648.89
48.6686486156 1412743650.28
48.1537873117 1412743651.6
47.6189725282 1412743652.96
47.5179203615 1412743654.31
47.4439446094 1412743655.67
47.2246102225 1412743657.03
45.578160249 1412743658.42
45.2967217721 1412743659.72
44.9132999904 1412743661.06
43.9690655645 1412743662.5
42.8058396424 1412743663.87
42.7345215524 1412743665.23
43.0549711603 1412743666.57
42.8327444541 1412743667.97
42.3049060287 1412743669.35
41.8259404523 1412743670.73
41.1763444276 1412743672.07
41.3951923701 1412743673.35
40.7161394932 1412743674.65
40.6635821524 1412743676.01
39.1656379047 1412743677.35
38.9015011774 1412743678.75
39.0713890385 1412743680.15
38.8644440582 1412743681.52
38.8079820444 1412743682.88
38.7290608925 1412743684.25
36.9474074075 1412743685.62
35.3289884088 1412743687.01
34.8331294068 1412743688.34
34.8105313613 1412743689.71
34.8851926206 1412743691.09
34.773754373 1412743692.41
34.9188416905 1412743693.73
34.6245408061 1412743695.09
33.4572933821 1412743696.47
33.3496788011 1412743697.81
32.5886423942 1412743699.2
32.4837440745 1412743700.58
32.4120705655 1412743701.97
32.5392099665 1412743703.33
32.6191693807 1412743704.67
31.349892143 1412743705.98
31.2279152324 1412743707.39
30.9586219454 1412743708.73
30.6379135592 1412743710.07
30.3496319995 1412743711.45
30.2623553397 1412743712.82
28.5709286925 1412743714.2
27.8768190936 1412743715.57
27.6082000959 1412743716.92
27.1163125649 1412743718.29
26.4840587064 1412743719.65
26.306496795 1412743721.01
25.3999399489 1412743722.39
25.1218150627 1412743723.75
23.5494976075 1412743725.17
23.7535450627 1412743726.54
22.8942552534 1412743727.87
22.8697740587 1412743729.29
22.2055882804 1412743730.65
22.0435304746 1412743732.08
21.9859489471 1412743733.47
21.8944571508 1412743734.86
21.5465364078 1412743736.26
21.1143091691 1412743737.67
21.3139482897 1412743739.05
21.5837669412 1412743740.42
21.2448404048 1412743741.79
21.2243310258 1412743743.18
20.7130923436 1412743744.59
20.7013302153 1412743746.02
20.4757868272 1412743747.43
20.6125893582 1412743748.83
20.5971832951 1412743750.22
20.3277620687 1412743751.6
20.1863706352 1412743753.01
20.0945437343 1412743754.43
19.9134784579 1412743755.84
20.2623856896 1412743757.23
20.3526779988 1412743758.67
20.1546945711 1412743760.1
19.6594136613 1412743761.45
19.6176381776 1412743762.9
19.6395407849 1412743764.35
19.665621448 1412743765.77
19.5682252992 1412743767.24
19.4499414605 1412743768.63
19.4296579915 1412743770.1
19.4789032193 1412743771.55
19.5578586888 1412743772.99
19.4541749988 1412743774.44
19.5533571533 1412743775.9
19.7161829757 1412743777.39
19.8718042774 1412743778.77
20.011653555 1412743780.23
20.0272301306 1412743781.7
20.385113931 1412743783.17
20.4453151449 1412743784.63
20.0795091605 1412743786.08
20.0199057188 1412743787.53
20.2833523624 1412743788.99
20.0226623388 1412743790.44
20.1156682943 1412743791.88
20.1866574139 1412743793.26
20.2325484805 1412743794.74
