51.5110268702 1412755108.04
50.7573457661 1412755109.55
51.0502494782 1412755111.04
50.8285422715 1412755112.47
51.2520260098 1412755113.87
51.421359226 1412755115.25
51.6953450083 1412755116.68
51.3328820515 1412755118.08
50.6917173261 1412755119.5
49.8769070937 1412755120.91
49.513665272 1412755122.41
48.912903399 1412755123.9
48.1921457085 1412755125.4
47.215269091 1412755126.87
46.7480206305 1412755128.33
45.953214417 1412755129.79
45.1997618207 1412755131.28
44.3309043825 1412755132.81
43.4884578226 1412755134.38
42.3619628773 1412755135.91
41.0981693475 1412755137.41
39.3719491525 1412755138.99
38.7466608518 1412755140.58
37.9294363221 1412755142.2
37.1708044241 1412755143.9
36.1449127775 1412755145.55
35.4482503378 1412755147.38
34.6835521562 1412755149.21
33.8482946825 1412755151.1
33.1464352182 1412755152.85
32.2500452143 1412755154.7
31.1994974718 1412755156.53
30.5630587936 1412755158.31
30.0713122587 1412755160.13
29.845520337 1412755162.04
29.9491816897 1412755163.91
29.7467523476 1412755165.69
30.0999458631 1412755167.62
30.0609024422 1412755169.5
30.198133762 1412755171.43
30.4972721335 1412755173.43
30.0778784507 1412755175.39
30.3268808166 1412755177.36
30.3787721658 1412755179.33
30.0330376405 1412755181.34
30.2842779451 1412755183.35
30.3877035158 1412755185.34
30.1888426914 1412755187.44
30.0525381795 1412755189.47
30.3029791683 1412755191.54
30.4272903233 1412755193.63
30.5729265025 1412755195.67
29.8861641647 1412755197.69
29.9317199541 1412755200.17
29.9811708717 1412755202.27
29.8881639945 1412755204.4
29.8919838339 1412755206.46
29.9862305815 1412755208.49
30.1957237376 1412755210.63
30.0216297633 1412755212.77
29.6772414948 1412755214.86
29.692053971 1412755217.04
29.79495524 1412755219.18
29.6679044857 1412755221.36
29.6306637619 1412755223.61
29.5735170867 1412755225.83
29.2934385616 1412755228.02
29.2977942916 1412755230.3
29.2247318783 1412755232.48
29.0419695042 1412755234.75
28.9642855606 1412755236.98
28.9358492175 1412755239.27
29.0492983663 1412755241.42
28.9426878786 1412755243.64
28.8551756977 1412755245.87
28.8355134907 1412755248.02
28.8126630776 1412755250.23
28.6966734593 1412755252.45
28.6774843806 1412755254.62
28.580946343 1412755256.78
28.5769074321 1412755259.0
28.6077265008 1412755261.25
28.5638416986 1412755263.45
28.5931557463 1412755265.69
28.1780670502 1412755267.9
28.1884710003 1412755270.14
28.0611191519 1412755272.37
28.0415632238 1412755274.68
27.9211567817 1412755276.88
27.6354707778 1412755279.16
27.6811873182 1412755281.38
27.6623131238 1412755283.65
27.5760492864 1412755285.94
27.3792204317 1412755288.21
27.2624560725 1412755290.51
27.1678583463 1412755292.73
27.0926580995 1412755295.01
26.6794875237 1412755297.3
26.4504869565 1412755299.5
26.3333100339 1412755301.77
26.0966384341 1412755304.06
25.8740956551 1412755306.31
25.5445381781 1412755308.54
25.5111915816 1412755310.79
25.108802258 1412755313.0
25.0770718201 1412755315.24
25.106652867 1412755317.47
25.0461755088 1412755319.62
25.0482176583 1412755321.81
24.9885726616 1412755323.96
24.9201400055 1412755326.17
24.7880726569 1412755328.41
24.5947593372 1412755330.59
24.4425655029 1412755332.74
24.4285565186 1412755334.95
24.5227611012 1412755337.07
24.4309135504 1412755339.25
24.2928157893 1412755341.45
24.2256561992 1412755343.6
24.1922084629 1412755345.78
24.1258685356 1412755348.0
24.174035973 1412755350.19
24.2619972662 1412755352.36
24.1702305941 1412755354.51
24.0155603921 1412755356.72
24.0207873655 1412755358.91
23.7591135472 1412755361.11
23.6873102257 1412755363.33
23.5714552579 1412755365.47
23.4275049765 1412755367.56
23.3118685395 1412755369.67
23.1933069993 1412755371.73
23.138755901 1412755373.77
23.0940219167 1412755375.89
23.0894188463 1412755378.03
23.0664091008 1412755380.13
22.9685357721 1412755382.24
22.9801474995 1412755384.35
22.974142868 1412755386.43
22.874987647 1412755388.57
22.9108536631 1412755390.71
22.9854522268 1412755392.86
22.9588559913 1412755395.0
22.8161383877 1412755397.12
22.7927151182 1412755399.23
22.6886709418 1412755401.33
22.6706217621 1412755403.44
22.543360219 1412755405.65
22.4226951593 1412755407.91
22.3788270317 1412755410.28
22.3536216207 1412755412.64
22.2925490366 1412755415.62
22.2584656252 1412755418.5
22.1042412808 1412755421.49
21.9893262932 1412755424.33
21.8539907644 1412755427.14
21.7867235255 1412755429.97
21.6962988391 1412755432.76
21.6640216558 1412755435.67
21.6062594021 1412755438.5
21.5994221439 1412755441.47
21.5924452267 1412755444.11
21.642139902 1412755446.51
21.6918398431 1412755448.93
21.656001495 1412755451.24
21.7973535237 1412755453.65
21.874118513 1412755456.06
21.8269249497 1412755458.53
21.778981254 1412755460.92
21.892185768 1412755463.32
21.8935937667 1412755465.69
21.8251008935 1412755468.12
22.0572060616 1412755470.53
22.1117503779 1412755472.95
22.1800568583 1412755475.31
22.3007714602 1412755477.68
22.5212581223 1412755480.05
22.6013201739 1412755482.43
22.6970436545 1412755484.89
23.078136824 1412755487.33
22.8999937184 1412755489.66
22.9939286134 1412755492.09
22.9047567163 1412755494.55
22.8455916579 1412755496.94
22.9095481256 1412755499.37
23.0682055032 1412755501.9
23.3810592836 1412755504.29
23.3730564594 1412755507.04
23.2578825319 1412755509.39
23.2484345144 1412755511.78
23.2492859982 1412755514.25
23.2126927598 1412755516.73
23.0175784279 1412755519.18
22.8814467414 1412755521.68
22.8762505467 1412755524.17
22.8702363536 1412755526.63
22.7131008331 1412755529.14
22.8595971877 1412755531.64
22.8513830112 1412755534.14
22.7431517562 1412755536.69
