7.13359572241 1412729649.16
6.46629690946 1412729649.84
6.05410442186 1412729650.53
6.11089213464 1412729651.16
6.03285166888 1412729651.82
6.16804624822 1412729652.47
6.34374512078 1412729653.13
6.29704826992 1412729653.76
6.46129698146 1412729654.37
6.55519721729 1412729655.0
6.75796374326 1412729655.64
6.77426777808 1412729656.27
7.07540327724 1412729656.87
7.2550672101 1412729657.5
7.47101014948 1412729658.1
7.67131504043 1412729658.72
7.91383585094 1412729659.3
8.10666084939 1412729659.91
8.28670320824 1412729660.51
8.49082287138 1412729661.12
8.68606026321 1412729661.75
8.79697800766 1412729662.32
8.9357732674 1412729662.91
9.02515954724 1412729663.5
8.99449933628 1412729664.08
9.00208591336 1412729664.69
9.2064748801 1412729665.25
9.3885414442 1412729665.81
9.59666687984 1412729666.4
9.76902176447 1412729666.99
9.96114508131 1412729667.59
10.1418804997 1412729668.21
10.233356183 1412729668.79
10.2525160049 1412729669.4
10.284691594 1412729670.01
10.3798959524 1412729670.62
10.341387254 1412729671.25
10.3091575629 1412729671.86
10.2858875899 1412729672.45
10.265707236 1412729673.05
10.2099401323 1412729673.65
10.1744387238 1412729674.24
10.1110259135 1412729674.84
10.1567719171 1412729675.45
10.0981662899 1412729676.12
10.0589676433 1412729676.85
9.98644814945 1412729677.47
9.91534494127 1412729678.07
9.88106093344 1412729678.65
9.86213329079 1412729679.21
9.86464504403 1412729679.79
9.82815162316 1412729680.38
9.76713034089 1412729680.98
9.76065741019 1412729681.58
9.78127294031 1412729682.3
9.80779773552 1412729682.86
9.72702892799 1412729683.45
9.75689468208 1412729684.01
9.75958801018 1412729684.58
9.6498889478 1412729685.15
9.65778207111 1412729685.74
9.6647000681 1412729686.33
9.67043011438 1412729686.91
9.61176972329 1412729687.5
9.63143770864 1412729688.08
9.58430228747 1412729688.67
9.61613643587 1412729689.3
9.62373111669 1412729689.92
9.62611260015 1412729690.53
9.61599220235 1412729691.18
9.58581229899 1412729691.75
9.59958523264 1412729692.32
9.64293867505 1412729692.93
9.60758407377 1412729693.5
9.61417290153 1412729694.09
9.66036734041 1412729694.64
9.66819689136 1412729695.22
9.68052586521 1412729695.8
9.60177776555 1412729696.39
9.54084435355 1412729696.95
9.57346667081 1412729697.57
9.57133973932 1412729698.16
9.59289090619 1412729698.76
9.558416558 1412729699.36
9.53292761799 1412729699.94
9.55247971703 1412729700.54
9.53062844117 1412729701.15
9.52061282478 1412729701.72
9.54538010329 1412729702.28
9.49317735968 1412729702.88
9.46993790932 1412729703.46
9.44223055045 1412729704.04
9.39763787787 1412729704.63
9.33183207914 1412729705.22
9.29527909224 1412729705.82
9.2819438704 1412729706.41
9.24648223326 1412729707.0
9.25275506001 1412729707.56
9.21955913725 1412729708.12
9.20570218266 1412729708.73
9.17746615418 1412729709.29
9.13905788315 1412729709.87
9.12694232757 1412729710.43
9.0606365777 1412729711.05
8.94001223544 1412729711.67
8.91860667074 1412729712.26
8.84235825028 1412729712.82
8.83946343268 1412729713.42
8.80311814015 1412729714.01
8.8092570105 1412729714.57
8.75101712321 1412729715.1
8.73514678682 1412729715.67
8.71638350567 1412729716.25
8.68072727591 1412729716.85
8.6574592725 1412729717.43
8.64019159774 1412729717.98
8.60447497768 1412729718.55
8.60185211388 1412729719.13
8.53775087028 1412729719.71
8.40358514007 1412729720.31
8.34894858328 1412729720.91
8.30810107768 1412729721.54
8.2448634433 1412729722.13
8.25906160911 1412729722.68
8.23001866333 1412729723.31
8.15813232587 1412729723.91
8.21431518576 1412729724.46
8.16437717154 1412729725.01
8.07836495648 1412729725.57
8.10162470026 1412729726.1
8.02412154948 1412729726.67
7.86737026407 1412729727.21
7.75554924956 1412729727.77
7.64246367287 1412729728.34
7.40196826665 1412729728.9
7.60809964571 1412729729.46
7.78030762228 1412729730.04
7.46732292775 1412729730.61
7.64906136718 1412729731.17
7.78171173041 1412729731.77
7.63424870554 1412729732.3
7.71207516811 1412729732.86
7.73545801677 1412729733.45
7.65022943631 1412729734.02
7.65715405756 1412729734.61
7.64579342372 1412729735.16
7.65031074379 1412729735.69
7.63362850014 1412729736.25
7.61492024241 1412729736.8
7.65516234913 1412729737.39
7.62761314302 1412729737.94
7.57758606639 1412729738.49
7.50437936667 1412729739.04
7.43739964379 1412729739.59
7.36788060555 1412729740.13
7.44094606619 1412729740.72
7.38218122879 1412729741.29
7.31761334251 1412729741.83
7.23619395838 1412729742.38
7.17331793725 1412729742.94
7.02853871522 1412729743.48
6.92163755621 1412729744.08
6.94350327028 1412729744.67
6.98401704947 1412729745.24
6.90715101444 1412729745.83
6.91927842263 1412729746.45
6.91317489813 1412729747.05
6.97813070434 1412729747.62
6.98873535216 1412729748.16
6.95895151908 1412729748.72
6.8920890118 1412729749.27
6.84361637642 1412729749.84
6.82564825471 1412729750.41
6.87771278169 1412729750.97
6.85960900851 1412729751.52
6.8459176495 1412729752.1
6.87568446775 1412729752.66
6.88101428116 1412729753.22
6.89543998896 1412729753.78
6.83734488954 1412729754.34
6.7917059852 1412729754.92
6.8164505667 1412729755.5
6.78808838439 1412729756.02
6.75232842387 1412729756.59
6.66721656315 1412729757.15
6.60987580878 1412729757.67
6.49804390956 1412729758.23
6.40463811029 1412729758.82
6.35463170804 1412729759.37
6.26181670508 1412729759.94
6.21036368941 1412729760.49
6.13451982704 1412729761.07
6.08006063343 1412729761.62
6.0404917674 1412729762.15
5.94285517269 1412729762.73
5.83700981718 1412729763.29
5.78103862615 1412729763.84
5.70033909422 1412729764.4
5.58372652849 1412729764.94
5.49792019267 1412729765.5
