19.2775195167 1412725637.37
20.4901676259 1412725637.7
21.0403600251 1412725637.99
20.7056199563 1412725638.28
21.0399825174 1412725638.56
21.2800401505 1412725638.84
21.7643422885 1412725639.12
22.1809800873 1412725639.39
22.7939216348 1412725639.68
23.1490251398 1412725639.94
23.5338673515 1412725640.24
23.825414177 1412725640.54
24.0072554922 1412725640.83
24.0695512773 1412725641.14
24.1730814813 1412725641.44
24.2886132504 1412725641.74
24.4763202966 1412725642.02
24.8038156977 1412725642.33
24.5677692155 1412725642.62
24.8055512846 1412725642.91
24.9987018337 1412725643.2
25.1490038615 1412725643.5
24.9649194448 1412725643.81
24.9123354512 1412725644.11
24.8094083414 1412725644.4
25.0154943001 1412725644.68
24.8030505938 1412725644.97
24.6892766747 1412725645.26
24.7539387537 1412725645.55
24.5495926151 1412725645.86
24.368806361 1412725646.15
24.1344355633 1412725646.45
24.0299560864 1412725646.76
24.1794085085 1412725647.04
24.2362573063 1412725647.35
24.2455215788 1412725647.63
24.322521813 1412725647.89
24.3856457586 1412725648.16
24.5821096939 1412725648.44
24.7036048582 1412725648.72
24.6257051056 1412725649.0
24.7519430294 1412725649.27
24.8809838628 1412725649.54
24.9106673886 1412725649.83
24.9987626336 1412725650.11
24.706982283 1412725650.41
24.643510906 1412725650.69
24.5926333983 1412725650.97
24.348453317 1412725651.26
24.069272938 1412725651.55
23.8202245973 1412725651.84
23.4918842011 1412725652.12
23.0327955689 1412725652.38
22.7326946593 1412725652.65
22.2353754146 1412725652.96
22.0313588826 1412725653.25
21.820063656 1412725653.53
21.458630459 1412725653.81
21.1551365422 1412725654.11
21.0679488139 1412725654.41
20.7750529751 1412725654.68
20.2011198284 1412725654.96
20.3964869264 1412725655.25
20.1870609332 1412725655.54
20.4389422456 1412725655.82
21.1133280659 1412725656.12
23.7573224872 1412725656.41
24.2995006089 1412725656.69
23.4947480003 1412725656.98
21.4639510546 1412725657.25
17.1441622861 1412725657.54
18.6148769833 1412725657.84
19.4868204581 1412725658.15
20.0774837318 1412725658.43
20.3807781522 1412725658.73
20.2477276293 1412725659.03
20.3624680837 1412725659.31
20.4377634381 1412725659.61
20.5266626952 1412725659.93
20.6227400334 1412725660.27
20.7062721892 1412725660.56
20.481986248 1412725660.91
20.5268627588 1412725661.23
20.5078956187 1412725661.55
20.5087804041 1412725661.87
20.4714345408 1412725662.16
20.4098116363 1412725662.49
20.3766596474 1412725662.81
20.1241048253 1412725663.14
20.1024646465 1412725663.46
19.5729078327 1412725663.8
19.5386205288 1412725664.15
19.6032945229 1412725664.54
19.52309273 1412725664.86
19.4439822023 1412725665.22
19.3474042688 1412725665.62
18.8907987163 1412725665.99
18.8134276162 1412725666.35
18.7313721267 1412725666.74
18.8047620898 1412725667.12
18.7409340585 1412725667.51
18.6516309787 1412725667.89
18.5022897235 1412725668.28
18.422558749 1412725668.62
18.3462415487 1412725668.95
18.2652201472 1412725669.27
18.1834843628 1412725669.57
18.1276395584 1412725669.89
17.2877305755 1412725670.22
17.184780388 1412725670.57
17.0708321952 1412725670.91
16.8012660019 1412725671.24
16.6990003232 1412725671.57
15.9158471531 1412725671.93
15.7136880889 1412725672.27
15.482284666 1412725672.6
15.0589551223 1412725672.95
15.0301596643 1412725673.26
14.6240917762 1412725673.59
14.5012012978 1412725673.89
14.3382103698 1412725674.2
14.2388534871 1412725674.53
14.1445151317 1412725674.84
13.7408649052 1412725675.13
13.5077898803 1412725675.51
13.3473507032 1412725675.86
13.2226061663 1412725676.24
12.8748566484 1412725676.55
12.7211332283 1412725676.87
12.5487038447 1412725677.19
12.4592757565 1412725677.5
12.1946553616 1412725677.82
12.1205972013 1412725678.12
11.8728750879 1412725678.45
11.7198013437 1412725678.8
11.4697032201 1412725679.12
11.4092259354 1412725679.47
11.3323876167 1412725679.83
11.2766353636 1412725680.14
11.3052143664 1412725680.49
11.2450990141 1412725680.81
11.0757750967 1412725681.12
61.3758072165 1412725681.42
10.8164206258 1412725681.71
10.8178634023 1412725681.99
10.7723006168 1412725682.29
10.8139345763 1412725682.58
10.7596542558 1412725682.87
10.7122339222 1412725683.16
10.6410229578 1412725683.46
10.5950170618 1412725683.76
10.6874274842 1412725684.06
10.5263102635 1412725684.36
10.4807195195 1412725684.67
10.4375275734 1412725684.94
10.2944190903 1412725685.25
10.2531233401 1412725685.56
61.5817769119 1412725685.86
61.4828921303 1412725686.15
61.4735482086 1412725686.45
61.4899125633 1412725686.75
61.4000026817 1412725687.07
61.3673939277 1412725687.38
9.97279145583 1412725687.69
9.95503985951 1412725688.06
9.93732830228 1412725688.34
61.3506552508 1412725688.66
10.0644459138 1412725688.96
10.0572634162 1412725689.27
10.0474304567 1412725689.57
10.0404580507 1412725689.83
10.0334902801 1412725690.12
10.0265419507 1412725690.4
10.0193315688 1412725690.69
10.0124373088 1412725690.98
10.0049164158 1412725691.28
9.99790117049 1412725691.58
9.99098244938 1412725691.86
9.98402257433 1412725692.15
9.97641869466 1412725692.44
9.96944645003 1412725692.73
9.96247958271 1412725693.02
9.95544166753 1412725693.3
9.94788601766 1412725693.59
9.93959228776 1412725693.87
9.92310800751 1412725694.12
9.91559894108 1412725694.4
10.0488374688 1412725694.7
10.0415304228 1412725694.98
10.0544503895 1412725695.26
10.0478904572 1412725695.56
10.0413229648 1412725695.84
10.0347240653 1412725696.12
10.0025471503 1412725696.39
9.99528071936 1412725696.69
9.98797670175 1412725696.98
9.98056788688 1412725697.26
9.97324559661 1412725697.54
9.96589925584 1412725697.81
9.94519562282 1412725698.1
