5.18339122951 1412731808.01
4.42167913734 1412731808.69
4.73526299416 1412731809.32
4.87490355258 1412731809.96
5.02616363343 1412731810.59
4.86785242929 1412731811.2
5.02437150375 1412731811.78
5.23084178302 1412731812.37
5.5873677477 1412731812.99
5.84038216775 1412731813.58
5.95622469976 1412731814.19
6.05656443483 1412731814.75
6.12409444181 1412731815.32
6.36365532398 1412731815.88
6.75859541897 1412731816.47
6.9404280612 1412731817.03
7.23393812925 1412731817.61
7.4307716223 1412731818.14
7.56481016262 1412731818.7
7.69283981698 1412731819.26
7.6974411947 1412731819.81
7.68529031195 1412731820.35
7.65693972527 1412731820.9
7.6631979913 1412731821.41
7.56569317528 1412731821.95
7.46044826976 1412731822.47
7.35102359272 1412731822.99
7.34265918424 1412731823.51
7.31510484394 1412731824.05
7.30671985139 1412731824.58
7.30940001616 1412731825.1
7.24701595231 1412731825.64
7.15297595814 1412731826.18
7.08195839764 1412731826.72
7.05313242136 1412731827.23
6.97960786771 1412731827.74
6.97545444831 1412731828.25
6.95095779859 1412731828.78
6.86606510324 1412731829.32
6.81232225328 1412731829.86
6.78190375448 1412731830.4
6.75620055766 1412731830.91
6.73486564244 1412731831.44
6.66944187423 1412731831.97
6.56494446837 1412731832.48
6.51066499655 1412731832.99
6.49396378457 1412731833.53
6.47006357342 1412731834.04
6.434653526 1412731834.52
6.35924940919 1412731835.03
6.35243028981 1412731835.54
6.35856718611 1412731836.06
6.37742593769 1412731836.57
6.37243684064 1412731837.06
6.38222125338 1412731837.57
6.36847782122 1412731838.07
6.44942479669 1412731838.62
6.53525363928 1412731839.16
6.58977281509 1412731839.71
6.65035785918 1412731840.19
6.66049708509 1412731840.71
6.70008154768 1412731841.22
6.71476005314 1412731841.78
6.71700347518 1412731842.32
6.71806391372 1412731842.84
6.71464460949 1412731843.38
6.70436944463 1412731843.9
6.68615072311 1412731844.43
6.67838977856 1412731844.94
6.65034858271 1412731845.45
6.61235135992 1412731845.98
6.57680842408 1412731846.51
6.53079056324 1412731847.02
6.4998266045 1412731847.54
6.46761610761 1412731848.05
6.41869569646 1412731848.62
6.3629814517 1412731849.13
6.2943458927 1412731849.76
6.2221700737 1412731850.25
6.13169069506 1412731850.73
6.02002834928 1412731851.25
5.90010744057 1412731851.75
5.78933623294 1412731852.25
5.6775761757 1412731852.74
5.54129575418 1412731853.25
5.41844866641 1412731853.78
5.44878418762 1412731854.27
5.31632276282 1412731854.77
5.34922847165 1412731855.24
5.13501347039 1412731855.72
5.07601372292 1412731856.24
5.14763701392 1412731856.76
5.01216858316 1412731857.29
5.08937938012 1412731857.79
4.94294861253 1412731858.3
5.03564594127 1412731858.79
4.89255041836 1412731859.26
4.98804153399 1412731859.79
4.83724171872 1412731860.31
4.82827504858 1412731860.81
4.69246746775 1412731861.32
4.71812626488 1412731861.85
4.56000461833 1412731862.35
4.64659025503 1412731862.85
4.49295894715 1412731863.37
4.58188586265 1412731863.9
4.68211335862 1412731864.39
4.55895644017 1412731864.94
4.42309422868 1412731865.44
4.49363766394 1412731865.93
4.52713186351 1412731866.43
4.41310060847 1412731866.94
4.48563017048 1412731867.44
4.37248204365 1412731867.96
4.42799631435 1412731868.46
4.3180369475 1412731868.95
4.40553466 1412731869.43
4.29735894156 1412731869.93
4.38337161584 1412731870.46
4.28444099157 1412731870.96
4.36998904727 1412731871.49
4.27257458048 1412731871.99
4.35678954546 1412731872.49
4.25426862022 1412731872.97
4.16079542361 1412731873.49
4.23471133472 1412731874.0
4.15532186881 1412731874.48
4.21723085094 1412731874.99
4.12686200391 1412731875.49
4.18121176006 1412731875.97
4.09494892865 1412731876.49
4.14712887647 1412731877.0
4.06497416751 1412731877.5
4.10557351244 1412731877.98
4.02161632969 1412731878.47
4.07845372241 1412731878.98
3.99739247981 1412731879.5
4.05318781819 1412731880.02
3.98314061389 1412731880.49
4.02972120314 1412731880.99
3.94877732599 1412731881.5
4.00166779005 1412731881.99
3.92753766563 1412731882.49
3.86345620863 1412731882.97
3.90515966677 1412731883.47
3.84730476658 1412731883.99
3.84407263614 1412731884.48
3.85404450177 1412731884.95
3.78620733903 1412731885.44
3.72999836815 1412731885.94
3.76702070168 1412731886.44
3.717130744 1412731886.94
3.6691352309 1412731887.45
3.67409208591 1412731887.98
3.7084589423 1412731888.49
3.65957150456 1412731889.01
3.69366914325 1412731889.48
3.64854133268 1412731889.98
3.60441472824 1412731890.5
3.62954778057 1412731891.0
3.58661552478 1412731891.49
3.61107417315 1412731891.97
3.5692245242 1412731892.46
3.59312065648 1412731892.94
3.5521411081 1412731893.41
3.56676493584 1412731893.91
3.51802579916 1412731894.41
3.53763414153 1412731894.9
3.5000322049 1412731895.41
3.52074295966 1412731895.92
3.47972981251 1412731896.42
3.45058451734 1412731896.9
3.46538143369 1412731897.42
3.43605670871 1412731897.91
3.40200650692 1412731898.4
3.41932169745 1412731898.86
3.38634941882 1412731899.34
3.42065561922 1412731899.85
3.38844093992 1412731900.32
3.40440284101 1412731900.83
3.37300563394 1412731901.33
3.38844141288 1412731901.82
3.40923233306 1412731902.32
3.34871308863 1412731902.82
3.34853452753 1412731903.33
3.32191283697 1412731903.85
3.28965924844 1412731904.35
3.29231395121 1412731904.85
3.26477172118 1412731905.33
3.26656107465 1412731905.83
3.25944855299 1412731906.31
3.21403748069 1412731906.81
3.2110094245 1412731907.28
3.23104578726 1412731907.78
3.24450815143 1412731908.29
3.22189414769 1412731908.78
3.20267331778 1412731909.24
3.17432025875 1412731909.74
3.14467256782 1412731910.25
3.16815665622 1412731910.74
