5.32215012758 1412738013.25
6.07817052392 1412738014.39
7.05602856822 1412738015.44
7.94143135247 1412738016.49
8.94228003171 1412738017.51
9.48640253564 1412738018.5
9.82113053277 1412738019.48
10.0325236412 1412738020.48
10.2864759841 1412738021.48
10.5675720713 1412738022.45
10.757895584 1412738023.42
10.8305343211 1412738024.46
10.9636893928 1412738025.44
11.0395406652 1412738026.47
11.1525955289 1412738027.43
11.2964776919 1412738028.35
11.3000414528 1412738029.29
11.3737669306 1412738030.24
11.3936110593 1412738031.22
11.4290456819 1412738032.15
11.4685404682 1412738033.1
11.4073129876 1412738034.04
11.4249993578 1412738034.96
11.442852011 1412738035.88
11.4215536065 1412738036.79
11.343008884 1412738037.7
11.3464417667 1412738038.61
11.4065168327 1412738039.53
11.3921020884 1412738040.41
11.3048692608 1412738041.3
11.2872964738 1412738042.22
11.2478579169 1412738043.1
11.201164223 1412738044.03
11.1411314107 1412738044.89
11.1400843159 1412738045.8
11.1088318876 1412738046.7
11.0190006797 1412738047.61
10.9603706855 1412738048.52
10.8864879279 1412738049.43
10.831545643 1412738050.34
10.719641426 1412738051.22
10.6187430054 1412738052.12
10.583514326 1412738053.04
10.5576980717 1412738053.97
10.4576775226 1412738054.87
10.4171426539 1412738055.78
10.2817094277 1412738056.7
10.1935698463 1412738057.62
10.1255719355 1412738058.55
9.99557615776 1412738059.49
9.99362545769 1412738060.41
9.94232694243 1412738061.34
9.89951019041 1412738062.25
9.79950358839 1412738063.14
9.74212408178 1412738064.06
9.61794283566 1412738064.92
9.5898488328 1412738065.84
9.51590294304 1412738066.74
9.48947454185 1412738067.68
9.42271660651 1412738068.58
9.41251596235 1412738069.49
9.36785318819 1412738070.41
9.36950839026 1412738071.32
9.41441755743 1412738072.25
9.3290308685 1412738073.18
9.24434545815 1412738074.09
9.19280537399 1412738075.01
9.12144606167 1412738075.93
9.08703860779 1412738076.81
9.04899356101 1412738077.7
8.93903338155 1412738078.62
8.88186427553 1412738079.52
8.89342119818 1412738080.41
8.86183739617 1412738081.29
8.77524097063 1412738082.22
8.7186850709 1412738083.15
8.6910371078 1412738084.1
8.63256700888 1412738085.04
8.59758166348 1412738085.93
8.54221949284 1412738086.9
8.4781293038 1412738087.79
8.35513852435 1412738088.72
8.23373108542 1412738089.64
7.9354288362 1412738090.55
7.76815504604 1412738091.46
7.85548814415 1412738092.37
7.66117050626 1412738093.25
7.79171574342 1412738094.16
7.59203548997 1412738095.09
7.74090714111 1412738096.01
7.50079561964 1412738096.89
7.60896920594 1412738097.81
7.4070912785 1412738098.69
7.54595306585 1412738099.61
7.311202786 1412738100.5
7.46574887156 1412738101.4
7.24462843952 1412738102.34
7.39106779059 1412738103.22
7.20708713431 1412738104.1
7.32913555504 1412738104.97
7.15501248265 1412738105.87
7.26772751632 1412738106.72
7.09209790188 1412738107.62
7.22477322861 1412738108.54
7.05107073715 1412738109.42
7.20929045374 1412738110.34
7.03943105194 1412738111.19
7.18814614956 1412738112.13
7.24778967666 1412738113.02
7.25181843029 1412738113.95
7.24876599178 1412738114.91
7.22371941458 1412738115.81
7.18251694817 1412738116.74
7.13590014485 1412738117.63
7.07473619245 1412738118.5
6.9823620822 1412738119.41
6.92928804931 1412738120.29
6.87655442245 1412738121.19
6.86055146032 1412738122.08
6.8774906125 1412738122.98
6.8072913046 1412738123.86
6.82762449737 1412738124.72
6.72229198847 1412738125.59
6.76390506677 1412738126.5
6.68085495653 1412738127.36
6.664577649 1412738128.22
6.65867343761 1412738129.13
6.69043467847 1412738130.02
6.60128690513 1412738130.91
6.64573935434 1412738131.76
6.56852865704 1412738132.63
6.51196949289 1412738133.51
6.55136267197 1412738134.42
6.49776812487 1412738135.25
6.4727838751 1412738136.16
6.44417812879 1412738137.04
6.43369137632 1412738137.9
6.41576320688 1412738138.83
6.37044780638 1412738139.7
6.41451869473 1412738140.57
6.31907054204 1412738141.48
6.28379828304 1412738142.35
6.30170553316 1412738143.26
6.25630889227 1412738144.18
6.27353981025 1412738145.06
6.22128256728 1412738145.94
6.20752831184 1412738146.83
6.26264849167 1412738147.72
6.15397857101 1412738148.59
6.09270537831 1412738149.48
6.09028426552 1412738150.32
6.06892531476 1412738151.18
6.07047430716 1412738152.03
6.06516433245 1412738152.9
6.09499380239 1412738153.78
6.07869543736 1412738154.65
6.07468182866 1412738155.52
6.04287043062 1412738156.39
6.0557884643 1412738157.25
6.01264259054 1412738158.13
6.00914007089 1412738159.05
5.97723746361 1412738159.87
5.96545755221 1412738160.73
5.95886552711 1412738161.6
6.00798638057 1412738162.47
5.99400137848 1412738163.33
5.9926988518 1412738164.22
5.94962281113 1412738165.12
5.95366612813 1412738165.96
5.91564226332 1412738166.81
5.8940309499 1412738167.7
5.86509321026 1412738168.57
5.88398769999 1412738169.45
5.86163918057 1412738170.32
5.85374801004 1412738171.21
5.82506838841 1412738172.05
5.84241909598 1412738172.92
5.80137218655 1412738173.82
5.76044813119 1412738174.69
5.78667640251 1412738175.58
5.78049852591 1412738176.45
5.76651390987 1412738177.33
5.74484406424 1412738178.21
5.72445440542 1412738179.1
5.71426167947 1412738179.98
5.71299712023 1412738180.89
5.6695778303 1412738181.77
5.65033401809 1412738182.66
5.6650989697 1412738183.52
5.62997731031 1412738184.42
5.61173491877 1412738185.3
5.59956188529 1412738186.15
5.58878623725 1412738187.03
5.57264382959 1412738187.94
5.55627403873 1412738188.81
5.56419963183 1412738189.7
5.55555963342 1412738190.59
5.53735918884 1412738191.48
5.52711817742 1412738192.36
5.50980791744 1412738193.25
