21.3813571968 1412726764.38
21.0303901475 1412726765.11
20.7153665109 1412726765.79
20.2039810562 1412726766.54
19.7936978402 1412726767.36
20.0145472113 1412726768.12
19.4341014743 1412726768.84
19.0336208997 1412726769.66
18.6421774113 1412726770.47
18.3259109795 1412726771.3
18.1816523553 1412726772.07
18.029930318 1412726772.76
17.6899896404 1412726773.41
17.5765372899 1412726774.16
17.5059236127 1412726774.84
17.63911132 1412726775.63
17.7060015593 1412726776.5
17.9947650647 1412726777.34
18.1977175983 1412726778.08
18.6255488657 1412726778.89
18.817477211 1412726779.64
19.0272430552 1412726780.25
18.8314153742 1412726780.99
18.7372973802 1412726781.73
18.5957195947 1412726782.53
18.2948026422 1412726783.33
17.9468013136 1412726784.16
17.7062336717 1412726784.98
17.4981402491 1412726785.7
17.1644890024 1412726786.44
16.6125296316 1412726787.07
16.2007292892 1412726787.65
15.7805848199 1412726788.33
15.4066795962 1412726789.09
15.2073110581 1412726789.83
15.0244111374 1412726790.63
14.9958177344 1412726791.41
15.1238794424 1412726792.2
15.4141366595 1412726792.98
15.6255133955 1412726793.81
14.9126424907 1412726794.59
15.116147292 1412726795.28
15.1859771808 1412726795.85
15.2340825888 1412726796.4
15.2776147393 1412726797.05
15.0106430427 1412726797.59
14.7777069342 1412726798.21
14.7580278082 1412726798.78
14.2780349963 1412726799.34
14.0437099776 1412726800.05
13.7532359381 1412726800.62
13.841144046 1412726801.21
14.1034209775 1412726802.11
14.5082070503 1412726803.0
14.0507078149 1412726803.85
14.3148444628 1412726804.47
13.8206296837 1412726805.05
14.1493221502 1412726805.63
14.5841017757 1412726806.2
13.8234885049 1412726806.7
13.896166756 1412726807.22
14.5355412506 1412726807.75
15.4648742318 1412726808.29
12.7079084558 1412726808.84
12.5528158831 1412726809.37
12.8359777337 1412726809.93
12.3625550032 1412726810.48
12.6017539883 1412726811.02
12.3017197729 1412726811.75
12.0123048106 1412726812.42
12.1752343571 1412726812.99
12.0086607244 1412726813.65
12.1548902534 1412726814.23
11.9013025206 1412726814.82
12.1312047637 1412726815.48
11.9650542919 1412726816.15
11.8850374521 1412726816.81
11.7228464282 1412726817.41
11.6859312372 1412726817.96
11.7423842678 1412726818.52
11.6572557649 1412726819.11
11.5826240036 1412726819.7
11.6099338119 1412726820.24
11.5053977678 1412726820.78
11.4892939612 1412726821.33
11.4613464318 1412726821.88
11.5302543469 1412726822.5
11.3569328385 1412726823.1
11.2546996656 1412726823.71
11.3878865261 1412726824.3
11.2321473835 1412726824.84
11.1043694475 1412726825.39
11.2241348255 1412726825.98
11.0397275748 1412726826.5
11.1329460967 1412726827.04
10.9843927123 1412726827.57
11.0716051924 1412726828.1
10.9915801562 1412726828.62
10.9317929149 1412726829.18
10.9986114763 1412726829.84
10.905350793 1412726830.64
10.9477718386 1412726831.19
10.8611370317 1412726831.75
10.9329038355 1412726832.41
10.7732925389 1412726833.28
10.8199888603 1412726834.11
10.7569533293 1412726834.79
10.8428423535 1412726835.43
10.6705751318 1412726836.07
10.6768868528 1412726836.63
10.6055372626 1412726837.15
10.6157595875 1412726837.68
10.488791033 1412726838.19
10.6795959981 1412726838.71
10.5479329715 1412726839.29
10.5916082325 1412726839.96
10.4927032324 1412726840.54
10.5063814447 1412726841.03
10.5562763075 1412726841.56
10.4989227839 1412726842.07
10.6557106444 1412726842.59
10.6764341424 1412726843.12
10.6250154921 1412726843.67
10.5096557257 1412726844.2
10.5133422581 1412726844.74
10.4986934981 1412726845.25
10.5163853195 1412726845.76
10.4144250212 1412726846.28
10.5435046648 1412726846.79
10.461964787 1412726847.32
10.3969904676 1412726847.84
10.4423875287 1412726848.36
10.376254154 1412726848.9
10.3882602148 1412726849.5
10.4157377505 1412726850.11
10.3323405289 1412726850.76
10.3743469749 1412726851.31
10.3312501598 1412726851.85
10.4076631584 1412726852.38
10.3392093009 1412726852.92
10.364682135 1412726853.46
10.3213186656 1412726854.0
10.2851362351 1412726854.56
10.3449929869 1412726855.16
10.2564271176 1412726855.81
10.3256336312 1412726856.49
10.3304212238 1412726857.2
10.2441030061 1412726857.79
10.3482448563 1412726858.51
10.3986318054 1412726859.3
10.2867714987 1412726860.16
10.1716968682 1412726860.98
10.385100619 1412726861.6
10.2744068689 1412726862.29
10.2776372159 1412726862.84
10.2509368217 1412726863.43
10.1941084254 1412726863.98
10.1835549383 1412726864.5
10.1346157254 1412726865.06
10.04926988 1412726865.6
10.0502086286 1412726866.15
10.1936643778 1412726866.68
10.1032499504 1412726867.23
10.1662873159 1412726867.79
10.1158441807 1412726868.33
10.0183262088 1412726868.87
10.0626031648 1412726869.43
10.0317541006 1412726869.94
10.0690194998 1412726870.48
9.98127316847 1412726871.03
9.96410136097 1412726871.56
10.0699610544 1412726872.08
10.0144852125 1412726872.67
10.1018516459 1412726873.3
10.0449636483 1412726873.9
9.99855287954 1412726874.52
10.0640942523 1412726875.04
10.0316970463 1412726875.58
9.96854128559 1412726876.11
10.039906959 1412726876.66
10.0233541838 1412726877.2
9.96228798847 1412726877.72
10.0419777514 1412726878.25
10.0231318856 1412726878.74
9.95839914325 1412726879.35
10.0290124566 1412726879.97
10.1183752909 1412726880.6
10.0543870696 1412726881.2
10.0404012545 1412726881.86
9.99815336884 1412726882.5
10.1264341264 1412726883.13
10.1675926498 1412726883.65
10.2472305887 1412726884.19
10.2319562503 1412726884.72
10.1800142588 1412726885.37
10.162732782 1412726885.98
10.2311712109 1412726886.56
10.2008222392 1412726887.17
10.1647798364 1412726887.73
10.0969139054 1412726888.28
