31.6800763511 1412721851.79
26.5347142322 1412721851.91
26.2519621606 1412721852.04
26.7334189987 1412721852.21
27.2572948981 1412721852.35
85.890964644 1412721852.49
27.0349896358 1412721852.62
27.4597691531 1412721852.74
92.137940344 1412721852.91
28.8269758094 1412721853.04
29.6601009217 1412721853.17
30.2079405685 1412721853.34
30.722053649 1412721853.48
31.0125996348 1412721853.63
31.9279471978 1412721853.77
31.7885159971 1412721853.91
32.2294161181 1412721854.04
32.6538943587 1412721854.18
32.5171559003 1412721854.33
32.9988542289 1412721854.49
33.4563318255 1412721854.6
33.8025439449 1412721854.75
33.2332682087 1412721854.89
32.2549737461 1412721855.03
32.4544923309 1412721855.19
31.2312870577 1412721855.33
30.9074032205 1412721855.46
30.4433855117 1412721855.58
30.4704784262 1412721855.69
30.6858946437 1412721855.81
30.3988088339 1412721855.93
30.8011090463 1412721856.04
30.3842819979 1412721856.17
30.1574239421 1412721856.32
30.0804913703 1412721856.43
29.4758940641 1412721856.55
29.405967167 1412721856.66
29.2365768324 1412721856.82
28.4914581627 1412721856.94
27.9913544672 1412721857.12
28.0666077183 1412721857.24
27.8565932479 1412721857.38
27.3038651797 1412721857.5
27.0379367752 1412721857.61
27.0011424081 1412721857.71
27.0014299445 1412721857.86
26.6874328262 1412721857.95
26.6563334002 1412721858.06
26.6363124706 1412721858.16
26.8030845925 1412721858.3
26.7849916435 1412721858.41
26.7671296026 1412721858.5
26.3618149071 1412721858.6
26.2042926923 1412721858.7
26.2169853199 1412721858.8
26.2186147321 1412721858.91
26.1593824006 1412721859.05
26.1599128496 1412721859.16
26.2098489875 1412721859.27
26.2098890635 1412721859.41
26.2096453536 1412721859.53
26.0343830302 1412721859.64
25.984243632 1412721859.75
25.9747331292 1412721859.89
25.9647667493 1412721860.0
25.9439712256 1412721860.1
25.7604230357 1412721860.23
25.6921102163 1412721860.34
25.6021471874 1412721860.44
25.5893406354 1412721860.55
25.5750279064 1412721860.67
25.6123382149 1412721860.78
25.6000391291 1412721860.87
25.6224834099 1412721860.96
25.6080521545 1412721861.06
25.7327905913 1412721861.16
25.5067142132 1412721861.31
25.5882119053 1412721861.43
25.5421132758 1412721861.52
25.2112514868 1412721861.61
25.1865991174 1412721861.72
25.1509624868 1412721861.84
25.1193728622 1412721861.95
24.9961309684 1412721862.03
24.7285256636 1412721862.15
24.6858364807 1412721862.27
24.6166050449 1412721862.38
24.6030371825 1412721862.49
24.131924859 1412721862.57
23.8569251308 1412721862.67
23.732731623 1412721862.75
23.5815605145 1412721862.86
23.4677792344 1412721862.97
23.3303433767 1412721863.11
23.0796965497 1412721863.22
22.6304329435 1412721863.36
22.5095314864 1412721863.47
21.8662498362 1412721863.59
22.0614551589 1412721863.72
22.2302526426 1412721863.85
21.3701598598 1412721863.96
21.1159321205 1412721864.05
20.9012606673 1412721864.13
20.7237643102 1412721864.23
20.5338192161 1412721864.33
20.2490782497 1412721864.44
20.1643443894 1412721864.53
19.9970754136 1412721864.65
19.8477513996 1412721864.77
19.2795871246 1412721864.87
18.8513172632 1412721864.98
18.7327144327 1412721865.09
18.285870543 1412721865.21
18.0896715533 1412721865.33
17.8510744936 1412721865.42
17.2956476161 1412721865.51
17.20053091 1412721865.61
17.0096791071 1412721865.74
16.7534542617 1412721865.88
16.571501611 1412721866.01
16.5131187844 1412721866.12
16.2297491568 1412721866.24
16.0945590061 1412721866.38
15.720940426 1412721866.47
15.5392835206 1412721866.59
15.4006041323 1412721866.68
15.2384453354 1412721866.82
15.0835268598 1412721866.93
14.8885562846 1412721867.02
14.8111574475 1412721867.15
14.2241931891 1412721867.29
14.0719598747 1412721867.43
14.1273979289 1412721867.58
14.2327459842 1412721867.7
14.2490397044 1412721867.81
14.2485569654 1412721867.9
14.0448258026 1412721868.02
13.5741747353 1412721868.15
13.5236429176 1412721868.27
13.4185902948 1412721868.37
13.4787199813 1412721868.48
13.3928267691 1412721868.56
13.464208854 1412721868.65
13.341776979 1412721868.76
13.464722857 1412721868.87
13.3725999294 1412721869.0
13.4959599485 1412721869.13
13.5672406618 1412721869.22
13.6320617506 1412721869.38
13.5868386482 1412721869.49
13.5542052727 1412721869.6
13.6507745849 1412721869.67
13.4764677947 1412721869.76
13.4883120285 1412721869.86
13.495664846 1412721869.96
13.4423920359 1412721870.06
13.3111497781 1412721870.22
13.3498145395 1412721870.34
13.3737051463 1412721870.42
13.3729750245 1412721870.53
13.3787635896 1412721870.63
13.3842885795 1412721870.72
13.4241721045 1412721870.83
13.4294127733 1412721870.99
13.4344185225 1412721871.1
13.4391728167 1412721871.18
13.3689876502 1412721871.28
13.3747892411 1412721871.41
13.380356076 1412721871.54
13.3856173527 1412721871.65
13.3284556597 1412721871.78
13.3349038924 1412721871.91
13.35637054 1412721872.01
13.3620833759 1412721872.12
13.3675078765 1412721872.24
13.3783217116 1412721872.35
13.3194144273 1412721872.45
13.3264247662 1412721872.54
13.3305519552 1412721872.64
13.3397151366 1412721872.74
13.3434335446 1412721872.84
13.3469642313 1412721872.96
13.3503412355 1412721873.09
13.355851641 1412721873.21
13.3969259871 1412721873.36
13.3268575704 1412721873.46
13.3911032466 1412721873.59
13.3962204032 1412721873.69
13.3990887093 1412721873.8
13.3283750535 1412721873.91
13.3935770693 1412721874.03
13.3982418225 1412721874.12
13.4007971838 1412721874.24
13.3207940739 1412721874.34
13.3969720263 1412721874.45
13.3148429517 1412721874.58
13.3913073587 1412721874.7
13.310757547 1412721874.79
13.3148339912 1412721874.96
13.3187025688 1412721875.08
