33.8552842051 1412733355.17
33.2658375025 1412733355.78
33.1126034821 1412733356.38
32.5243895306 1412733357.0
34.7740914668 1412733357.59
33.2965423071 1412733358.2
33.1883037535 1412733358.82
33.4962949535 1412733359.39
33.6861185557 1412733359.97
34.0962276283 1412733360.56
34.620385304 1412733361.18
34.7793615482 1412733361.78
34.7405975985 1412733362.36
33.7679467438 1412733362.96
29.5538268661 1412733363.54
32.0253073457 1412733364.13
29.3061513069 1412733364.7
28.815453734 1412733365.29
28.6673577015 1412733365.87
28.2617357119 1412733366.47
27.8472203727 1412733367.03
27.4314409745 1412733367.68
27.2208222667 1412733368.3
27.0169987939 1412733368.88
26.8598375626 1412733369.43
26.6640773105 1412733370.02
26.3634994576 1412733370.59
26.083833936 1412733371.17
25.8968859379 1412733371.77
25.7982535841 1412733372.34
25.9039386668 1412733372.96
25.8499742345 1412733373.53
25.9319937044 1412733374.15
26.059453108 1412733374.77
26.0819228368 1412733375.35
26.0718300257 1412733375.95
26.1811205609 1412733376.52
26.1472484461 1412733377.08
26.1264993998 1412733377.66
26.1657925345 1412733378.26
25.9681172197 1412733378.88
25.9148015168 1412733379.47
25.5969878258 1412733380.04
25.4294539968 1412733380.65
25.418777887 1412733381.26
25.5453320524 1412733381.83
25.4410737806 1412733382.45
25.4409681485 1412733383.01
25.4124508974 1412733383.56
25.417091468 1412733384.15
25.2068837131 1412733384.72
25.1321730662 1412733385.31
24.9748774915 1412733385.89
24.7785309499 1412733386.45
24.6952972819 1412733387.07
24.4854696758 1412733387.65
24.2400832163 1412733388.21
24.1276633748 1412733388.76
23.9370921478 1412733389.36
23.7945983029 1412733389.96
23.6788128233 1412733390.53
23.8444665757 1412733391.11
23.7735575265 1412733391.71
23.7325435611 1412733392.32
23.8869708689 1412733392.88
24.0123707971 1412733393.45
23.9196967382 1412733393.99
23.9198263753 1412733394.57
23.9618333611 1412733395.19
24.0745824845 1412733395.82
23.9522219016 1412733396.41
23.8770054461 1412733396.98
23.9508819328 1412733397.63
23.8743934713 1412733398.23
23.9860457046 1412733398.86
23.8765145559 1412733399.45
23.9334700488 1412733400.06
24.0751244718 1412733400.64
23.9458839439 1412733401.25
23.8923395313 1412733401.86
23.7290842556 1412733402.48
23.630213942 1412733403.15
23.4439160823 1412733403.78
23.3063027814 1412733404.43
23.1444599676 1412733404.98
22.9843163966 1412733405.55
22.9201127453 1412733406.15
22.7657728624 1412733406.7
22.7342503701 1412733407.26
22.51214925 1412733407.83
22.3505576814 1412733408.4
22.3374890083 1412733408.98
22.0765959235 1412733409.61
22.1441122004 1412733410.21
22.0759440542 1412733410.78
22.0464556471 1412733411.34
21.8269563927 1412733411.94
21.9003315148 1412733412.5
21.9870805645 1412733413.09
21.997508764 1412733413.68
21.8152271891 1412733414.25
21.6331116607 1412733414.87
21.7500905902 1412733415.43
21.8374321258 1412733416.03
21.9003104329 1412733416.6
21.7584320884 1412733417.16
21.5610422766 1412733417.74
21.2669650136 1412733418.38
21.4070653255 1412733418.96
21.5328718247 1412733419.55
21.3655769878 1412733420.15
21.3926524879 1412733420.75
21.2301591188 1412733421.37
21.369600207 1412733421.99
21.2382650654 1412733422.6
21.3807314511 1412733423.2
21.1931933849 1412733423.78
20.9295635497 1412733424.37
21.0684054599 1412733424.95
20.7775770826 1412733425.52
20.9539142111 1412733426.15
20.6610483276 1412733426.74
20.7546906103 1412733427.32
20.5761501882 1412733427.92
20.3739154974 1412733428.48
20.5367288656 1412733429.06
20.3058830057 1412733429.66
20.0340658996 1412733430.29
20.1949966231 1412733430.9
19.953347776 1412733431.49
20.0859985076 1412733432.1
19.9055904107 1412733432.72
19.5021915808 1412733433.31
19.8125971668 1412733433.95
19.5024541579 1412733434.57
19.7332886007 1412733435.18
19.3902076038 1412733435.8
19.5794750825 1412733436.43
19.3159175201 1412733437.04
18.9336883665 1412733437.62
19.0926015893 1412733438.24
18.7141042911 1412733438.84
18.8712019269 1412733439.45
18.5706223805 1412733440.02
18.7422612879 1412733440.65
18.9563947609 1412733441.33
18.6562381417 1412733441.96
18.3394506747 1412733442.59
18.4846056537 1412733443.18
18.259386134 1412733443.75
18.3580050039 1412733444.34
18.1718167136 1412733444.95
18.2931276511 1412733445.56
18.0334660386 1412733446.18
18.1842189681 1412733446.86
17.9572353435 1412733447.48
17.9206138301 1412733448.12
17.7222728024 1412733448.76
17.791055 1412733449.36
17.6046058794 1412733449.96
17.700386094 1412733450.54
17.9643509728 1412733451.1
17.6853975668 1412733451.69
17.6923385455 1412733452.26
17.5771629843 1412733452.86
17.4713173794 1412733453.47
17.3317008964 1412733454.09
17.4470990022 1412733454.69
17.409926408 1412733455.27
17.3503085782 1412733455.87
17.426730861 1412733456.51
17.3519115232 1412733457.13
17.4037307872 1412733457.76
17.4317786988 1412733458.36
17.3481515797 1412733458.96
17.2199590941 1412733459.56
17.3208727209 1412733460.17
17.188372105 1412733460.77
17.0591822623 1412733461.38
17.098127128 1412733461.98
17.0630970825 1412733462.61
17.0818880282 1412733463.22
17.0002475426 1412733463.83
17.0883852527 1412733464.45
17.1273672898 1412733465.07
17.0733226558 1412733465.68
16.8718832139 1412733466.29
16.7476680621 1412733466.94
16.711467147 1412733467.53
16.5979889165 1412733468.12
16.5814709815 1412733468.75
16.6079781119 1412733469.36
16.5227747914 1412733469.96
16.6138330651 1412733470.6
16.6439395251 1412733471.22
16.5295342794 1412733471.84
16.6029034366 1412733472.47
16.5628963148 1412733473.08
16.6404673051 1412733473.7
16.5585069998 1412733474.32
