47.6124098618 1412739133.99
46.9182120371 1412739135.19
45.7208628535 1412739136.3
44.4405377733 1412739137.48
43.431412679 1412739138.64
42.386662676 1412739139.77
41.8463540921 1412739140.84
41.1167792646 1412739141.96
40.9310420363 1412739142.98
41.0579176015 1412739144.0
40.9459937879 1412739145.04
40.6414501996 1412739146.1
40.299699565 1412739147.21
40.3029282153 1412739148.3
39.5217507856 1412739149.39
38.8166158667 1412739150.44
38.653291767 1412739151.45
38.0035126183 1412739152.47
38.0571212762 1412739153.48
37.9382984603 1412739154.47
37.6628948845 1412739155.48
37.577301348 1412739156.47
37.1424135983 1412739157.4
37.3441897064 1412739158.38
36.9792192392 1412739159.33
37.0189830599 1412739160.29
35.892545338 1412739161.26
36.3210949964 1412739162.2
35.9116622684 1412739163.15
35.5568131618 1412739164.16
36.0227672718 1412739165.1
36.3232119429 1412739166.07
36.9631682486 1412739166.99
36.9324667715 1412739167.99
34.7476138642 1412739169.01
32.5391700474 1412739170.03
30.0718715102 1412739171.1
27.2833999824 1412739172.24
25.4889107133 1412739173.38
25.0444620337 1412739174.52
25.5684644817 1412739175.66
38.8541653254 1412739176.76
25.405587129 1412739177.86
23.4399256856 1412739179.1
23.8919497451 1412739180.19
24.6434843768 1412739181.27
22.9040289445 1412739182.36
23.4885124428 1412739183.5
22.130337795 1412739184.59
22.4963481689 1412739185.71
21.2876268015 1412739186.79
21.2977912538 1412739187.86
21.8420462791 1412739188.98
20.4557307934 1412739190.08
20.4074609217 1412739191.18
20.8702778969 1412739192.25
21.4403781213 1412739193.39
20.3914217181 1412739194.47
20.9873431095 1412739195.57
20.0522454644 1412739196.66
20.3944305988 1412739197.75
20.001077081 1412739198.86
20.2312617653 1412739199.93
20.0178445611 1412739201.05
19.8956290505 1412739202.12
19.7223132415 1412739203.19
19.7408029155 1412739204.3
19.5869802354 1412739205.4
19.598126227 1412739206.54
19.482621537 1412739207.68
19.4462868197 1412739208.8
19.6645832235 1412739209.96
19.5305965076 1412739211.12
19.5305401084 1412739212.27
19.7559362604 1412739213.46
19.8327278539 1412739214.68
19.7363823691 1412739215.84
19.7123965194 1412739217.06
19.8586110573 1412739218.26
19.8787289067 1412739219.43
19.8259373735 1412739220.63
19.6213719839 1412739221.83
19.6429641943 1412739222.98
19.5862694396 1412739224.16
19.4165817318 1412739225.31
19.3510147911 1412739226.54
19.18552615 1412739227.69
19.1105818107 1412739228.93
19.1637671861 1412739230.14
19.0193163377 1412739231.34
18.8789336116 1412739232.53
18.7590600699 1412739233.75
18.8447024812 1412739234.95
18.7649297289 1412739236.15
18.5163008777 1412739237.4
18.63169216 1412739238.65
18.6317338392 1412739239.9
18.679006298 1412739241.13
18.657967946 1412739242.36
18.7090790304 1412739243.58
18.6808077575 1412739244.82
18.67044876 1412739246.04
18.6513618324 1412739247.26
18.6783140069 1412739248.42
18.5915107791 1412739249.71
18.5661790479 1412739250.93
18.6499956987 1412739252.23
18.7239584428 1412739253.5
18.6199405269 1412739254.73
18.649395748 1412739256.02
18.6110137187 1412739257.27
18.6302245948 1412739258.52
18.5673819212 1412739259.75
18.4727405063 1412739261.03
18.4968288799 1412739262.3
18.4832180046 1412739263.52
18.3478929789 1412739264.74
18.330924554 1412739265.93
18.2585695514 1412739267.17
18.2300985361 1412739268.42
18.0936562426 1412739269.71
18.0955076148 1412739270.93
18.1207472048 1412739272.19
18.0387206253 1412739273.41
17.8762290629 1412739274.68
17.7778892287 1412739275.9
17.6981463826 1412739277.15
17.7549925421 1412739278.41
17.6190835107 1412739279.73
17.5269430851 1412739281.01
17.3343738492 1412739282.33
17.2021037925 1412739283.64
17.2430993148 1412739284.95
17.188473473 1412739286.25
17.2254129453 1412739287.48
17.2472808051 1412739288.72
17.2803417938 1412739290.0
17.1127142809 1412739291.34
17.0554626412 1412739292.61
17.0697914928 1412739293.91
17.1539835362 1412739295.2
17.1345712964 1412739296.5
17.0624850427 1412739297.78
17.058177023 1412739299.12
16.9737930588 1412739300.46
17.1138988374 1412739301.79
17.2501751454 1412739303.14
17.2512077623 1412739304.46
17.2035917002 1412739305.77
17.1149105783 1412739307.12
17.0260107962 1412739308.44
17.0243992298 1412739309.79
17.074486341 1412739311.1
17.0509963446 1412739312.4
17.030234898 1412739313.7
17.0712271275 1412739315.07
17.052372709 1412739316.44
16.9310341206 1412739317.8
16.9330654655 1412739319.1
16.9525750245 1412739320.42
16.9383899681 1412739321.7
16.9626407259 1412739323.06
16.9811540885 1412739324.37
16.9970837837 1412739325.7
16.9636667981 1412739327.03
16.9852139093 1412739328.44
16.9279482635 1412739329.81
16.9057808449 1412739331.17
16.9585896208 1412739332.49
17.0357913345 1412739333.88
17.1132759584 1412739335.23
17.0999295318 1412739336.6
17.1616819103 1412739337.95
17.2191247584 1412739339.3
17.2253904751 1412739340.65
17.3043170079 1412739341.97
17.3210763459 1412739343.33
17.3024755133 1412739344.7
17.3369699304 1412739346.15
17.3049280531 1412739347.51
17.1170670156 1412739348.85
17.1024825878 1412739350.24
17.0779817106 1412739351.58
17.1174837613 1412739352.93
17.0644973471 1412739354.44
17.1039109143 1412739355.75
17.0709506182 1412739357.1
17.0723811001 1412739358.46
16.9134091794 1412739359.81
16.893504606 1412739361.15
16.888168335 1412739362.47
16.8620807068 1412739363.85
16.8604587259 1412739365.41
16.8575212348 1412739366.78
16.8675892655 1412739368.13
16.8418414459 1412739369.46
16.8165192873 1412739370.88
16.7918322935 1412739372.24
16.6694820308 1412739373.62
16.7393601617 1412739374.99
