27.8878881738 1412724212.88
28.6230328489 1412724213.16
27.7708368637 1412724213.5
27.1425917386 1412724213.82
26.7605712215 1412724214.11
25.922045533 1412724214.38
25.4073312734 1412724214.68
25.4522122133 1412724214.99
25.0800622063 1412724215.28
24.6061117941 1412724215.57
24.4384398818 1412724215.88
24.4174055173 1412724216.14
24.2126405608 1412724216.44
24.3790685868 1412724216.7
23.7043683457 1412724216.96
22.9104941622 1412724217.25
21.9062413703 1412724217.53
22.062525285 1412724217.9
22.1829555103 1412724218.26
22.3288752522 1412724218.66
22.165386213 1412724218.98
22.158597748 1412724219.3
22.1900143294 1412724219.63
22.1584024803 1412724219.89
22.1542356259 1412724220.13
22.022721189 1412724220.4
22.0734186545 1412724220.71
21.9167766576 1412724220.97
21.9372163153 1412724221.37
21.893336214 1412724221.72
21.6348575803 1412724222.04
21.357049287 1412724222.36
21.2876292878 1412724222.67
21.1727640275 1412724223.09
20.702680582 1412724223.4
20.7967712977 1412724223.69
20.7860123911 1412724223.99
20.8318935015 1412724224.31
20.726362645 1412724224.63
20.7778601289 1412724224.94
20.8268344328 1412724225.33
20.9366897619 1412724225.71
20.9810750692 1412724226.06
21.0630711504 1412724226.41
21.024728343 1412724226.75
21.0613119993 1412724227.16
21.0433955498 1412724227.6
21.0585818574 1412724227.95
21.1729589128 1412724228.27
21.0897833788 1412724228.61
20.7757923991 1412724228.98
20.6791250737 1412724229.37
20.4424426118 1412724229.69
20.0871461434 1412724229.98
19.969447664 1412724230.31
19.5869197776 1412724230.61
18.9253033331 1412724230.95
18.8046323887 1412724231.28
18.6200402537 1412724231.61
18.4896746633 1412724231.91
18.2536434021 1412724232.2
18.125723838 1412724232.56
17.8560014623 1412724232.85
17.8518741474 1412724233.19
17.8702652953 1412724233.54
17.8365369753 1412724233.9
17.7655613128 1412724234.23
17.7166650021 1412724234.55
17.8530968392 1412724234.85
17.8999838055 1412724235.2
17.9263565617 1412724235.52
17.9247983854 1412724235.93
17.9649137661 1412724236.32
17.9778481792 1412724236.65
18.0096560541 1412724236.97
17.9753232611 1412724237.27
18.0613326468 1412724237.61
18.0155762558 1412724237.96
17.8883388102 1412724238.45
18.038015163 1412724238.77
18.1687903766 1412724239.06
18.1344757853 1412724239.44
18.127920968 1412724239.8
18.0309929384 1412724240.15
18.087423434 1412724240.5
18.1995344141 1412724240.83
18.1700284911 1412724241.12
18.0582008271 1412724241.41
18.2407709591 1412724241.73
18.0782798418 1412724242.05
18.1917826873 1412724242.43
18.0881165286 1412724242.77
18.0842855834 1412724243.08
18.3723724024 1412724243.42
18.4131043692 1412724243.79
18.406143929 1412724244.13
18.3926994647 1412724244.44
18.3430901711 1412724244.74
18.3353294486 1412724245.03
18.3408340684 1412724245.37
18.3339232361 1412724245.66
18.3506514131 1412724245.99
18.3256188473 1412724246.29
18.3548850367 1412724246.59
18.3589505898 1412724246.9
18.3531197431 1412724247.2
18.3473983301 1412724247.53
18.3325812469 1412724247.88
18.307266774 1412724248.17
18.282348644 1412724248.49
18.1987792469 1412724248.82
18.1498556376 1412724249.13
18.1532276581 1412724249.44
18.2076049686 1412724249.79
18.1972501066 1412724250.18
18.1868388778 1412724250.49
18.1763037004 1412724250.8
18.1903246877 1412724251.13
18.1795103783 1412724251.44
18.1619741515 1412724251.75
18.1511236263 1412724252.06
18.1401954835 1412724252.36
18.1168501076 1412724252.71
18.105199429 1412724253.04
18.0934516598 1412724253.37
18.0816294271 1412724253.69
18.0352062237 1412724254.02
18.0217906308 1412724254.33
18.0129710109 1412724254.65
17.983122187 1412724254.98
17.9678390191 1412724255.28
17.9627874535 1412724255.61
17.9484626627 1412724255.9
17.908827357 1412724256.24
17.8985550559 1412724256.58
17.8333809004 1412724256.88
17.8855506675 1412724257.2
17.8708779 1412724257.53
17.8359983591 1412724257.83
17.8211904362 1412724258.12
17.7426539161 1412724258.46
17.7945770455 1412724258.75
17.6993644519 1412724259.06
17.7593816816 1412724259.37
17.7367948394 1412724259.68
17.682544021 1412724259.97
17.6554723263 1412724260.29
17.6242027235 1412724260.61
17.6422245947 1412724260.92
17.5656384412 1412724261.23
17.5464289002 1412724261.53
17.5236260807 1412724261.84
17.5107733662 1412724262.14
17.4453651487 1412724262.44
17.4319400939 1412724262.72
17.3841846426 1412724263.03
17.3616160009 1412724263.35
17.3748152051 1412724263.66
17.3524348026 1412724263.97
17.3764884874 1412724264.25
17.4049850104 1412724264.55
17.4149838684 1412724264.88
17.4524901859 1412724265.19
17.458681623 1412724265.5
17.4962755831 1412724265.77
17.5087151788 1412724266.08
17.5812802966 1412724266.4
17.5286361123 1412724266.67
17.606113628 1412724266.96
17.5252529756 1412724267.25
17.6028281861 1412724267.53
17.5219280867 1412724267.82
17.5806335965 1412724268.13
17.6068436721 1412724268.44
17.5762820517 1412724268.75
17.5835742787 1412724269.08
17.6477473276 1412724269.4
17.5785314358 1412724269.7
17.6048506725 1412724270.01
17.5741816883 1412724270.31
17.5816232541 1412724270.61
17.7066247854 1412724270.91
17.7357663706 1412724271.21
17.7469244668 1412724271.5
17.7797195951 1412724271.84
17.7889672546 1412724272.14
17.7863992694 1412724272.46
17.7929982851 1412724272.77
17.7884851348 1412724273.09
17.7667172658 1412724273.4
17.766286246 1412724273.69
17.6911139528 1412724273.97
17.6907254753 1412724274.29
17.6926316214 1412724274.59
17.6916593641 1412724274.88
17.6905594355 1412724275.17
17.6892697268 1412724275.47
17.6878867454 1412724275.75
17.6862280137 1412724276.06
17.6843951141 1412724276.33
