22.0564373929 1412756325.34
22.5058315536 1412756326.84
22.1515940966 1412756328.32
21.7578743552 1412756329.82
21.5715953473 1412756331.21
21.3707125156 1412756332.68
21.3952739971 1412756334.08
21.472017812 1412756335.41
21.3861506711 1412756336.77
21.56082493 1412756338.13
21.6219434625 1412756339.48
21.7877872613 1412756340.88
21.9688336866 1412756342.22
22.4804424528 1412756343.54
23.0023397602 1412756344.83
23.5693905791 1412756346.17
23.8753739572 1412756347.51
24.0309795848 1412756348.79
24.0509002464 1412756350.12
24.0710651489 1412756351.47
24.0113729069 1412756352.86
24.0060468035 1412756354.24
24.010668029 1412756355.57
23.9609992958 1412756356.93
23.9038720893 1412756358.28
23.8111068755 1412756359.59
23.6977834538 1412756360.92
23.5769724211 1412756362.24
23.4745260105 1412756363.54
23.4042969157 1412756364.83
23.3555493659 1412756366.2
23.2155824115 1412756367.56
22.9687071494 1412756369.04
22.8809055541 1412756370.44
22.5807869301 1412756371.87
22.3529236572 1412756373.3
21.9533597841 1412756374.67
22.0421143086 1412756376.08
22.1417402197 1412756377.49
21.7513200283 1412756378.94
21.9030392454 1412756380.35
21.4189509536 1412756381.74
21.6621684393 1412756383.17
21.1337231981 1412756384.58
21.2939794686 1412756386.03
21.5244792894 1412756387.41
21.0270492395 1412756388.83
21.1444603345 1412756390.22
20.7816971566 1412756391.6
20.9724815158 1412756393.04
21.1281557882 1412756394.47
20.6639702322 1412756395.93
20.8355496856 1412756397.35
20.4415000748 1412756398.62
20.6450147357 1412756399.91
20.9202811239 1412756401.2
20.486435316 1412756402.49
20.7883140714 1412756403.8
20.4038686451 1412756405.15
20.5804217091 1412756406.46
20.711091432 1412756407.77
20.7071249767 1412756409.08
20.5553377251 1412756410.41
20.6483337428 1412756411.73
20.5574657949 1412756413.04
20.605550104 1412756414.35
20.5711756114 1412756415.7
20.4771641464 1412756416.99
20.4371031753 1412756418.36
20.3415246109 1412756419.69
20.2952350266 1412756420.97
20.1472702102 1412756422.29
20.1192490619 1412756423.55
20.0212340944 1412756424.83
19.772110788 1412756426.12
19.630320636 1412756427.4
19.4493892561 1412756428.68
19.1912754265 1412756429.98
18.8903795439 1412756431.32
18.569480395 1412756432.64
18.3074548526 1412756433.92
18.0590659105 1412756435.21
17.6936465572 1412756436.52
17.5028547131 1412756437.82
17.2020117552 1412756439.14
17.0338452578 1412756440.46
16.9761217437 1412756441.8
16.861692608 1412756443.16
16.661098645 1412756444.54
16.5038739821 1412756445.9
16.3498088776 1412756447.26
16.1644840284 1412756448.6
15.9650164476 1412756449.96
15.8720789529 1412756451.36
15.7014474482 1412756452.78
15.4904414645 1412756454.14
15.3444895898 1412756455.47
15.2581573749 1412756456.84
15.1446232816 1412756458.19
15.0628488671 1412756459.52
14.8713703199 1412756460.88
14.7497099067 1412756462.2
14.6622996051 1412756463.59
14.5872621535 1412756464.91
14.4728615854 1412756466.3
14.2419551092 1412756467.66
14.0730369201 1412756469.01
14.0333397804 1412756470.41
13.9376093024 1412756471.84
13.7844134381 1412756473.3
13.7514867999 1412756474.78
13.5356184528 1412756476.19
13.58317045 1412756477.57
13.4162107111 1412756478.97
13.3423532594 1412756480.38
13.3475791976 1412756481.79
13.2031436781 1412756483.2
13.1098930807 1412756484.63
13.1198646905 1412756486.04
13.0847026933 1412756487.51
13.0552320572 1412756488.94
13.068294732 1412756490.33
12.9502518812 1412756491.76
12.8950046668 1412756493.25
12.866775661 1412756494.78
12.8704444991 1412756496.22
12.8241579471 1412756497.74
12.8075457969 1412756499.25
12.7993538445 1412756500.71
12.7651380925 1412756502.19
12.7060211413 1412756503.67
12.6526912405 1412756505.07
12.6948680395 1412756506.57
12.6781522901 1412756508.05
12.6839457701 1412756509.49
12.591069284 1412756510.91
12.5655248703 1412756512.38
12.5357751294 1412756513.89
12.4789223286 1412756515.34
12.5075474254 1412756516.83
12.4871472286 1412756518.33
12.5237903666 1412756519.83
12.5222711144 1412756521.26
12.5630600818 1412756522.72
12.4648839335 1412756524.21
12.4263784697 1412756525.72
12.4684294852 1412756527.25
12.4425082766 1412756528.77
12.4006932309 1412756530.3
12.371255443 1412756531.83
12.4551268535 1412756533.35
12.4265154206 1412756534.93
12.426612327 1412756536.54
12.5104159586 1412756538.19
12.4697849591 1412756539.76
12.4441611129 1412756541.32
12.4287127214 1412756542.89
12.4452407661 1412756544.46
12.4484573685 1412756546.08
12.3938544224 1412756547.69
12.4684345116 1412756549.3
12.4167569149 1412756550.98
12.4147618182 1412756552.64
12.455406581 1412756554.34
12.5079135401 1412756556.01
12.4434733602 1412756557.68
12.386240056 1412756559.4
12.4060571396 1412756561.15
12.4059191969 1412756562.86
12.3495444111 1412756564.58
12.3234928259 1412756566.29
12.2860641375 1412756568.02
12.2244735406 1412756569.77
12.2341447227 1412756571.48
12.2521803241 1412756573.19
12.2696806389 1412756574.93
12.2491186158 1412756576.62
12.2751300492 1412756578.38
12.2680381855 1412756580.13
12.2339750512 1412756581.84
12.2453901193 1412756583.58
12.1658308406 1412756585.28
12.1512713279 1412756586.98
12.1365525923 1412756588.73
12.1353229106 1412756590.49
12.1338126944 1412756592.22
12.1198435001 1412756593.96
12.0692652505 1412756595.71
12.0573532283 1412756597.45
11.9902263638 1412756599.15
11.9697155506 1412756600.88
11.8962085643 1412756602.58
11.8323506022 1412756604.32
11.8336839546 1412756606.06
11.8147029576 1412756607.81
11.7476788714 1412756609.51
11.7868277247 1412756611.33
11.6624971435 1412756613.07
11.7143761649 1412756614.75
11.6480289639 1412756616.51
