35.3004200241 1412731245.69
36.7365613243 1412731246.31
37.4744190665 1412731246.92
37.5150937936 1412731247.51
37.1324901079 1412731248.13
37.039734672 1412731248.77
36.8303689645 1412731249.42
36.5239518202 1412731249.98
37.4566581056 1412731250.57
37.1687002843 1412731251.18
37.6875003782 1412731251.79
37.2595739837 1412731252.44
37.9610663435 1412731253.03
37.9138916014 1412731253.7
37.93040358 1412731254.29
37.8454519807 1412731254.88
37.92435112 1412731255.47
37.8889009222 1412731256.07
37.7219730518 1412731256.69
37.6667978458 1412731257.33
37.5535208428 1412731257.95
37.5966545426 1412731258.59
37.945087047 1412731259.23
38.3475944269 1412731259.85
38.272118435 1412731260.46
38.34557961 1412731261.11
38.3912708681 1412731261.73
38.3643557708 1412731262.33
38.5671633345 1412731262.95
38.6789286187 1412731263.58
38.4112818638 1412731264.19
38.5386293437 1412731264.85
38.1888646238 1412731265.48
38.0955450549 1412731266.12
37.6921058037 1412731266.81
38.4396300902 1412731267.44
38.2969865255 1412731268.15
38.0239698302 1412731269.06
38.0015211103 1412731269.86
38.3829465831 1412731270.72
38.9398895435 1412731271.62
39.0939268936 1412731272.64
39.09398864 1412731273.55
39.5982092711 1412731274.48
40.4482614245 1412731275.69
40.7419595511 1412731276.54
40.8420682445 1412731277.33
41.6276423184 1412731278.16
41.5220624606 1412731278.9
41.7746627857 1412731279.68
41.9668089878 1412731280.43
42.0777147144 1412731281.5
42.0533751498 1412731282.61
42.25373495 1412731283.66
42.3137623225 1412731284.48
41.8808995758 1412731285.25
41.8146446052 1412731285.99
41.8554629083 1412731286.85
42.1935961117 1412731287.74
42.8800921047 1412731288.55
42.7474607057 1412731289.39
42.919098037 1412731290.12
43.0508176704 1412731290.83
43.1133372047 1412731291.58
42.9703401205 1412731292.34
42.8851141821 1412731293.38
42.9292206246 1412731294.55
43.276634392 1412731295.37
42.910315946 1412731296.33
42.9876927505 1412731297.3
42.7518125713 1412731298.23
42.8289343141 1412731299.09
42.845573365 1412731299.98
41.94905875 1412731300.77
41.7968171699 1412731301.6
42.0625526072 1412731302.39
42.2243425996 1412731303.14
42.4412440221 1412731303.87
43.117251821 1412731304.57
43.4354312562 1412731305.29
43.6510278749 1412731306.04
43.7068107444 1412731306.77
44.2030673787 1412731307.49
44.4205069893 1412731308.26
44.1411939568 1412731308.99
44.2366168268 1412731309.74
44.6890202182 1412731310.5
44.6398951544 1412731311.27
44.2879003109 1412731312.15
44.8525017257 1412731313.06
44.798298125 1412731313.97
44.8252633801 1412731314.89
44.5779050292 1412731315.81
44.5536067817 1412731316.71
44.7665236971 1412731317.57
44.5289811062 1412731318.48
44.4180961919 1412731319.33
44.3522617753 1412731320.18
44.6554211467 1412731321.05
44.6524047662 1412731322.0
44.6756374819 1412731322.86
44.7987372783 1412731323.75
44.6008674781 1412731324.66
45.1510570248 1412731325.57
44.8325900948 1412731326.46
44.5804909269 1412731327.32
44.484401895 1412731328.26
44.8525599754 1412731329.18
44.6127228144 1412731330.09
45.0344290837 1412731330.99
45.3827283109 1412731331.96
45.0148981197 1412731332.87
45.0698427607 1412731333.83
45.0625705174 1412731334.75
45.0882109871 1412731335.69
45.2872075398 1412731336.6
45.5116091115 1412731337.54
45.395796399 1412731338.47
45.4074804944 1412731339.37
45.7374509138 1412731340.3
46.0784049311 1412731341.21
46.0880636786 1412731342.17
46.060248573 1412731343.07
46.4839822936 1412731344.01
46.4339801381 1412731344.92
46.4455490797 1412731345.87
46.6357564322 1412731346.78
47.7077455992 1412731347.74
47.8817950421 1412731348.71
47.9713124883 1412731349.65
48.272625004 1412731350.59
48.5617660207 1412731351.55
48.574836081 1412731352.57
48.6381504268 1412731353.6
48.790045958 1412731354.63
48.8541390007 1412731355.63
48.9243920188 1412731356.59
48.6040818741 1412731357.55
49.1678538796 1412731358.46
49.0099024391 1412731359.38
49.2317597034 1412731360.37
49.167865315 1412731361.28
49.1832596604 1412731362.2
49.6963060279 1412731363.03
50.0308948335 1412731363.88
49.9050644902 1412731364.74
49.9432982319 1412731365.63
49.6120698037 1412731366.49
49.6641067946 1412731367.4
49.7585472295 1412731368.26
49.766969012 1412731369.14
49.754147666 1412731370.03
49.0376686853 1412731370.88
49.4490007153 1412731371.74
49.4554150968 1412731372.61
49.5128234562 1412731373.5
49.5590125289 1412731374.41
49.4948895291 1412731375.39
49.4966795127 1412731376.32
49.4847586016 1412731377.2
49.518648557 1412731378.13
49.5531429484 1412731379.04
49.5238347842 1412731379.97
49.5458014703 1412731380.89
49.3120661163 1412731381.86
49.3378331848 1412731382.77
49.3866559102 1412731383.7
49.3735166192 1412731384.64
49.3157118763 1412731385.56
49.3507369032 1412731386.51
49.3667053828 1412731387.44
49.3810659821 1412731388.38
49.0221350877 1412731389.29
49.4209389188 1412731390.25
49.4329544549 1412731391.16
49.4439557249 1412731392.06
49.4539490851 1412731393.05
49.5276162611 1412731394.08
49.2559861505 1412731395.08
49.2511338825 1412731396.03
49.3051790281 1412731396.92
49.4475566264 1412731397.86
49.5016431785 1412731398.8
49.4959946261 1412731399.75
49.3981697482 1412731400.73
49.5693594599 1412731401.66
49.4565489381 1412731402.59
49.6276111948 1412731403.52
49.6216607291 1412731404.48
49.396000688 1412731405.41
48.9788561254 1412731406.35
48.9828981095 1412731407.32
48.8550382752 1412731408.26
48.7775874577 1412731409.26
48.7760629099 1412731410.18
48.8967131378 1412731411.11
48.9039647277 1412731412.02
48.9840647519 1412731413.0
48.9776788651 1412731413.93
48.9717293962 1412731414.88
