35.2190861067 1412742770.3
35.6326327584 1412742771.27
34.9843967015 1412742772.25
34.5870982007 1412742773.17
34.1695119352 1412742774.09
34.0165707804 1412742775.0
34.2786925544 1412742775.92
34.88935352 1412742776.89
35.0509092082 1412742777.89
34.9282836103 1412742778.87
34.9110709392 1412742779.87
34.9520011762 1412742780.81
34.6170473428 1412742781.79
34.6566067909 1412742782.77
34.2390908879 1412742783.68
34.102163693 1412742784.6
33.7775699844 1412742785.46
33.6206791676 1412742786.3
33.7618568799 1412742787.17
34.009059094 1412742788.06
34.444663172 1412742789.0
33.9491917624 1412742789.91
33.4567268794 1412742790.81
33.3214339826 1412742791.69
37.0501318899 1412742792.59
35.6323759413 1412742793.52
35.4540867544 1412742794.41
35.5415759661 1412742795.32
35.558043185 1412742796.27
35.6754707508 1412742797.21
35.8017623649 1412742798.12
36.1378961572 1412742799.02
36.2866480398 1412742799.93
35.8371075522 1412742800.87
35.4716839433 1412742801.78
34.6424385635 1412742802.68
35.2192060708 1412742803.54
35.7050058946 1412742804.4
34.8357477584 1412742805.27
33.9013309997 1412742806.1
34.9195479146 1412742806.97
34.0192534956 1412742807.84
34.9759750046 1412742808.75
34.3478977726 1412742809.63
34.0688850029 1412742810.53
34.532971505 1412742811.42
34.9985340782 1412742812.32
35.2264018453 1412742813.2
35.4142380804 1412742814.06
35.0405483557 1412742814.88
34.996638388 1412742815.76
34.9455678771 1412742816.64
34.9493773347 1412742817.5
35.0141587744 1412742818.43
35.1572395095 1412742819.34
35.3211366586 1412742820.26
35.5348127157 1412742821.16
35.5548806661 1412742822.05
35.4929617784 1412742822.93
35.1374667676 1412742823.87
34.689083243 1412742824.77
34.8653604323 1412742825.7
33.644498919 1412742826.62
32.152076817 1412742827.52
30.8520770018 1412742828.37
30.3833264171 1412742829.26
30.2098020723 1412742830.1
29.7218951744 1412742831.04
29.4325825022 1412742831.96
29.0195836908 1412742832.88
28.6839451984 1412742833.77
28.4024248305 1412742834.67
28.0556914542 1412742835.53
27.9999150607 1412742836.41
27.5807274108 1412742837.29
27.3213837916 1412742838.22
26.9916830318 1412742839.07
26.7133146371 1412742839.95
26.2770790472 1412742840.83
25.9211939799 1412742841.76
25.2904151585 1412742842.63
24.8293493886 1412742843.54
24.4257856811 1412742844.47
24.0922281875 1412742845.36
23.7334833956 1412742846.22
23.4753895309 1412742847.07
23.2651899246 1412742847.93
23.0978516604 1412742848.8
22.7891240901 1412742849.64
22.6203852859 1412742850.49
22.2823850544 1412742851.32
22.2270161608 1412742852.19
22.1598600868 1412742853.06
21.9713623753 1412742853.92
21.6079310566 1412742854.79
21.8246951646 1412742855.65
21.7460778888 1412742856.55
21.9082812058 1412742857.39
21.6985591862 1412742858.28
21.641909657 1412742859.19
21.3872800717 1412742860.09
21.2495838184 1412742860.98
20.8678357246 1412742861.9
20.6088320435 1412742862.81
20.2873027489 1412742863.72
20.1035488605 1412742864.59
19.994838736 1412742865.45
20.131998298 1412742866.33
20.0941824694 1412742867.23
20.219986531 1412742868.1
20.5720125807 1412742869.03
20.6120884923 1412742869.96
20.3870881493 1412742870.86
20.34112286 1412742871.79
20.3358606314 1412742872.67
20.2543503688 1412742873.58
20.0721988676 1412742874.5
19.8777048674 1412742875.37
19.703263781 1412742876.26
19.6945783407 1412742877.15
19.5969206702 1412742878.05
19.5201905446 1412742878.93
19.4738469705 1412742879.87
19.4717782171 1412742880.79
19.4097294528 1412742881.69
19.2368469385 1412742882.56
19.2194701447 1412742883.48
19.1470681802 1412742884.36
19.0045322555 1412742885.23
18.9772186636 1412742886.12
18.8989797334 1412742887.0
18.8460447542 1412742887.92
18.6174605804 1412742888.82
18.4076513127 1412742889.7
18.3816808878 1412742890.56
18.3538894991 1412742891.42
18.1140157034 1412742892.3
18.0392625225 1412742893.2
18.0247267992 1412742894.08
17.9078083723 1412742894.99
17.9186670574 1412742895.88
17.9001105781 1412742896.76
17.8585629288 1412742897.62
17.8264501096 1412742898.5
17.74051797 1412742899.4
17.5320035654 1412742900.3
17.4089551424 1412742901.19
17.4224977136 1412742902.07
17.2243148228 1412742902.99
17.1557056238 1412742903.86
17.1074171775 1412742904.75
17.0987258767 1412742905.6
17.0070773712 1412742906.49
16.9708770197 1412742907.4
16.9853565143 1412742908.27
17.0273408637 1412742909.17
17.0076299374 1412742910.05
16.9888928881 1412742910.96
16.9439659942 1412742911.85
16.9587539903 1412742912.76
16.9575078475 1412742913.65
16.927931667 1412742914.51
16.8824233597 1412742915.38
16.9020666978 1412742916.27
16.9192565917 1412742917.16
16.8778951108 1412742918.06
16.8566777582 1412742918.96
16.8539615649 1412742919.85
16.8885095274 1412742920.72
16.8349258384 1412742921.62
16.8133507961 1412742922.55
16.7591203839 1412742923.44
16.7323780969 1412742924.32
16.6961638448 1412742925.16
16.6997112855 1412742926.01
16.5696817789 1412742926.87
16.6766839618 1412742927.73
16.6545371549 1412742928.61
16.5373917808 1412742929.46
16.5470581175 1412742930.32
16.6247455303 1412742931.17
16.5958791149 1412742932.01
16.5246973155 1412742932.86
16.5162130525 1412742933.73
16.4225766003 1412742934.56
16.3429338049 1412742935.43
16.3602569061 1412742936.31
16.3742446284 1412742937.16
16.3438433702 1412742938.04
16.3352452806 1412742938.91
16.3314584445 1412742939.8
16.3228207704 1412742940.65
16.3111167407 1412742941.53
16.326149918 1412742942.36
16.2901067923 1412742943.23
16.2914983945 1412742944.09
16.2618207495 1412742944.98
16.3405164936 1412742945.87
16.3648589045 1412742946.79
16.3250244409 1412742947.68
