40.5726741313 1412758162.73
40.6320066207 1412758164.31
41.0801529495 1412758165.9
41.1858870493 1412758167.56
40.9693763868 1412758169.15
40.855684884 1412758170.7
40.4022966615 1412758172.26
40.5845693723 1412758173.76
40.2817291657 1412758175.23
40.4424518716 1412758176.82
41.0004002694 1412758178.41
41.2001378541 1412758180.14
41.2245806158 1412758181.74
40.8777259606 1412758183.35
41.0132170017 1412758185.0
40.6811859923 1412758186.66
41.0064626644 1412758188.28
41.3908329866 1412758189.97
41.4674072903 1412758191.64
41.2990246411 1412758193.33
41.1749705444 1412758195.08
41.2350281 1412758196.8
41.3172279447 1412758198.5
41.2830222464 1412758200.16
41.4527338927 1412758201.85
41.508990633 1412758203.55
41.5008244392 1412758205.21
41.255388263 1412758206.89
41.2557979733 1412758208.61
41.3689656179 1412758210.33
41.37135602 1412758212.1
41.1307556459 1412758213.85
41.106411899 1412758215.6
41.3057129058 1412758217.42
40.9183796267 1412758219.17
40.960259448 1412758221.05
41.077730254 1412758223.07
41.0223608007 1412758225.14
40.8475577652 1412758227.1
40.735853199 1412758228.94
40.5952255561 1412758230.79
40.6286345925 1412758232.75
40.8127340611 1412758234.67
40.5805874129 1412758236.64
40.7117880763 1412758238.74
40.598479826 1412758240.82
40.3712709556 1412758242.9
40.3715106408 1412758244.87
40.3108106042 1412758246.95
40.0611570616 1412758248.95
39.6593881614 1412758250.97
39.2428966729 1412758253.08
39.5126778086 1412758255.17
39.9421507348 1412758257.18
39.8552099462 1412758259.2
39.5882082906 1412758261.23
39.70898175 1412758263.25
39.6593345958 1412758265.29
39.4173495358 1412758267.36
39.218508326 1412758269.43
39.150399035 1412758271.49
39.2485670377 1412758273.59
39.3972116238 1412758275.64
39.225532388 1412758277.65
39.230822879 1412758279.79
39.1927440592 1412758281.89
39.2007134023 1412758283.96
39.1131563112 1412758285.98
39.0773558408 1412758287.96
39.1461952463 1412758289.99
39.2034416119 1412758292.04
39.364777123 1412758294.11
39.0166930424 1412758296.3
39.1963671771 1412758298.56
38.9481986295 1412758300.74
39.234760566 1412758302.81
39.294521362 1412758304.92
39.2770546329 1412758307.1
39.4390362702 1412758309.22
39.4360196342 1412758311.36
39.3737876237 1412758313.56
39.4308830176 1412758315.69
39.6733520706 1412758317.9
39.6821243076 1412758320.01
39.5691767394 1412758322.14
39.6026441591 1412758324.27
39.7385787575 1412758326.49
39.6265235625 1412758328.66
39.7591383554 1412758330.88
39.8076827141 1412758333.1
40.0007920877 1412758335.36
39.9813612578 1412758337.62
39.8826189852 1412758339.82
39.8082983555 1412758342.03
39.7524620009 1412758344.19
39.7572036963 1412758346.37
39.9842874268 1412758348.64
39.8651431301 1412758350.89
39.7416023509 1412758353.15
39.6281485045 1412758355.48
39.5883095658 1412758357.78
39.5178334195 1412758360.11
39.5231969872 1412758362.55
39.4408419225 1412758364.84
39.3741354242 1412758367.15
39.3937512682 1412758369.51
39.3360497898 1412758372.0
39.1931702092 1412758374.54
39.2812949131 1412758377.03
39.2301546906 1412758379.51
39.2765728751 1412758381.95
39.2123455164 1412758384.43
39.0069428485 1412758386.73
39.0689195988 1412758389.08
39.1600382091 1412758391.57
39.1265753417 1412758394.09
39.1333726789 1412758396.44
39.1205816996 1412758398.94
39.2193837329 1412758401.45
39.2708373726 1412758403.98
39.140720229 1412758406.47
39.1111516569 1412758408.86
39.1311366375 1412758411.33
39.307546664 1412758413.86
39.1412891314 1412758416.34
39.0441841082 1412758418.84
39.1495636356 1412758421.42
39.2515633003 1412758424.02
39.266301478 1412758426.69
39.064163044 1412758429.22
38.90552072 1412758431.68
38.9824742343 1412758434.25
39.0027054399 1412758436.78
38.9345964621 1412758439.4
38.9445118272 1412758442.01
38.7508367665 1412758444.61
38.8040705293 1412758447.12
38.8986547942 1412758449.76
38.8887441733 1412758452.4
39.0772567714 1412758455.06
38.8899827145 1412758457.7
38.9824506483 1412758460.35
39.0056716695 1412758463.01
39.163153151 1412758465.61
39.1601218831 1412758467.98
39.2212190877 1412758470.33
39.2791584017 1412758472.74
39.3761882824 1412758475.12
39.4613441813 1412758477.47
39.470071813 1412758479.79
39.4676310096 1412758482.15
39.4726257903 1412758484.52
39.4794096103 1412758486.91
39.3669176465 1412758489.3
39.4306013019 1412758491.59
39.3631723125 1412758493.93
39.4030389724 1412758496.42
39.4478820723 1412758498.73
39.4584967651 1412758501.09
39.5010404036 1412758503.39
39.4208541208 1412758505.6
39.409415026 1412758507.86
39.46909877 1412758510.14
39.4789334206 1412758512.36
39.4603239385 1412758514.57
39.4615552304 1412758516.76
39.3965946634 1412758518.89
39.4229286612 1412758521.05
39.4220252659 1412758523.2
39.3722137144 1412758525.3
39.2567960432 1412758527.4
39.3089042113 1412758529.51
39.1096204511 1412758531.68
39.0648270081 1412758533.84
39.0605086067 1412758535.95
38.8513280381 1412758538.42
39.0228566051 1412758540.82
39.0405481839 1412758543.22
39.0174972234 1412758545.73
39.1398191672 1412758548.15
39.1774305093 1412758550.53
39.135413449 1412758552.84
39.0707019307 1412758555.21
39.1026395975 1412758557.65
38.6543784477 1412758560.06
38.5468562359 1412758562.49
38.5173069504 1412758564.89
38.6907860727 1412758567.17
38.6525650926 1412758569.47
38.3243771574 1412758571.69
38.3138304251 1412758573.93
38.3410934065 1412758576.11
38.1111180589 1412758578.32
37.9945916893 1412758580.5
37.8611436934 1412758582.68
37.7971511842 1412758584.88
37.3265641162 1412758586.99
37.6144560437 1412758589.17
37.7636608838 1412758591.4
37.8455846391 1412758593.64
