38.0175184932 1412727613.3
39.3642251063 1412727613.98
38.6926889153 1412727614.66
39.3836655697 1412727615.36
40.0359096791 1412727616.02
40.8759217923 1412727616.71
41.2567868109 1412727617.4
41.9539473288 1412727618.01
42.7648477998 1412727618.68
42.7898923748 1412727619.32
43.4667972544 1412727619.93
43.7352976455 1412727620.56
43.3761059402 1412727621.23
43.826364376 1412727621.85
43.8898737912 1412727622.5
44.087374514 1412727623.12
43.7570000069 1412727623.74
43.4461677515 1412727624.35
42.9701393982 1412727624.99
42.896097548 1412727625.61
42.9220410846 1412727626.23
42.9486682935 1412727626.86
42.8526347452 1412727627.53
42.924085456 1412727628.18
42.5658763394 1412727628.8
42.5145305452 1412727629.43
42.2954056914 1412727630.03
41.93230569 1412727630.62
41.8884348851 1412727631.27
42.0047818126 1412727631.89
41.7105893733 1412727632.48
41.486281764 1412727633.08
41.9074287972 1412727633.7
42.1268888098 1412727634.33
42.6069723972 1412727634.98
42.9003894662 1412727635.63
43.0215481318 1412727636.29
43.3380597963 1412727636.95
43.2411960407 1412727637.58
43.0378114362 1412727638.22
42.866965063 1412727638.9
42.786760654 1412727639.57
42.7936627576 1412727640.23
42.9503632599 1412727640.86
42.7585955852 1412727641.5
42.434239908 1412727642.15
42.7218449975 1412727642.81
42.3914699021 1412727643.46
42.4596540327 1412727644.1
42.6265037413 1412727644.76
42.5289056735 1412727645.43
42.5933651141 1412727646.07
42.6267037468 1412727646.93
43.0170600168 1412727647.63
42.9239440652 1412727648.28
42.6422006501 1412727648.94
42.4244513614 1412727649.61
42.6173984313 1412727650.3
42.9315828939 1412727650.98
42.8942548418 1412727651.61
43.145398902 1412727652.25
43.2579235867 1412727652.86
43.35437419 1412727653.54
43.3800510642 1412727654.22
43.3016819569 1412727654.9
43.336609068 1412727655.6
43.2656315157 1412727656.28
43.5295818413 1412727656.94
43.3916904079 1412727657.61
43.3579229845 1412727658.31
43.2740713549 1412727659.0
43.5420169834 1412727659.66
43.3517639384 1412727660.35
43.3455171933 1412727661.04
43.4932596537 1412727661.73
43.1716200809 1412727662.42
42.9964199777 1412727663.13
43.1478700723 1412727663.82
42.9226802686 1412727664.47
42.8531117391 1412727665.17
42.8804115969 1412727665.84
42.7205618949 1412727666.56
42.7331328203 1412727667.26
42.5210807017 1412727667.92
43.0274829588 1412727668.62
43.0508189346 1412727669.37
42.8583963091 1412727670.1
43.1425415029 1412727670.87
42.5762793859 1412727671.76
43.0239788508 1412727672.61
43.1139510042 1412727673.46
43.3677097273 1412727674.35
43.250684391 1412727675.28
43.1380147713 1412727676.17
43.2932711626 1412727677.13
43.4716007011 1412727678.02
43.4448693918 1412727678.92
43.5140906262 1412727679.83
43.6335449825 1412727680.71
43.4966033397 1412727681.58
43.6134702974 1412727682.5
43.9395726101 1412727683.41
43.6154616913 1412727684.31
43.9187933078 1412727685.23
43.5240670387 1412727686.25
43.8129804494 1412727687.21
43.7057112205 1412727688.16
43.5098729456 1412727689.13
43.4891633071 1412727690.06
43.3547182561 1412727691.0
43.5335216213 1412727692.03
43.415024453 1412727693.06
43.9025205223 1412727694.01
43.6900469529 1412727694.92
43.7137789719 1412727695.85
43.8810636956 1412727696.79
43.6649469747 1412727697.76
43.7430485042 1412727698.77
44.2365179886 1412727699.75
43.9192909616 1412727700.65
44.0392391335 1412727701.59
44.5084874676 1412727702.53
43.9351330501 1412727703.46
44.3507168615 1412727704.39
44.0420976034 1412727705.3
43.8774348508 1412727706.19
43.9810973974 1412727707.1
43.8584200417 1412727708.02
44.1344746784 1412727708.95
44.0702970493 1412727709.84
44.0244977901 1412727710.72
44.3094382886 1412727711.67
44.5877350646 1412727712.61
44.476246834 1412727713.57
44.5529948942 1412727714.48
44.540845751 1412727715.42
44.4903514087 1412727716.37
44.6363741097 1412727717.3
44.6160257125 1412727718.2
44.3570500981 1412727719.07
44.364327197 1412727719.95
44.3491002148 1412727720.89
44.5925993607 1412727721.8
44.7056080081 1412727722.68
44.8470252554 1412727723.63
44.8760932557 1412727724.58
44.9121724735 1412727725.46
44.9486050601 1412727726.38
44.9910651912 1412727727.38
45.0877236408 1412727728.27
44.9838266112 1412727729.2
45.2894091083 1412727730.12
45.3794766611 1412727731.11
45.4767687049 1412727732.05
45.5379079102 1412727732.93
45.6559481126 1412727733.88
45.870918921 1412727734.79
45.8905628881 1412727735.68
46.0611214125 1412727736.6
46.2482762778 1412727737.51
46.1271763892 1412727738.38
46.2146565341 1412727739.24
46.4265181902 1412727740.09
46.5437516599 1412727740.94
46.6786205136 1412727741.8
46.8334420514 1412727742.64
46.9462956497 1412727743.51
47.3926427522 1412727744.35
47.5517767893 1412727745.19
47.6107222702 1412727746.04
47.5811048451 1412727746.86
47.8520542758 1412727747.71
47.8704673761 1412727748.61
48.0185524951 1412727749.37
48.1851559152 1412727750.14
48.516474234 1412727750.88
48.439413772 1412727751.62
48.642285698 1412727752.33
49.0012026149 1412727753.04
49.5229011989 1412727753.74
49.4687022019 1412727754.42
49.7452204373 1412727755.1
49.8366217168 1412727755.74
50.5662315211 1412727756.39
50.9224974586 1412727757.06
50.9932824875 1412727757.75
51.1182621943 1412727758.45
51.2581838177 1412727759.09
51.6237549407 1412727759.77
52.1398619649 1412727760.45
52.0329478287 1412727761.12
52.3329214907 1412727761.77
52.271941667 1412727762.44
52.2219726649 1412727763.07
52.5409822583 1412727763.74
53.0830424294 1412727764.41
53.0661204619 1412727765.08
53.2233366295 1412727765.75
53.5846112593 1412727766.39
53.7047813938 1412727767.03
