24.4369412239 1412726331.93
22.7128863802 1412726332.3
21.5745268408 1412726332.63
21.2990137198 1412726332.98
21.2237611223 1412726333.32
21.3564260528 1412726333.64
21.1834957011 1412726333.98
21.0568907878 1412726334.34
20.9069242105 1412726334.75
20.9466592164 1412726335.22
21.0585577553 1412726335.71
20.9277860214 1412726336.2
20.6299895072 1412726336.67
20.5740827027 1412726336.98
20.1895004805 1412726337.3
19.5563835 1412726337.77
19.3301375811 1412726338.07
19.0623240156 1412726338.51
19.1493865211 1412726338.88
18.9703615989 1412726339.25
18.8263099783 1412726339.65
18.46264282 1412726340.12
18.4316792172 1412726340.55
18.151288684 1412726340.91
18.2350791691 1412726341.53
18.1309399741 1412726342.02
17.8409616512 1412726342.37
17.8745547526 1412726342.68
18.0262865132 1412726343.0
18.074906434 1412726343.28
18.0391052328 1412726343.55
17.9171905181 1412726343.87
17.9838198705 1412726344.16
18.0868729078 1412726344.41
18.1313154339 1412726344.69
17.9954457894 1412726344.96
17.8698042774 1412726345.24
17.7571445349 1412726345.54
17.6455320909 1412726345.82
17.4874098305 1412726346.1
17.2883840745 1412726346.43
17.1481093192 1412726346.73
17.0239326597 1412726347.0
17.2676975851 1412726347.31
17.3310971747 1412726347.58
16.8821547355 1412726347.83
16.7045596317 1412726348.1
16.6608065902 1412726348.53
16.5753050526 1412726348.85
16.4715927406 1412726349.24
16.3516505615 1412726349.58
16.2378804847 1412726349.92
16.0761361365 1412726350.26
15.9439993703 1412726350.61
15.695369217 1412726350.95
15.5415060536 1412726351.22
15.3620465396 1412726351.52
15.105814953 1412726351.87
15.1255565838 1412726352.16
14.9887630328 1412726352.42
14.9438783312 1412726352.69
14.8407039709 1412726352.93
14.6229836123 1412726353.19
14.6883074872 1412726353.49
14.6107261215 1412726353.79
14.4045159169 1412726354.07
14.2754350984 1412726354.36
14.3250877566 1412726354.63
14.4087134701 1412726354.89
14.3829857725 1412726355.15
14.3987280839 1412726355.46
14.5456576743 1412726355.77
14.3982270716 1412726356.1
13.7884588051 1412726356.4
13.8870435967 1412726356.74
13.9320181401 1412726357.03
13.7559948424 1412726357.36
13.1550056753 1412726357.72
13.197776254 1412726358.0
13.0577563484 1412726358.32
12.7245387707 1412726358.72
12.7841864233 1412726359.1
12.6550366253 1412726359.42
12.3460144436 1412726359.83
12.1101999693 1412726360.13
11.8880888395 1412726360.48
11.6076382973 1412726360.86
11.599291227 1412726361.12
11.3186051741 1412726361.45
11.4884115017 1412726361.78
11.1887861344 1412726362.06
11.0233905796 1412726362.46
11.0842493889 1412726362.85
10.8929622893 1412726363.2
10.8357411917 1412726363.51
10.6750192133 1412726363.86
10.7595136182 1412726364.19
10.626116776 1412726364.49
10.3311238579 1412726364.78
10.3579164006 1412726365.06
10.3277481666 1412726365.35
10.2050294695 1412726365.64
10.2825344176 1412726365.93
10.1301979203 1412726366.21
10.2721061987 1412726366.48
10.0944546228 1412726366.72
10.2766040017 1412726367.02
10.3930138672 1412726367.34
10.248677702 1412726367.63
10.0461142474 1412726367.91
9.87139042984 1412726368.17
10.0025365097 1412726368.44
9.82528059512 1412726368.73
9.73714107136 1412726369.04
9.81512002764 1412726369.41
9.71561455341 1412726369.75
9.64364156284 1412726370.18
9.62659712484 1412726370.56
9.59041567495 1412726370.96
9.64461143093 1412726371.39
9.65748982509 1412726371.8
9.6449167534 1412726372.12
9.61175244469 1412726372.5
9.56491948264 1412726372.88
9.56684067486 1412726373.27
9.58948629713 1412726373.55
9.57088038682 1412726373.88
9.55575477216 1412726374.21
9.56316488058 1412726374.55
9.5772284086 1412726374.86
9.58781935675 1412726375.16
9.63110859136 1412726375.43
9.61564661957 1412726375.75
9.68419714645 1412726376.05
9.75978781425 1412726376.33
9.82951370903 1412726376.61
9.94850305786 1412726376.9
10.0622999772 1412726377.18
10.1336202629 1412726377.49
10.1949047205 1412726377.87
10.3190531086 1412726378.33
10.3170290982 1412726378.81
10.3638103925 1412726379.23
10.5704562332 1412726379.65
10.6156784566 1412726380.1
10.7015995172 1412726380.49
10.8441560062 1412726380.89
10.8911370235 1412726381.25
10.9459613088 1412726381.71
10.9487866795 1412726382.07
11.1125079148 1412726382.36
11.1107916409 1412726382.64
11.1773253779 1412726382.94
11.1125024208 1412726383.28
10.919026279 1412726383.61
10.8645287815 1412726383.97
10.8583611147 1412726384.36
10.7144905189 1412726384.64
10.5000564934 1412726384.92
10.7235985705 1412726385.25
10.6397452673 1412726385.59
10.4932779219 1412726385.98
10.397418649 1412726386.55
10.3664195007 1412726387.17
10.2426586092 1412726387.82
10.2273440006 1412726388.38
10.0864480407 1412726389.03
10.0263372329 1412726389.71
9.94731989192 1412726390.25
9.87134389207 1412726390.78
9.81640434342 1412726391.3
9.78606340216 1412726391.84
9.75164521166 1412726392.46
9.81716784893 1412726393.02
9.84584267453 1412726393.62
9.87052488664 1412726394.21
9.89975612568 1412726394.82
9.87694637292 1412726395.25
9.9086417959 1412726395.93
9.88778898514 1412726396.46
9.91159262698 1412726396.92
9.90772204402 1412726397.41
9.90427202839 1412726397.87
9.90466022299 1412726398.37
9.90679582127 1412726398.77
9.92993162568 1412726399.12
9.95272246733 1412726399.42
9.96063075818 1412726399.78
9.96273251865 1412726400.26
9.9775672351 1412726400.68
9.98599966861 1412726401.1
10.0222462649 1412726401.47
10.0387903773 1412726401.88
10.0454121764 1412726402.31
10.1043951512 1412726402.74
10.1139197371 1412726403.16
10.0589681222 1412726403.57
10.0539575534 1412726403.99
10.0730338821 1412726404.38
10.088409948 1412726404.83
