70.6768173643 1412722511.37
69.9714856267 1412722511.49
70.5905258721 1412722511.61
69.5891154452 1412722511.74
69.4704803056 1412722511.85
68.0460549907 1412722511.97
66.8292612503 1412722512.1
64.8189649396 1412722512.24
66.3413896763 1412722512.38
66.3146782318 1412722512.52
67.6209169929 1412722512.68
66.6499386704 1412722512.82
66.118605024 1412722512.96
66.5464164184 1412722513.11
67.3627640191 1412722513.25
69.1795849871 1412722513.4
71.032597387 1412722513.55
73.2091937409 1412722513.69
77.3968489899 1412722513.83
81.0357859718 1412722513.98
83.2134756649 1412722514.11
85.8543264476 1412722514.33
85.9675179655 1412722514.47
88.37824229 1412722514.61
92.0112833162 1412722514.76
93.3619961996 1412722514.92
93.1665653212 1412722515.09
92.9119553622 1412722515.23
93.9856047245 1412722515.38
94.4058989956 1412722515.51
93.3260881469 1412722515.66
93.807805685 1412722515.8
93.2105837298 1412722515.94
93.5900751303 1412722516.12
92.9853357456 1412722516.27
93.3845071831 1412722516.48
93.5856008263 1412722516.64
93.9270405461 1412722516.77
95.5516107664 1412722516.95
96.6204011257 1412722517.1
96.9716529163 1412722517.27
96.921499713 1412722517.43
98.0135921449 1412722517.61
96.7195539385 1412722517.78
96.9007497716 1412722517.97
97.154773855 1412722518.12
95.388912707 1412722518.31
96.0203264742 1412722518.49
96.2320056038 1412722518.62
97.175806324 1412722518.75
97.889706365 1412722518.9
98.0566393298 1412722519.04
98.5476952524 1412722519.19
98.7187801036 1412722519.36
98.6266050546 1412722519.56
98.0232571926 1412722519.71
96.9717506181 1412722519.85
96.8530012525 1412722520.02
97.0661443696 1412722520.19
97.9981231721 1412722520.38
97.6916973785 1412722520.57
97.2798768848 1412722520.75
95.5005142099 1412722520.96
96.1130783434 1412722521.31
96.0392532784 1412722521.61
96.1514335397 1412722521.84
97.3941845934 1412722522.05
95.5645311404 1412722522.2
93.6283790046 1412722522.34
94.2472654271 1412722522.48
94.1520031574 1412722522.76
92.5610470804 1412722522.88
91.7708226097 1412722523.03
91.9755330444 1412722523.18
87.4107276766 1412722523.34
87.4522468941 1412722523.53
89.3387166494 1412722523.78
87.8384241532 1412722523.97
224.131076361 1412722524.13
91.8841380682 1412722524.32
93.1716668509 1412722524.48
95.0597284501 1412722524.73
91.2715954553 1412722524.91
227.807786136 1412722525.07
222.43790588 1412722525.24
215.831126657 1412722525.42
215.440363201 1412722525.66
211.085488895 1412722525.91
209.587161887 1412722526.15
212.504460365 1412722526.37
206.383307638 1412722526.59
213.311659543 1412722526.84
211.073965209 1412722527.08
208.918966386 1412722527.31
206.93626335 1412722527.51
214.03616347 1412722527.74
211.24008444 1412722528.0
216.551497454 1412722528.21
220.148455903 1412722528.44
220.641584325 1412722528.68
120.634964082 1412722528.89
121.02117112 1412722529.11
125.76240213 1412722529.35
125.910205513 1412722529.6
128.128952051 1412722529.78
128.200617036 1412722530.0
128.266717598 1412722530.23
128.225506602 1412722530.41
126.542051182 1412722530.67
126.757868496 1412722530.9
129.096413083 1412722531.12
129.174453058 1412722531.31
129.205891139 1412722531.56
129.234789826 1412722531.75
129.261139833 1412722531.98
129.285562103 1412722532.18
129.307846224 1412722532.4
129.328065535 1412722532.65
129.347137509 1412722532.84
129.364449767 1412722533.06
129.380415918 1412722533.27
129.395093871 1412722533.49
129.408546881 1412722533.67
129.480551434 1412722533.9
129.451640491 1412722534.11
129.46354044 1412722534.29
129.53467026 1412722534.52
129.504301659 1412722534.73
129.514815219 1412722534.95
129.524509597 1412722535.16
129.595991535 1412722535.38
129.562103472 1412722535.57
129.570731141 1412722535.78
129.641052047 1412722536.01
129.982226941 1412722536.19
131.898088755 1412722536.4
131.932254802 1412722536.59
131.963154555 1412722536.8
131.991335765 1412722536.99
132.014883687 1412722537.19
132.040993624 1412722537.48
132.063414488 1412722537.69
132.398708746 1412722537.89
132.419472929 1412722538.08
132.752451277 1412722538.33
132.764936849 1412722538.51
131.884986559 1412722538.74
131.916149926 1412722538.97
133.744498319 1412722539.16
132.862091701 1412722539.39
132.898199903 1412722539.64
132.010207474 1412722539.87
132.043151802 1412722540.06
132.07679788 1412722540.34
132.024071521 1412722540.54
132.041927029 1412722540.76
132.153546999 1412722541.01
132.097636691 1412722541.22
132.113489871 1412722541.44
132.224824924 1412722541.68
132.166383235 1412722541.88
132.180534336 1412722542.08
132.291225855 1412722542.3
132.230953725 1412722542.53
132.243730614 1412722542.73
132.353445614 1412722542.93
132.292104265 1412722543.15
132.30353365 1412722543.35
132.314181325 1412722543.56
132.425091199 1412722543.75
132.521446113 1412722543.91
132.53021908 1412722544.1
132.539589807 1412722544.32
132.549025583 1412722544.49
132.558462209 1412722544.69
132.568005178 1412722544.86
132.577539496 1412722545.09
132.587273478 1412722545.31
132.595984532 1412722545.51
132.605254971 1412722545.68
132.61459135 1412722545.87
132.623900631 1412722546.06
132.633361502 1412722546.26
132.642888876 1412722546.46
132.652439566 1412722546.67
132.661272373 1412722546.86
132.670379484 1412722547.08
132.679638699 1412722547.24
132.688912735 1412722547.47
132.674607678 1412722547.67
132.676874095 1412722547.85
132.679139832 1412722548.04
132.681484891 1412722548.24
132.683721395 1412722548.44
132.686090674 1412722548.67
132.688405479 1412722548.86
132.690677996 1412722549.04
132.693017721 1412722549.32
132.695256571 1412722549.51
132.697640108 1412722549.68
