49.6246348359 1412734066.92
48.9971778628 1412734068.07
49.4713476957 1412734069.19
51.1957430554 1412734070.29
52.7981339072 1412734071.4
53.6293302743 1412734072.46
53.8872691292 1412734073.64
53.639442985 1412734074.71
53.6992498803 1412734075.78
53.6332945794 1412734076.91
53.0492395151 1412734077.97
53.0000637737 1412734079.14
53.0610497652 1412734080.32
52.4998160537 1412734081.47
52.1012835557 1412734082.62
52.048850004 1412734083.83
51.8126695796 1412734085.02
51.4559834734 1412734086.17
51.2752253353 1412734087.25
51.1487054233 1412734088.37
50.8861999683 1412734089.49
51.2034222791 1412734090.65
51.2005140506 1412734091.7
50.7915820709 1412734092.78
50.734872743 1412734093.91
50.4007752041 1412734095.06
51.1743684832 1412734096.22
51.2452647134 1412734097.37
51.4666673132 1412734098.45
50.9704838602 1412734099.55
51.343180938 1412734100.7
51.5014772723 1412734101.81
51.6358046035 1412734102.96
51.7066492353 1412734104.13
51.7811129666 1412734105.27
51.7316303333 1412734106.37
51.7610547 1412734107.53
51.7764473973 1412734108.69
51.7990276596 1412734109.8
51.7890449644 1412734110.89
51.7107810439 1412734111.96
51.4404600889 1412734113.02
51.52197682 1412734114.14
51.3443606605 1412734115.23
51.3538514667 1412734116.34
51.0384507087 1412734117.43
50.7973179108 1412734118.52
50.6863427869 1412734119.63
50.4049720796 1412734120.73
50.4115332821 1412734121.79
49.9944859145 1412734122.9
49.6482164952 1412734124.04
49.4561569832 1412734125.13
49.6343992059 1412734126.23
49.6254616885 1412734127.36
49.7593450613 1412734128.47
50.1272604481 1412734129.63
50.19658235 1412734130.72
50.3524275954 1412734131.79
50.2662742045 1412734132.87
50.3024180667 1412734133.95
50.4310552273 1412734135.07
49.5403031346 1412734136.18
49.027857225 1412734137.34
47.3157122683 1412734138.43
46.1165245055 1412734139.56
43.9906410094 1412734140.67
43.3266844721 1412734141.78
42.4842017671 1412734142.86
41.5681113832 1412734144.0
40.8546232136 1412734145.12
40.1629492327 1412734146.25
39.8232263881 1412734147.4
39.5538267711 1412734148.55
38.983811574 1412734149.76
38.1185084244 1412734151.01
37.171431079 1412734152.14
36.7874700608 1412734153.2
36.2565037905 1412734154.26
36.0924810573 1412734155.33
35.2382914433 1412734156.37
34.880311487 1412734157.44
34.5523388798 1412734158.49
34.0726686385 1412734159.58
33.6141707258 1412734160.7
33.8693203452 1412734161.77
33.847480558 1412734162.84
33.7931430386 1412734163.94
33.4968183798 1412734165.02
33.9492884686 1412734166.09
34.6614267291 1412734167.15
34.3538910367 1412734168.2
34.8373514217 1412734169.26
34.1447175303 1412734170.37
34.5013476534 1412734171.47
34.7397650831 1412734172.59
34.8665680651 1412734173.73
34.8430678539 1412734174.85
34.8391317885 1412734175.96
34.9686876022 1412734177.06
34.9036376816 1412734178.13
35.0577217288 1412734179.29
35.0131565527 1412734180.38
34.9711406907 1412734181.47
34.8887264351 1412734182.56
34.5710847925 1412734183.68
34.4738625316 1412734184.76
34.3958720205 1412734185.86
34.2820270853 1412734187.03
34.2080697026 1412734188.2
34.0219842984 1412734189.3
33.8148814541 1412734190.42
33.4880241554 1412734191.57
33.393419906 1412734192.72
33.3206157814 1412734193.84
33.1824742829 1412734194.96
33.1068906959 1412734196.08
33.2116785976 1412734197.18
32.7605956787 1412734198.33
33.0072875129 1412734199.43
32.8410019347 1412734200.53
32.320061533 1412734201.63
31.7191897723 1412734202.75
31.1761812228 1412734203.85
31.0556176729 1412734204.96
30.6383700464 1412734206.14
30.5010097018 1412734207.29
30.4111224753 1412734208.41
30.6923390611 1412734209.55
30.1803917873 1412734210.67
30.4021411203 1412734211.73
30.2554250757 1412734213.08
29.6211803545 1412734214.3
29.8660353903 1412734215.31
30.323259997 1412734216.3
30.0192567519 1412734217.35
29.7915517102 1412734218.42
30.1269537892 1412734219.52
29.9344506264 1412734220.61
30.1039878206 1412734221.67
30.1551670441 1412734222.76
30.1446729282 1412734223.88
29.8338797339 1412734224.92
29.9946367462 1412734225.96
29.5328413954 1412734227.0
29.4839428932 1412734228.08
29.4979230101 1412734229.18
29.5497229427 1412734230.21
29.3403048789 1412734231.32
29.5807335744 1412734232.42
29.2923834656 1412734233.48
29.1886864747 1412734234.53
29.243449567 1412734235.58
29.2040612566 1412734236.65
29.102498419 1412734237.74
29.1398434564 1412734238.84
29.213409857 1412734239.9
29.2344348501 1412734240.96
29.1631325119 1412734241.97
29.2120537393 1412734243.0
29.1477381214 1412734244.09
28.821037867 1412734245.16
28.9132797691 1412734246.29
28.9049862163 1412734247.35
28.9394288167 1412734248.4
28.9256276096 1412734249.51
28.8855923671 1412734250.58
28.8814480815 1412734251.64
28.8483701248 1412734252.78
28.8484365988 1412734254.01
28.8449297832 1412734255.12
28.8361671085 1412734256.23
28.8084510089 1412734257.31
28.7804553067 1412734258.39
28.9101821005 1412734259.47
29.0316301486 1412734260.59
28.8348078122 1412734261.62
28.3147981411 1412734262.69
28.28816842 1412734263.81
28.2688270389 1412734264.91
28.3297350127 1412734266.0
28.3222230046 1412734267.07
28.2964097036 1412734268.19
28.1602241454 1412734269.32
28.1566143297 1412734270.36
28.1352073583 1412734271.44
28.1288617697 1412734272.49
27.9647548937 1412734273.59
27.9135336929 1412734274.64
27.8413453857 1412734275.75
27.8468476376 1412734276.88
27.9283009935 1412734277.96
27.7408885669 1412734279.06
27.5032309239 1412734280.17
27.4493252144 1412734281.28
27.4960695519 1412734282.35
27.4485336673 1412734283.42
27.2847954656 1412734284.49
27.2246402736 1412734285.55
27.2353754179 1412734286.68
