42.8115346407 1412729766.21
42.0508645098 1412729766.87
41.2112236421 1412729767.5
40.3893212167 1412729768.15
39.3320892344 1412729768.81
38.6594047991 1412729769.51
38.0083263851 1412729770.14
38.3064076818 1412729770.78
37.8367973445 1412729771.39
37.8403805963 1412729772.02
37.9953014354 1412729772.65
38.2127655054 1412729773.29
38.3386225414 1412729773.94
38.2350046775 1412729774.58
38.6733177726 1412729775.28
38.6758937779 1412729775.94
38.3744985972 1412729776.68
38.230032741 1412729777.42
37.8052454143 1412729778.13
37.3697161083 1412729778.87
37.0771487174 1412729779.57
36.9175912158 1412729780.28
36.6633217839 1412729781.0
36.7122713454 1412729781.74
36.9209227623 1412729782.48
37.3166220755 1412729783.32
36.978485081 1412729784.09
37.3727501986 1412729784.81
37.0950982977 1412729785.6
37.4784331407 1412729786.37
37.2806159706 1412729787.14
36.9383766861 1412729787.9
37.4297258238 1412729788.64
38.3622508181 1412729789.38
39.3586451315 1412729790.16
39.903552014 1412729790.89
40.4067778157 1412729791.66
40.1315414637 1412729792.42
33.4889298084 1412729793.24
35.9884997052 1412729794.03
36.8953868808 1412729794.81
35.788371342 1412729795.63
36.3119913764 1412729796.37
36.4642436983 1412729797.1
35.7946324072 1412729797.9
35.8714444565 1412729798.65
36.3214323241 1412729799.43
36.3164766902 1412729800.23
36.3254830962 1412729801.03
36.4974059617 1412729801.81
36.391485422 1412729802.63
36.4223021725 1412729803.45
36.5348719699 1412729804.26
36.3686937156 1412729805.12
36.2274326621 1412729805.98
36.047703609 1412729806.81
35.8582140716 1412729807.61
35.8130593649 1412729808.45
35.6749366894 1412729809.25
35.824782241 1412729810.07
35.546460864 1412729811.0
35.4387924745 1412729811.92
35.1370927705 1412729812.81
35.2572297944 1412729813.66
35.1951252125 1412729814.57
35.2782807355 1412729815.36
35.0394799643 1412729816.18
35.2085901335 1412729816.97
35.0653161954 1412729817.78
35.0273666894 1412729818.58
34.7284348038 1412729819.37
34.5249101527 1412729820.27
34.4647400543 1412729821.34
34.6085675378 1412729822.54
34.2855392196 1412729823.46
33.8520924689 1412729824.46
33.9041652798 1412729825.34
33.9872084841 1412729826.27
33.6324261663 1412729827.13
33.7667290037 1412729828.0
34.1183591935 1412729828.9
34.0956942484 1412729829.79
34.1344483404 1412729830.64
34.0460318448 1412729831.51
34.109710538 1412729832.37
34.0451265535 1412729833.2
33.8426849442 1412729834.3
33.959683832 1412729835.26
34.0188804809 1412729836.29
33.8736472484 1412729837.79
33.7007306215 1412729838.81
33.7756080017 1412729840.1
33.5564796665 1412729841.02
33.452896502 1412729841.99
33.2874056461 1412729842.88
33.3444053176 1412729843.69
33.0794135203 1412729844.53
32.7924343624 1412729845.34
32.5484095355 1412729846.16
32.4472681405 1412729846.95
32.6164332563 1412729847.76
32.5152345212 1412729848.53
32.3758070475 1412729849.32
32.2546777479 1412729850.16
32.0961151038 1412729851.17
32.0077518256 1412729852.04
32.1884144019 1412729852.86
32.2105970513 1412729853.9
31.9781122581 1412729854.87
31.6348381577 1412729855.77
31.3351669906 1412729856.78
31.1563062087 1412729857.94
30.8886799899 1412729859.13
30.5296416774 1412729860.26
30.5201235749 1412729861.29
29.9128742913 1412729862.32
29.6662096638 1412729863.31
29.0572456188 1412729864.68
28.7012857146 1412729866.13
28.7907685666 1412729867.18
28.6023970713 1412729868.3
28.2744307646 1412729869.26
28.0458092862 1412729870.2
27.7195382179 1412729871.21
27.6941721071 1412729872.37
27.5732974853 1412729873.55
27.5183536426 1412729874.65
27.5676910485 1412729875.6
27.1403549222 1412729876.54
27.0773900234 1412729877.52
27.0274256792 1412729878.48
27.044046862 1412729879.44
26.8684391335 1412729880.48
26.7204850301 1412729881.45
26.6184510735 1412729882.45
26.3894081992 1412729883.47
26.3395351815 1412729884.49
26.1887037096 1412729885.56
26.2261344745 1412729886.6
26.3961931708 1412729887.65
26.4320802724 1412729888.6
26.4978730023 1412729889.6
26.6566574488 1412729890.56
26.8387474645 1412729891.52
26.9595551033 1412729892.49
27.0512776566 1412729893.4
27.2110954603 1412729894.39
27.42586042 1412729895.38
27.4904102686 1412729896.38
27.5664876043 1412729897.38
27.6351481106 1412729898.39
28.282748734 1412729899.38
28.348897453 1412729900.36
28.434045541 1412729901.36
28.585756934 1412729902.41
28.6171042587 1412729903.42
28.7038699993 1412729904.37
28.5559832477 1412729905.33
28.5887484612 1412729906.28
28.8291860716 1412729907.22
28.8963916331 1412729908.22
28.5548867038 1412729909.18
28.9311173443 1412729910.11
28.5903653299 1412729911.13
28.5924356763 1412729912.08
28.6064628009 1412729912.98
28.6184157544 1412729913.98
28.7042874653 1412729915.06
28.7211537472 1412729916.17
28.7116733249 1412729917.32
28.5975114525 1412729918.45
28.6044872475 1412729919.48
28.508659855 1412729920.44
28.4687448865 1412729921.34
28.3051522211 1412729922.33
28.3070927845 1412729923.32
28.330715776 1412729924.24
28.2701247885 1412729925.22
28.3349647479 1412729926.22
28.356385621 1412729927.18
28.3958584253 1412729928.13
28.4072955565 1412729929.11
28.4106984816 1412729930.03
28.3817303024 1412729931.03
28.2310961502 1412729932.07
28.2438573174 1412729933.09
28.2639416969 1412729934.05
28.2881735766 1412729935.0
28.3274842493 1412729935.95
28.318314334 1412729936.87
28.1844411049 1412729937.81
28.1701465957 1412729938.8
28.2053589399 1412729939.77
28.2260284056 1412729940.82
28.2317918453 1412729941.79
28.2433222554 1412729942.77
28.3294292722 1412729943.77
28.3451611357 1412729944.89
28.2937313002 1412729945.97
28.3637804123 1412729946.95
