11.9340126143 1412730379.76
12.833464381 1412730380.38
13.7397580633 1412730380.99
14.7120728585 1412730381.57
15.0063617467 1412730382.14
15.5721924733 1412730382.74
16.1212104774 1412730383.45
16.5723079614 1412730384.12
16.7876450125 1412730384.65
17.0720149386 1412730385.22
17.1178345701 1412730385.81
17.2680515286 1412730386.43
18.0543485632 1412730387.15
19.0782093355 1412730387.76
19.2345128598 1412730388.39
18.8077662439 1412730388.95
18.3333331811 1412730389.52
17.9608925194 1412730390.1
17.6299711441 1412730390.69
17.4805759477 1412730391.27
16.96990015 1412730391.81
16.6709094004 1412730392.37
16.3646681496 1412730392.94
16.8464370695 1412730393.48
17.2048606605 1412730394.05
17.5933791323 1412730394.6
17.9773731471 1412730395.15
18.3181368619 1412730395.73
18.4955539477 1412730396.29
18.7058409503 1412730396.83
18.8617110434 1412730397.38
18.9393736789 1412730397.9
19.0173242484 1412730398.47
19.1043684484 1412730399.01
19.1021942799 1412730399.56
19.1882234873 1412730400.1
19.2343925516 1412730400.64
19.2240544778 1412730401.16
19.2903870041 1412730401.73
19.3357714351 1412730402.27
19.358894204 1412730402.84
19.4088349608 1412730403.37
19.4111180401 1412730403.95
19.4460115496 1412730404.5
19.2885432461 1412730405.04
19.3473709765 1412730405.61
19.3135476644 1412730406.16
19.2532646027 1412730406.71
19.2672029396 1412730407.27
19.2194595769 1412730407.86
19.1870863706 1412730408.41
19.2183735009 1412730408.97
19.2270728429 1412730409.55
19.2625219866 1412730410.11
19.255379711 1412730410.64
19.2810661408 1412730411.21
19.333574145 1412730411.75
19.149897052 1412730412.37
19.1871577386 1412730412.94
19.0839251063 1412730413.47
19.0286425637 1412730414.04
18.9546710118 1412730414.62
18.9583959772 1412730415.19
18.9851739798 1412730415.76
19.0152252832 1412730416.34
19.0179950154 1412730416.87
18.9634703235 1412730417.44
18.9719791113 1412730417.97
18.9599220257 1412730418.51
19.0003273781 1412730419.05
19.1100206542 1412730419.57
18.7977737877 1412730420.1
18.937112626 1412730420.66
18.9667894312 1412730421.21
18.648651253 1412730421.76
18.6114677323 1412730422.3
18.3023633777 1412730422.82
18.4718599324 1412730423.37
18.2485536193 1412730423.9
17.4998434395 1412730424.45
17.2043089542 1412730424.99
17.4171611898 1412730425.54
17.1499074948 1412730426.06
16.9006178541 1412730426.62
16.9682931804 1412730427.15
16.6081350963 1412730427.69
16.9177517358 1412730428.25
16.5380427431 1412730428.76
16.0570637549 1412730429.29
16.3515267378 1412730429.82
16.1140257774 1412730430.34
16.4645469865 1412730430.92
16.1974935383 1412730431.46
15.7172582776 1412730431.99
15.8492554093 1412730432.55
15.5987200835 1412730433.07
15.3013606734 1412730433.66
14.8564853199 1412730434.23
14.3348265428 1412730434.76
13.7496580787 1412730435.29
13.2716563525 1412730435.85
12.8781697663 1412730436.37
12.7452970569 1412730436.92
12.4480432993 1412730437.48
12.2847852323 1412730438.05
11.8675096697 1412730438.58
11.4684214308 1412730439.15
11.3126067979 1412730439.69
11.0428883647 1412730440.24
10.6363881984 1412730440.79
10.3842845977 1412730441.34
10.0143679911 1412730441.89
9.7491749716 1412730442.46
9.53551255721 1412730443.02
9.28440254766 1412730443.58
9.08848191227 1412730444.16
8.73163578637 1412730444.73
8.48781087269 1412730445.25
8.18774686007 1412730445.82
7.94421492983 1412730446.36
7.76137344575 1412730446.94
7.57581480385 1412730447.5
7.59119007513 1412730448.07
7.39227800875 1412730448.61
7.23464604895 1412730449.18
7.12337018657 1412730449.75
6.9713759326 1412730450.32
6.84179542744 1412730450.86
6.75005798383 1412730451.37
6.65268862304 1412730451.89
6.60509676571 1412730452.4
6.59655541868 1412730452.94
6.49441920889 1412730453.47
6.44263981885 1412730454.0
6.4340289158 1412730454.5
6.3658413852 1412730455.05
6.28635672805 1412730455.55
6.20228006098 1412730456.09
6.19439132221 1412730456.62
6.07906190574 1412730457.15
6.04489773146 1412730457.67
6.01676391303 1412730458.18
5.96342417965 1412730458.71
5.96450579785 1412730459.24
5.9353970902 1412730459.76
5.86775255154 1412730460.23
5.83893613417 1412730460.75
5.74673598201 1412730461.28
5.74345547716 1412730461.81
5.72971732967 1412730462.32
5.67455577141 1412730462.84
5.66210211528 1412730463.37
5.61583099596 1412730463.88
5.55634572565 1412730464.45
5.50603648942 1412730464.97
5.47773863492 1412730465.46
5.48441772309 1412730465.97
5.5090239391 1412730466.49
5.46086092025 1412730467.03
5.41220102294 1412730467.55
5.39082532771 1412730468.08
5.32317818634 1412730468.59
5.30086787646 1412730469.12
5.26772669174 1412730469.66
5.20887067447 1412730470.17
5.1282844388 1412730470.71
5.05672233587 1412730471.21
4.99245308178 1412730471.73
4.97604273916 1412730472.27
4.94094839994 1412730472.79
4.97515027931 1412730473.34
4.9587204586 1412730473.88
4.94608290924 1412730474.45
4.92692715769 1412730475.0
4.89530778753 1412730475.54
4.88747433087 1412730476.08
4.87604643677 1412730476.61
4.86187368912 1412730477.14
4.85839129878 1412730477.7
4.82215227303 1412730478.25
4.89333862744 1412730478.79
4.87311989515 1412730479.35
4.85623432091 1412730479.89
4.85008999962 1412730480.43
4.84671080194 1412730480.97
4.81589094901 1412730481.52
4.71056910722 1412730482.08
4.73583460422 1412730482.62
4.73446827709 1412730483.19
4.71654831611 1412730483.72
4.80325013591 1412730484.26
4.80755860332 1412730484.8
4.80767522838 1412730485.31
4.80885354029 1412730485.88
4.81463645325 1412730486.44
4.8096052151 1412730487.03
4.81024741884 1412730487.61
4.81118792257 1412730488.18
4.80584596015 1412730488.72
4.81960408632 1412730489.28
