46.7376059115 1412721661.91
47.0333260905 1412721662.09
47.0779035553 1412721662.24
41.3134689745 1412721662.4
41.4278449799 1412721662.53
39.6522550662 1412721662.67
40.3800765988 1412721662.81
41.1123460975 1412721662.93
40.9835840263 1412721663.04
41.6739691446 1412721663.14
42.3510552497 1412721663.23
43.4241654692 1412721663.34
44.2131531826 1412721663.43
44.1048336285 1412721663.55
44.638924409 1412721663.65
44.1420079535 1412721663.76
43.757183799 1412721663.87
43.8007294374 1412721663.95
43.8921992863 1412721664.04
43.9144124994 1412721664.14
43.2859983706 1412721664.25
42.7003180811 1412721664.44
42.2157777526 1412721664.54
42.1151650943 1412721664.65
42.0961424967 1412721664.76
41.8901303602 1412721664.85
42.0991828807 1412721664.94
42.5189123192 1412721665.03
42.7351848314 1412721665.14
42.810129687 1412721665.25
43.5144333405 1412721665.35
44.381861641 1412721665.45
45.1043376423 1412721665.56
46.0295433964 1412721665.68
47.3354270743 1412721665.8
49.7005031757 1412721665.94
50.7335116789 1412721666.07
49.01603774 1412721666.22
48.406239552 1412721666.39
47.7301633212 1412721666.48
46.5887236744 1412721666.62
44.982081462 1412721666.73
43.5066628214 1412721666.87
60.2832228099 1412721666.99
59.1157902886 1412721667.13
57.9493748196 1412721667.24
57.2651309026 1412721667.35
55.9194549942 1412721667.43
55.5456583446 1412721667.51
55.5742534456 1412721667.61
55.3941458266 1412721667.68
55.3646476802 1412721667.77
55.5499693666 1412721667.87
55.6205934265 1412721668.02
55.7004365798 1412721668.15
56.1666071431 1412721668.29
55.5350752894 1412721668.43
56.0975405507 1412721668.56
56.5472999232 1412721668.68
56.325246577 1412721668.79
56.5163178864 1412721668.92
56.3644608392 1412721669.1
56.6479006674 1412721669.21
56.6947378767 1412721669.31
57.1023702531 1412721669.4
56.9256018186 1412721669.49
56.9333267845 1412721669.6
56.8575634733 1412721669.71
56.7646219625 1412721669.81
56.9292363693 1412721669.93
56.7681167611 1412721670.05
56.968728792 1412721670.16
56.8084949154 1412721670.24
57.0230156446 1412721670.36
56.8438054747 1412721670.45
56.9127435812 1412721670.54
57.1364114264 1412721670.66
56.9788570108 1412721670.76
56.6200002878 1412721670.86
56.8047373901 1412721670.95
56.8769923778 1412721671.06
57.0470622953 1412721671.17
56.9629677762 1412721671.29
56.8073479938 1412721671.51
56.9712089583 1412721671.65
57.1263545107 1412721671.8
57.0487816541 1412721671.95
57.118739582 1412721672.09
57.0372534487 1412721672.21
57.0296964307 1412721672.39
57.2462758915 1412721672.52
57.0964418459 1412721672.64
57.2701748886 1412721672.78
57.166185516 1412721672.96
57.0999664538 1412721673.12
57.3435300362 1412721673.25
57.5346484825 1412721673.42
56.9590455 1412721673.53
56.9733980299 1412721673.65
57.0279254711 1412721673.79
56.7163321749 1412721673.9
57.059474636 1412721674.01
57.15785409 1412721674.13
57.2666330858 1412721674.26
57.3266860338 1412721674.41
57.5602732122 1412721674.51
57.5503943221 1412721674.61
57.6215578931 1412721674.69
57.7741681627 1412721674.79
57.3953202666 1412721674.89
57.9243830844 1412721675.04
58.0546847122 1412721675.17
57.4517870961 1412721675.29
58.2705494434 1412721675.41
57.8789375259 1412721675.53
57.9808972368 1412721675.66
57.845720688 1412721675.77
58.0923104361 1412721675.87
57.9530219041 1412721675.98
58.1271667868 1412721676.08
57.9963179011 1412721676.18
58.2033730916 1412721676.3
58.3819085499 1412721676.48
58.5581106823 1412721676.6
58.9182559908 1412721676.74
59.068082546 1412721676.86
59.3922270196 1412721676.95
59.6392974074 1412721677.05
60.090297138 1412721677.15
60.4025781132 1412721677.26
60.6704329794 1412721677.36
61.615338826 1412721677.47
62.1224410052 1412721677.55
62.1241836296 1412721677.66
62.956313902 1412721677.77
63.5364493618 1412721677.88
63.8688758303 1412721677.99
64.2864816036 1412721678.25
65.0302883644 1412721678.44
65.3674334502 1412721678.62
65.7713188237 1412721678.77
66.3413246578 1412721678.91
66.8617215971 1412721679.06
67.5155866215 1412721679.21
67.6837693064 1412721679.36
68.3136477119 1412721679.51
68.9009762919 1412721679.63
69.5437501153 1412721679.77
70.2799026664 1412721679.93
70.6293390403 1412721680.11
71.0839834537 1412721680.29
63.9597121418 1412721680.48
64.0914288419 1412721680.63
64.7357230834 1412721680.8
64.0312595702 1412721681.01
63.8229221247 1412721681.19
63.5941917083 1412721681.41
63.7312854368 1412721681.56
64.0116736115 1412721681.71
64.3308779104 1412721681.86
64.5050401874 1412721682.03
64.5524243847 1412721682.23
64.6958363354 1412721682.45
64.5696834241 1412721682.64
64.2229817778 1412721682.82
64.7302705408 1412721682.98
64.6157125911 1412721683.16
64.7551395383 1412721683.35
64.2497562065 1412721683.51
64.4634787365 1412721683.68
64.8437981602 1412721683.82
64.9542466182 1412721683.96
64.9635543424 1412721684.09
65.0531315529 1412721684.2
65.1362888655 1412721684.34
65.0362510074 1412721684.47
65.1079825319 1412721684.58
65.169809721 1412721684.69
65.2026095145 1412721684.81
64.502335063 1412721684.92
65.4732803082 1412721685.04
65.5090676278 1412721685.14
65.5331228862 1412721685.26
65.549428498 1412721685.37
65.4183023916 1412721685.48
65.4389262013 1412721685.61
65.4537153496 1412721685.72
65.4820624061 1412721685.84
65.4907758899 1412721685.95
64.7948603453 1412721686.06
64.7695648507 1412721686.18
64.5345859548 1412721686.32
64.5170872967 1412721686.45
64.4939999942 1412721686.57
64.4649028053 1412721686.68
64.3509655828 1412721686.81
64.2852966273 1412721686.98
64.0083976149 1412721687.18
64.0546860346 1412721687.35
64.10213601 1412721687.49
