15.931421822 1412725337.71
16.351331084 1412725338.07
16.2471588523 1412725338.39
16.649374604 1412725338.68
16.7940358399 1412725338.98
16.6310502399 1412725339.54
16.2695849274 1412725340.02
15.9185561623 1412725340.42
15.5281755414 1412725340.89
15.4546956968 1412725341.33
15.0504079389 1412725341.81
14.6031651236 1412725342.14
13.986348462 1412725342.46
13.5014456572 1412725342.75
12.5533213858 1412725343.02
11.9859667388 1412725343.32
11.8075840373 1412725343.61
11.5065372895 1412725344.0
11.1482097839 1412725344.48
10.8681301153 1412725344.94
10.7271614286 1412725345.36
10.4689107715 1412725345.72
10.1313450615 1412725346.04
10.0074405714 1412725346.32
9.7015289961 1412725346.57
9.40617075884 1412725346.85
9.4689167509 1412725347.14
9.54633169408 1412725347.44
9.7391351945 1412725347.76
9.98641526637 1412725348.06
10.2438278868 1412725348.33
10.4727038247 1412725348.64
10.5078076592 1412725348.9
10.7383968756 1412725349.17
10.9041558042 1412725349.49
10.9930563741 1412725349.76
11.2156287779 1412725350.02
11.3992622941 1412725350.28
11.4811325659 1412725350.55
11.6126123762 1412725350.85
11.7510527048 1412725351.12
11.8217758289 1412725351.41
11.870138821 1412725351.68
11.8892199076 1412725352.06
11.9691067766 1412725352.51
11.9957385007 1412725352.98
12.0697104179 1412725353.4
12.145826335 1412725353.8
12.1868823847 1412725354.13
12.2364665787 1412725354.47
12.2164335154 1412725354.74
12.2562613746 1412725355.05
12.2986038139 1412725355.31
12.3008818214 1412725355.59
12.3086990333 1412725355.89
12.2387415782 1412725356.18
12.248696791 1412725356.51
12.2853227093 1412725356.85
12.3108565025 1412725357.18
12.3243816995 1412725357.48
12.3444307779 1412725357.79
12.3568160837 1412725358.08
12.3674496953 1412725358.37
12.232939772 1412725358.68
12.2385457857 1412725358.93
12.2221914983 1412725359.21
12.2016453254 1412725359.62
12.1842854302 1412725359.94
12.1658268138 1412725360.25
12.1473943548 1412725360.76
12.1280818707 1412725361.24
12.1247966341 1412725361.74
12.1045345087 1412725362.15
12.0834385066 1412725362.48
12.0087496983 1412725362.83
11.9863831978 1412725363.18
11.9624765543 1412725363.51
11.9238427012 1412725363.84
11.9451651242 1412725364.19
11.9009775741 1412725364.51
11.9304806359 1412725364.84
11.8830067898 1412725365.16
11.902326061 1412725365.62
11.8508615111 1412725366.1
11.8710235767 1412725366.62
11.8555505713 1412725367.02
11.848704175 1412725367.35
11.8763540146 1412725367.69
11.8620233149 1412725368.04
11.7826563657 1412725368.39
11.8068189704 1412725368.83
11.7942582226 1412725369.32
11.838741008 1412725369.76
11.848738019 1412725370.09
11.8468006091 1412725370.42
11.9425766766 1412725370.74
11.9640952868 1412725371.12
12.1833845554 1412725371.45
12.238103747 1412725371.83
12.5629875665 1412725372.35
13.7131547887 1412725372.81
14.8019932603 1412725373.48
15.8699314691 1412725373.99
16.6960851468 1412725374.43
17.4235297652 1412725374.73
17.9878914799 1412725375.13
18.6766758392 1412725375.58
19.3520534369 1412725375.98
19.9897581597 1412725376.38
7.29490227336 1412725376.77
7.19548098806 1412725377.19
7.1085454889 1412725377.56
7.05057687871 1412725377.98
7.02847225496 1412725378.29
6.96145876735 1412725378.58
6.92103534303 1412725378.88
6.8992204645 1412725379.22
6.81114167182 1412725379.58
6.82415569323 1412725379.99
6.80877343227 1412725380.34
6.75715818529 1412725380.64
6.77105844278 1412725381.01
6.77702560866 1412725381.36
6.75490559348 1412725381.72
6.67495039561 1412725382.07
6.6070748809 1412725382.39
6.61818843645 1412725382.76
6.59284580054 1412725383.1
6.54756917384 1412725383.48
6.54202618284 1412725383.81
6.49706358326 1412725384.19
6.46609246876 1412725384.53
6.47869033118 1412725384.87
6.46177769944 1412725385.41
6.45296382467 1412725385.82
6.42179373755 1412725386.25
6.40356783858 1412725386.75
6.36235802817 1412725387.23
6.31644937871 1412725387.62
6.28689967857 1412725387.98
6.26662904672 1412725388.36
6.23772486794 1412725388.74
29.214274747 1412725389.12
29.3698805321 1412725389.47
29.5103335048 1412725389.84
29.5871210225 1412725390.2
6.26971743932 1412725390.59
6.27720569575 1412725390.95
6.28781496321 1412725391.31
6.28069053399 1412725391.66
6.27727568412 1412725392.08
6.2521144663 1412725392.63
6.25159687901 1412725393.05
6.23903099212 1412725393.47
6.21561342512 1412725393.89
6.19838103913 1412725394.34
6.1692621958 1412725394.73
6.13331695429 1412725395.09
6.17674459397 1412725395.48
6.17147558808 1412725395.83
6.17264844391 1412725396.2
6.15149321085 1412725396.6
6.15266094086 1412725396.97
6.17937996584 1412725397.32
6.20144439372 1412725397.69
6.2176881502 1412725398.06
6.22556652208 1412725398.44
6.23910084004 1412725398.81
6.23740312208 1412725399.21
6.25432631903 1412725399.6
6.27645148904 1412725400.0
6.29083094682 1412725400.43
6.28270695539 1412725400.85
6.28208956222 1412725401.28
6.28145346024 1412725401.7
6.26521448185 1412725402.17
6.23267129944 1412725402.59
6.21619207695 1412725402.97
6.18415231739 1412725403.39
6.16640195455 1412725403.8
6.10665678662 1412725404.19
6.134242549 1412725404.6
6.1421540312 1412725405.0
6.15669944803 1412725405.4
6.15616303609 1412725405.8
6.13700257028 1412725406.2
6.13659345716 1412725406.62
6.15789804318 1412725407.03
6.14345334243 1412725407.45
6.13923098523 1412725407.87
6.12573698111 1412725408.31
6.10056708934 1412725408.71
6.06101934249 1412725409.16
6.05459248315 1412725409.58
6.01597848951 1412725410.01
6.00151273148 1412725410.41
5.98679705165 1412725410.84
5.95464945522 1412725411.24
5.9341528589 1412725411.64
5.87899313934 1412725412.05
